,6
2.0,0.17438921960249518
11.0,0.1916965016606546
18.0,0.1651541441149237
26.0,0.18444167813201195
40.0,0.1911833024865053
49.0,0.21197829534559465
58.0,0.18564737877978538
66.0,0.16955403367365607
70.0,0.15657718968994763
76.0,0.1761768457653445
82.0,0.20840946735160293
93.0,0.1665329117747159
101.0,0.16099592324212286
110.0,0.18116339318713684
120.0,0.17548383190461792
132.0,0.17729333898108365
144.0,0.17987973857023543
149.0,0.17857315514631622
157.0,0.1713588000070697
168.0,0.19604428819184408
176.0,0.16101688969330114
184.0,0.17121039407913186
192.0,0.18498128008750378
203.0,0.1853260156726309
210.0,0.18231852810508328
219.0,0.19911853545148325
227.0,0.1949587287641207
231.0,0.16957062707068382
236.0,0.20105518099804343
244.0,0.16867381336372217
256.0,0.18966452089128455
264.0,0.1779095473175576
272.0,0.15284212601630204
277.0,0.1863728643291807
283.0,0.17356520472438264
289.0,0.1783884141569644
297.0,0.17901988387703344
304.0,0.19107191951367875
318.0,0.1765043481416679
327.0,0.1839507711165481
331.0,0.20056995359836033
340.0,0.1911718834012551
349.0,0.18936822782549353
360.0,0.2009831318713231
369.0,0.1840670327941864
373.0,0.16650489175154184
382.0,0.1926228100982506
387.0,0.20324330238183297
392.0,0.16588890869890008
400.0,0.16857706212634124
407.0,0.19712676716217734
416.0,0.19936402271456363
425.0,0.16982110173126766
433.0,0.17237423917186423
439.0,0.1647891414467294
445.0,0.17216265130222644
453.0,0.14918123434651334
460.0,0.18951012023037542
471.0,0.16127624522541004
480.0,0.18722193779959978
489.0,0.17336944377814412
497.0,0.1657656674047302
506.0,0.18544687359248904
516.0,0.20472344059280678
522.0,0.17851680873793155
530.0,0.1805518189967254
537.0,0.19198863782978015
542.0,0.1902870184642751
551.0,0.17881627173989886
559.0,0.17506990936860461
569.0,0.1696561908262711
578.0,0.18865673927732945
585.0,0.1919412378422499
592.0,0.1601097942352405
599.0,0.1694455531076805
607.0,0.16607027980521524
613.0,0.1870483218841632
619.0,0.1707424605854066
627.0,0.1797817772527375
635.0,0.18333944099799773
641.0,0.1940506127529643
649.0,0.18751300877430246
656.0,0.19652650771068306
663.0,0.1796987362884426
667.0,0.16806905727872726
676.0,0.18067421143041415
684.0,0.17173538599043844
693.0,0.1874528210022441
698.0,0.19525337054719857
706.0,0.17819946142417528
715.0,0.19123181034315861
723.0,0.17468830370397864
730.0,0.17983033403267362
738.0,0.19922526123076598
746.0,0.1898014973384916
750.0,0.1647516121690852
761.0,0.1759548596413239
771.0,0.16198233525395755
780.0,0.18289871663586074
788.0,0.17720765426606075
799.0,0.17505630971285108
807.0,0.16140723332931786
815.0,0.1728083598113148
824.0,0.17601828737754724
832.0,0.1590414564100515
840.0,0.1692116349394489
848.0,0.1646268339636265
856.0,0.19146532494723018
861.0,0.1732797090472554
875.0,0.1933612672472252
882.0,0.19040902906413318
888.0,0.16415933783409534
895.0,0.16536104675753713
903.0,0.17376370623282783
911.0,0.17806420759518898
919.0,0.1748288580759562
930.0,0.18764488484920075
941.0,0.1985107618697175
949.0,0.19745632983394187
954.0,0.18845839830411054
962.0,0.1857519847265984
972.0,0.16686359707395418
980.0,0.20436645263232353
991.0,0.1916423497772811
996.0,0.20158290622006683
1005.0,0.18291594798506478
1012.0,0.18027431899090982
1020.0,0.17786021843974664
1034.0,0.1724680702944628
1043.0,0.17227426586563427
1052.0,0.1737920238198782
1060.0,0.16651946496002082
1064.0,0.1621933660505165
1070.0,0.15680238036536778
1076.0,0.1793179674244974
1087.0,0.18930024404550053
1095.0,0.15340401681327795
1104.0,0.14765211845834852
1114.0,0.1820039747322514
1126.0,0.17201970820264953
1138.0,0.18584990371493773
1147.0,0.172411697923512
1155.0,0.18413624586497437
1166.0,0.1628082299048009
1174.0,0.1578638776951383
1182.0,0.19397770956776872
1190.0,0.1791187688739285
1201.0,0.172393311331262
1208.0,0.17815298395197585
1217.0,0.1788504382871163
1225.0,0.20057252129254405
1229.0,0.19421881649975395
1234.0,0.17687206665119623
1242.0,0.19532516187055501
1254.0,0.18393384798122273
1262.0,0.2127365473611131
1270.0,0.16818402250276163
1275.0,0.18703391379083628
1281.0,0.1741194543171509
1287.0,0.17496872231557783
1295.0,0.18289437791315477
1302.0,0.16702420239860347
1316.0,0.17481351764892392
1325.0,0.19519972613156997
1329.0,0.1980252636629194
1338.0,0.18738047682939074
1347.0,0.18170241527674477
1358.0,0.1701706506276675
1367.0,0.17111929620755167
1371.0,0.18978059166409558
1380.0,0.1765896631649751
1385.0,0.16590958508320508
1390.0,0.2012481210648715
1398.0,0.18491766923342381
1405.0,0.200195304524837
1414.0,0.2006257104096169
1423.0,0.17293160444913597
1431.0,0.19335387358002262
1437.0,0.17181417447598926
1443.0,0.19130886301804828
1451.0,0.17520628060890805
1458.0,0.1813942451806951
1469.0,0.18237772216707804
1478.0,0.16800298248932202
1487.0,0.1991689156244225
1495.0,0.1436339672117183
1504.0,0.15090734017128307
1514.0,0.14949326680280076
1520.0,0.17745566977116756
1528.0,0.18411860742806654
1535.0,0.20693581995143034
1540.0,0.17573405279760923
1549.0,0.18350539807471603
1557.0,0.16107626287725527
1567.0,0.17162499695139607
1576.0,0.19621073293234648
1583.0,0.18752552818723026
1590.0,0.2087392304300842
1597.0,0.1721197270183752
1605.0,0.17868943737083456
1611.0,0.18755163121745616
1617.0,0.17174503847371894
1625.0,0.19350561554759627
1633.0,0.19348273172893504
1639.0,0.18714900430811052
1647.0,0.1859468046036054
1654.0,0.16874152240782794
1661.0,0.17306794538312523
1665.0,0.1699337443878126
1674.0,0.16955060566104732
1682.0,0.17542720717922045
1691.0,0.18468250164874137
1696.0,0.1954622361393874
1704.0,0.2042224740489316
1713.0,0.1899599598607776
1721.0,0.1699362235932224
1728.0,0.20243853529892647
1736.0,0.18424332332251236
1744.0,0.19515188224368638
1748.0,0.1653207088141083
1759.0,0.18207065503847158
1769.0,0.15812222375354706
1778.0,0.17316715755781578
1786.0,0.17791604465497943
1797.0,0.17866225866766985
1805.0,0.1603213512890295
1813.0,0.1821269851900942
1822.0,0.18961507365192068
1830.0,0.19074973083685615
1838.0,0.2012867753328872
1846.0,0.205869207550003
1854.0,0.19892554621611672
1859.0,0.15941940638529634
1873.0,0.19475516969253934
1880.0,0.18010874415539377
1886.0,0.18467909070809396
1893.0,0.17296006014634166
1901.0,0.1741571151680787
1909.0,0.1848313698098046
1917.0,0.1836028468640744
1928.0,0.17657402365281094
1939.0,0.17857850511655607
1947.0,0.19326194871828248
1952.0,0.19525821673466315
1960.0,0.19680914769151014
1970.0,0.15638622548584127
1978.0,0.2124210442256416
1989.0,0.2093928623996731
