,5
1994.0,0.20033982266007883
2003.0,0.1795246202574116
2010.0,0.1555940544511173
2019.0,0.20372111055249809
2030.0,0.20116650171608358
2039.0,0.20209272100089168
2047.0,0.2065992529082017
2054.0,0.18461931666331138
2062.0,0.19306491486709343
2069.0,0.2153257623564102
2073.0,0.19809276037420942
2081.0,0.1755980231491341
2085.0,0.21979252184688775
2089.0,0.21178468940086398
2096.0,0.2160567886707982
2100.0,0.18928009526447234
2109.0,0.17191453978607507
2116.0,0.17384762611477594
2123.0,0.17884636871784063
2134.0,0.17340964893756206
2141.0,0.19233314586780903
2150.0,0.1818087203224836
2161.0,0.2019183873278519
2171.0,0.20376317794088453
2179.0,0.18318315232800408
2186.0,0.21548642872887044
2190.0,0.17732153446859691
2199.0,0.19591433602782515
2210.0,0.1922133734044582
2219.0,0.19723919666168677
2228.0,0.16080962902326043
2237.0,0.19632777160078438
2249.0,0.20733171692860375
2256.0,0.17790785046467744
2261.0,0.21512019063534868
2268.0,0.18282066313751374
2276.0,0.18849789111020313
2280.0,0.20154930024277837
2287.0,0.20329074080590406
2296.0,0.17242448838801497
2303.0,0.19091814882651267
2313.0,0.18016442423686624
2320.0,0.19794108118057263
2328.0,0.1896262864806189
2335.0,0.18491787237232848
2346.0,0.18391131503415875
2356.0,0.19122727686802576
2363.0,0.14925211197281268
2371.0,0.1883949651989377
2382.0,0.17516210423232847
2386.0,0.17566976277498583
2393.0,0.198966635576576
2401.0,0.2124631861984175
2410.0,0.17335394833907675
2421.0,0.18764094453161922
2429.0,0.17625350010777172
2436.0,0.1902941250430205
2450.0,0.20125965691820144
2458.0,0.18247514119096872
2465.0,0.17802198457963025
2470.0,0.18132661483471804
2474.0,0.19796137148641557
2483.0,0.21927591911882843
2492.0,0.1862524458368133
2501.0,0.17955619875895557
2512.0,0.1776783226881054
2516.0,0.15979319429491337
2520.0,0.20909893345851652
2528.0,0.18892793837548158
2539.0,0.19517043514230487
2547.0,0.2000784932324697
2551.0,0.17442806757399082
2563.0,0.1942780719344126
2575.0,0.17790897830572616
2583.0,0.2051879067666171
2592.0,0.19673673452506169
2597.0,0.18710821602831318
2606.0,0.19113487595471665
2612.0,0.17197741656519944
2617.0,0.17193958428428563
2625.0,0.17431563240081197
2633.0,0.18069439227096087
2641.0,0.19211558870561052
2652.0,0.1777852668630103
2660.0,0.21656859400507747
2667.0,0.19899880611581244
2674.0,0.197287843863928
2680.0,0.19751867337877835
2691.0,0.19470327208696803
2698.0,0.17873861003097333
2705.0,0.18177184157929363
2717.0,0.1921994769288818
2726.0,0.20012830444600524
2734.0,0.1655289460881877
2741.0,0.19297897808024225
2748.0,0.18685437728153356
2756.0,0.17061639798657685
2770.0,0.18457916503700517
2780.0,0.18254059406608183
2791.0,0.17830803898088496
2799.0,0.1788686118909611
2807.0,0.19972403220806856
2814.0,0.18120908176875425
2825.0,0.18256385878614956
2832.0,0.19440280767811174
2838.0,0.25564169383370233
2847.0,0.20792401276410688
2855.0,0.19779938193687632
2863.0,0.19093422934439672
2870.0,0.18484848332037876
2878.0,0.19088762155552624
2885.0,0.16895914992263017
2893.0,0.19571504723070354
2899.0,0.2069700008779449
2903.0,0.17256997415318395
2911.0,0.19652523494454355
2920.0,0.18231845994317755
2927.0,0.202030746924197
2935.0,0.16063546983424914
2943.0,0.2319606840813333
2952.0,0.19201102964936112
2960.0,0.20733221091664106
2971.0,0.18107810586675813
2980.0,0.1986374384608951
2987.0,0.1994543478806251
2996.0,0.22372034811630903
3001.0,0.17233564481771307
3010.0,0.2055493983736715
3016.0,0.19968903608239355
3024.0,0.19999307996504134
3031.0,0.18668870149539316
3042.0,0.21735613664944892
3052.0,0.17858373666371946
3063.0,0.18496246644436673
3069.0,0.169564256954535
3075.0,0.19876974115406934
3083.0,0.1800134400154917
3091.0,0.1895096048329218
3100.0,0.18066641264981156
3112.0,0.16249081046403815
3124.0,0.19300986305073187
3132.0,0.17288523742403736
3140.0,0.20185268402082887
3146.0,0.20734495860824081
3151.0,0.19886134984778878
3160.0,0.17392685487749723
3166.0,0.21103581307464436
3174.0,0.18145504687349998
3186.0,0.1902845715766483
3194.0,0.21484509861246825
3205.0,0.18888155832684175
3214.0,0.21129595806522308
3223.0,0.2018730714081021
3230.0,0.21675134268314786
3241.0,0.1801422931130883
3249.0,0.20566712016839436
3263.0,0.1930672184304224
3271.0,0.19983587763911723
3276.0,0.2184504021484443
3287.0,0.17511067084035017
3296.0,0.22257464915720038
3304.0,0.20825794537130776
3312.0,0.215722652186265
3316.0,0.18899176992220632
3324.0,0.1723383485107676
3331.0,0.1883977559231331
3339.0,0.19585299774277884
3347.0,0.18997352343555582
3356.0,0.20068918313185286
3367.0,0.2037451311501403
3374.0,0.1795938354577896
3379.0,0.1640773985146331
3387.0,0.1720584324289798
3394.0,0.1967082698320471
3399.0,0.18503374907667622
3407.0,0.209183591047567
3412.0,0.16261521789912498
3419.0,0.1984101610827938
3426.0,0.17458172149095014
3435.0,0.16434071094814892
3442.0,0.1914185450217597
3449.0,0.20964591846721883
3457.0,0.22851207611071833
3465.0,0.2133299932070902
3472.0,0.20895798243660801
3477.0,0.19419390649251683
3485.0,0.17484547747649007
3490.0,0.1802046107437406
3495.0,0.16788931553206216
3504.0,0.2078928477059622
3516.0,0.17898997698781918
3525.0,0.2158308289768698
3535.0,0.1855224955893639
3543.0,0.1445115034089804
3551.0,0.19088019426291955
3558.0,0.2169446964861306
