,3
2.0,0.21553168125858344
11.0,0.20589547334226124
18.0,0.21059134392554266
26.0,0.21544791228748633
40.0,0.14387704085718742
49.0,0.21565591778300394
58.0,0.16770871659610798
66.0,0.24869123288501854
70.0,0.21628369514095924
76.0,0.16646333752822876
82.0,0.18215947860996728
93.0,0.21171082785114104
101.0,0.21856198745961855
110.0,0.17296452873256005
120.0,0.2147840495895307
132.0,0.2171581761932194
144.0,0.22653908237254883
149.0,0.14866702060954792
157.0,0.22789592486198607
168.0,0.20670229427226972
176.0,0.20256777658087866
184.0,0.21745991025611525
192.0,0.22133722620499616
203.0,0.23509681027811907
210.0,0.20808222411055446
219.0,0.21750402824405746
227.0,0.23231932921614734
231.0,0.24925627728041883
236.0,0.21099669400812193
244.0,0.18432082879744865
256.0,0.23680452012010894
264.0,0.2037816408931751
272.0,0.2030102736417855
277.0,0.25600512044906276
283.0,0.22114321885437574
289.0,0.2059686442265222
297.0,0.2434646554334669
304.0,0.23757166595694934
318.0,0.1685337864536456
327.0,0.21604587273175946
331.0,0.23001164507893584
340.0,0.20545704521299638
349.0,0.2796114455476923
360.0,0.18349298597604902
369.0,0.16706404331060204
373.0,0.1599064178393276
382.0,0.1893909636352719
387.0,0.23997015272454328
392.0,0.2197785978737126
400.0,0.1903089890460692
407.0,0.18277670643025262
416.0,0.14711716629534208
425.0,0.2276023560491655
433.0,0.18746718445197286
439.0,0.23117970382310157
445.0,0.23412258920049814
453.0,0.2236469186631539
460.0,0.18204270690988633
471.0,0.2692713101281732
480.0,0.1915370749503454
489.0,0.21909814502627598
497.0,0.181527043839332
506.0,0.2396795342228973
516.0,0.204079420223021
522.0,0.23027362516069672
530.0,0.18015467023151638
537.0,0.22765499609351036
542.0,0.17490709873682747
551.0,0.21603548759105612
559.0,0.17837109922343228
569.0,0.29407113247946276
578.0,0.24057070351819293
585.0,0.2356084801531226
592.0,0.23863337431284445
599.0,0.20703986851654327
607.0,0.22082283190863222
613.0,0.20291274618166935
619.0,0.1599315930481237
627.0,0.19163983687107242
635.0,0.19940990473489947
641.0,0.20416119583652384
649.0,0.2141483563338229
656.0,0.11260137883581334
663.0,0.13084446459534121
667.0,0.18170214010466385
676.0,0.2176468434835792
684.0,0.204686038022408
693.0,0.2886647832549177
698.0,0.19401559713263325
706.0,0.15048529076205996
715.0,0.22015341175463168
723.0,0.25318373359701785
730.0,0.21827594276481754
738.0,0.20037506016655135
746.0,0.24258558687018014
750.0,0.2057024735854503
761.0,0.23133977028807204
771.0,0.22438621265103756
780.0,0.1984859727210853
788.0,0.21448671049412046
799.0,0.16110689543158555
807.0,0.16451940912076143
815.0,0.16905157530446124
824.0,0.2159530690882786
832.0,0.18037394543902582
840.0,0.21845312031744676
848.0,0.17538700546634375
856.0,0.17477131743074475
861.0,0.16766907266580172
875.0,0.2725646210052028
882.0,0.20307265366179234
888.0,0.23246361010810823
895.0,0.21894341850247445
903.0,0.23509319321324626
911.0,0.188452147644621
919.0,0.2579831199331999
930.0,0.24090811426225217
941.0,0.2341778259354057
949.0,0.16998437799126168
954.0,0.24025302014125896
962.0,0.21039165418393274
972.0,0.24337811579143592
980.0,0.2068765921966912
991.0,0.1904767164790963
996.0,0.22476363824307402
1005.0,0.22020168184888958
1012.0,0.22103994456282516
1020.0,0.20601195821914334
1034.0,0.22426555166216544
1043.0,0.20154063047056356
1052.0,0.21271401856294092
1060.0,0.2787317961878627
1064.0,0.13551136976527692
1070.0,0.17112103152502833
1076.0,0.18462631596553247
1087.0,0.21433425479473167
1095.0,0.20856761472589783
1104.0,0.20194059044334223
1114.0,0.2141965779416924
1126.0,0.2442289721315289
1138.0,0.19016585542488118
1147.0,0.22141783852709668
1155.0,0.2109724077378423
1166.0,0.1698762464374555
1174.0,0.21574245569718903
1182.0,0.18191830152001134
1190.0,0.21412272861805504
1201.0,0.22014051194826592
1208.0,0.22801978899731676
1217.0,0.23534682455539288
1225.0,0.2428735332804348
1229.0,0.24046505267669233
1234.0,0.19593868473527168
1242.0,0.2456021223891777
1254.0,0.21946212937996187
1262.0,0.20981030449707397
1270.0,0.23230843716759117
1275.0,0.188109189270956
1281.0,0.18137877205952016
1287.0,0.21151377622024176
1295.0,0.2088270575755947
1302.0,0.18264051079565216
1316.0,0.2214061739099247
1325.0,0.18145082665939843
1329.0,0.20493952382144923
1338.0,0.24387642873677357
1347.0,0.1820466227792906
1358.0,0.1423860524745516
1367.0,0.23650944012528574
1371.0,0.2116472158636023
1380.0,0.24398105745192547
1385.0,0.16951595039019282
1390.0,0.15843046341333752
1398.0,0.23629696057175312
1405.0,0.2059336906610355
1414.0,0.15029622463592332
1423.0,0.1961968623059493
1431.0,0.18535736509689915
1437.0,0.19626297880439986
1443.0,0.22655924470598202
1451.0,0.17960278167657462
1458.0,0.2355752492206405
1469.0,0.18512902757209368
1478.0,0.1434492495459776
1487.0,0.16561125291738477
1495.0,0.14238563490836278
1504.0,0.2028431724561246
1514.0,0.18198839936011543
1520.0,0.17363789560329532
1528.0,0.1570133429602149
1535.0,0.1921265539454063
1540.0,0.2368105083167458
1549.0,0.2157196460789958
1557.0,0.19744760870261258
1567.0,0.2659481944366787
1576.0,0.17870545938928414
1583.0,0.22407784917016896
1590.0,0.23652425921178302
1597.0,0.21080126341709057
1605.0,0.14919161961611452
1611.0,0.26401374289874147
1617.0,0.2573937625126611
1625.0,0.22516594062172174
1633.0,0.22086214102289134
1639.0,0.1644467429295657
1647.0,0.21421730839698133
1654.0,0.23845898737924923
1661.0,0.19809446682561888
1665.0,0.25324253531738994
1674.0,0.17973919653820206
1682.0,0.19927179870753733
1691.0,0.19027782868746304
1696.0,0.2164536744236147
1704.0,0.20077854632210385
1713.0,0.26746953346080315
1721.0,0.17458063287967102
1728.0,0.2398692513300965
1736.0,0.20439538519508463
1744.0,0.20762442923654426
1748.0,0.21566311046760026
1759.0,0.22253855643986864
1769.0,0.20878144260877596
1778.0,0.20781043853361847
1786.0,0.1831137308354133
1797.0,0.21140355968306748
1805.0,0.17169904819204743
1813.0,0.15896255728766465
1822.0,0.23559056175560786
1830.0,0.13457139307594176
1838.0,0.21361602034919172
1846.0,0.20631035005333948
1854.0,0.1625253593446788
1859.0,0.17550634290764833
1873.0,0.22494789052303826
1880.0,0.1150958166397293
1886.0,0.20929282485556205
1893.0,0.22996405739314058
1901.0,0.2122966064965641
1909.0,0.21511834881155034
1917.0,0.214201898822902
1928.0,0.12853618497721933
1939.0,0.25120326355019573
1947.0,0.24082734173429549
1952.0,0.16613081895111695
1960.0,0.16852441538269056
1970.0,0.18101209341875737
1978.0,0.19792812030984208
1989.0,0.2059209388223601
