,5
1770.0,0.19683483234609633
1779.0,0.16415770570847568
1785.0,0.19896589005523804
1796.0,0.18162932732101425
1803.0,0.18078936034003074
1812.0,0.18905144668096122
1819.0,0.18586262283730837
1826.0,0.2003290961233369
1830.0,0.19766927609811843
1839.0,0.1813933158022502
1846.0,0.17113867484582496
1853.0,0.18638891525540255
1861.0,0.2139581335273252
1870.0,0.19040194135837682
1875.0,0.19562643859000622
1886.0,0.17729253469015063
1895.0,0.16164976177337473
1907.0,0.1947143819530992
1918.0,0.16253663049365896
1925.0,0.18739616094933914
1933.0,0.1774375799159632
1943.0,0.18571605769466587
1955.0,0.14933344870605667
1962.0,0.15830210169273365
1971.0,0.20353326329913532
1983.0,0.20960268104382615
1991.0,0.1696966225720175
1998.0,0.20955757385608734
2010.0,0.20140917669054784
2021.0,0.18336589523579397
2029.0,0.1976635187121422
2036.0,0.21579736416725276
2045.0,0.17644135191157673
2049.0,0.1538933877456321
2055.0,0.16678314264733696
2062.0,0.15098287642385486
2069.0,0.18282476421909502
2076.0,0.15855464900693234
2084.0,0.18415717895356765
2092.0,0.16124281476327468
2100.0,0.1994049777650759
2111.0,0.12643935999486888
2123.0,0.1785105363711231
2131.0,0.16922538824598887
2142.0,0.15439997648262943
2149.0,0.19108968234250118
2160.0,0.19103570765852482
2167.0,0.16431384071121388
2178.0,0.19966902760729924
2190.0,0.1690200041204766
2198.0,0.2151808484826608
2205.0,0.1866610534067504
2209.0,0.17161840451594623
2216.0,0.20429109010659516
2224.0,0.20609080289832885
2231.0,0.18963536854274451
2238.0,0.198527458442167
2246.0,0.19946652556515404
2256.0,0.1670763392701605
2263.0,0.18592019704255025
2270.0,0.17650051073897935
2280.0,0.16992825804347672
2287.0,0.16094168432945602
