,8
0,0.1484444910891888
1,0.14935533268655773
2,0.15850654541365564
3,0.14214317719707628
4,0.15742353353934282
5,0.1438340126857761
6,0.15182700755974118
7,0.14690273034342302
8,0.15963600202974682
9,0.166961438268244
10,0.1667415181655549
11,0.1519827608041999
12,0.17359313924166958
13,0.16285576376382424
14,0.15330540446579896
15,0.17800788690315697
16,0.16843580931799554
17,0.16027368925079882
18,0.17775167145643095
19,0.1529996919390921
20,0.15795560536641234
21,0.15301629008345974
22,0.16021758615692622
23,0.16859282698725508
24,0.16271211956005477
25,0.17723890866834982
26,0.1679923470226354
27,0.15429584126946377
28,0.15915172589247578
29,0.15743651995927233
30,0.16489351695205723
31,0.15352307710334379
32,0.18612255949817066
33,0.13824981754942808
34,0.15488855901423831
35,0.1298959307222366
36,0.1200283554901157
37,0.1500371752455798
38,0.17879643288164612
39,0.15348104230248422
40,0.14918200356764866
41,0.1784860512268263
42,0.17173752674832465
43,0.1662022958785242
44,0.1566839267834533
45,0.1700731199321773
46,0.15150608479477912
47,0.1535359337068844
48,0.14740661619137016
49,0.16990250694792527
50,0.16339542641562543
51,0.14873567141433414
52,0.15475751592520912
53,0.1704891691672946
54,0.15009235522084177
55,0.1434606068056868
56,0.14438844957309013
57,0.15717624680741418
58,0.17403007200765291
59,0.15565176353257387
60,0.15167972848423034
61,0.16352380075745876
62,0.16381208556956303
