,3
2.0,0.18023498825665693
8.0,0.21314139562927148
12.0,0.20616648245357183
19.0,0.16611784243519268
26.0,0.2026372865952197
31.0,0.15640554755118657
39.0,0.2156799364816848
48.0,0.235802186342882
55.0,0.20805423490641187
62.0,0.1331933249554157
70.0,0.21177635576225567
76.0,0.19671616311852003
80.0,0.18665274526957468
88.0,0.1753971771643847
96.0,0.16799194463400616
103.0,0.20986363178065856
111.0,0.18523298145357406
115.0,0.18083847092475597
124.0,0.1290456885767077
133.0,0.23000094332141213
138.0,0.19394762075344646
145.0,0.17557012490297277
152.0,0.23110395218000293
156.0,0.22923764325473278
162.0,0.20357885860922503
176.0,0.18387125153418432
183.0,0.23725053335124782
197.0,0.11815599970563768
206.0,0.2303292558332346
213.0,0.15857042047277917
219.0,0.17085438854843168
227.0,0.16099295594428634
236.0,0.18161190935740293
244.0,0.1667729361919752
253.0,0.21155905154489796
260.0,0.163123340120334
264.0,0.19822582068226652
275.0,0.1531361488906062
285.0,0.18622508798197732
296.0,0.20280552495913057
302.0,0.15653368651784746
306.0,0.13080257966257397
310.0,0.1541283049990711
316.0,0.16311712141417128
324.0,0.18632844103588495
332.0,0.14094036766423362
340.0,0.167577323506046
349.0,0.1784859541158708
357.0,0.17645850306167377
371.0,0.14960649991473401
378.0,0.15560823514905361
385.0,0.2199911989816429
392.0,0.20721846380919115
397.0,0.20975300592703475
402.0,0.21049650640764136
412.0,0.19833831055358547
418.0,0.19949204727882017
422.0,0.2098563731268556
429.0,0.1744192454833377
436.0,0.21773097341217784
443.0,0.21272702070356442
449.0,0.196151806997154
457.0,0.123662898191598
464.0,0.21345138579132603
471.0,0.15769349576489794
478.0,0.1910448247977631
483.0,0.18911936597148848
487.0,0.13965319493375125
496.0,0.18238241405703137
507.0,0.2117301081430292
515.0,0.20925444232717177
524.0,0.17416091914787452
528.0,0.15215191061316732
534.0,0.17732170496591734
540.0,0.1935579764433051
546.0,0.20474982580370957
555.0,0.19690896716347955
564.0,0.17774242943285198
572.0,0.15244315264794883
581.0,0.14430942612782166
590.0,0.15634148351001875
598.0,0.17594571059798167
607.0,0.16852259268821224
615.0,0.17290096743096675
620.0,0.16049756507266177
629.0,0.18289523079721118
636.0,0.1485662489764921
647.0,0.1697991700431882
656.0,0.18143584755788422
664.0,0.21742996889514765
670.0,0.2108973686996213
679.0,0.18738179739908883
691.0,0.15560100331792526
699.0,0.1663693130523017
705.0,0.19768288917793833
713.0,0.21583460540231825
720.0,0.15025922483751986
728.0,0.23471774856126018
736.0,0.21694061497509176
744.0,0.2102333571419453
752.0,0.20025668955535336
760.0,0.18818957984153062
767.0,0.1362996158791391
775.0,0.16614440607621397
783.0,0.12900737563596743
792.0,0.17131699536472483
800.0,0.17867508400639223
806.0,0.18796984619050605
813.0,0.1522532179869081
818.0,0.18102494822182377
823.0,0.1810854219266326
829.0,0.21020350554763048
840.0,0.18688156558596683
846.0,0.20979724563527016
855.0,0.2303242718563965
862.0,0.15086956086579392
869.0,0.14117189370064198
875.0,0.1975041087200764
880.0,0.18610665368343646
887.0,0.16675844884978777
893.0,0.231323737420564
901.0,0.17509483314423338
908.0,0.19500701514073124
914.0,0.19234907974466958
919.0,0.2271508690845056
925.0,0.20922320784478696
933.0,0.1680928280667117
941.0,0.19133321621368987
952.0,0.2376348904410091
957.0,0.2565191275775335
962.0,0.24518232160213993
966.0,0.23162066281810545
973.0,0.15328709076580152
980.0,0.196969459816249
986.0,0.22155812934143537
993.0,0.10018068056697935
1000.0,0.2119115588564536
1007.0,0.1535366298549309
1011.0,0.20898683208615287
1025.0,0.16912467772886947
1029.0,0.2249702939856256
1037.0,0.23163744962857657
1044.0,0.18014446052566851
1055.0,0.1697538688274158
1067.0,0.1546312956611822
1072.0,0.15167227021780685
1080.0,0.15247957723727343
1087.0,0.1793352134822347
1094.0,0.2026509130345118
1102.0,0.17294586760468153
1113.0,0.15096843225667042
1121.0,0.2176125505560118
1130.0,0.16914902424475503
1139.0,0.17572764806061386
1144.0,0.19294574700011413
1150.0,0.20968227037368392
1158.0,0.25011266399146875
1165.0,0.17502126988132072
1173.0,0.19227445542015423
1181.0,0.20383025573511612
1187.0,0.20515975578727416
1195.0,0.17030629779834008
1202.0,0.24015531991248087
1210.0,0.20941238549642854
1216.0,0.20835544614980542
1225.0,0.2450486345666383
1234.0,0.2104874263062053
1246.0,0.19059721131081633
1260.0,0.27272932631010083
1264.0,0.2324742714199937
1271.0,0.24995987280279058
1280.0,0.158741117424837
1288.0,0.1723138575499963
1297.0,0.23668203043235927
1305.0,0.2097177425088192
1310.0,0.2265534434704928
1318.0,0.13493620539891907
1326.0,0.20182900071893556
1332.0,0.15992789395959064
1337.0,0.23647715515981707
1341.0,0.22185660551883452
1346.0,0.17545358950237386
1352.0,0.1801475664125375
1356.0,0.24574931952498444
1363.0,0.18553029322128523
1369.0,0.20655230907481803
1375.0,0.224353622968712
1381.0,0.17336599857131937
1389.0,0.1916766926563942
1393.0,0.20157131757220623
1401.0,0.18556216403737846
1407.0,0.21088128670506026
1411.0,0.19678007244601095
1415.0,0.16801018176258062
1422.0,0.18188880866075227
1430.0,0.204931547788966
1437.0,0.2244210720365357
1443.0,0.2047067175951679
1452.0,0.1368475897432399
1461.0,0.22147668289415506
1469.0,0.21262901396387954
1473.0,0.23923287043291466
1478.0,0.21836197196878787
1492.0,0.1892052873127107
1499.0,0.16109185753793584
1507.0,0.18445701180443186
1514.0,0.20353659730125284
1518.0,0.17325295953124226
1526.0,0.15169775409558575
1533.0,0.16506642460537624
1539.0,0.17043197046728356
1553.0,0.1571792704288872
1557.0,0.21604702882328308
1563.0,0.1816636864978582
1569.0,0.18950536823484948
1576.0,0.18509291804998862
1582.0,0.20297194802882032
1588.0,0.23951001143588466
1595.0,0.23595066934646747
1601.0,0.2465811527740277
1608.0,0.1706635856482434
1615.0,0.2265147261143628
1619.0,0.18844670432736835
1626.0,0.18077646737668096
1638.0,0.17979721708942173
1643.0,0.17364103364108177
1654.0,0.21493051979662847
1661.0,0.16288259309719993
1668.0,0.2593789904258443
1673.0,0.2179869327697813
1681.0,0.19981931823091148
1688.0,0.18782019882903384
1696.0,0.1705881254631862
1710.0,0.20807667477813724
1717.0,0.20440131890577526
1726.0,0.24704497046647483
1735.0,0.18823926315357517
1742.0,0.20826510671969656
1750.0,0.18332180982682467
1755.0,0.23265244475112695
1760.0,0.17961227902917382
