,6
2.0,0.19654936354813762
8.0,0.1688514921770303
12.0,0.17567905301116296
19.0,0.1667750115198336
26.0,0.20273679039932596
31.0,0.19311786167487557
39.0,0.1642126626430388
48.0,0.19060904820598246
55.0,0.19945523007993002
62.0,0.18705326316348903
70.0,0.18218099479323427
76.0,0.19692723579966603
80.0,0.18689832598247533
88.0,0.18774026255890008
96.0,0.19408494575547638
103.0,0.15939146890823566
111.0,0.1837179459529419
115.0,0.19156048839045536
124.0,0.17817718346042213
133.0,0.1830900138397204
138.0,0.17015413431108783
145.0,0.16685163577692197
152.0,0.16590348004588232
156.0,0.17544287898837432
162.0,0.18903936151637785
176.0,0.19647886115255592
183.0,0.16485886311871714
197.0,0.16160476957673411
206.0,0.17502352331720797
213.0,0.1690128350838804
219.0,0.15993493846032597
227.0,0.17412860795112325
236.0,0.17692828405868566
244.0,0.1754405571466584
253.0,0.15944576907188204
260.0,0.14365803513399156
264.0,0.19042214663690443
275.0,0.1609273964900513
285.0,0.17511400975697985
296.0,0.14604910716015962
302.0,0.16779701593752047
306.0,0.1721709902930399
310.0,0.1776266892958222
316.0,0.15400417017860177
324.0,0.18391449475543575
332.0,0.1594650220603609
340.0,0.1639090812817005
349.0,0.17310730139233207
357.0,0.16120250559680446
371.0,0.17063105624083144
378.0,0.17957353344842963
385.0,0.16573749433962817
392.0,0.15802038812626626
397.0,0.16524106871304173
402.0,0.18648365863818078
412.0,0.18579254944972973
418.0,0.16062837326023965
422.0,0.17862565571404285
429.0,0.1706380503515876
436.0,0.15614300426043562
443.0,0.13253032827181088
449.0,0.17563617547012858
457.0,0.18073972047954978
464.0,0.1758815491528846
471.0,0.1843006305170402
478.0,0.1717988497621176
483.0,0.19901418239258598
487.0,0.19239622026176517
496.0,0.1803407809201385
507.0,0.16554794430168188
515.0,0.17647375115651015
524.0,0.16972567112848955
528.0,0.15953103905374993
534.0,0.1636145923125267
540.0,0.16002705722558794
546.0,0.198329153608565
555.0,0.16654105074194225
564.0,0.18223958017128056
572.0,0.18438632597157226
581.0,0.16948573712687795
590.0,0.17661987019390876
598.0,0.1716600828817875
607.0,0.17442538760685086
615.0,0.17637139312510466
620.0,0.15495741765335128
629.0,0.17717214790127928
636.0,0.19295356228708688
647.0,0.1772564745925732
656.0,0.1701321196900941
664.0,0.1788304822713387
670.0,0.18874245839950476
679.0,0.18149701455847764
691.0,0.17487219464430606
699.0,0.16104171091953104
705.0,0.1944121942840253
713.0,0.1744645821004123
720.0,0.15722489745741572
728.0,0.17459444684842926
736.0,0.1870974600549519
744.0,0.15731209294190246
752.0,0.17155200207377597
760.0,0.1641319068042804
767.0,0.17888284568998186
775.0,0.16854270336092425
783.0,0.17262334878114757
792.0,0.18313160685131166
800.0,0.1520064093342103
806.0,0.16984388297481068
813.0,0.17952807480477034
818.0,0.18026901293896005
823.0,0.1801468963702186
829.0,0.17317784345968829
840.0,0.1644868489320803
846.0,0.1475409510265452
855.0,0.17587471630008228
862.0,0.15911690461168165
869.0,0.15842029035148067
875.0,0.17376492694223933
880.0,0.17467555926051795
887.0,0.1739102053910887
893.0,0.17907317610858658
901.0,0.16872172463294408
908.0,0.17210714949748343
914.0,0.17669573892911938
919.0,0.16499659947359618
925.0,0.18665702152922986
933.0,0.2047638220731379
941.0,0.20052845143692732
952.0,0.20280775293983497
957.0,0.19224048758192455
962.0,0.1804533639269571
966.0,0.181098506395849
973.0,0.18342013055714396
980.0,0.18285866420712
986.0,0.18507035532421925
993.0,0.17389268773547542
1000.0,0.1822322961341623
1007.0,0.18862913466681897
1011.0,0.16158742959623396
1025.0,0.18942344780724737
1029.0,0.17069956550634371
1037.0,0.18567331272723858
1044.0,0.15575289112488003
1055.0,0.16351770000453916
1067.0,0.20418247571009548
1072.0,0.16621487027509088
1080.0,0.16782529964364964
1087.0,0.19354857146242596
1094.0,0.17326397397873075
1102.0,0.1723149689762165
1113.0,0.17116011546555202
1121.0,0.1864198930898386
1130.0,0.16066716645891427
1139.0,0.17274023266687294
1144.0,0.1908666734569809
1150.0,0.17568225724499725
1158.0,0.16746743131335323
1165.0,0.17817059652367273
1173.0,0.20927735144209592
1181.0,0.20449219775600058
1187.0,0.20225605508065128
1195.0,0.1849028326026863
1202.0,0.18022051368003625
1210.0,0.17546012336001907
1216.0,0.1840958991883179
1225.0,0.1674471144682006
1234.0,0.16191231613423757
1246.0,0.17783860792331194
1260.0,0.18690741216771992
1264.0,0.18568868776192105
1271.0,0.1997950824788548
1280.0,0.19505077440699278
1288.0,0.16612696746507186
1297.0,0.1572694182721255
1305.0,0.2028715249641637
1310.0,0.16809835909163665
1318.0,0.15742601202048867
1326.0,0.15848237756107672
1332.0,0.1779912633489304
1337.0,0.17724800870553994
1341.0,0.18187203725078313
1346.0,0.17929403991021026
1352.0,0.16577308984378292
1356.0,0.19711105933874948
1363.0,0.16694818267667558
1369.0,0.19726588803238754
1375.0,0.17417476498564208
1381.0,0.20177316403426934
1389.0,0.19478908883404453
1393.0,0.1907621409580995
1401.0,0.17218151206914548
1407.0,0.1558140145282582
1411.0,0.18196848957741998
1415.0,0.17460546755939502
1422.0,0.1659164092253252
1430.0,0.159511968446033
1437.0,0.176305235692028
1443.0,0.17237738559987997
1452.0,0.17399802346185766
1461.0,0.18303229816497485
1469.0,0.1622320190155633
1473.0,0.16882127645636757
1478.0,0.1721072478426704
1492.0,0.16525462161976742
1499.0,0.16297962024245014
1507.0,0.1689172369468444
1514.0,0.16089535946364789
1518.0,0.1749406472798965
1526.0,0.16366690474997236
1533.0,0.1818833866259815
1539.0,0.15539422725989052
1553.0,0.1732107702095229
1557.0,0.19253621309131824
1563.0,0.19608394076496116
1569.0,0.18345083272470622
1576.0,0.18563526031231492
1582.0,0.18579118614963097
1588.0,0.1775723797551866
1595.0,0.16100847331446672
1601.0,0.18939071331780008
1608.0,0.1834808396076902
1615.0,0.20239631383238169
1619.0,0.17449134132415256
1626.0,0.16992032991766395
1638.0,0.15000485012118278
1643.0,0.174146199444695
1654.0,0.17262298265095652
1661.0,0.17265770703823763
1668.0,0.19828373515052253
1673.0,0.19661533046260726
1681.0,0.18675435782511624
1688.0,0.14395105753745588
1696.0,0.1835904820225261
1710.0,0.148575760732618
1717.0,0.1908696996933864
1726.0,0.17798008816994962
1735.0,0.16946712944017656
1742.0,0.1733472560112983
1750.0,0.1692855043337371
1755.0,0.17146166278855604
1760.0,0.15043285491465977
