,5
3308.0,0.21664143174389305
3315.0,0.2084836714228847
3323.0,0.21775352301641004
3330.0,0.2126887625164167
3337.0,0.17789008784924254
3342.0,0.19777686825030036
3347.0,0.20008690751329214
3359.0,0.15429368122703002
3367.0,0.19020052667418588
3375.0,0.15663456673699702
3382.0,0.1839077910092773
3396.0,0.21651277884455955
3405.0,0.21415158013832436
3411.0,0.18650312327972732
3418.0,0.19312856725141647
3426.0,0.18366421193968804
3437.0,0.18252966055408498
3446.0,0.20065332727274007
3453.0,0.1623138878837552
3461.0,0.1724240337382509
3469.0,0.18332738383372796
3478.0,0.15009388181183644
3492.0,0.17342586035944912
3501.0,0.18523152133131435
3508.0,0.15989803894117946
3517.0,0.2168807986021031
3524.0,0.19380805204417842
3531.0,0.19365794981305204
3539.0,0.19799887797655372
3548.0,0.2073417296341182
3555.0,0.2024704275640079
3567.0,0.17994397143755092
3574.0,0.20288036219270883
3581.0,0.19863416556511168
3590.0,0.19281831455352616
3598.0,0.19073504787820375
3604.0,0.19106483275182357
3611.0,0.19657715743288368
3620.0,0.17483070228000774
3626.0,0.1488546699367133
3630.0,0.18766493263555273
3638.0,0.18952203683627059
3652.0,0.18925474131469036
3661.0,0.18498820532657412
3667.0,0.1700989095484602
3676.0,0.19019007631675183
3682.0,0.19782650746693817
3693.0,0.1838091908722318
3705.0,0.17810579331145718
3712.0,0.18654839020556904
3719.0,0.1869901521106515
3727.0,0.17620751798688578
3734.0,0.20176096808025706
3743.0,0.15207682500239178
3749.0,0.19570164305434185
3757.0,0.2020934082877081
3765.0,0.18009703369858657
3772.0,0.21302557261370836
3780.0,0.20422820243638531
3789.0,0.16813177624199063
3797.0,0.16231110625329148
3804.0,0.20378686698402104
3813.0,0.18059487785274378
3821.0,0.19539694568222327
3828.0,0.1826970657701974
3837.0,0.19803752183821394
3846.0,0.18782326544494696
3853.0,0.18807880905323154
3865.0,0.19319254145124862
3873.0,0.1837537096394452
3878.0,0.20058060556831575
3889.0,0.18977260922980244
3896.0,0.18837629639267642
3907.0,0.19132987134345533
3913.0,0.19489385235805362
3925.0,0.19048547130401033
3932.0,0.19218737758728208
3937.0,0.20145777860433225
3941.0,0.1575528033950025
3949.0,0.15340971194839353
3958.0,0.1998544422831075
3965.0,0.22015617182038552
3973.0,0.19627323266639088
3985.0,0.20621029169009433
3994.0,0.19553699102287275
4002.0,0.14602110767118265
4008.0,0.20842945842229912
4015.0,0.21353368268908365
4024.0,0.18419280902772617
4035.0,0.18250023042209065
4042.0,0.20300638228986234
4049.0,0.2093690764672466
4061.0,0.1819966961493772
4069.0,0.18863834470082402
4078.0,0.1964013810456731
4085.0,0.18265758818998357
4093.0,0.21414823931656451
4101.0,0.21176838298470296
4105.0,0.17561887004634633
4114.0,0.1915100131746622
4121.0,0.20303574955240786
4128.0,0.15495172866459198
4136.0,0.18089420495335756
4145.0,0.1963262979593341
4151.0,0.18276185844458107
4162.0,0.17491457655528478
4171.0,0.18347653619483664
4180.0,0.1680800259222789
4187.0,0.1619928306633186
4191.0,0.1903429753422118
4198.0,0.21302098770712175
4207.0,0.18516657248095983
4214.0,0.18966917376577455
4222.0,0.18985596853508635
4229.0,0.186582013592008
4236.0,0.1618062086905515
4243.0,0.21162869337390747
4252.0,0.19487659778793257
4260.0,0.188056812377517
4269.0,0.16979578470318388
4280.0,0.23704072782495034
4287.0,0.16881456257914862
4295.0,0.19963093022323541
4302.0,0.1880505155007026
4313.0,0.19926983591859035
4324.0,0.19061324222475462
4332.0,0.19257204617256324
4340.0,0.16969806397219223
4347.0,0.1995761489986675
4358.0,0.18959501296595843
4366.0,0.19477983882213298
4372.0,0.17790544750171744
4380.0,0.18278609751287198
4391.0,0.17175212347840774
4399.0,0.16787844016696732
4406.0,0.1753391235271728
4417.0,0.20649545009032055
4421.0,0.1935830095014306
4430.0,0.1930759378758734
4438.0,0.19558700369610768
4446.0,0.1739385347214351
4454.0,0.17934402782036876
4466.0,0.1585221585626466
4473.0,0.20107212710164113
4481.0,0.16597171516818324
4493.0,0.19874585577576362
4505.0,0.20050555331466344
4519.0,0.1645954603660504
4528.0,0.21194856899366968
4534.0,0.19440573998363078
4540.0,0.15674944504269092
4546.0,0.19753775893030656
4552.0,0.1814390935410915
4556.0,0.15451271610820538
4565.0,0.19238990431303027
4574.0,0.1697179185298841
4581.0,0.18621325321577822
4586.0,0.20882430952019215
4595.0,0.20556731400683884
4602.0,0.17194257988269743
4610.0,0.19836402267785275
4617.0,0.20039971843099694
4625.0,0.17683585914281708
4634.0,0.2019640067149643
4645.0,0.17363468357821024
4653.0,0.1611830852301833
4661.0,0.19180918387522053
4669.0,0.18335707958769323
4676.0,0.18585725235185926
4684.0,0.15143338390536623
4693.0,0.1263305858454628
4697.0,0.18908907230526517
4706.0,0.21262052460089367
4714.0,0.1738019546130027
4726.0,0.1701794362538269
4732.0,0.18697984993670683
4743.0,0.1903764526458009
4749.0,0.20659714696540088
4756.0,0.19898689844488887
4765.0,0.18577451546925022
4770.0,0.19384071384498383
4777.0,0.21567200033725478
4785.0,0.17518966477600978
4792.0,0.19475332743537233
4798.0,0.2008266262016375
4809.0,0.18948691669259374
4816.0,0.17750958345387902
4823.0,0.16795206037514743
4831.0,0.20608745345990825
4842.0,0.18719841798658732
4851.0,0.19790493391726036
4857.0,0.19963002653194045
4864.0,0.1889291816963351
4872.0,0.1824045883589616
4878.0,0.1892919670059955
4885.0,0.205026790807428
4892.0,0.18867974599592394
4901.0,0.17990987014998244
4907.0,0.1871257178428325
4915.0,0.17961249940512797
