,8
0,0.22071711555955828
1,0.21931917011484794
2,0.18852869241085188
3,0.18500846990949163
4,0.16210210232542427
5,0.1407175880490256
6,0.1567118871150252
7,0.17001515630655514
8,0.1531694203427857
9,0.1596509095132888
10,0.15206070981778635
11,0.14524459166263728
12,0.1733639838941701
13,0.1851305483317317
14,0.15488636468570133
15,0.16389368463764428
16,0.17625405413159642
17,0.16362840137426388
18,0.1575534131836858
19,0.14780919950858895
20,0.17205547803145593
21,0.1393147644766271
22,0.14833690106205125
23,0.1582696721521559
24,0.16850410519558345
25,0.15359560887056925
26,0.1620105578918314
27,0.19034458403328655
28,0.15192513865209697
29,0.13973485649226178
30,0.15022196765366214
31,0.14456812304609823
32,0.1400045148093255
33,0.14124153490346641
34,0.15321638279601438
35,0.16910210459559058
36,0.16506321326375392
37,0.16314046179418498
38,0.16101549775819818
39,0.16383440447663417
40,0.17832178326971146
41,0.15834734434607856
42,0.17575050613416235
43,0.17852601615408561
44,0.14895636969932635
45,0.16173843233519392
46,0.15631393036693605
47,0.14974328091306802
48,0.15393261738147662
49,0.14900580789643145
50,0.15165384963808504
51,0.15192970790250196
52,0.15582670335314164
53,0.16210156249340482
54,0.15162179462216496
55,0.1543876006004501
56,0.15199386458847505
57,0.14837673341807733
58,0.15685490585704365
59,0.1468414320508516
60,0.15536428854390663
61,0.17597400467788762
62,0.1576940551982367
63,0.15850902875786554
64,0.1598587376507068
65,0.16640165702421802
66,0.16527420021090036
67,0.1461043440603483
68,0.1492507286226389
69,0.154861628285597
70,0.1446992800327152
71,0.1425286665891881
72,0.1480327316527919
73,0.16091530456934913
74,0.16177163527204674
75,0.16555045199369292
76,0.16751878474891052
77,0.1716929029529166
78,0.16268055932533956
79,0.1877982821466002
80,0.1749959713717171
81,0.1776716648254239
82,0.170943266679948
83,0.1599282534076315
84,0.1566856012360748
85,0.17086728251113426
86,0.15938886636214877
87,0.15691763975330156
88,0.1567544117401497
89,0.14705634715813587
90,0.15193956371119038
91,0.15287859934474873
92,0.15197512483545508
93,0.18093305423399975
94,0.1550903952059951
95,0.16340054210711458
96,0.1597050086645218
97,0.16924862957241385
98,0.18135297830119418
99,0.16570444630669307
100,0.15015759975727613
101,0.15702963381352084
102,0.13805562943905145
103,0.165429083597349
104,0.1737100465058106
105,0.16517879083848383
106,0.15734610228393264
107,0.16253588554233955
108,0.18596989626780872
109,0.17423566719677655
110,0.16031688750733458
111,0.16258519814793168
112,0.16216207201585095
113,0.15240138952003984
114,0.16969358949342822
115,0.15715075809976148
116,0.14588384126004175
117,0.1686022023453769
118,0.1701078817241272
119,0.17127525171918925
120,0.18053958917032994
121,0.16049604774607004
122,0.17456284633834943
123,0.19169972081203768
124,0.1686041057095776
125,0.1634339007636665
126,0.1778725924926273
127,0.1699244445957038
128,0.1674638099585328
129,0.1679634529938427
130,0.15889157723195727
131,0.1478096654740228
132,0.15803040582282332
133,0.1683739493431224
134,0.15297099854489826
135,0.1358663302005928
136,0.17240266941425872
137,0.16593861189258402
138,0.183548931430828
139,0.14688743900740286
140,0.16689743960023196
141,0.1471663332025119
142,0.1558057491764715
143,0.15129922600562865
144,0.16522437811823695
145,0.15899403614855098
146,0.16687377255481411
147,0.1644107287174311
148,0.16316414822251507
149,0.1373995651514089
150,0.188508099685637
151,0.15011530834531736
152,0.1832872961487385
153,0.16792181097839798
154,0.1545837245006945
155,0.14823828857399962
156,0.17891006436343215
157,0.14865125842011487
158,0.15169013221913016
159,0.17481450721822586
160,0.16347430280700448
161,0.16970531581462828
162,0.16934955579409225
163,0.16636286979030654
164,0.15198693033749414
165,0.15697051398619585
166,0.18446057732415871
167,0.1538002776756171
168,0.1871219592293734
169,0.18709175190683283
170,0.1622251913774531
171,0.15392095422464114
172,0.16338352506674936
173,0.16023979603944857
174,0.15530193657096733
175,0.1465742268866122
176,0.1617990626598491
177,0.13809848914918774
178,0.1460611159265285
179,0.1513181295625738
180,0.15325382093631393
181,0.14304000716934154
182,0.14501485316612428
183,0.156602360834257
184,0.14459191910723995
185,0.1560252057926182
186,0.15146594086591886
187,0.1606797056642593
188,0.1611368874609335
189,0.1558620192011687
190,0.17270512260011517
191,0.14846316556228162
192,0.17598255365410387
193,0.1647312542056797
194,0.1637274105018201
195,0.14736836646645562
196,0.17544605113412248
197,0.18292402613095712
198,0.1613806475671929
199,0.16298908497641332
