,4
3308.0,0.2337542220858581
3315.0,0.18089638016519877
3323.0,0.18995787973209413
3330.0,0.1683639211099215
3337.0,0.1751610044494356
3342.0,0.174597006052403
3347.0,0.13873804734070572
3359.0,0.11835860724839499
3367.0,0.2211777376896723
3375.0,0.1877236449098639
3382.0,0.18842227207604859
3396.0,0.18299583983950937
3405.0,0.15931786698817443
3411.0,0.2220926869802955
3418.0,0.1551782464098906
3426.0,0.20138804414355396
3437.0,0.16050318408637362
3446.0,0.19077928805047925
3453.0,0.18055564104924113
3461.0,0.21994283482562546
3469.0,0.1513580429779083
3478.0,0.19643017877051797
3492.0,0.21484789227920767
3501.0,0.19087198477947998
3508.0,0.18486980350994384
3517.0,0.20390688433337006
3524.0,0.19770736803637456
3531.0,0.17853453412764705
3539.0,0.18012246355058503
3548.0,0.20181227844085498
3555.0,0.20691653146045927
3567.0,0.19131740552294085
3574.0,0.19084268488695555
3581.0,0.18921797085500788
3590.0,0.1830260756405216
3598.0,0.195064292824014
3604.0,0.17009041559600607
3611.0,0.21077353187630263
3620.0,0.20063452969683307
3626.0,0.062065654611671246
3630.0,0.15804465662004816
3638.0,0.19282072692526195
3652.0,0.1585509835870196
3661.0,0.18653821400297824
3667.0,0.1457731141828368
3676.0,0.1866513243295611
3682.0,0.17745416802323263
3693.0,0.18746564505214902
3705.0,0.18306099005537899
3712.0,0.22840656427559722
3719.0,0.17551493359463904
3727.0,0.17516783265753968
3734.0,0.1842202395280583
3743.0,0.15984185023342348
3749.0,0.20533639038312115
3757.0,0.20866590568913537
3765.0,0.1644582928950546
3772.0,0.19227330386839733
3780.0,0.17173136732948188
3789.0,0.1930496624357382
3797.0,0.21066535622156798
3804.0,0.21505919319885425
3813.0,0.16606442412311218
3821.0,0.18624928002402108
3828.0,0.193009819558157
3837.0,0.2428952866014865
3846.0,0.21047113900170464
3853.0,0.20560314194734355
3865.0,0.19251719913643403
3873.0,0.194306064615601
3878.0,0.183546658368004
3889.0,0.1981095052822099
3896.0,0.2036666332602468
3907.0,0.20331467949825976
3913.0,0.18619901504226571
3925.0,0.19711598622021895
3932.0,0.1541289774587648
3937.0,0.160653400134072
3941.0,0.153347405663528
3949.0,0.18965267831908883
3958.0,0.1338816515800181
3965.0,0.22082602121767686
3973.0,0.20773933892580126
3985.0,0.17936791702835972
3994.0,0.20141561426893556
4002.0,0.19325558538968282
4008.0,0.19759612478278332
4015.0,0.195124816533938
4024.0,0.21088688986722154
4035.0,0.19213308366125117
4042.0,0.1791362033536229
4049.0,0.19327880095869468
4061.0,0.18182622322212777
4069.0,0.1739475776774893
4078.0,0.19785439237084065
4085.0,0.16401675357291656
4093.0,0.11081789240037705
4101.0,0.16045419678189254
4105.0,0.1475431034307033
4114.0,0.17276794744720866
4121.0,0.17642831384767238
4128.0,0.2023900772348387
4136.0,0.18519692614442484
4145.0,0.1485977223714946
4151.0,0.1963518330569329
4162.0,0.1736437103920941
4171.0,0.16815913252491763
4180.0,0.1792116513827254
4187.0,0.18073404088146208
4191.0,0.25585676225889026
4198.0,0.22855733482355658
4207.0,0.17924998947454446
4214.0,0.19003212957809115
4222.0,0.193989735340608
4229.0,0.17299654892875638
4236.0,0.19451441499247027
4243.0,0.21704415003932417
4252.0,0.15445724709515352
4260.0,0.1911679955232629
4269.0,0.17524196980940207
4280.0,0.1495515392684899
4287.0,0.1751903953309935
4295.0,0.18012379248530302
4302.0,0.1747184771318212
4313.0,0.17732124975280616
4324.0,0.17927637563226573
4332.0,0.20335011151367618
4340.0,0.1751906219066758
4347.0,0.180099837953691
4358.0,0.1759548442819011
4366.0,0.18945988891810372
4372.0,0.20643280110667867
4380.0,0.18798762673875627
4391.0,0.1834055287570287
4399.0,0.2249154804169869
4406.0,0.17328850910645005
4417.0,0.18095469626524616
4421.0,0.18214664256563237
4430.0,0.17079841238307653
4438.0,0.19374145291832293
4446.0,0.18818010607650523
4454.0,0.2066823141388232
4466.0,0.1635007682225374
4473.0,0.2137084460188305
4481.0,0.24193072932659226
4493.0,0.1969663612282457
4505.0,0.1893195430860266
4519.0,0.17430634671614234
4528.0,0.23498303714075608
4534.0,0.213997999144988
4540.0,0.12081716003263476
4546.0,0.22559577256309665
4552.0,0.1751282326394548
4556.0,0.20478912140265876
4565.0,0.1830033058083343
4574.0,0.143924655968443
4581.0,0.14376653225680064
4586.0,0.19661469820718316
4595.0,0.14619075148871744
4602.0,0.20479222441107092
4610.0,0.21273952156356957
4617.0,0.18189656557892317
4625.0,0.1875946452454117
4634.0,0.19872271290818208
4645.0,0.18983185404745107
4653.0,0.17471521035478194
4661.0,0.18003315610674936
4669.0,0.19058311519065824
4676.0,0.16474944899807237
4684.0,0.1558364475558916
4693.0,0.19292126244078128
4697.0,0.16915421124708108
4706.0,0.16341934412022446
4714.0,0.16970055361809136
4726.0,0.2183564596534704
4732.0,0.19436611946387228
4743.0,0.18744352274008583
4749.0,0.19750140830604618
4756.0,0.22338106951891445
4765.0,0.16667286070143356
4770.0,0.19274618907918498
4777.0,0.2164304281716686
4785.0,0.170604282838992
4792.0,0.1848917764820755
4798.0,0.16500762764402416
4809.0,0.22004643350035036
4816.0,0.18215411275191756
4823.0,0.15092785104783366
4831.0,0.21822768378468158
4842.0,0.15925798451634804
4851.0,0.19883670275051946
4857.0,0.21039025579426524
4864.0,0.20476616552684898
4872.0,0.2157374112273015
4878.0,0.2227908702464257
4885.0,0.21259819411841663
4892.0,0.1620180356727077
4901.0,0.17156152149751144
4907.0,0.18542988903735863
4915.0,0.18861928245601284
