,4
2.0,0.20050260609862822
10.0,0.21858404406073137
18.0,0.19273547219127335
27.0,0.19125080505967026
35.0,0.19850306927109032
42.0,0.19131813168569958
51.0,0.17070256777798498
57.0,0.183001561848352
64.0,0.1642526329343489
70.0,0.18840260736467457
76.0,0.1813951157256535
84.0,0.17037149749966007
96.0,0.19885246463736903
101.0,0.17719113989762023
107.0,0.23159194236013478
115.0,0.22190413548201152
119.0,0.17193313024700882
128.0,0.16377573245162041
139.0,0.1685241992701991
146.0,0.16087415604545907
153.0,0.17674012063825173
161.0,0.17004821906135226
168.0,0.17852440162685265
174.0,0.22640980606947442
183.0,0.1789934920410266
188.0,0.19382651320773087
194.0,0.17086018576744055
203.0,0.2144078928528467
211.0,0.20368575555072488
219.0,0.20714119487101412
230.0,0.19552242660153726
239.0,0.21971870397950086
251.0,0.13339076843694905
259.0,0.1942771217942493
267.0,0.20655228422192368
281.0,0.15293894624831963
293.0,0.20184481456400352
302.0,0.1166692198939986
311.0,0.1886876055126979
320.0,0.1344795467232254
327.0,0.1745842684916592
341.0,0.2086297293193298
350.0,0.1373950186958877
356.0,0.19081644354377744
363.0,0.1858807680578314
372.0,0.20162981260932267
379.0,0.17484220126668631
387.0,0.18352218297462264
395.0,0.18012775864241362
407.0,0.1982136085601847
419.0,0.19538679974725556
424.0,0.19570689839347943
431.0,0.21196311895182815
437.0,0.177201351242224
445.0,0.11961936263125988
450.0,0.22425954385587546
458.0,0.21125212400979476
462.0,0.2067142131703976
469.0,0.13720633834605686
476.0,0.16605562502753698
482.0,0.1725161937219053
493.0,0.18394826936099373
504.0,0.16601525742301307
510.0,0.1837672084294344
514.0,0.1743593013224996
520.0,0.1574903034974394
524.0,0.18997318369995742
530.0,0.16916071452767187
534.0,0.1790224887305718
543.0,0.22384786683195623
551.0,0.1768031144626561
563.0,0.18909321929848022
569.0,0.1913381608286685
577.0,0.17647044588505753
584.0,0.16632292381959074
592.0,0.212895059805548
598.0,0.18295969936512796
604.0,0.1928154522899831
612.0,0.16439088991063547
621.0,0.1582442122492186
627.0,0.17225802343734556
635.0,0.21791664480256603
643.0,0.17695709479169575
650.0,0.19335204037698783
655.0,0.1588714858394195
662.0,0.1386283447740592
674.0,0.18688724671895193
686.0,0.18807520369851355
692.0,0.16880144211239329
700.0,0.19900747751637032
709.0,0.201673736812781
719.0,0.17416546830223853
723.0,0.15517872346848327
732.0,0.1955863771301643
738.0,0.21001742106819127
745.0,0.1803694889653172
757.0,0.15912337607124163
764.0,0.19744631113118125
775.0,0.1934310543172108
779.0,0.17027944965597916
783.0,0.19313841039915366
787.0,0.19219037118044396
794.0,0.1667820728961679
803.0,0.06870243504815826
811.0,0.18146107085372434
820.0,0.19162193129560495
828.0,0.2219498610989247
836.0,0.16672332697532563
847.0,0.1727767398282131
852.0,0.21625235701849016
860.0,0.19535623083685016
865.0,0.19967974845067982
870.0,0.14355546969469962
877.0,0.15329284415212574
884.0,0.18463705482021817
891.0,0.19201478088048804
897.0,0.1671930518521998
905.0,0.16968592037698807
916.0,0.19543592031465054
923.0,0.19089061173205416
930.0,0.15339940491288714
936.0,0.14613527224708006
942.0,0.1615168748960075
951.0,0.12374003379362304
960.0,0.191244542086481
968.0,0.22099446092243752
975.0,0.22031988699933594
981.0,0.17224851650764336
985.0,0.15592393077272007
989.0,0.1392034274714268
994.0,0.1829285101601929
1000.0,0.19833132868717782
1007.0,0.16373274322040812
1014.0,0.18571345521772809
1020.0,0.16056397551494406
1031.0,0.20363531603236998
1039.0,0.2064527779407783
1047.0,0.19894301919922117
1055.0,0.2274761509495378
1066.0,0.172848464112911
1078.0,0.18389955261173557
1085.0,0.1655094761089251
1094.0,0.18833868164620182
1102.0,0.17962540125767784
1110.0,0.17928788824544672
1118.0,0.15630566649755379
1125.0,0.18175260109324212
1134.0,0.16658435431447674
1148.0,0.17058293027423888
1157.0,0.2185931417142173
1165.0,0.17801797234330224
1173.0,0.14932713825380625
1177.0,0.18954310947466627
1183.0,0.16893400034594316
1192.0,0.20011296450791038
1203.0,0.16478052379696873
1212.0,0.22375246774345997
1220.0,0.15724164675608598
1224.0,0.202214969033251
1231.0,0.20199443532920655
1239.0,0.1913217584111009
1247.0,0.14574843278074812
1253.0,0.1904948671524886
1267.0,0.18600324673915675
1274.0,0.1558315245347001
1282.0,0.16433316845148055
1291.0,0.18397111216181772
1299.0,0.1837029257345
1305.0,0.18425092704599214
1314.0,0.19275671318012955
1322.0,0.16578701787822908
1328.0,0.20956416534972155
1335.0,0.21279537489008318
1347.0,0.2173728949247575
1353.0,0.21444885362177488
1361.0,0.15971793071240742
1367.0,0.20520270225574327
1373.0,0.16423411410585678
1380.0,0.16185647742136508
1388.0,0.16360084273848577
1395.0,0.2020038899204061
1403.0,0.18214126212321394
1410.0,0.17732658936565443
1419.0,0.1671052832415607
1427.0,0.20783289654842138
1436.0,0.21738639671849
1448.0,0.18364701974692732
1457.0,0.1892265627452097
1468.0,0.18375003040384164
1478.0,0.1523077265409471
1486.0,0.21444621978861006
1492.0,0.17653836070276002
1504.0,0.14092738096824456
1511.0,0.20008335532685873
1517.0,0.19065142619796466
1526.0,0.1695430058731946
1531.0,0.20005940003151307
1538.0,0.16122990725747652
1548.0,0.14502089388217432
1557.0,0.13681624094781372
1564.0,0.17473513761094395
1570.0,0.21567241218185693
1577.0,0.15681503115257897
1583.0,0.153087793019877
1590.0,0.1716568808266443
1598.0,0.18339552684293728
1605.0,0.20483848380046846
1614.0,0.1871036090706832
1620.0,0.2274831266151311
1631.0,0.1686987377677187
1639.0,0.177149527323848
1650.0,0.1995677891746584
1658.0,0.17258036865054513
1667.0,0.19914640459083371
1675.0,0.20720269474218622
1684.0,0.17626910381892008
1692.0,0.14561871880281227
1701.0,0.18788565255716472
1709.0,0.21170137597616331
1718.0,0.17083870733190779
1727.0,0.17737464928846294
1733.0,0.12908989674661192
1737.0,0.15257767705191982
1742.0,0.1784278687390153
1751.0,0.09040879919900217
1759.0,0.17665645362204357
1766.0,0.19960537112224286
1777.0,0.19710290855875973
1784.0,0.16587713832375237
1788.0,0.18040999427816412
1793.0,0.1677600456045103
1801.0,0.2070052956889746
1808.0,0.17386839982571503
1817.0,0.19330763417142036
1825.0,0.18118085820522353
1831.0,0.17008656857987772
1837.0,0.16027808499754154
1846.0,0.17684979743836401
1851.0,0.1728157549193499
1857.0,0.1590684802436315
1861.0,0.16451004953703527
1872.0,0.1611584741756464
1880.0,0.1920790853507103
1888.0,0.1901483793213315
1897.0,0.15989342221497105
1905.0,0.19765133877525282
1917.0,0.1900931733712358
1929.0,0.2100908056351737
1937.0,0.19388415978935689
1947.0,0.2193154909594886
1961.0,0.18638704096592854
1968.0,0.19701998815034566
1977.0,0.17611591635410534
1986.0,0.16810932374557572
1997.0,0.17225326252902318
2004.0,0.17056713737028315
2013.0,0.1846525625416046
2022.0,0.18087369919761337
2026.0,0.21736441951111182
2034.0,0.1364891558502476
2043.0,0.18027641073622072
2057.0,0.2021211617869884
2065.0,0.1666662784027289
2069.0,0.2104490077276462
2077.0,0.18103946173628607
2085.0,0.24164492408524876
2093.0,0.22707192070763207
2100.0,0.19855677648281653
2109.0,0.19294787366729857
2117.0,0.18853990360977896
2121.0,0.22242242365872433
2129.0,0.20672289828721732
2136.0,0.1931548479900244
2144.0,0.16545035543996106
2156.0,0.18423441732167753
2164.0,0.19554590078495696
2171.0,0.19259859398306103
2180.0,0.2077127856881049
2191.0,0.19720408475703796
2200.0,0.22397369929408323
2204.0,0.1855884101620165
2213.0,0.21703963250260253
2218.0,0.18029617559742478
2224.0,0.16947817468374024
2232.0,0.19914021617869146
2239.0,0.16983484725936682
2244.0,0.18943481480903038
2252.0,0.2032835599254385
2259.0,0.19872871699479958
2265.0,0.22924940167191174
2271.0,0.155895349357828
2279.0,0.19370010865298445
2286.0,0.2026059034660231
2291.0,0.19175424654409495
2303.0,0.20829040413601943
2311.0,0.1321274457844042
2320.0,0.16546855162193955
2328.0,0.1661634422546991
2334.0,0.19182375487414882
2340.0,0.20699753367280274
2348.0,0.1802735250138752
2355.0,0.14930069699350773
2361.0,0.18027811149063272
2370.0,0.2024251932668646
2378.0,0.1913713667106413
2385.0,0.19267303752701453
2390.0,0.16999498073247912
2397.0,0.18951246065977712
2409.0,0.21267638987499785
2421.0,0.17159024384313643
2427.0,0.1832513778316431
2432.0,0.14683743586368467
2443.0,0.1650481371090311
2451.0,0.17733338170191013
2459.0,0.22718895348657675
2465.0,0.2077102383678753
2477.0,0.17173897661726711
2489.0,0.18840281391748476
2500.0,0.17862610317474859
2508.0,0.20755007441761153
2520.0,0.14661620738323983
2534.0,0.19455658462211223
2538.0,0.19207225670233374
2547.0,0.14235154660402044
2551.0,0.1985598186495633
2558.0,0.18314105825508703
2565.0,0.16445858726533438
2573.0,0.19677133738982558
2580.0,0.19918982105016175
2587.0,0.1615412166638793
2593.0,0.21300531470427095
2599.0,0.16574734299225374
2604.0,0.18885368435948985
2613.0,0.1840212028311388
2620.0,0.20044121776906465
2627.0,0.20086430120408108
2634.0,0.2324320377768614
2641.0,0.16554637584360152
2647.0,0.13631796526860723
2654.0,0.16368762658493644
2666.0,0.1927556935000777
2673.0,0.15110074639142387
2681.0,0.2108728764484203
2686.0,0.17500797574915353
2693.0,0.19418739145034142
2697.0,0.2004174404702054
2703.0,0.16670614231687053
2708.0,0.1389183923990688
2713.0,0.16750359748035792
2722.0,0.20412949352149246
2729.0,0.18075111669105992
2737.0,0.1768101993648916
2743.0,0.17498778429653136
2751.0,0.11485852113486585
2758.0,0.20915074060607355
2765.0,0.1764691051039542
2773.0,0.18157120932724027
2777.0,0.16330389057032105
2783.0,0.16490877134613333
2791.0,0.1989370515281319
2798.0,0.1733744105837725
2807.0,0.1759559732612095
2811.0,0.16915821213329355
2823.0,0.188397150951808
2834.0,0.19119680539125367
2841.0,0.181658435863571
2850.0,0.19199267091273206
2857.0,0.16522782717454285
2864.0,0.1656017657914635
2871.0,0.16875764432683868
2878.0,0.16922249070933953
2885.0,0.17730743852755718
2899.0,0.15607015300145086
2907.0,0.1812452501523346
2913.0,0.18591876722202105
2917.0,0.2018712729640505
2923.0,0.20555734211142296
2931.0,0.18133299810031747
2937.0,0.15027192463041714
2943.0,0.18833878609224555
2947.0,0.1556907250262178
2954.0,0.16010001672691457
2964.0,0.21158428371339022
2971.0,0.18386107971692747
2982.0,0.20591003318118167
2989.0,0.18385326214961115
2994.0,0.2159450438201452
3001.0,0.19691295429992187
3009.0,0.18156973305894916
3018.0,0.1516384523161467
3024.0,0.1901429383881639
3032.0,0.21805194086921992
3040.0,0.15103492830976029
3052.0,0.1968616435632332
3059.0,0.17455642207181463
3067.0,0.19638927891456467
3073.0,0.17118324640987626
3079.0,0.19002753449112553
3085.0,0.20298190529120333
3092.0,0.1676768337800391
3099.0,0.18217855265697788
3106.0,0.19076719772465373
3113.0,0.22474634885122796
3119.0,0.21593731951146042
3125.0,0.19172470151900114
3132.0,0.16438992429943336
3146.0,0.20999727081480163
3153.0,0.1983146303405179
3159.0,0.20444015155585402
3168.0,0.1762031020820895
3175.0,0.16597996646281996
3182.0,0.18908802226646385
3189.0,0.18100285228044224
3195.0,0.187487471519417
3203.0,0.16485304750909607
3210.0,0.17732680926537125
3215.0,0.1941094163991029
3225.0,0.19462712252613343
3232.0,0.16970126387236362
3237.0,0.2001824835856954
3243.0,0.21272422212327688
3249.0,0.16248271950248175
3256.0,0.15873426502547996
3265.0,0.1747847970080221
3272.0,0.18678286281143355
3280.0,0.13900838090987136
3289.0,0.16258602840693245
3298.0,0.13780170719950724
