,5
2.0,0.19177027972134233
10.0,0.17661803735961737
18.0,0.2267226749171654
27.0,0.19011022168459546
35.0,0.1611605345926289
42.0,0.16982462119112593
51.0,0.15273290948076532
57.0,0.187168037970145
64.0,0.21854987703962173
70.0,0.13865304473058396
76.0,0.17567077391492691
84.0,0.19514183175135488
96.0,0.20613292478255144
101.0,0.19291354181864664
107.0,0.18842961402614106
115.0,0.19489465874412962
119.0,0.1978422979642725
128.0,0.19580086612488
139.0,0.13543872531437928
146.0,0.15791378064498912
153.0,0.1730174254979972
161.0,0.1921871051270556
168.0,0.18438796398339305
174.0,0.2031606340073908
183.0,0.18662207608171344
188.0,0.19002841383001123
194.0,0.17738340804302993
203.0,0.1982410417494137
211.0,0.19792565635668113
219.0,0.20003582749672172
230.0,0.17027996054594613
239.0,0.19839537771832555
251.0,0.19360332574510877
259.0,0.19783855008893117
267.0,0.2056389788430423
281.0,0.21667594722875694
293.0,0.19424500563713454
302.0,0.2262626035984645
311.0,0.1902753214244164
320.0,0.2092082626021621
327.0,0.17670660010708544
341.0,0.17275800420374451
350.0,0.16625484732214868
356.0,0.19042956177096745
363.0,0.20496861931856253
372.0,0.18673530952594886
379.0,0.20380917073989016
387.0,0.20840423350011972
395.0,0.1799098250334334
407.0,0.1851018569817682
419.0,0.20987349255661322
424.0,0.19809257091319388
431.0,0.19524095796805221
437.0,0.18754631082439158
445.0,0.18563400203435532
450.0,0.16584624744398185
458.0,0.17469819793101077
462.0,0.20178272144962753
469.0,0.22114415553869754
476.0,0.19163377638537382
482.0,0.1947428741993733
493.0,0.17848254760357996
504.0,0.18004805039925303
510.0,0.20383509003885936
514.0,0.18078580280861256
520.0,0.193922262331016
524.0,0.18606132603016626
530.0,0.15923460574064877
534.0,0.20196659857428936
543.0,0.20894303146297794
551.0,0.20398113831888082
563.0,0.18800460729464388
569.0,0.142519725571035
577.0,0.1616191933211335
584.0,0.21286095917301398
592.0,0.18340896670562887
598.0,0.19827051714138694
604.0,0.2037960610271855
612.0,0.19559223929061006
621.0,0.20073145304113912
627.0,0.178387561851693
635.0,0.19928250347206272
643.0,0.18036935859707356
650.0,0.1915141564922959
655.0,0.19774078491847624
662.0,0.1839805194302179
674.0,0.17508236537702615
686.0,0.19653563111957117
692.0,0.18402365624604666
700.0,0.17235609385605938
709.0,0.16939979368912736
719.0,0.1904974738609858
723.0,0.184235794043806
732.0,0.20033535859243481
738.0,0.18165721178037803
745.0,0.20310909486015924
757.0,0.18587727974011323
764.0,0.19815701775614655
775.0,0.17388273265173215
779.0,0.18838759005808295
783.0,0.17165007450414435
787.0,0.19183259927460106
794.0,0.1949649477336883
803.0,0.19709493083473587
811.0,0.19433811276186155
820.0,0.18694134369335655
828.0,0.19699916278484142
836.0,0.18064385167761265
847.0,0.18774771228599677
852.0,0.17994197127716305
860.0,0.19006390262389408
865.0,0.17315056509063342
870.0,0.17181198659062585
877.0,0.19188199166253037
884.0,0.19015974551378106
891.0,0.19891370501074673
897.0,0.16966459092408262
905.0,0.18713259870441953
916.0,0.17026975688303703
923.0,0.20427151285597808
930.0,0.15437070319414625
936.0,0.18627594450906404
942.0,0.16637352902927893
951.0,0.1910874773568433
960.0,0.17198727317599607
968.0,0.1997929682780054
975.0,0.158477235501193
981.0,0.20021432128684902
985.0,0.19586498349263604
989.0,0.16182345538875784
994.0,0.16488298155827133
1000.0,0.2041348667406879
1007.0,0.16923768854069954
1014.0,0.1726353129844393
1020.0,0.17516608334481498
1031.0,0.18237312538897457
1039.0,0.17624660515238136
1047.0,0.18727246314302504
1055.0,0.1987797980159335
1066.0,0.2022283875938671
1078.0,0.18537650536429437
1085.0,0.15827355907344062
1094.0,0.2101386961347711
1102.0,0.17993863115231923
1110.0,0.188760908927614
1118.0,0.14431241790743077
1125.0,0.20093170463305662
1134.0,0.19155234013586336
1148.0,0.19685106645957492
1157.0,0.16954962218428674
1165.0,0.1885542287650736
1173.0,0.16811473858659895
1177.0,0.16156671567662745
1183.0,0.18816522395068236
1192.0,0.19635383404110135
1203.0,0.17978915838801082
1212.0,0.22104036216670733
1220.0,0.1656344442432525
1224.0,0.19411046495752754
1231.0,0.1820873836910081
1239.0,0.17390154194759583
1247.0,0.17454944440297296
1253.0,0.18761762527848483
1267.0,0.19217888451484527
1274.0,0.1844075851466229
1282.0,0.17984421440593848
1291.0,0.2170292088336818
1299.0,0.19292748590780412
1305.0,0.19331837277793776
1314.0,0.18557828498095247
1322.0,0.18304021649406
1328.0,0.19336266452209244
1335.0,0.19066647407318613
1347.0,0.1824083062004394
1353.0,0.1578868015647974
1361.0,0.19441834748077969
1367.0,0.1609124449539472
1373.0,0.14493258759454228
1380.0,0.1641618523361306
1388.0,0.1823130021581718
1395.0,0.21341367587838192
1403.0,0.18490255029218206
1410.0,0.19045647751534026
1419.0,0.18375312110241876
1427.0,0.17975654468138372
1436.0,0.16956508550704144
1448.0,0.17760252125374268
1457.0,0.18870904794061508
1468.0,0.1825341289648906
1478.0,0.16461153853043883
1486.0,0.2103245396447883
1492.0,0.1863097879052485
1504.0,0.15918918399817159
1511.0,0.21545186900431892
1517.0,0.20664403882775495
1526.0,0.2034308671160155
1531.0,0.18074193950476838
1538.0,0.24017183576750376
1548.0,0.15122669849251089
1557.0,0.19333486049738627
1564.0,0.169360685228047
1570.0,0.18624855498038193
1577.0,0.1894109938655754
1583.0,0.17389459039945962
1590.0,0.1756449343301654
1598.0,0.17461967429721106
1605.0,0.17990502924046586
1614.0,0.1495847919415642
1620.0,0.18053004712037812
1631.0,0.2157299890040392
1639.0,0.18100935029061693
1650.0,0.20442703334368928
1658.0,0.18041140692328764
1667.0,0.17672843587646273
1675.0,0.1875747666953617
1684.0,0.18037337221226402
1692.0,0.16293547184038581
1701.0,0.17556571279971836
1709.0,0.1801988117430246
1718.0,0.17280905031634677
1727.0,0.15250757781642665
1733.0,0.1653409179292116
1737.0,0.1712161042048337
1742.0,0.18469507601223728
1751.0,0.19550956303360564
1759.0,0.17509473471591028
1766.0,0.18140441452151382
1777.0,0.18306788437099367
1784.0,0.15971274399914742
1788.0,0.13711488883015951
1793.0,0.16965127260078253
1801.0,0.19124887155669568
1808.0,0.1938984276676657
1817.0,0.1953758482019269
1825.0,0.16637923481117037
1831.0,0.2110750579971522
1837.0,0.2098805324714228
1846.0,0.19214880562492184
1851.0,0.18249324639688597
1857.0,0.19491383555662647
1861.0,0.20882735214785797
1872.0,0.1816149454876927
1880.0,0.1765706129894075
1888.0,0.19382275861694143
1897.0,0.19350837840705046
1905.0,0.17453182699005584
1917.0,0.1878504002937043
1929.0,0.19854130052780924
1937.0,0.21284734255793733
1947.0,0.1711250040582849
1961.0,0.16806364018610775
1968.0,0.16851078801618644
1977.0,0.18490631574111344
1986.0,0.16686238341061652
1997.0,0.157597540733966
2004.0,0.18160866197816536
2013.0,0.16485557206449228
2022.0,0.1691843338348401
2026.0,0.19441772852771141
2034.0,0.15759791856022962
2043.0,0.2205771693611815
2057.0,0.17796779650807276
2065.0,0.18155749581751315
2069.0,0.17277849180919358
2077.0,0.17256997508191269
2085.0,0.18613503122968453
2093.0,0.22113721324834054
2100.0,0.19022523957000229
2109.0,0.14780627098605706
2117.0,0.17989740361752862
2121.0,0.1914815556415035
2129.0,0.19922296825946578
2136.0,0.12620586366615924
2144.0,0.21799768208215906
2156.0,0.1845513963974785
2164.0,0.16985252765822667
2171.0,0.18414249682486142
2180.0,0.1938429577785005
2191.0,0.16181774459076897
2200.0,0.20034686288002493
2204.0,0.1837414213165561
2213.0,0.19397813909074496
2218.0,0.19293177458717664
2224.0,0.1949811210296164
2232.0,0.1825318228082831
2239.0,0.20501931760057085
2244.0,0.20325346546454637
2252.0,0.1978436587131197
2259.0,0.1532881674694886
2265.0,0.18120447451497235
2271.0,0.19277179489753665
2279.0,0.1878703676334801
2286.0,0.18193423283075838
2291.0,0.18554640122004284
2303.0,0.18379213424730245
2311.0,0.1929880047712779
2320.0,0.18612591086981423
2328.0,0.17298666005499497
2334.0,0.20852885435474613
2340.0,0.18990237311063393
2348.0,0.14300852748770895
2355.0,0.16732792992519072
2361.0,0.17214169190211573
2370.0,0.19241358115168541
2378.0,0.19138926159001837
2385.0,0.24750655303757466
2390.0,0.1810724490071469
2397.0,0.18958755714748943
2409.0,0.17343044326023938
2421.0,0.160257612009718
2427.0,0.21977121683077594
2432.0,0.1961871875114736
2443.0,0.1705777243816835
2451.0,0.17449826938468457
2459.0,0.17920646593852818
2465.0,0.18902553189422514
2477.0,0.20464114188406318
2489.0,0.18941357211833842
2500.0,0.17492706180441878
2508.0,0.1831171575616666
2520.0,0.18063827073371563
2534.0,0.1806864341525663
2538.0,0.19492541238352223
2547.0,0.19387496264335974
2551.0,0.191037871436404
2558.0,0.17164586096329731
2565.0,0.20297383209112724
2573.0,0.18888391868680066
2580.0,0.20286645833812797
2587.0,0.1599278118785298
2593.0,0.18142037462566854
2599.0,0.18871043006513272
2604.0,0.19223082399732178
2613.0,0.17945221336546033
2620.0,0.2155360975420932
2627.0,0.1859381526805292
2634.0,0.18750325831672204
2641.0,0.15988321508679498
2647.0,0.1642117411271157
2654.0,0.2055922085889873
2666.0,0.1828209891883785
2673.0,0.21289375478153993
2681.0,0.19252021089619578
2686.0,0.1737711048267328
2693.0,0.1753347285542563
2697.0,0.1747315835550429
2703.0,0.14714695046826426
2708.0,0.1450938157731326
2713.0,0.18202451112039705
2722.0,0.1524277200675812
2729.0,0.21102753055055123
2737.0,0.18917837288875616
2743.0,0.1879398257725276
2751.0,0.18296299519633236
2758.0,0.20220057065315514
2765.0,0.15560233334806667
2773.0,0.17883526876880784
2777.0,0.18022934310781616
2783.0,0.19054647905876634
2791.0,0.15365539460949665
2798.0,0.19316776698335297
2807.0,0.17585610596578347
2811.0,0.19263255558501147
2823.0,0.18574662704336364
2834.0,0.19167739113201065
2841.0,0.18746683066357622
2850.0,0.18607081004913126
2857.0,0.17857091177100926
2864.0,0.19075942143498295
2871.0,0.18834461671408861
2878.0,0.16871134438240243
2885.0,0.17035373612454854
2899.0,0.17950363303431213
2907.0,0.18555700355558918
2913.0,0.16931574651414588
2917.0,0.17995890731266406
2923.0,0.18112277096897447
2931.0,0.19245313909198938
2937.0,0.1983680952557224
2943.0,0.16572069580248708
2947.0,0.2028745822687026
2954.0,0.1639231064950721
2964.0,0.18208661657339548
2971.0,0.2084959893623274
2982.0,0.19371869205354536
2989.0,0.20116027454856875
2994.0,0.169779997516661
3001.0,0.20371993396248433
3009.0,0.17890190701330727
3018.0,0.12347429820932167
3024.0,0.17585324327176663
3032.0,0.19069599079947921
3040.0,0.17934831863133607
3052.0,0.18262047914074367
3059.0,0.17457271469993818
3067.0,0.18109366919115397
3073.0,0.17992760553795598
3079.0,0.19333275528699187
3085.0,0.18801859193891213
3092.0,0.1955301448175648
3099.0,0.16203502368417877
3106.0,0.17506327086188106
3113.0,0.1919040109501774
3119.0,0.17773195116321464
3125.0,0.19320856133837622
3132.0,0.1801191853140215
3146.0,0.16693522275206646
3153.0,0.18145646053857947
3159.0,0.14970657848508254
3168.0,0.16783753282402325
3175.0,0.18759593074196992
3182.0,0.19051832598418092
3189.0,0.17826609186699363
3195.0,0.1748893873053492
3203.0,0.149807996235295
3210.0,0.17057869080561414
3215.0,0.17834586467880162
3225.0,0.1992470228874268
3232.0,0.2021140126595496
3237.0,0.1770142384625199
3243.0,0.2005221268825643
3249.0,0.16409330513461287
3256.0,0.1891595998696786
3265.0,0.14267840844241844
3272.0,0.1641490848335537
3280.0,0.19500927290302936
3289.0,0.15845062870691895
3298.0,0.14223592569471952
