,6
3308.0,0.19658757596349974
3315.0,0.17725995845861722
3323.0,0.1791134504543634
3330.0,0.18412567055568288
3337.0,0.19348560950908555
3342.0,0.1786551067289895
3347.0,0.19081718455722763
3359.0,0.16688871460704663
3367.0,0.18815422821730246
3375.0,0.16985430869413948
3382.0,0.18573241155757272
3396.0,0.2040972371235829
3405.0,0.17259083607814338
3411.0,0.18799974055008262
3418.0,0.20114528439504759
3426.0,0.16564453162050394
3437.0,0.1512612951118194
3446.0,0.18135606680853542
3453.0,0.16385277540820675
3461.0,0.18746893627323327
3469.0,0.1732569122684023
3478.0,0.14180091187061403
3492.0,0.14361798963297917
3501.0,0.1576218483478236
3508.0,0.18467925382228614
3517.0,0.1782217627164432
3524.0,0.19126087755714233
3531.0,0.1712989867491723
3539.0,0.17980785393765664
3548.0,0.18171673053890022
3555.0,0.17875343163820503
3567.0,0.1759129870322551
3574.0,0.1774761376488667
3581.0,0.17464164932238943
3590.0,0.18315189824973035
3598.0,0.18438678434251343
3604.0,0.16521476585402234
3611.0,0.1824548387040919
3620.0,0.1405839113679868
3626.0,0.19024794188565664
3630.0,0.169853930968981
3638.0,0.17952964845470146
3652.0,0.2002589727779381
3661.0,0.20774403483125367
3667.0,0.18626531529048443
3676.0,0.18285247728717224
3682.0,0.16837276811234908
3693.0,0.16533813828275123
3705.0,0.20060251934831527
3712.0,0.16685564549993293
3719.0,0.17314832262296503
3727.0,0.15779116745038682
3734.0,0.1743554898049365
3743.0,0.16346176932663806
3749.0,0.16171360217251918
3757.0,0.17314282859662558
3765.0,0.1676827694139751
3772.0,0.17576783857443246
3780.0,0.18125484962120234
3789.0,0.1864464939442796
3797.0,0.18332578198657043
3804.0,0.1561513941389909
3813.0,0.13895846110561405
3821.0,0.17499433347005547
3828.0,0.20912761513687472
3837.0,0.17374893802356287
3846.0,0.17392854412772754
3853.0,0.1785380331418084
3865.0,0.18435050588414578
3873.0,0.17894851982816132
3878.0,0.1654161769348695
3889.0,0.18892689937687956
3896.0,0.18518077407981381
3907.0,0.1791065074004052
3913.0,0.19757674149691373
3925.0,0.16742624148975416
3932.0,0.16757088368117792
3937.0,0.20888263041053215
3941.0,0.13398925078376153
3949.0,0.16620502907505053
3958.0,0.20481467342458498
3965.0,0.1843984602495943
3973.0,0.1722792771451899
3985.0,0.18909599636831695
3994.0,0.1687685039601902
4002.0,0.18356621138989235
4008.0,0.1896019278253611
4015.0,0.16354995275729112
4024.0,0.17457922285417832
4035.0,0.16637650532298107
4042.0,0.18579841063379401
4049.0,0.18608656319571393
4061.0,0.17480538829498626
4069.0,0.18083173762314408
4078.0,0.17776677105963745
4085.0,0.1830980834777264
4093.0,0.18752473092277253
4101.0,0.17382406259490163
4105.0,0.16190741968379505
4114.0,0.20289888559228392
4121.0,0.19281025873421612
4128.0,0.1828337915652823
4136.0,0.18803858209914942
4145.0,0.17929710336196011
4151.0,0.18406972931654297
4162.0,0.18276783798039126
4171.0,0.15480837333572484
4180.0,0.1657551139883713
4187.0,0.18849428726141756
4191.0,0.2006452800996144
4198.0,0.18860456389047403
4207.0,0.18734018398185906
4214.0,0.18089200888626314
4222.0,0.19014993503255082
4229.0,0.17887080423941634
4236.0,0.1873121181581821
4243.0,0.18524273974885727
4252.0,0.1765974214011955
4260.0,0.17262065843654784
4269.0,0.19623059055137745
4280.0,0.18411752731653397
4287.0,0.19311737890308475
4295.0,0.18921821467863048
4302.0,0.1963157435965828
4313.0,0.1592098724057999
4324.0,0.20292553981497727
4332.0,0.18312327760000854
4340.0,0.1928405364807932
4347.0,0.17221705011301422
4358.0,0.16181774505185606
4366.0,0.16343575983287245
4372.0,0.17199018891665516
4380.0,0.17423074467045677
4391.0,0.2029738447174365
4399.0,0.193861856809077
4406.0,0.17065858036670511
4417.0,0.182053628817846
4421.0,0.1927459227741096
4430.0,0.18127980006317584
4438.0,0.17634400137680428
4446.0,0.1775261960370156
4454.0,0.17374030112973715
4466.0,0.16306572707799488
4473.0,0.17047807020328662
4481.0,0.16548087716906862
4493.0,0.1628198990433255
4505.0,0.1900742026607663
4519.0,0.19158244584975717
4528.0,0.20181682377552307
4534.0,0.1825791589888895
4540.0,0.1556620572637462
4546.0,0.13960139902346588
4552.0,0.14619863772416267
4556.0,0.1677493221093456
4565.0,0.18697371027979792
4574.0,0.15144164885578684
4581.0,0.19470727842861985
4586.0,0.17810165910107595
4595.0,0.18195937065967152
4602.0,0.1854864927434785
4610.0,0.14613767916296594
4617.0,0.16559500367420546
4625.0,0.17906314297804884
4634.0,0.18699136522785234
4645.0,0.18118523507556852
4653.0,0.19926374328643826
4661.0,0.17589146807403216
4669.0,0.17394778200194635
4676.0,0.15366640769048007
4684.0,0.19740775848073966
4693.0,0.16208051902370865
4697.0,0.18845938737142875
4706.0,0.19361137817711116
4714.0,0.1596779125773317
4726.0,0.17336897078618277
4732.0,0.17280171260023555
4743.0,0.18527433052770603
4749.0,0.18452343836821503
4756.0,0.1916718048866894
4765.0,0.18723412598348113
4770.0,0.1786819107636115
4777.0,0.17407452883722405
4785.0,0.17437909144119304
4792.0,0.15886187903641463
4798.0,0.18522933992742222
4809.0,0.19975774190449555
4816.0,0.19135922439779335
4823.0,0.19006906150830483
4831.0,0.16987259571576216
4842.0,0.18971749373906738
4851.0,0.1681465118402113
4857.0,0.1726882892054241
4864.0,0.1816614509061661
4872.0,0.19073337474657684
4878.0,0.19777104142204951
4885.0,0.17867598568701207
4892.0,0.20988048243005464
4901.0,0.1826867511589139
4907.0,0.1915483058891072
4915.0,0.18214355742468066
