,5
2.0,0.29156944558421577
13.0,0.1792423981353162
21.0,0.16848999577747506
32.0,0.23472358517479064
39.0,0.14764639883550257
48.0,0.19183890817135418
56.0,0.20225386428848613
68.0,0.1838882223133145
80.0,0.1889511440042466
89.0,0.1682316467809699
98.0,0.19663341892527447
104.0,0.20721888820049958
112.0,0.18922643592097965
121.0,0.19475268461455966
126.0,0.17871751877997458
136.0,0.2024623660806898
143.0,0.1971484179878173
152.0,0.19350220524305559
157.0,0.18925314732170634
174.0,0.19109961098052944
182.0,0.19558410077858962
190.0,0.18853403801839377
202.0,0.199181967547226
212.0,0.19379470892535575
221.0,0.17873403476104346
233.0,0.17158097707986178
239.0,0.16720128726400627
248.0,0.1806546835125305
261.0,0.1939563899938479
269.0,0.17495918314163153
276.0,0.1741977585139492
289.0,0.16568881507571
298.0,0.19675942609080682
304.0,0.1724773955487219
314.0,0.18513660447264296
325.0,0.17946859626637346
337.0,0.16451709077538573
354.0,0.1745023503858993
360.0,0.20377184628472472
369.0,0.1971463487314308
377.0,0.1677393864546208
386.0,0.18724346259431224
391.0,0.22239335402041344
401.0,0.19760864511140874
414.0,0.19858880456924366
419.0,0.15392133541714484
431.0,0.2011859182200404
436.0,0.19273362175778758
450.0,0.1973049342953515
463.0,0.23006794259150126
468.0,0.18318571909387885
476.0,0.19517138530740238
483.0,0.2189577917249299
495.0,0.2156426814624168
508.0,0.1698812896118845
525.0,0.17953745070469035
534.0,0.19281927476170718
543.0,0.20822705659171767
550.0,0.1802175157361541
555.0,0.18406531448711047
567.0,0.19755942535585733
576.0,0.1841083988748253
583.0,0.1917540106431684
595.0,0.186172941634371
600.0,0.17893843031002268
605.0,0.20102613980173403
614.0,0.19402861657194
626.0,0.19673098914132867
635.0,0.17217641319682186
652.0,0.17077562573487542
665.0,0.16250612918049173
676.0,0.16150834645454964
681.0,0.1797228220900451
690.0,0.2079421184813469
695.0,0.18701452451588804
700.0,0.17726954368597597
713.0,0.23236767043588555
721.0,0.17962432863786212
730.0,0.1829013058376356
744.0,0.19568536338478548
749.0,0.18585124168891196
759.0,0.21012491718387605
772.0,0.20621220585120334
784.0,0.20155631593267623
794.0,0.2054168949546286
803.0,0.23356836087142313
813.0,0.18239162973992037
824.0,0.1897533281924125
836.0,0.25752914811631267
845.0,0.19997959202293825
854.0,0.1955721921027419
867.0,0.20434327353697673
880.0,0.18969073407926962
889.0,0.1878909421036171
894.0,0.17526861079290912
901.0,0.19600307592933786
906.0,0.14801060482611103
915.0,0.17857993342938616
924.0,0.20278694232695604
932.0,0.18404791507263418
941.0,0.17633949904986518
947.0,0.21557830971965483
958.0,0.18223516941819023
964.0,0.14408218608180132
969.0,0.17767195001971225
976.0,0.18792539749606088
987.0,0.1979754632290905
996.0,0.1952548671491537
1007.0,0.19593136108667372
1012.0,0.1920749624915627
1020.0,0.21241772511776458
1032.0,0.2034484670421335
1044.0,0.22135684152273544
1056.0,0.17857087360062218
1065.0,0.1914995797517709
1072.0,0.19974619142774705
1081.0,0.22040134138907175
1087.0,0.20101046025724603
1100.0,0.1831848786801901
1109.0,0.20389987958480854
1119.0,0.19491891196217284
1135.0,0.19046678911426043
1144.0,0.17067504503895664
1153.0,0.19134240947318198
1158.0,0.20676773605581655
1171.0,0.19179487771170256
1184.0,0.2215057462853729
1192.0,0.17567014750207774
1200.0,0.2056086702727271
1212.0,0.18167961641241348
1217.0,0.20076171803161075
1230.0,0.21828631235805868
1238.0,0.18362037754814578
1251.0,0.20453273995594212
1261.0,0.1921914118624068
1266.0,0.18387657485147935
1275.0,0.19989396626174033
1286.0,0.19460285458323928
1295.0,0.1686243725112704
1303.0,0.19226260902476694
1313.0,0.18990721302617095
1319.0,0.19280052640040288
1328.0,0.19488234850465486
1338.0,0.17147038685498742
1355.0,0.18786784387111624
1367.0,0.20971165775183093
1372.0,0.1732162673569902
1380.0,0.18965213721223423
1397.0,0.18271691170231083
1408.0,0.1856730562980653
1413.0,0.18093987913560483
1426.0,0.19851272186808377
1435.0,0.15797532032217199
1443.0,0.18721496631077492
1456.0,0.20958019382984883
1469.0,0.1857285296238905
1478.0,0.19706573349854234
1487.0,0.19149549927928497
1496.0,0.21096567029805194
1502.0,0.1888479875321649
1511.0,0.1882647950108518
1518.0,0.19049181683759256
1523.0,0.17655782344897558
1535.0,0.21047988727201833
1544.0,0.19240817219999456
