,4
4466.0,0.17684626309481502
4475.0,0.16411462485335224
4484.0,0.2131407566468313
4492.0,0.19415080340158655
4504.0,0.179668511510295
4515.0,0.1862677671410969
4524.0,0.18361194297835423
4536.0,0.20316682004832995
4541.0,0.2206842251857082
4553.0,0.22988826818338357
4562.0,0.18059006166786143
4570.0,0.14190025569540926
4583.0,0.17614008060453146
4595.0,0.2157078246492791
4601.0,0.15347224452569477
4610.0,0.20192605041508319
4618.0,0.20971383621682893
4625.0,0.14929915691701096
4642.0,0.23289326734757942
4651.0,0.2406104320866737
4660.0,0.20285436897430703
4671.0,0.16512419696851632
4677.0,0.2173879919285759
4693.0,0.22864118494789853
4701.0,0.21006359325713722
4714.0,0.23748687923561512
4722.0,0.19372644940405187
4730.0,0.1902536651530122
4740.0,0.14378459551924908
4750.0,0.19715353289151138
4763.0,0.18357428565816447
4769.0,0.16559989973081543
4781.0,0.16195314816244286
4789.0,0.19008646125196363
4796.0,0.2140885423837187
4806.0,0.22122005204740872
4814.0,0.20703760688725234
4823.0,0.21545335486261286
4830.0,0.2106129651691465
4839.0,0.1704680213350878
4851.0,0.1735272891114949
4859.0,0.18457683804165775
4865.0,0.17254480322542523
4874.0,0.21525557526669664
4882.0,0.18927054961269946
4892.0,0.2258039196193819
4897.0,0.14942735482172917
4903.0,0.1932168696864228
4912.0,0.1690703874579156
4919.0,0.1730641429740998
4931.0,0.18247397059169415
4940.0,0.20218070928360798
4949.0,0.211881840800779
4960.0,0.19938233091401122
4969.0,0.19682296952626868
4978.0,0.17976518375687697
4987.0,0.19313489840931128
4998.0,0.19226483004959483
5007.0,0.18078249269634364
5015.0,0.17954677370475297
5020.0,0.1517611391558364
5025.0,0.18374687153237595
5038.0,0.1489380124186744
5050.0,0.15930561323702366
5056.0,0.17904355935770655
5062.0,0.20282282616639072
5071.0,0.13352912537919306
5083.0,0.2298312101303044
5092.0,0.20404636007053265
5101.0,0.21586477944355603
5114.0,0.2014920509097317
5124.0,0.19387608313481697
5133.0,0.1986269468950564
5142.0,0.20179225107231938
5153.0,0.21285197960005753
5163.0,0.16855003569343774
5173.0,0.17128438226578366
5179.0,0.20135027087466303
5185.0,0.17958036836094962
5195.0,0.21043054243898834
5211.0,0.17845938307895662
5220.0,0.1890984934882102
5237.0,0.19568434320227657
5246.0,0.19961351001867284
5259.0,0.13574559109823653
5266.0,0.1352616137140726
5274.0,0.16659886477461092
5287.0,0.17358175343150642
5293.0,0.14546830739061833
5298.0,0.20243107245263814
5305.0,0.2350267623267978
5314.0,0.18332181275730225
5320.0,0.18351720933859622
5327.0,0.16897097118587867
5332.0,0.15017347065913303
5344.0,0.19134368239771288
5353.0,0.17277127497718428
5370.0,0.18298373677382584
5380.0,0.1941646253173869
5387.0,0.2380877401804323
5404.0,0.24820152624703293
5409.0,0.17093754332718267
5417.0,0.18579018507889353
5426.0,0.20240626101933165
5435.0,0.155359144968586
5441.0,0.19050288596000137
5446.0,0.2273349811763064
5455.0,0.200444232117202
5464.0,0.2110245351293132
5472.0,0.20415034065364404
5481.0,0.16062937770570623
5490.0,0.21505552155349317
5502.0,0.19759371167630066
5512.0,0.21275817639982902
5524.0,0.1960386057217217
5533.0,0.19293208029020412
5538.0,0.19782555915824881
5554.0,0.17813611533978832
5563.0,0.19161583375606234
5572.0,0.17650756877983736
5585.0,0.2035507126946222
5596.0,0.18877338188895423
5603.0,0.20333279369403248
5610.0,0.2131340789808413
5619.0,0.1598712941135756
5626.0,0.21712267790943993
5634.0,0.23000596984770705
5639.0,0.1839533984270567
5649.0,0.13879604909589538
5658.0,0.1970399592230732
5672.0,0.1347538360713992
5685.0,0.19921237946491235
5702.0,0.17223847496323624
5718.0,0.2000817064021801
5727.0,0.2218486773982513
5736.0,0.24473679968393608
5745.0,0.21853186701075977
5750.0,0.1828209484967402
5759.0,0.21767127981949705
5770.0,0.08968289137277743
5783.0,0.19699024838693557
5792.0,0.18615003595075888
5800.0,0.19813576700957627
5817.0,0.16185424559102554
5826.0,0.20317636214309034
