,3
4466.0,0.1853767802659784
4475.0,0.19119877437410804
4484.0,0.2368835853775724
4492.0,0.1729874089746727
4504.0,0.19011262356635028
4515.0,0.2121468619617683
4524.0,0.24004786159280977
4536.0,0.1976813080910201
4541.0,0.22101327106883323
4553.0,0.2451934297970747
4562.0,0.2160496553755111
4570.0,0.18843803787872102
4583.0,0.14548982305074587
4595.0,0.21929487229865172
4601.0,0.1648795038108857
4610.0,0.17547200666264562
4618.0,0.23635560705810366
4625.0,0.1599647066415071
4642.0,0.22547986162504852
4651.0,0.21452165393160907
4660.0,0.17231178738561806
4671.0,0.18240363389477518
4677.0,0.1199583546639261
4693.0,0.21687148963633288
4701.0,0.11932178740250798
4714.0,0.22595950929857306
4722.0,0.19312262527146126
4730.0,0.16796382196180074
4740.0,0.12200307567383017
4750.0,0.21092981503890554
4763.0,0.197713834455109
4769.0,0.20874787707958098
4781.0,0.19269140190848846
4789.0,0.22585981365608743
4796.0,0.18634908637732456
4806.0,0.22412328554619024
4814.0,0.20082199755502805
4823.0,0.23430568653286535
4830.0,0.19956245141205461
4839.0,0.11647404487730478
4851.0,0.20635957348785622
4859.0,0.18345315997174128
4865.0,0.1947810452211458
4874.0,0.22031347823266106
4882.0,0.22929374050413712
4892.0,0.19663568555257643
4897.0,0.20466632822023748
4903.0,0.2226175087287668
4912.0,0.16505968921568256
4919.0,0.14347991623858614
4931.0,0.23123064328521956
4940.0,0.23203845141935614
4949.0,0.23402557683588457
4960.0,0.2074080619312675
4969.0,0.18431308820102327
4978.0,0.19502279786073903
4987.0,0.2202917501570524
4998.0,0.20294719239093253
5007.0,0.12753343017712546
5015.0,0.1780346764155638
5020.0,0.19644610304388813
5025.0,0.18900166049504577
5038.0,0.17739671646566543
5050.0,0.18338324519538962
5056.0,0.1901273786943645
5062.0,0.20115122784525
5071.0,0.14590830062238508
5083.0,0.21704722931915507
5092.0,0.20405175811735468
5101.0,0.18128789927223754
5114.0,0.19423852808072825
5124.0,0.21991749791503942
5133.0,0.2282168586896311
5142.0,0.21954245181286317
5153.0,0.15442070806913147
5163.0,0.1861962540377624
5173.0,0.22384605968813487
5179.0,0.22398527273656885
5185.0,0.2313077978237726
5195.0,0.20738417871875572
5211.0,0.22524231193170918
5220.0,0.2166803339498889
5237.0,0.20522309815817735
5246.0,0.16004234747749096
5259.0,0.17571515725129036
5266.0,0.17627082013705633
5274.0,0.17884883375667124
5287.0,0.2161818260453157
5293.0,0.2064460111252774
5298.0,0.25388248167349525
5305.0,0.2140881562930648
5314.0,0.17320282967516865
5320.0,0.2264033988393934
5327.0,0.15648384657423683
5332.0,0.23266522172887952
5344.0,0.18414006701013005
5353.0,0.18730008529682038
5370.0,0.23566499964592708
5380.0,0.24583355690585335
5387.0,0.24137058162603275
5404.0,0.2437951017372031
5409.0,0.19679917731088176
5417.0,0.19565998952892674
5426.0,0.20501516805241596
5435.0,0.22795961052178026
5441.0,0.20685132719063232
5446.0,0.2523114862859295
5455.0,0.19562383129699962
5464.0,0.2394174063131182
5472.0,0.25516845269394184
5481.0,0.17632399583142383
5490.0,0.15470883428907972
5502.0,0.17205913635454573
5512.0,0.23334469954973389
5524.0,0.21585560876289558
5533.0,0.22123360817024842
5538.0,0.20849014266794344
5554.0,0.1658409779262235
5563.0,0.20769917649879488
5572.0,0.1926930873732162
5585.0,0.1482498305157923
5596.0,0.23739359330815848
5603.0,0.1929818978096053
5610.0,0.20332518966983454
5619.0,0.2024884157419734
5626.0,0.23109369402301472
5634.0,0.22687047771188049
5639.0,0.20767144590878267
5649.0,0.16977818737716238
5658.0,0.2161225897283284
5672.0,0.12697070756644763
5685.0,0.22330221644322754
5702.0,0.21872092832209775
5718.0,0.17798198883892005
5727.0,0.17346285145857482
5736.0,0.19204062000060693
5745.0,0.20645176712500618
5750.0,0.2019658878068585
5759.0,0.17432825102884225
5770.0,0.13673196673258023
5783.0,0.18359304015527395
5792.0,0.20167854953759665
5800.0,0.2238041099627065
5817.0,0.2063653811625516
5826.0,0.19576692470489565
