,5
4466.0,0.20198806958598778
4475.0,0.19882996292395214
4484.0,0.19379394326608004
4492.0,0.19489752083437464
4504.0,0.19833902122850505
4515.0,0.18999242385838808
4524.0,0.20231444246923974
4536.0,0.16784644322752143
4541.0,0.1978922402427039
4553.0,0.18394451885505403
4562.0,0.21126213372592842
4570.0,0.18543111257396405
4583.0,0.1641194315644223
4595.0,0.19686638698483827
4601.0,0.215770277827824
4610.0,0.1962976873693006
4618.0,0.18904008951332696
4625.0,0.17491090023235545
4642.0,0.17755078750933545
4651.0,0.18650145216197123
4660.0,0.17381646401216888
4671.0,0.18839776501425143
4677.0,0.17055457753882428
4693.0,0.1869036931515803
4701.0,0.17426045472118448
4714.0,0.1741402397588353
4722.0,0.1567519391480803
4730.0,0.22000776429877844
4740.0,0.18968900249651224
4750.0,0.19606399928453208
4763.0,0.1727242084741846
4769.0,0.14450860586226832
4781.0,0.19786404780386596
4789.0,0.16906038834262255
4796.0,0.20244459952887545
4806.0,0.18782239534184655
4814.0,0.19518686545461905
4823.0,0.1755345820067984
4830.0,0.1944055797370431
4839.0,0.19450946992164964
4851.0,0.17282383180946687
4859.0,0.20027041864578515
4865.0,0.19398808624733613
4874.0,0.17082450550899306
4882.0,0.20584701479478087
4892.0,0.21039417834082352
4897.0,0.19907884505365078
4903.0,0.16503760504427642
4912.0,0.1972211427298954
4919.0,0.17012233690342157
4931.0,0.18081789750833782
4940.0,0.1831071931685661
4949.0,0.17982226046725142
4960.0,0.1761395432436986
4969.0,0.1767432264939801
4978.0,0.17547484874551122
4987.0,0.1776355074182742
4998.0,0.18747971124136245
5007.0,0.16414112499899414
5015.0,0.16821585246806708
5020.0,0.184471922015068
5025.0,0.17783319325929164
5038.0,0.1939140496683504
5050.0,0.21251147556601388
5056.0,0.17929985338287197
5062.0,0.19842005419642308
5071.0,0.2024483023719908
5083.0,0.18709638330162692
5092.0,0.18585363837669527
5101.0,0.19241087332746815
5114.0,0.1942806652692335
5124.0,0.1740476311929067
5133.0,0.17387134705158291
5142.0,0.19086796737204884
5153.0,0.21469697997444037
5163.0,0.18770072534587484
5173.0,0.1718736303124038
5179.0,0.1873984484806518
5185.0,0.19502456702894286
5195.0,0.19091067192605538
5211.0,0.192286604488871
5220.0,0.17414256835180653
5237.0,0.16539476568328082
5246.0,0.19486106805845346
5259.0,0.12830836458893788
5266.0,0.16323959483969583
5274.0,0.18199242545978578
5287.0,0.1336799753509839
5293.0,0.13502943393613223
5298.0,0.14987430096099935
5305.0,0.18307884676503886
5314.0,0.17848195083755225
5320.0,0.1720479963978266
5327.0,0.15064273463431999
5332.0,0.14861770887846543
5344.0,0.186773045959434
5353.0,0.17305667662772345
5370.0,0.22557867155263886
5380.0,0.1949836463908562
5387.0,0.20963691297317916
5404.0,0.19393350665691678
5409.0,0.18444842382801627
5417.0,0.19445633003379473
5426.0,0.2017635192556189
5435.0,0.18008530675431247
5441.0,0.1887214043127796
5446.0,0.18950676352228926
5455.0,0.19531996246884453
5464.0,0.19366759241908812
5472.0,0.2039685522186048
5481.0,0.17669183687527798
5490.0,0.17183583577767286
5502.0,0.2208326205087216
5512.0,0.18401711039239002
5524.0,0.19372287252258535
5533.0,0.16881297846165494
5538.0,0.18950916725457254
5554.0,0.1913806270173032
5563.0,0.16070448936701925
5572.0,0.17257258534380404
5585.0,0.18296822826355919
5596.0,0.1889481340587296
5603.0,0.18419003371461132
5610.0,0.1857070093567567
5619.0,0.2112256192574059
5626.0,0.1635255368032032
5634.0,0.19224754766312782
5639.0,0.17293288876454635
5649.0,0.17918415763288414
5658.0,0.1753472459001168
5672.0,0.18357223885354235
5685.0,0.18091247463806695
5702.0,0.17934680437679473
5718.0,0.17474459729294872
5727.0,0.1927182511141339
5736.0,0.17764673652538526
5745.0,0.19906417835472096
5750.0,0.18633775787599416
5759.0,0.1822804971960218
5770.0,0.1880297157933195
5783.0,0.1912153309945363
5792.0,0.16907842037456294
5800.0,0.15907389638603625
5817.0,0.1572326531556831
5826.0,0.16737215994273932
