,6
4466.0,0.1700804613803445
4475.0,0.19793389403623787
4484.0,0.17779502732115368
4492.0,0.16784217257419712
4504.0,0.17964707842278335
4515.0,0.2115291005804535
4524.0,0.19249081804282234
4536.0,0.17577910867959815
4541.0,0.1812355385791903
4553.0,0.1861078066041089
4562.0,0.1774089911001759
4570.0,0.18824511428354646
4583.0,0.170539892295287
4595.0,0.17325085837665152
4601.0,0.18804917573930344
4610.0,0.19727378628361145
4618.0,0.19321953515659115
4625.0,0.19497970206964674
4642.0,0.1570583585303935
4651.0,0.19529564559292653
4660.0,0.1872064440017973
4671.0,0.1629654418163974
4677.0,0.17841915929756372
4693.0,0.2004771349011023
4701.0,0.18967162263868204
4714.0,0.2071554362177281
4722.0,0.19724827155661873
4730.0,0.1778777072520871
4740.0,0.163266902216823
4750.0,0.17824363918009173
4763.0,0.1594413246166332
4769.0,0.18073367797107123
4781.0,0.18816582129115236
4789.0,0.17622811846515737
4796.0,0.20157517036541914
4806.0,0.17874511583986571
4814.0,0.17505711013277517
4823.0,0.15380418941457874
4830.0,0.18553056899961043
4839.0,0.1764284600509721
4851.0,0.15995760265623327
4859.0,0.19574134561031087
4865.0,0.15592795129977272
4874.0,0.17866310211984837
4882.0,0.20946177163676044
4892.0,0.18760274759317894
4897.0,0.18258122201141577
4903.0,0.177375046993734
4912.0,0.1797715111665292
4919.0,0.16708300655978084
4931.0,0.15945773695963192
4940.0,0.18112478206939575
4949.0,0.1763013660872747
4960.0,0.16261413005330363
4969.0,0.17801259218922724
4978.0,0.16716947037955202
4987.0,0.1745350125309001
4998.0,0.1541594117549522
5007.0,0.1859107982381293
5015.0,0.14606645044512187
5020.0,0.19441428896950155
5025.0,0.20205595610118818
5038.0,0.18483674124493055
5050.0,0.207803737001092
5056.0,0.18301962461370605
5062.0,0.18013358495974618
5071.0,0.16991342413083158
5083.0,0.1694380514681768
5092.0,0.19222119350723957
5101.0,0.17640783760326822
5114.0,0.20104699985786803
5124.0,0.16386748783810512
5133.0,0.17471740006834852
5142.0,0.16776907608922279
5153.0,0.17453805875208914
5163.0,0.16016420585600719
5173.0,0.1783256733418099
5179.0,0.15892531318981185
5185.0,0.1687596994791958
5195.0,0.16400905215358585
5211.0,0.16612931589845617
5220.0,0.19828638982081057
5237.0,0.16854881293579255
5246.0,0.1647337243889302
5259.0,0.14518480289537986
5266.0,0.21471796187105102
5274.0,0.18272812472248667
5287.0,0.1336799753509839
5293.0,0.13313885583390586
5298.0,0.1371476287231674
5305.0,0.19914531852610023
5314.0,0.1882520071548323
5320.0,0.17570194029555986
5327.0,0.16020337057831444
5332.0,0.1700840868736166
5344.0,0.20925677223747985
5353.0,0.15134404246135705
5370.0,0.2029857074333575
5380.0,0.19409323382780364
5387.0,0.17852807429377718
5404.0,0.1810214877882671
5409.0,0.18314627261305386
5417.0,0.18814368051622127
5426.0,0.17887359180755646
5435.0,0.1866592548610374
5441.0,0.16311629317510287
5446.0,0.15892023803746172
5455.0,0.1768505934629172
5464.0,0.16814739583917301
5472.0,0.18896982528018663
5481.0,0.18050223073321206
5490.0,0.16651762867026143
5502.0,0.17354557788912753
5512.0,0.17996030017669296
5524.0,0.1830399851902662
5533.0,0.1876024832993561
5538.0,0.1680890846903105
5554.0,0.17608038768117615
5563.0,0.15718909529123698
5572.0,0.1618001404150255
5585.0,0.1923702362094949
5596.0,0.17036929139145474
5603.0,0.19059819192287147
5610.0,0.19526711286162052
5619.0,0.2085149990502132
5626.0,0.19606780764856171
5634.0,0.18414144069435473
5639.0,0.194249158232056
5649.0,0.19822705475110172
5658.0,0.16775686503266501
5672.0,0.17094587671179082
5685.0,0.18306339463473872
5702.0,0.1647971464189423
5718.0,0.17659057083926324
5727.0,0.18703308445487005
5736.0,0.1642835625094871
5745.0,0.16034858910316932
5750.0,0.1650088728341074
5759.0,0.16846608335579188
5770.0,0.18441029802172604
5783.0,0.1790907162607024
5792.0,0.16574700735583212
5800.0,0.17533638205169574
5817.0,0.19600796127512168
5826.0,0.17448803942008856
