,8
0,0.14943685237550025
1,0.1702852396555573
2,0.1675127766224391
3,0.16884828853665654
4,0.14454057620995378
5,0.1533080196747675
6,0.15229429188492039
7,0.14375945663600245
8,0.14738234973204178
9,0.14416489084367
10,0.14440133934480515
11,0.16851457313608567
12,0.17232996413070978
13,0.19608818045058118
14,0.19990973531839024
15,0.17246031408723395
16,0.21139303023526843
17,0.18550841331827703
18,0.1709777070126786
19,0.1704304152231386
20,0.17036607306619736
21,0.15308402561716802
22,0.15513929108785843
23,0.1557348552368446
24,0.15592082087030754
25,0.15444608246869618
26,0.14018144612249803
27,0.1459660478138116
28,0.17352042652321933
29,0.1932836485929704
30,0.15452864671190394
31,0.15354679136331734
32,0.1567884440666482
33,0.14554728549378798
34,0.1554773925233537
35,0.1562798774214005
36,0.15148739099452546
37,0.181368811584304
38,0.18069716720565107
39,0.1725232949604329
40,0.18047431479939327
41,0.16681921720067094
42,0.1648418807870726
43,0.16023989918983397
44,0.16191102698305984
45,0.1587089866581319
46,0.14813288803076777
47,0.1542570715987788
48,0.15433848458750096
49,0.1571050056913839
50,0.16914312704113682
51,0.1611387338621637
52,0.17549550772313827
53,0.18963202871943577
54,0.18526434980560075
55,0.15184523155913876
56,0.16054026495278098
57,0.15947121926900437
58,0.15062733303154507
59,0.14900194181978027
60,0.16178618416611887
61,0.17576205797167496
62,0.1723335977805241
63,0.15984949381881913
64,0.17431479632449462
65,0.19823322711597277
66,0.17047239543227688
67,0.17872400403797256
68,0.1852640823469808
69,0.1691153588811866
70,0.16981410151421644
71,0.1527193188181478
72,0.17296599838901236
73,0.15766527398015115
74,0.16300276952649756
75,0.197405593869578
76,0.15998519552443177
77,0.16233921172421914
78,0.1753084588777785
79,0.17665382155618303
80,0.14933395177809927
81,0.15388899627597832
82,0.14665002659615747
83,0.14495321099096928
84,0.15750771430981858
85,0.13772053736886414
86,0.15653962820860517
87,0.20302379175798158
88,0.15210860550855243
89,0.1793849517024851
90,0.18963988252262468
91,0.1873477392157253
92,0.16944209773345992
93,0.15037208810361438
94,0.14118946959129514
95,0.14124988490181842
96,0.14285281739566444
97,0.16056917498135723
98,0.14228282624015384
99,0.14257603482876893
100,0.13755890570077278
101,0.14478402754132388
102,0.1492150792014519
103,0.17165301084153922
104,0.17006589276753423
105,0.16126358942104257
106,0.1524153032995101
107,0.14931921957508357
108,0.16326705443629247
109,0.16691740951481437
110,0.15213280455252015
111,0.16804698941458426
112,0.14595039819620578
113,0.16089772210499378
114,0.150212320582921
115,0.15968227123395662
116,0.15266366354134964
117,0.15926932640885005
118,0.17081738851687073
119,0.16866143648276075
120,0.1811238296837928
121,0.1775250587865577
122,0.15979255448550989
123,0.1614760825670893
124,0.155592889996086
125,0.15484084578749177
126,0.15553526965196518
127,0.16552774297012832
128,0.18582736545760906
129,0.15408865547842612
130,0.15251366352631865
131,0.15164065936324125
132,0.14256127946249106
133,0.1668505106032601
134,0.16937197282418961
135,0.1531058918330556
136,0.15879403727171126
137,0.1521823096800472
138,0.15920185257798913
139,0.16072102861333734
140,0.1518936521275718
141,0.1474240855860538
142,0.1560864761917087
143,0.15006732992092434
144,0.15902632349909585
145,0.18293044607937992
146,0.15066433627177947
147,0.160792315260108
148,0.17278410525564467
149,0.1673129436648898
150,0.1748787998636786
151,0.15316931826767063
152,0.1436686159767909
153,0.1778021323331353
154,0.1518479118118543
155,0.16414580536679685
156,0.16016611232623518
157,0.17337258093536867
158,0.15749444625611622
159,0.1580122508668734
160,0.16014744146080676
161,0.1573859161369988
162,0.14141953162481685
163,0.15395482373920233
164,0.16545485261194887
165,0.15731946434448535
166,0.13853774462760768
167,0.1478353111345895
168,0.15403855305521003
169,0.1649321134050754
170,0.1451408201342764
171,0.14669215907911884
172,0.17075280797916131
173,0.15827383316858049
174,0.17306008103090353
175,0.15462433089644007
176,0.17124560747443854
177,0.1520047258044145
178,0.15083520321716232
179,0.17149067239275434
180,0.17050896981745442
181,0.17133677394247163
182,0.1524385166745714
183,0.14196956490703508
184,0.1576330641487783
185,0.15909858255403214
186,0.16351847001186057
187,0.15472734586669296
188,0.15846110300960473
189,0.13656959629953683
190,0.1577810637175712
191,0.15625568847433563
192,0.15278236952182134
193,0.1634189791266498
194,0.14350807589593673
195,0.1868572597820959
196,0.18134847222041003
197,0.15550454496544575
198,0.14783593146631013
199,0.15558128906044896
200,0.15162293072105162
201,0.15034979227079365
202,0.150575142289081
203,0.1535074649032847
204,0.1473631349116955
205,0.15042869266773487
206,0.1656439796305597
207,0.15590118678806014
208,0.1413941887156301
209,0.1522378388893523
210,0.1770786884232495
211,0.15023001241695383
212,0.14687105762466868
213,0.16019933895440763
214,0.1480489399759862
215,0.15464773039492039
216,0.1517405265031432
217,0.15048917111221044
218,0.15637921260006818
219,0.17854628409648934
220,0.16775512898936415
221,0.16569346022855694
222,0.1492060658527577
223,0.17342637345319803
224,0.16835760189155302
225,0.17789366793031147
226,0.16817206369475746
227,0.1833565029161529
228,0.15732087381999726
229,0.15166116671191326
230,0.17876254923234736
231,0.15508000034053362
232,0.1568654412370905
233,0.15206357120335634
234,0.16367146138904187
235,0.1589191157031
236,0.1934136894950937
237,0.16249096759601442
238,0.20108334123602453
239,0.16695803887102334
240,0.15154449198747494
241,0.13883694888089954
242,0.14544452808441918
243,0.14877272595374014
244,0.14041439000301179
245,0.17490594930880463
246,0.15213615792402205
247,0.1650688407368812
248,0.1578002180627796
249,0.17085998192487045
250,0.17395810795360664
251,0.14601362676990579
252,0.16027211591325435
253,0.1444453464722846
254,0.15853946419452997
255,0.16650359784781402
256,0.15668499137208913
257,0.14210069921302582
258,0.14775608401086246
259,0.16173110913882474
260,0.15412829740119377
261,0.15452262762022714
262,0.15705742262692673
263,0.1924590163227614
264,0.16909525765591865
265,0.16918771998672277
266,0.1738146619947246
267,0.15327997627623288
268,0.18282416935587842
269,0.17181786231628157
270,0.16315381696868378
271,0.16873670948045216
272,0.1661849628961209
273,0.1716625919179498
274,0.196870880679377
275,0.17649395382991231
276,0.18088146795941185
277,0.15630943712030462
278,0.17143441178918123
279,0.1479570225185561
280,0.17238196400730557
281,0.15885516410072764
282,0.17830615909362682
283,0.1595094721840609
284,0.17532793387076473
285,0.15259575162881717
286,0.15142991804393396
287,0.1701886352713055
288,0.20383154418886312
289,0.16655765881455897
290,0.1858395882109436
291,0.15658729990199455
292,0.15661521833332007
293,0.18828171122121776
294,0.15851104631536328
295,0.1689420336671421
296,0.15820233557143326
297,0.15011431277705636
298,0.14994278710842285
299,0.14263286802963526
300,0.14884033141814476
301,0.14080653889721545
302,0.1509789692099494
303,0.15474013568534348
304,0.1477822484400995
305,0.16723586360845952
306,0.18710542144484532
307,0.15867493248756578
308,0.1750727994293011
309,0.14933788063543207
310,0.1859139081314252
311,0.14053860372025456
312,0.15684409086461712
313,0.15330746173541726
314,0.15779874179259884
315,0.1716245509055405
316,0.17951642477183902
317,0.190805476326085
318,0.18149026588255782
319,0.18590194071269783
320,0.1716734365493382
321,0.1783334018368823
322,0.1946875863366975
323,0.1834747479891104
324,0.1580723875895967
325,0.15038252401437346
326,0.17171586171869627
327,0.18179926075754851
328,0.1605748748025807
329,0.13841965279078794
330,0.16517709345465167
331,0.1703889209661132
332,0.18464277356805994
333,0.1805217382242199
334,0.1421161148809453
335,0.15202324749880325
336,0.1469875814341564
337,0.15077734413374566
338,0.15578669940473436
339,0.16042697400756237
340,0.1558221402100717
341,0.1629177417546629
342,0.1623119693052361
343,0.17683990947937636
344,0.17089770400715237
345,0.17164213598102598
346,0.15669510420522081
347,0.1814636024386645
348,0.16492596273794446
349,0.18403432618471544
350,0.17297498017344473
351,0.19737408441252802
352,0.15688246460124486
353,0.15301759853286193
354,0.1483216932698497
355,0.15769114514350277
356,0.15537014747277933
357,0.16231873877154607
358,0.1523478286035895
359,0.1801879498806479
360,0.1614667635821667
361,0.16254530444355805
362,0.15967641764623325
363,0.19948786516934228
364,0.18814368326877887
365,0.16414127650872642
366,0.16708470474703666
367,0.16334309665012287
368,0.17783631713622675
369,0.18561066397213957
370,0.22866062010550278
371,0.2003492454515834
372,0.21991445992377603
373,0.17865641184212258
