,3
3150.0,0.22588337349255266
3156.0,0.1816829324680505
3165.0,0.23087517004098346
3176.0,0.24859536121874137
3187.0,0.1839436154496026
3194.0,0.22659334202186093
3200.0,0.21467590732242695
3207.0,0.22393378012062704
3215.0,0.193781652458166
3223.0,0.16945534381269253
3234.0,0.23539702741363475
3241.0,0.1854639816004529
3255.0,0.22800418388025476
3263.0,0.1676212447589507
3271.0,0.1844088164057754
3275.0,0.1425457502216196
3284.0,0.1710997102728327
3291.0,0.24411723334144336
3298.0,0.23260129863322937
3307.0,0.17762980119238173
3315.0,0.15814102616005904
3324.0,0.1773304555607919
3330.0,0.19865808882683852
3339.0,0.18521719164532838
3346.0,0.2179401227628395
3354.0,0.20940575989349705
3362.0,0.1809931544914359
3368.0,0.1977985628515896
3376.0,0.24172444120036848
3383.0,0.22625954156413575
3390.0,0.1857095999150744
3396.0,0.18004297687498172
3400.0,0.18244170482593156
3406.0,0.2564059153669183
3412.0,0.24837630989227708
3426.0,0.25739417257195135
3434.0,0.1913686022402447
3445.0,0.19499238770809682
3454.0,0.20118262597135989
3461.0,0.20597472473186765
3472.0,0.14296890439370877
3476.0,0.17098113200254383
3481.0,0.2450510987018215
3486.0,0.19317979202240143
3491.0,0.2559938079714679
3497.0,0.21541091205091698
3504.0,0.18501757327110763
3511.0,0.21583997685963538
3522.0,0.19944755655295546
3530.0,0.26078177026605615
3538.0,0.18696825545304757
3550.0,0.1565963859093888
3558.0,0.23206227104935098
3564.0,0.2620192857692149
3573.0,0.23727524248023937
3581.0,0.13020209778595052
3590.0,0.20839937294330926
3597.0,0.17347544749262006
3606.0,0.23357464349726492
3611.0,0.24645073131427717
3616.0,0.16235607378391978
3625.0,0.19059313380679205
3629.0,0.19233252832717837
3637.0,0.19316216395702668
3645.0,0.21966120376637635
3652.0,0.19932521387478963
3661.0,0.17384724861288425
3672.0,0.19147867713904262
3683.0,0.19927514627174817
3689.0,0.16189126984140007
3693.0,0.23356532331329072
3702.0,0.21143593458571502
3713.0,0.15597424400761944
3721.0,0.22030336557348829
3725.0,0.205095870717417
3733.0,0.18522405114103566
3740.0,0.1572256573087553
3751.0,0.22948332965711657
3758.0,0.14913813045378463
3766.0,0.21039301965997895
3773.0,0.1816348428233061
3781.0,0.16459275690286515
3787.0,0.22437118042401116
3795.0,0.14155065519603385
3806.0,0.23611406783050376
3817.0,0.1340007678556034
3828.0,0.228930778491365
3837.0,0.19250760379978266
3845.0,0.22670292367248276
3854.0,0.11744388646761617
3858.0,0.22947524894229882
3870.0,0.23236331163658808
3882.0,0.16461097838544617
3893.0,0.2105171161845014
3899.0,0.16551517524798132
3905.0,0.20535563422488406
3910.0,0.23821501027100575
3918.0,0.244682212109777
3924.0,0.16306044106093526
3932.0,0.25445504186759094
3938.0,0.1827787123717509
3946.0,0.20057781874012298
3954.0,0.16280322701576766
3966.0,0.2637949547922281
3977.0,0.2006182745253125
3983.0,0.20590957122440778
3993.0,0.18773017938119127
4004.0,0.22473700670830118
4011.0,0.21715486469467932
4018.0,0.22881882719875418
4025.0,0.20403995147766865
4036.0,0.22793691515538153
4044.0,0.19428187417572737
4051.0,0.23687836773786117
4057.0,0.30773537879248886
4063.0,0.2231770984363659
4072.0,0.17629379719245683
4083.0,0.22733179366059578
4094.0,0.23032781688319962
4101.0,0.1635992985641564
4107.0,0.26734831810795534
4114.0,0.23170819003636547
4122.0,0.21458614189278247
4130.0,0.15267306653597676
4141.0,0.21492705400177878
4148.0,0.18391004533499808
4162.0,0.21609859809860957
4170.0,0.22781146529378246
4178.0,0.22405990513830348
4182.0,0.20035591060778982
4191.0,0.24081416965952376
4198.0,0.18373819993024454
4205.0,0.2014340928498603
4214.0,0.24577080969318538
4222.0,0.22284087064244718
4231.0,0.17200415933351643
4237.0,0.22224663632197988
4246.0,0.14889207567630466
4253.0,0.2054364144990803
4261.0,0.20602154069950657
4269.0,0.14426587885450184
4275.0,0.20643146790986042
4283.0,0.25925962229127814
4290.0,0.14935355146722967
4297.0,0.2124667385453834
4303.0,0.22348033761599118
4307.0,0.211631004491449
4313.0,0.24904941836687586
4319.0,0.2639898672442317
4333.0,0.24306687411327257
4341.0,0.18101301527365032
4352.0,0.24045860314634862
4361.0,0.18844957562085693
4368.0,0.11715583117214085
4379.0,0.14433562021806348
4383.0,0.22944365597776512
4388.0,0.23607352002303966
4393.0,0.2425691043040709
4398.0,0.19029556857653304
4404.0,0.16602663065048898
4411.0,0.174610153039936
4418.0,0.19837979371640108
4429.0,0.23490032307289518
4437.0,0.1790757565319474
4445.0,0.19162201603938622
4457.0,0.20704539507165942
4465.0,0.23115106898404228
4471.0,0.23510728624640095
4480.0,0.1887073442354233
4488.0,0.22380631250523894
4497.0,0.19442003859477874
4504.0,0.20056637028798796
4513.0,0.2663030280478477
4518.0,0.2679317278657981
4523.0,0.1929829831751027
4532.0,0.20373762005651758
4536.0,0.13212244556499314
4544.0,0.22436129816680594
4552.0,0.2256992526492662
4559.0,0.21905713829865744
4568.0,0.23432305472214243
4579.0,0.17608582798184177
4590.0,0.13711726016802125
4596.0,0.21265717405590223
4600.0,0.13781209283930784
4609.0,0.12724198397026773
4620.0,0.19430665262508104
4628.0,0.1876095883553331
4632.0,0.22689599370627944
4640.0,0.16016641327271514
4647.0,0.24977355355973196
4658.0,0.15498543301702966
4665.0,0.21886400914863302
4673.0,0.19825469747842403
4680.0,0.2110717960704259
4688.0,0.22993232218466955
4694.0,0.19318616869079266
4702.0,0.21247497899041545
4713.0,0.20383246052600773
4724.0,0.21849423877378038
4735.0,0.2354771444500287
4744.0,0.21907833312686648
4752.0,0.2094252650996638
4761.0,0.16270998248101637
4765.0,0.17007815403995347
4777.0,0.16700583407641614
4789.0,0.16156992228055392
4800.0,0.18257647668518037
4806.0,0.23688439124506191
4812.0,0.1413821438204785
4817.0,0.20884408815729766
4825.0,0.22485316966822075
4831.0,0.22374994088966105
4839.0,0.22164574471485654
4845.0,0.16251736826238242
4853.0,0.1596584471407316
4861.0,0.24975138547700623
4873.0,0.17851840480378983
4884.0,0.22278020458831727
4890.0,0.1890873448196598
4900.0,0.23992589534506562
4911.0,0.22473087460074295
4918.0,0.21704496745899718
4925.0,0.22258669589654378
4932.0,0.23591072818272163
4943.0,0.18658779988150723
4951.0,0.20037991989210346
4958.0,0.20095832828995652
