,4
2.0,0.22539395616751184
6.0,0.22277545195755327
12.0,0.1937596817911527
22.0,0.168518261665841
28.0,0.14481920533377013
36.0,0.11825652896386424
47.0,0.13963687752831594
59.0,0.201771284156385
70.0,0.20490456652585406
81.0,0.17134934953907374
88.0,0.18967368011826496
94.0,0.2037712758466448
101.0,0.2256030642013751
107.0,0.18288268659615328
118.0,0.15454700693366996
125.0,0.22407923639756913
129.0,0.1631766421441513
140.0,0.1792588975639406
144.0,0.23207967939706997
153.0,0.19101985750673162
160.0,0.2051119440080946
171.0,0.20178912660257073
182.0,0.19953462087377036
190.0,0.15395029222318649
195.0,0.18002508982718626
202.0,0.19824742741645116
206.0,0.1989149965913199
218.0,0.17685570937005027
225.0,0.17300818250002062
233.0,0.1908902453456437
241.0,0.168593855675177
248.0,0.16657163325677582
257.0,0.1588402629632117
268.0,0.1654160028935578
275.0,0.20470381522760106
286.0,0.22035893329903838
297.0,0.2110356111812803
305.0,0.21783201907010566
311.0,0.1700634140085446
319.0,0.21373011823293267
324.0,0.20761637873836897
329.0,0.23261077377226616
335.0,0.1833555300654448
344.0,0.1881326871731363
355.0,0.20558247084786505
363.0,0.21568953842372582
372.0,0.1999615993095344
379.0,0.16033655713804806
390.0,0.1771792897326347
395.0,0.23725088745263725
402.0,0.19721096148405462
416.0,0.20514290052300824
424.0,0.22569827752397006
433.0,0.19802810803913698
442.0,0.1862300671471678
451.0,0.1725255093238792
455.0,0.23042513831217903
462.0,0.1685777592762792
471.0,0.17189625835456163
483.0,0.21496983524043267
497.0,0.1746907673599179
505.0,0.24014536734154784
509.0,0.20529076237355942
518.0,0.16876434832495213
525.0,0.200241032287656
536.0,0.22099749317214978
545.0,0.24034671848678782
552.0,0.171027003036434
561.0,0.20542972371312457
566.0,0.20516426869463134
576.0,0.18527137849027014
582.0,0.18277453429795848
591.0,0.215614269950252
598.0,0.19823134408766058
608.0,0.19094269235761097
619.0,0.16855301636619754
626.0,0.21568952953366405
634.0,0.2097430526509971
642.0,0.22603219975488556
646.0,0.24203268673666573
653.0,0.20017718508052357
661.0,0.1541775139815623
672.0,0.1873853098671278
676.0,0.20505277196988828
688.0,0.19401112635003961
700.0,0.20074917507534745
708.0,0.201065689201863
717.0,0.16388003918176486
723.0,0.1812801482285847
732.0,0.18446749967071432
737.0,0.1530579755195557
741.0,0.18364861196613397
747.0,0.19586463570944565
757.0,0.1933261752368888
764.0,0.17776493224531298
771.0,0.17649784156541642
780.0,0.1815693854728303
791.0,0.222452616408054
799.0,0.17839023348325433
811.0,0.19080621489394398
815.0,0.17265805830286596
821.0,0.14474803442182016
829.0,0.19423562363903907
836.0,0.19062335996979463
840.0,0.1941134282333534
846.0,0.21481196615660478
854.0,0.18865695331588458
868.0,0.16098534535067388
879.0,0.19345804220867527
890.0,0.22522816610257798
898.0,0.14427764447345814
909.0,0.16920101818790143
913.0,0.19399091028898624
925.0,0.17900214632294628
935.0,0.1734552014631378
944.0,0.19005102414779868
956.0,0.21316804442543857
961.0,0.1312216150689868
973.0,0.14530480627595194
981.0,0.18769647880333107
985.0,0.1500982196185595
994.0,0.18795815767824753
1002.0,0.17586049945458349
1014.0,0.17309689152365887
1022.0,0.19440107153511893
1027.0,0.12262962141659586
1035.0,0.23117886794016346
1044.0,0.16367227906088166
1053.0,0.2004964292529511
1061.0,0.18915674974929594
1069.0,0.1736957427405977
1080.0,0.20117340642755013
1086.0,0.1988365383132938
1100.0,0.22526187255851995
1107.0,0.18667269157574523
1112.0,0.19275439219066148
1117.0,0.16840467784890667
1125.0,0.1929081714981685
1133.0,0.21667105752261004
1138.0,0.18043068898464665
1143.0,0.22446230899966638
1152.0,0.19408448037569617
1159.0,0.1744887160750638
1166.0,0.1696820963123981
1175.0,0.1985587037392018
1185.0,0.1976102784592519
1194.0,0.17018170966383314
1208.0,0.17056837000135805
1217.0,0.2102937102652869
1222.0,0.22079007093243738
1227.0,0.1843214138591236
1237.0,0.17786783930736624
1244.0,0.1980693658776129
1249.0,0.18408211516224912
1258.0,0.16908535321158108
1267.0,0.21427685548213057
1275.0,0.17941881012927738
1286.0,0.22851574941315064
1291.0,0.21724906948630823
1303.0,0.16866269044432208
1311.0,0.18998005440478075
1320.0,0.18150293328280254
1324.0,0.20803857642920193
1331.0,0.23283575254564476
1337.0,0.2245688632804767
1344.0,0.15939276509129688
1353.0,0.19448827969793764
1367.0,0.19943042714292797
1375.0,0.1835623752462392
1386.0,0.20462027657754378
1397.0,0.19228788889056755
1409.0,0.2152803714495271
1417.0,0.16268446302693032
1426.0,0.2127769620244904
1434.0,0.18023557737221987
1438.0,0.16564659321482214
1447.0,0.17106141844546596
1456.0,0.18884402726230862
1463.0,0.198804430352303
1471.0,0.1766402018604578
1480.0,0.21222995569203618
1491.0,0.22493001620977943
1498.0,0.1828856313521507
1506.0,0.183858850878385
1511.0,0.21339868408362375
1518.0,0.16253481469854214
1527.0,0.1916800045663778
1534.0,0.20508491845643428
1544.0,0.171871417802717
1552.0,0.19179196759244696
1559.0,0.20136458583409222
1569.0,0.1795696015414128
1579.0,0.14739930433441498
1584.0,0.16629707624255002
1591.0,0.1765935341917138
1597.0,0.18342860338846212
1605.0,0.19654040283522364
1615.0,0.25683833783356524
1624.0,0.18255829073579724
1629.0,0.19775004596342552
1636.0,0.19215086852807392
1644.0,0.107729444668632
1655.0,0.1646291028787808
1661.0,0.19607003059901854
1675.0,0.17017267812606365
1680.0,0.2021038781941562
1688.0,0.17494741059768612
1694.0,0.18916983493650003
1705.0,0.18982099884451442
1717.0,0.21306576925538717
1724.0,0.1699711719701354
1729.0,0.1777520352654859
1738.0,0.17271703261102447
1746.0,0.18555189860143967
1753.0,0.21620551458731507
1761.0,0.18524100863085988
1768.0,0.20078628874313684
1782.0,0.19965598068305337
1791.0,0.18562197792513713
1802.0,0.2232781681446686
1810.0,0.19028950500695352
1814.0,0.1743370337713274
1823.0,0.2029888554483646
1831.0,0.18359365979381165
1840.0,0.20179020387992697
1847.0,0.1619184311346072
1856.0,0.2010664447327592
1864.0,0.1969004228513004
1871.0,0.18557905359410115
1880.0,0.18882350780289417
1888.0,0.15246502979552432
1895.0,0.19352738555369947
1904.0,0.19818315263810404
1911.0,0.22242304428265125
1922.0,0.13375557882220232
1929.0,0.21664684130687709
1934.0,0.15450836962923317
1938.0,0.23230140998504786
1946.0,0.2095641089600558
1950.0,0.18933645996086299
1957.0,0.22144774598977582
1968.0,0.1926365564886128
1977.0,0.15744748186674112
1986.0,0.16139601309183152
2000.0,0.1800218875615617
2005.0,0.1867050620932619
2010.0,0.1682707129797796
2017.0,0.20479401362235605
2024.0,0.2240413923803047
2031.0,0.12015911506765743
2038.0,0.21166538897290538
2044.0,0.17681519050657563
2048.0,0.19096810838887812
2057.0,0.19239443320288874
2066.0,0.23917293252632957
2075.0,0.23038042867736627
2086.0,0.15089142870791636
2098.0,0.19704169934598148
2105.0,0.20786116666386242
2111.0,0.1586506298031668
2121.0,0.21694387798302153
2128.0,0.15624896344681222
2137.0,0.1992624341668457
2147.0,0.21039080296344034
2156.0,0.24993196375929058
2160.0,0.13538089539579945
2168.0,0.19893383846603432
2175.0,0.16591893338594754
2184.0,0.2310506289288861
2191.0,0.1801283081642025
2199.0,0.2098733666595801
2206.0,0.1861083570017071
2214.0,0.19873274214969391
2225.0,0.2082343089852524
2239.0,0.20235111262921604
2248.0,0.2222544486211588
2257.0,0.16504509633674347
2266.0,0.17288008926253717
2277.0,0.19644468204333715
2284.0,0.19880309279409822
2291.0,0.1798758048157732
2300.0,0.22126105800603102
2308.0,0.12783725424790543
2317.0,0.19053819290746185
2324.0,0.22515250770082437
2336.0,0.17476150133546792
2342.0,0.19397676809275521
2353.0,0.20978296995520276
2363.0,0.21481949024330735
2370.0,0.16219996742930146
2375.0,0.23033783352416817
2384.0,0.17819664694249351
2392.0,0.22882956758004347
2396.0,0.20278603047876778
2405.0,0.2001765268095144
2411.0,0.23282497730537166
2419.0,0.2040259093329053
2430.0,0.18564373926809957
2438.0,0.1967932180220123
2446.0,0.20953734296537702
2452.0,0.16808779791533937
2464.0,0.1607634102956961
2471.0,0.18051507854530943
2477.0,0.20904889637960716
2481.0,0.1939694830558062
2492.0,0.20614169017011044
2502.0,0.21880832979713635
2509.0,0.1324819187426047
2515.0,0.19676500515931786
2523.0,0.20737676270036473
2531.0,0.1672626357460379
2540.0,0.16074528098172056
2547.0,0.18255918293374881
2555.0,0.1565420682622824
2563.0,0.2222332451473173
2571.0,0.2398446814042714
2580.0,0.19054370371841686
2588.0,0.1965788452606871
2592.0,0.21161476848539382
2601.0,0.20156460844732438
2612.0,0.1760584640584128
2620.0,0.22850735443143474
2629.0,0.1677230391690884
2638.0,0.21592168743700094
2645.0,0.19571957058697695
2654.0,0.18595518758402185
2664.0,0.18771514747525958
2670.0,0.1960174648477812
2678.0,0.2360285724734867
2686.0,0.15319420776835146
2692.0,0.21784168368945506
2703.0,0.17118331021357985
2709.0,0.17818593534735347
2718.0,0.20394808758262792
2726.0,0.18414487219994036
2740.0,0.1629527829923343
2746.0,0.23039808887042104
2757.0,0.23985346076305541
2769.0,0.21646545883972526
2777.0,0.18973474817863048
2785.0,0.1840467869175028
2797.0,0.19668047277798087
2809.0,0.15117384140424614
2816.0,0.21711253292783428
2825.0,0.204914925387181
2836.0,0.22912368336532665
2843.0,0.22575857289173312
2850.0,0.20498979134167414
2857.0,0.17470038226753773
2866.0,0.19191710024864492
2875.0,0.21050829581759448
2883.0,0.1974413137736007
2892.0,0.2111717726421409
2904.0,0.19506872334865
2909.0,0.2006739144414676
2915.0,0.20561127753465425
2926.0,0.21024852798797827
2933.0,0.18578667986260516
2941.0,0.18246566199767877
2951.0,0.1891201111879807
2958.0,0.22521444316583009
2965.0,0.18344145843667922
2973.0,0.20953842921736807
2979.0,0.2144282507854389
2988.0,0.22403142945662308
2995.0,0.16819930814475006
3004.0,0.18968820599559463
3012.0,0.18804324626913396
3019.0,0.22276521939886337
3028.0,0.19932783143031396
3042.0,0.13255302555637719
3050.0,0.21601313896224703
3061.0,0.18412258562481754
3069.0,0.19416350837645377
