,4
2914.0,0.20509508521069536
2922.0,0.17436042220191808
2931.0,0.20715976879471718
2939.0,0.1752605632723185
2944.0,0.24416352003610187
2949.0,0.22347600894066608
2960.0,0.20218844803759406
2968.0,0.20928812264677168
2976.0,0.2087647646030138
2987.0,0.22299280490546308
2994.0,0.1759565829758366
3005.0,0.2014939151757257
3009.0,0.16966390961886946
3018.0,0.20925855133249194
3025.0,0.18879836345708126
3034.0,0.2359553919539634
3042.0,0.18461573604176584
3048.0,0.15958150185917355
3056.0,0.20365206227613827
3061.0,0.13468095840728556
3068.0,0.23102145356743414
3076.0,0.19726463033746433
3081.0,0.23698134189654516
3087.0,0.17674275052479665
3099.0,0.19642470997632527
3107.0,0.2311163851445395
3114.0,0.2369319388725511
3125.0,0.22930351566885931
3133.0,0.25716323565594534
3140.0,0.2387075790083637
3151.0,0.16272184846379412
3162.0,0.21476148617335128
3174.0,0.2182755444339482
3182.0,0.1953646415365688
3190.0,0.19564615445785394
3197.0,0.1778606976816932
3205.0,0.19170941474578987
3213.0,0.19416664162123434
3222.0,0.18322434142419303
3231.0,0.22513312820543707
3238.0,0.146414814986384
3249.0,0.21192048450609707
3257.0,0.21124632628909412
3263.0,0.19797622112698934
3273.0,0.18160749025591738
3281.0,0.19692854205929322
3288.0,0.20944911665506716
3293.0,0.1874707798386361
3300.0,0.21162299915910632
3304.0,0.1731759787146389
3313.0,0.21758778789330788
3321.0,0.18659572255597348
3329.0,0.19563519338858593
3337.0,0.16412076433203573
3349.0,0.1880439121002966
3357.0,0.19813245075952907
3365.0,0.20122626062947074
3374.0,0.1784923898276633
3382.0,0.19583819095119234
3390.0,0.19141276272175858
3397.0,0.20357270580485448
3405.0,0.1941272512487806
3412.0,0.1971119120944798
3424.0,0.1553198260097184
3434.0,0.1727763827368966
3446.0,0.2080017600060835
3453.0,0.188526770023756
3460.0,0.1681508963520332
3466.0,0.17286193635147037
3475.0,0.2382656956316045
3482.0,0.19209063151721933
3490.0,0.20258903312800242
3494.0,0.18657502827275513
3505.0,0.25590501372458785
3513.0,0.20509769951758502
3519.0,0.19598851667304584
3531.0,0.19809737897735752
3540.0,0.17615773654466305
3549.0,0.22368995263720523
3560.0,0.1726996787151071
3572.0,0.18074130103032265
3580.0,0.22681831416555578
3591.0,0.21282074703280499
3599.0,0.20035242912269122
3610.0,0.17089090784784222
3621.0,0.23156147170071217
3628.0,0.19521715843890458
3636.0,0.14810853856234926
3645.0,0.22099195070179795
3652.0,0.1684601456061748
3658.0,0.19204820391716854
3665.0,0.19418757307105666
3673.0,0.1644659726634747
3681.0,0.1945525241655895
3688.0,0.20638927175532024
3700.0,0.2178613416686034
3709.0,0.18487140857347437
3721.0,0.17469879813473793
3729.0,0.1891022924644947
3737.0,0.17884126432388697
3741.0,0.1748908416205564
3747.0,0.2518457387400442
3753.0,0.2271969323798111
3757.0,0.20171202098364005
3765.0,0.17821468552835576
3773.0,0.1402488250076177
3779.0,0.19538010388572605
3790.0,0.18010433445345858
3796.0,0.14705878169121853
3807.0,0.15081137040011522
3816.0,0.18849831182693036
3823.0,0.22019783202089602
3828.0,0.21777703624160463
3835.0,0.24891945009199057
3842.0,0.22332302218111105
3851.0,0.20360075925923896
3862.0,0.1994518591019588
3868.0,0.1821436881495927
3874.0,0.17522994600432554
3884.0,0.17590160741535465
3890.0,0.17144112945576723
3897.0,0.2551089326753531
3906.0,0.17530937784210848
3913.0,0.21269793600224912
3922.0,0.18764516832751293
3931.0,0.18739511065530587
3942.0,0.1946001548099534
3947.0,0.19271497512095134
3955.0,0.17339750187460087
3962.0,0.22011596826832078
3967.0,0.22035523391657996
3975.0,0.22254737596073002
3985.0,0.1969059007170715
3991.0,0.21799721267006136
3996.0,0.12229009403789294
4003.0,0.23129400422468543
4009.0,0.21184231165979947
4017.0,0.15896840422220151
4022.0,0.1630719014706596
4029.0,0.2281061473074857
4034.0,0.19202806003239895
4043.0,0.18059387522705891
4051.0,0.1983261105326469
4059.0,0.21531337741537507
4065.0,0.1899668760232419
4073.0,0.17196788705946875
4085.0,0.21612059647904852
4093.0,0.17636143694815234
4100.0,0.18707214485368615
4112.0,0.22356512658644828
4120.0,0.1860734900058281
4128.0,0.2001365386621002
4135.0,0.1856217151779805
4144.0,0.17581774321603558
4153.0,0.2157743976794062
4162.0,0.14278491305136531
4176.0,0.19074379933909244
4186.0,0.08415587182558047
4194.0,0.18080883297339034
4202.0,0.21511375477189099
4210.0,0.20452309853045125
4217.0,0.19355583575629862
4225.0,0.2439081429715441
4233.0,0.19896969645622373
4241.0,0.20458584249295197
4245.0,0.2259134030882684
4253.0,0.2274975462196866
4264.0,0.17840045223353515
4272.0,0.17654088737966386
4277.0,0.19693177600142683
4285.0,0.17448463214873322
4291.0,0.19020490867583797
4297.0,0.20075791400104007
4309.0,0.2102032337537746
4316.0,0.21656641465606324
4323.0,0.24437187257515347
4329.0,0.20183073308118915
4335.0,0.1580443613277237
4344.0,0.2263628595111845
4358.0,0.21425341252201124
4364.0,0.2304439257352107
4370.0,0.21664513220865667
4378.0,0.17357829454992568
4389.0,0.19652508301144225
4397.0,0.1728114585558969
4408.0,0.22339247043749144
4415.0,0.17629814249342424
4421.0,0.22091545356218945
4427.0,0.19349982516343403
4434.0,0.19347362772670554
4445.0,0.17324235975180186
4454.0,0.17619004883777978
4468.0,0.1916517368748988
4476.0,0.191740930855858
4484.0,0.1762692224818864
4491.0,0.1820004302394041
4499.0,0.21457893038963916
4505.0,0.19071733305361988
4510.0,0.20913999428145896
4518.0,0.19495730404236844
4525.0,0.2012432290186172
4532.0,0.1972965517489564
4537.0,0.17774432174932497
4544.0,0.19279265247902083
4550.0,0.18189894362774364
4557.0,0.18763638234798918
4565.0,0.205316103619908
4571.0,0.21756153561254674
4576.0,0.19839734088136468
4588.0,0.24300567754709193
4596.0,0.18708326852170024
4607.0,0.21440086584942344
4615.0,0.1780881286780944
4622.0,0.17735913995244698
4629.0,0.19575093912811684
4634.0,0.23457257572103288
4638.0,0.17702908024510652
4644.0,0.1905885989785118
4652.0,0.18188071669073233
4660.0,0.17799006864531527
4669.0,0.2007287955627806
4675.0,0.18932716265055588
4681.0,0.24909816705217966
4688.0,0.19210551592811714
4695.0,0.19641691478776158
4702.0,0.24851148326260514
4706.0,0.23074398842699456
4712.0,0.20807221531988995
4717.0,0.14313230387948975
4722.0,0.21982100143391808
4729.0,0.2199998447113398
4740.0,0.14204194380160562
4748.0,0.21768995354477128
4759.0,0.17162151588611035
4768.0,0.2004625387669193
4773.0,0.19960146005726792
4778.0,0.19684436908259031
4790.0,0.21222969529210972
4794.0,0.16919051664392926
4802.0,0.20384607644719197
4808.0,0.23181738958928003
4816.0,0.19224765900575114
4825.0,0.17869472648409845
4833.0,0.21576316663280434
4838.0,0.19496168770209527
4846.0,0.18040628106822912
4851.0,0.15546790136209218
4859.0,0.15948892338963583
4865.0,0.19564261786748804
4873.0,0.20369831967723456
4883.0,0.21840044109231813
4895.0,0.1919199807014555
4902.0,0.18819052570824601
4909.0,0.19640392964174627
4918.0,0.21217860853230422
4925.0,0.22396111757420697
4932.0,0.23227411924776767
4940.0,0.2011993740704696
