,6
5.0,0.17504431803368203
13.0,0.20234851032746703
22.0,0.18659404087512607
30.0,0.1570479184729171
39.0,0.16114825557000553
46.0,0.17673538468616287
53.0,0.18193591655767036
58.0,0.18489367046821892
66.0,0.17813490013502714
73.0,0.1888208887514331
79.0,0.16336568456766812
87.0,0.18770109352131695
95.0,0.21148124572849675
99.0,0.19856347274890215
105.0,0.20510736542371938
109.0,0.16683059131013991
117.0,0.18680399218770335
124.0,0.17412016639234001
133.0,0.17475955721482558
138.0,0.18436619752335012
142.0,0.17524565978096593
153.0,0.1797973745924073
158.0,0.1897228626881443
162.0,0.1982681874661722
170.0,0.2027963889567949
178.0,0.17715012398682764
183.0,0.17064799779582315
190.0,0.16542699406724493
201.0,0.20922266647845855
206.0,0.18586324654273145
213.0,0.19459248275324406
224.0,0.18656239207237063
231.0,0.1863031191064713
237.0,0.1754914252893466
245.0,0.17670206310852038
252.0,0.1776707892406646
256.0,0.18234892703760883
267.0,0.2057220061413483
274.0,0.1601473911477015
285.0,0.22581234981659434
295.0,0.1724436120334178
304.0,0.16551533687238146
308.0,0.19506120597297666
315.0,0.20254986755477292
323.0,0.19277080504004468
330.0,0.1584339856811485
334.0,0.19228010631133788
342.0,0.17773821161753928
346.0,0.2109006539771402
355.0,0.19369824222715468
364.0,0.19647965167898518
372.0,0.18875650741232947
378.0,0.17361415780907194
390.0,0.1843642947831062
397.0,0.18205547117792725
401.0,0.1886672254710779
409.0,0.17237308081021263
418.0,0.16870626658463517
423.0,0.18779227511494515
432.0,0.17069451928653864
438.0,0.17912874662675066
447.0,0.17371906483785318
458.0,0.16492127465765372
462.0,0.1600622440184287
470.0,0.17007544878906586
478.0,0.1660038080377846
485.0,0.1921134578306819
493.0,0.20701456904701301
502.0,0.18333269084053747
514.0,0.1765440411563451
521.0,0.18547582847951377
529.0,0.1988577662323911
549.0,0.1934363375586726
553.0,0.1818062244585426
561.0,0.17628684699374894
569.0,0.18236748248963497
576.0,0.1712972282165751
584.0,0.19093022578233157
598.0,0.18334413469856656
606.0,0.17525993784144628
614.0,0.18047405301810207
622.0,0.16926519376032134
631.0,0.18699533687667913
640.0,0.17067778197632377
648.0,0.1902812573984065
662.0,0.1758174476769931
672.0,0.17911257805704572
682.0,0.17534121965615027
689.0,0.17943842193105006
700.0,0.17939002255304848
712.0,0.15976526914197056
720.0,0.18163270020653766
729.0,0.17829176831375068
737.0,0.18702287282985625
748.0,0.15885782662225595
755.0,0.1658198662189054
760.0,0.15836597920908996
767.0,0.18091733683930789
776.0,0.17413206512700208
785.0,0.1774641938100898
795.0,0.17700553213418674
802.0,0.18105208497485487
809.0,0.1943143124301279
817.0,0.1710019429156317
825.0,0.17218858947241478
832.0,0.18541700211571216
841.0,0.20463263560963332
846.0,0.20630248535191384
853.0,0.20149791791355
861.0,0.16374747403828338
869.0,0.19228122953872662
876.0,0.1800750842066028
885.0,0.14594274030502488
890.0,0.19031250031389088
898.0,0.1708978127678475
909.0,0.1663885405759089
918.0,0.19866740933255028
927.0,0.17450712715219557
935.0,0.18276114191593054
942.0,0.16390381616241878
951.0,0.1692440101787474
959.0,0.16911944141127613
967.0,0.15151809354693777
978.0,0.17625090917885408
987.0,0.18083724127975487
994.0,0.1874985754016306
1005.0,0.1945026025778346
1013.0,0.19598671081893063
1020.0,0.20673646093610448
1027.0,0.16619866518203738
1032.0,0.1821302687871352
1040.0,0.1680267974741846
1052.0,0.16707955829880722
1059.0,0.16478278165023266
1064.0,0.18243605376131816
1072.0,0.17110544098480007
1081.0,0.17249476079453868
1086.0,0.1947661670280547
1093.0,0.18898333767444248
1101.0,0.1728680072913534
1107.0,0.17294737126664225
1115.0,0.18283857864613318
1127.0,0.18282665583643773
1132.0,0.18411767916948407
1138.0,0.16039473638973314
1142.0,0.17104641140935894
1153.0,0.1857124590161321
1160.0,0.16734555534415133
1167.0,0.16345258951496464
1171.0,0.18526732999477336
1179.0,0.18137888826668305
1186.0,0.19205375487271492
1194.0,0.18221174705696716
1202.0,0.18543071563485367
1208.0,0.19497526291115486
1212.0,0.19858363731901957
1220.0,0.19964123852858687
1224.0,0.18489481485842857
1231.0,0.1806064890507216
1238.0,0.18887972666629188
1248.0,0.19588013921612282
1256.0,0.18065483376921118
1263.0,0.179074482772925
1270.0,0.16882037093437172
1278.0,0.1731076926442012
1290.0,0.16440776998750614
1299.0,0.19706858517277273
1303.0,0.1931875689169881
1315.0,0.19852120064360637
1320.0,0.19180563204025933
1328.0,0.17624494953322092
1335.0,0.17166446961355925
1345.0,0.17348067721124052
1350.0,0.1762426990608131
1358.0,0.19284812846225433
1366.0,0.1853549031661228
1377.0,0.18611224347804994
1385.0,0.1738474961317449
1393.0,0.1823802998059573
1401.0,0.17302558822094394
1406.0,0.18507580303391236
1410.0,0.17983551638274153
1421.0,0.19181901492063602
1429.0,0.19906184980423308
1437.0,0.16926623202499008
1444.0,0.18906210699868295
1452.0,0.16696515399687673
1464.0,0.17560926442560135
1472.0,0.17871581324171046
1480.0,0.16237502052409583
1489.0,0.15654786709166985
1497.0,0.16812164401455584
1505.0,0.16526382332909434
1512.0,0.16702158700807382
1521.0,0.1553012689554827
1532.0,0.19800752551666556
1536.0,0.21089777548908342
1548.0,0.21055713413096175
1554.0,0.18843424900400849
1565.0,0.177748233436903
1572.0,0.1437917175391619
1579.0,0.19253623035805412
1586.0,0.1998076624903236
1591.0,0.1842685201750276
1600.0,0.18331392083511952
1611.0,0.20699439966587635
1620.0,0.17955815559268792
1628.0,0.18866938762495292
1635.0,0.18712551162070531
1646.0,0.1939471913791258
1654.0,0.17696475313396653
1662.0,0.1860732476478635
1671.0,0.2039945832921597
1680.0,0.1920134457444607
1689.0,0.17757903255031673
1697.0,0.1702910428858811
1703.0,0.18640731161825608
1715.0,0.16285816183251461
1722.0,0.18800371815452854
1727.0,0.19238576719432088
1735.0,0.15554338633331563
1743.0,0.1798860393493138
1754.0,0.1753028076413874
1763.0,0.16743007230492304
1771.0,0.17622554740967897
1780.0,0.1548313318956843
1788.0,0.16215262781368703
1793.0,0.15846915811729162
1800.0,0.1929146902709274
1805.0,0.1689461423306211
1810.0,0.16745402008459329
1816.0,0.17915164880667594
1822.0,0.18811021898024657
1828.0,0.20992745305031257
1834.0,0.21597963702329712
1842.0,0.21481913384789608
1851.0,0.16315525830568064
1860.0,0.1822096162370082
1866.0,0.1982661379818999
1878.0,0.1740247570899607
1887.0,0.17717388118150815
1895.0,0.17872689695707353
1902.0,0.18924853931350846
1910.0,0.18140159129848638
1914.0,0.18457501628638803
1923.0,0.1941149971630319
1930.0,0.18296002167459569
1938.0,0.17729939598227165
1945.0,0.16568241920187557
1953.0,0.16814399528287527
1957.0,0.1860732402014363
1965.0,0.17194291535132367
1974.0,0.17626189795693323
1985.0,0.1744402327561067
1996.0,0.1771812764767661
2007.0,0.18215061371059713
2013.0,0.17690862053363
2020.0,0.1572236233444034
2029.0,0.17278248197934576
2036.0,0.19725626596958995
2044.0,0.17290617944837317
2055.0,0.1871048516345559
2064.0,0.17722520697903552
2071.0,0.1945264362042175
2077.0,0.14642636325509795
2088.0,0.16269494368991902
2096.0,0.18994044353001271
2100.0,0.18643156243857795
2108.0,0.19630632053630057
2117.0,0.19674095777313083
2123.0,0.23160480763827818
2128.0,0.17277858433870213
2132.0,0.1882448313622381
2140.0,0.1860601169685424
2150.0,0.16778496686454292
2159.0,0.17345746889947716
2166.0,0.1659458929339944
2173.0,0.18064974378197116
2185.0,0.17063550035950215
2193.0,0.17690342032300027
2199.0,0.17005669141631352
2207.0,0.18166061651740134
2215.0,0.17453138918935013
2224.0,0.18807958663587684
2230.0,0.16455438340069448
2238.0,0.20919802570791216
2246.0,0.1839226174237163
2254.0,0.1731853371625764
2262.0,0.17914450435586823
2273.0,0.17710505140999758
2282.0,0.20536984281186918
2290.0,0.18484800535725043
2298.0,0.16795394930708457
2310.0,0.1710718243912478
2315.0,0.16935488514640498
2323.0,0.1761775913636335
2331.0,0.17786940846663796
2338.0,0.1803728827820883
2346.0,0.19111347648313878
2352.0,0.2031794940879312
2356.0,0.18948685609283342
2360.0,0.21008272313157067
2367.0,0.181475646261123
2374.0,0.15106566304181443
2382.0,0.17296603989794573
2394.0,0.16178756407332506
2401.0,0.18048988670359772
2405.0,0.17724470811740337
2413.0,0.20146111890371554
2418.0,0.19681614922618082
2426.0,0.18858419810591479
2437.0,0.17120541044855475
2445.0,0.1614128528437758
2454.0,0.1682974863118678
2463.0,0.16223980995270165
2472.0,0.19195327034793955
2480.0,0.15621590200538749
2487.0,0.2102664745993754
2492.0,0.15673272340724917
2500.0,0.18919443456392898
2505.0,0.21102744455662437
2512.0,0.16984443304609767
2518.0,0.16464973990829823
2525.0,0.1781992824027988
2533.0,0.21592801159827263
2542.0,0.18501608289015842
2550.0,0.1761020485985039
2559.0,0.19537502058275671
2567.0,0.1934401040539875
2575.0,0.18744558929965485
2580.0,0.19464786681410418
2587.0,0.20223633768314941
2594.0,0.156771968836149
2603.0,0.16520183070824387
2614.0,0.1729021820401835
2623.0,0.212202895615545
2635.0,0.17512224578262528
2641.0,0.17650093508236314
2648.0,0.18206240488175976
2662.0,0.17826495153539382
2670.0,0.17301940780206912
2674.0,0.18824465556202602
2678.0,0.1688090606904215
2684.0,0.16010516501728353
2692.0,0.17017733802756022
2700.0,0.18241932007170442
2705.0,0.20674073231162293
2711.0,0.19747803569781214
2719.0,0.17752248668807002
2725.0,0.16282376162247159
2732.0,0.19062463739085375
2743.0,0.19413903639443217
2752.0,0.19516956924067103
2761.0,0.16031781732596542
2769.0,0.19099432495329435
2783.0,0.16864766074460863
2791.0,0.18200457413564258
2798.0,0.18316218070156673
2807.0,0.1841018891605403
2816.0,0.16868782143203484
2825.0,0.17162273563493802
2837.0,0.1584274803829562
2845.0,0.17753987835633256
2854.0,0.19869660870166087
2859.0,0.1671708372785347
2863.0,0.15240573428860488
2870.0,0.187046951158697
2876.0,0.1840414853792198
2884.0,0.17631134892960168
2891.0,0.1852254657563015
2901.0,0.1863533188443433
