,5
2914.0,0.15524248159674583
2922.0,0.20095111753839542
2931.0,0.1815803641285431
2939.0,0.22974551503076643
2944.0,0.19780162697175943
2949.0,0.19327119887436311
2960.0,0.19517247124434742
2968.0,0.19876868720050347
2976.0,0.1870170824097754
2987.0,0.19459224531918073
2994.0,0.17181131626969715
3005.0,0.22199016638888072
3009.0,0.16741699924309913
3018.0,0.18786837698735437
3025.0,0.18664551316165667
3034.0,0.20416353964110337
3042.0,0.20013821210696978
3048.0,0.18822207014039208
3056.0,0.1898627487922172
3061.0,0.1900971247623544
3068.0,0.19689355767516
3076.0,0.19451228119899203
3081.0,0.19946379320005653
3087.0,0.21096691960700548
3099.0,0.18567555999250995
3107.0,0.19234792490778901
3114.0,0.18502708243565166
3125.0,0.1815742346564027
3133.0,0.1969296427159775
3140.0,0.1870587114075068
3151.0,0.1894824947999784
3162.0,0.18889243993110383
3174.0,0.2160198230953562
3182.0,0.1989143404577196
3190.0,0.19423327616033828
3197.0,0.20554578594999942
3205.0,0.19835596770928288
3213.0,0.18667295811090145
3222.0,0.20183121850810154
3231.0,0.18560034273779485
3238.0,0.1850920462857104
3249.0,0.21611810225710099
3257.0,0.22564584948505476
3263.0,0.2233431675559275
3273.0,0.1902486647728924
3281.0,0.16857315761174546
3288.0,0.19882341603498863
3293.0,0.1986019106361646
3300.0,0.19130382639658655
3304.0,0.19194339333631633
3313.0,0.20597336396528798
3321.0,0.21023770920201473
3329.0,0.188956857716317
3337.0,0.21974268043853695
3349.0,0.20675921067875389
3357.0,0.20919595720442943
3365.0,0.1862100171504721
3374.0,0.18730528126612284
3382.0,0.18428908992123744
3390.0,0.19958915848489217
3397.0,0.17960898349888213
3405.0,0.18362059231885244
3412.0,0.18010127252682404
3424.0,0.15917981306169
3434.0,0.20482383486456532
3446.0,0.1740227316072135
3453.0,0.2079525882393015
3460.0,0.19501787804394763
3466.0,0.21599914027805753
3475.0,0.21681067190377698
3482.0,0.19924212859337748
3490.0,0.18053482871362905
3494.0,0.20891521251835435
3505.0,0.18225949986394097
3513.0,0.20009809164963965
3519.0,0.19771561144081432
3531.0,0.22553653302983828
3540.0,0.20606925048047536
3549.0,0.1923572120804736
3560.0,0.19886843904489615
3572.0,0.19615743845278286
3580.0,0.19387234317846846
3591.0,0.2013069305395773
3599.0,0.2057618423243203
3610.0,0.18815682753490875
3621.0,0.1879971695194619
3628.0,0.20753359928139783
3636.0,0.20022056601350147
3645.0,0.20961096463218004
3652.0,0.16493866198121784
3658.0,0.2063660695674647
3665.0,0.22194594814991048
3673.0,0.18352739478185262
3681.0,0.17113476135561356
3688.0,0.17969040664722602
3700.0,0.20917051808242776
3709.0,0.1963387618225253
3721.0,0.20198513443839658
3729.0,0.19950491403467827
3737.0,0.19245778878371408
3741.0,0.18283820799355824
3747.0,0.22473718548299262
3753.0,0.21420176601546503
3757.0,0.20864279230929206
3765.0,0.18879224971607067
3773.0,0.18059870499462774
3779.0,0.1939629604100044
3790.0,0.20338682939551198
3796.0,0.2125157400970824
3807.0,0.19987650521367337
3816.0,0.20280070213178697
3823.0,0.20349737426596096
3828.0,0.17393568283055538
3835.0,0.17846610154542067
3842.0,0.187459479617029
3851.0,0.20746437816950528
3862.0,0.2225103098099291
3868.0,0.20282233472346914
3874.0,0.20266280702669004
3884.0,0.19362050698967848
3890.0,0.20454738683747703
3897.0,0.17445284727803395
3906.0,0.22050691114761412
3913.0,0.20360292020294238
3922.0,0.1963546243543962
3931.0,0.17403940336415452
3942.0,0.2089700070557541
3947.0,0.1543134073186358
3955.0,0.19181155526514984
3962.0,0.1995489899521797
3967.0,0.20570550498793413
3975.0,0.21227335616839188
3985.0,0.19263772045780134
3991.0,0.20572689753508094
3996.0,0.19479939667251245
4003.0,0.19819082249414477
4009.0,0.20322165887688842
4017.0,0.18915058243160454
4022.0,0.18888234646837387
4029.0,0.19823683471220097
4034.0,0.1767523998221916
4043.0,0.1866564063412056
4051.0,0.19883213624261728
4059.0,0.15734420179739364
4065.0,0.19643325580948487
4073.0,0.19058956695006252
4085.0,0.17934235489106526
4093.0,0.1872707643214438
4100.0,0.18285385612862912
4112.0,0.17315395901977412
4120.0,0.17926054286651827
4128.0,0.18703253832814676
4135.0,0.1936730606692183
4144.0,0.1797897237147148
4153.0,0.1807009111347706
4162.0,0.18680746964668798
4176.0,0.1631719111514878
4186.0,0.19050246237331211
4194.0,0.20508875509492194
4202.0,0.19671909729780576
4210.0,0.17934816919012217
4217.0,0.22380468626009342
4225.0,0.20190264515471656
4233.0,0.1781235244905384
4241.0,0.17554063679521448
4245.0,0.20977963829149104
4253.0,0.18572538466425703
4264.0,0.17232961464868612
4272.0,0.19862118247940105
4277.0,0.1999596819436786
4285.0,0.20610009558350095
4291.0,0.19566315171742954
4297.0,0.19255022645140193
4309.0,0.18714525797471895
4316.0,0.20379837693486816
4323.0,0.19992344241606178
4329.0,0.2061514237501692
4335.0,0.19668680953278453
4344.0,0.19158908299116317
4358.0,0.182294662793135
4364.0,0.19545508302487824
4370.0,0.19787615196324418
4378.0,0.17521023206051056
4389.0,0.19042830829246193
4397.0,0.18019986338220897
4408.0,0.18108122102419075
4415.0,0.17858850982997665
4421.0,0.21845458985582014
4427.0,0.189848108101751
4434.0,0.1993775775582238
4445.0,0.1929968076383555
4454.0,0.19039004836391282
4468.0,0.18274230560551527
4476.0,0.17713413187815194
4484.0,0.20220526119009521
4491.0,0.17602295700344306
4499.0,0.19360055566203313
4505.0,0.17525925023792693
4510.0,0.1697210559528697
4518.0,0.181164700827105
4525.0,0.19919354344375553
4532.0,0.19918094586651913
4537.0,0.16633234741426978
4544.0,0.19242671357924918
4550.0,0.17394185908411952
4557.0,0.20398654420035905
4565.0,0.1989801484090758
4571.0,0.1923063334746012
4576.0,0.18984966438527193
4588.0,0.19267021245049198
4596.0,0.19845532227394497
4607.0,0.1901773493463414
4615.0,0.20114141719203382
4622.0,0.19195399305442587
4629.0,0.1943513267244279
4634.0,0.1799690424294874
4638.0,0.19770411611760982
4644.0,0.20524644721184523
4652.0,0.18146416658460612
4660.0,0.19830696229485983
4669.0,0.16800466129014338
4675.0,0.1982838133960258
4681.0,0.17843816087697098
4688.0,0.22629275031253615
4695.0,0.1925489658588943
4702.0,0.16585952553652342
4706.0,0.23180292991393558
4712.0,0.21517761285314208
4717.0,0.20482298267162927
4722.0,0.1804307602613503
4729.0,0.20122097744299186
4740.0,0.19591187854875372
4748.0,0.17631353983962594
4759.0,0.2201254955872823
4768.0,0.1810667908440557
4773.0,0.1763557338373072
4778.0,0.2038826817527609
4790.0,0.18088561465635433
4794.0,0.1913400400636696
4802.0,0.20541875553701042
4808.0,0.17001095811885988
4816.0,0.16242455624222563
4825.0,0.1984125859658544
4833.0,0.1795724493699978
4838.0,0.1957501466333874
4846.0,0.1789712630450323
4851.0,0.15616619136420706
4859.0,0.19243237022425766
4865.0,0.20358510492549972
4873.0,0.2234206824281381
4883.0,0.20389382314744436
4895.0,0.22538333315031434
4902.0,0.19796022529651391
4909.0,0.2026638157743849
4918.0,0.20193610719677924
4925.0,0.20720372661674408
4932.0,0.19035457207606343
4940.0,0.17485684599336163
