,8
0,0.16614522186760747
1,0.18399607021946238
2,0.18461591493815385
3,0.17115389336138379
4,0.19606269011262056
5,0.19505845737849548
6,0.1496947884610106
7,0.14646391633967018
8,0.1440057010031622
9,0.1476740284914604
10,0.15003978579197116
11,0.16952320913410682
12,0.16320324412787707
13,0.14674309663233176
14,0.17626614312204678
15,0.18029722843460477
16,0.1387027436351964
17,0.15762534172346246
18,0.16064629831849242
19,0.161042238741843
20,0.14802106559029637
21,0.1570784437197181
22,0.17050734694706107
23,0.15755460539976213
24,0.16237967287396446
25,0.18386474851941595
26,0.15754789688507412
27,0.1589037685211169
28,0.1631529959687455
29,0.1694341229360769
30,0.15912035460564936
31,0.1643469626514072
32,0.1434749254752671
33,0.14450576966292167
34,0.15632158770986598
35,0.14746248871516895
36,0.1702248608757505
37,0.17790834473810702
38,0.15598493902684774
39,0.1658013975098159
40,0.1581655528300311
41,0.1832831494440576
42,0.1911975361511853
43,0.18794022564247648
44,0.20183373265815127
45,0.18725892825663143
46,0.17664007585078698
47,0.1718857848808496
48,0.18469904151849736
49,0.17288596139125445
50,0.19044050296584034
51,0.15470663490407205
52,0.16297139108390093
53,0.1674791795863383
54,0.1613041179379224
55,0.17140702796576673
56,0.16654045995650596
57,0.1558584671811603
58,0.1451231867448092
59,0.18455904728005285
60,0.1796735147148817
61,0.1868039279535441
62,0.1757184939742064
63,0.1477514442396504
64,0.16486422371606377
65,0.17709843740595294
66,0.1662915515377611
67,0.16832028549398287
68,0.19101136352848588
69,0.14019700964555973
70,0.16234244308276286
71,0.17407069577274312
72,0.16709479846484318
73,0.1818834614912829
74,0.16551853539394445
75,0.17825981407336344
76,0.17167005559859924
77,0.14507309553395276
78,0.15275290880765044
79,0.1517370018003883
80,0.15280291893399242
81,0.1680446947013936
82,0.17780672661750466
83,0.1468570636154711
84,0.1622098910249738
85,0.1561564905126749
86,0.1564102394059043
87,0.1514558873179153
88,0.15925991239155138
89,0.15770378662717444
90,0.15307455393701533
91,0.16160605116455448
92,0.14306580856138518
93,0.17831069402867425
94,0.1510006090600611
95,0.14515446054154696
96,0.15676323455194063
97,0.16545136681267328
98,0.14046476134715363
99,0.14917798911279848
100,0.15146382731542735
101,0.15444281460947512
102,0.14854443141657886
103,0.1571180373689972
104,0.14893234440576683
105,0.15776703691521013
106,0.17535432244510862
107,0.16328873354474865
108,0.17875652436755327
109,0.19391587652370104
110,0.19571286762442705
111,0.1682851635592485
112,0.16987511558854712
113,0.17765928013853752
114,0.14945770858803342
115,0.1508142342327078
116,0.14413501154172031
117,0.15852223801748375
118,0.1466706500290186
119,0.1622792850638542
120,0.14393284289432964
121,0.1420484135863526
122,0.15474919559458644
123,0.17169746692997293
124,0.14661022184247835
125,0.15855372773678028
126,0.15041927452438195
127,0.1681351848379214
128,0.19546445459982204
129,0.16406332883070165
130,0.14709778820348904
131,0.15300796123369553
132,0.1504687252159417
133,0.16709753390477827
134,0.17490958130006706
135,0.15536156965152542
136,0.15114748235334727
137,0.17070009818854218
138,0.163463638887799
139,0.16446556656136824
140,0.1477590954291267
141,0.16928533806268495
142,0.1637203486862278
143,0.1748863770230133
144,0.17457952938950322
145,0.14188570715017926
146,0.1791648095175996
147,0.1625829115171154
148,0.14440226249617902
149,0.1478505596121824
150,0.14307897053178886
151,0.15942101545877507
152,0.16729633133230387
153,0.1414723562226689
154,0.1903708543189947
155,0.17834519360354822
156,0.17736825826497715
157,0.18406007008126887
158,0.16054354793376652
159,0.16097249131429148
160,0.15508459593309884
161,0.15975227257145108
162,0.14720412127322374
163,0.1456257712723286
164,0.15188899432265426
165,0.143012769645971
166,0.1635979575639899
167,0.17393343526523322
168,0.1752788898357543
169,0.16442602530499567
170,0.1820693736696503
171,0.16723688711970008
172,0.15038299897204552
173,0.15918507359727246
174,0.16490364862490742
175,0.17788908669106263
176,0.1590010840270318
177,0.15558295114082238
178,0.1502461624587634
179,0.1458799343425523
180,0.166230014366774
181,0.17688096037853454
182,0.15737403038764644
183,0.1517927342478661
184,0.17715794443545224
185,0.15390444935171133
186,0.14831201715054124
187,0.14407153205188758
188,0.15006986059861505
189,0.1479959400804416
190,0.15712211151112665
191,0.15563242710443823
192,0.1723753855967886
193,0.14003367835664235
194,0.15364589997201805
195,0.1943345685091174
196,0.1776612520620569
197,0.1838104087386998
198,0.1666377921143196
199,0.14818757764429014
200,0.1599206006160806
201,0.15356228242819597
202,0.19030613711648212
203,0.17638592949260892
204,0.1542572766546742
205,0.17355508036677916
206,0.16279794935684952
207,0.1751896779718015
208,0.1721448685766857
209,0.15199406848536737
210,0.17089594886194576
211,0.15586231287279856
212,0.1906022033458189
213,0.1438604579735655
214,0.16596972870118892
215,0.15625772928861917
216,0.1592564430472483
217,0.1556573588000347
218,0.17089997642067511
219,0.1622121464846883
220,0.1875338448079392
221,0.18163461343049886
222,0.16147739767077837
223,0.16451194982826078
224,0.1631327799623436
225,0.16175761828877883
226,0.15771583717559917
227,0.14939674704128128
228,0.1651331348019036
229,0.1620736978379689
230,0.16693878912891033
231,0.174830853491737
232,0.19887815270679568
233,0.17640604728891499
234,0.17219131016362618
235,0.17177991812278676
236,0.1586903951999236
237,0.17624009918404204
238,0.16932309144595872
239,0.1575881024585728
240,0.1689378110270284
241,0.14707900446012567
242,0.16318252062385236
243,0.1464633237262022
244,0.17910360591740057
245,0.14940944038134552
246,0.14413045810628636
247,0.17314829337328067
248,0.1556143988253861
249,0.18609364362186734
250,0.1709301536128916
251,0.1670033527408008
252,0.1605110534137006
253,0.16557485114867665
254,0.1434147793032389
255,0.1528503929890148
256,0.14535529604481562
257,0.15380196685284017
258,0.14537643873157044
259,0.15534125612967287
260,0.1695088162239109
261,0.15869315792479424
262,0.16200065955735238
263,0.17788311897490044
264,0.16179332251758652
265,0.16881812452793005
266,0.19181381856069626
267,0.16603364796779582
268,0.17845017038550728
269,0.1883624475078537
270,0.17690398755883005
271,0.15114108025654993
272,0.160986571821663
273,0.15778564813408633
274,0.1716912625460478
275,0.14817019303172674
276,0.15614997235177278
277,0.1489951346132312
278,0.17770053296536303
279,0.1594231111177624
280,0.14788642054218396
281,0.15407756727164257
282,0.17390400641260848
283,0.16369845199759997
284,0.1625840977164314
285,0.16200739430760963
286,0.18776096217620772
287,0.17402324043114492
288,0.1548012693543692
289,0.18762382765005417
290,0.15641992896585227
291,0.15009813772058492
292,0.1549928861368304
293,0.1537728846103942
294,0.146371512952696
295,0.15026019911925523
296,0.1543545792028083
297,0.15950248021572924
298,0.15783808985203668
299,0.16772558258050096
300,0.2092516747036096
301,0.18803997270150744
302,0.17070807450239095
303,0.15466745099840037
304,0.18282467202579247
305,0.16188405112790916
306,0.15462140417086875
307,0.16135467720747496
308,0.17288776756146348
309,0.15217657649997343
310,0.15881384492628864
311,0.15611760046694498
312,0.15979055186735047
313,0.15679544630694722
314,0.16903421076683392
315,0.1525052513718077
316,0.1528935122380095
317,0.17514259529021087
318,0.16798665165757973
319,0.16373876472945534
320,0.17974036407609614
321,0.1745696933920393
322,0.20756698106179483
323,0.17663394103688415
324,0.16177033845838223
325,0.16061081357460508
326,0.15292023711761754
327,0.15233918070984337
328,0.1558289527244176
329,0.15710070762623254
330,0.1623027213354766
331,0.1841656474911277
332,0.18018031658834582
333,0.1453893198439994
334,0.1538837868632411
335,0.1549486505013209
336,0.16413407995058352
337,0.155622407474624
338,0.15188926046552206
339,0.1577887364541102
340,0.15969581236452834
341,0.1505224896139495
342,0.1456885722495994
343,0.14109587102576315
344,0.15755303092313624
345,0.17024883480553946
346,0.16229025860533158
347,0.17393152614569685
348,0.17449648968286335
349,0.19538006461788518
350,0.1735308196585373
351,0.15960007368441023
352,0.15023593689041553
353,0.16696642370928533
354,0.147990753092553
355,0.14423192570473437
356,0.16468523281994668
357,0.1770238290325771
358,0.18412905783352598
359,0.16235240670074083
360,0.15205697922401748
361,0.18277066485956286
362,0.16686014823757447
363,0.12379550318579302
364,0.16478734655960367
365,0.15874250331944212
366,0.17032589941822981
367,0.13754523569746108
368,0.15259534796608099
369,0.16096791410290276
370,0.17418555489839707
