,5
5.0,0.19211313196432855
13.0,0.2206023065005819
22.0,0.18837489902343543
30.0,0.1728425685324208
39.0,0.16731223540555515
46.0,0.20329370271339764
53.0,0.2261330763804727
58.0,0.19944846790059947
66.0,0.20922776463091736
73.0,0.202820925877653
79.0,0.20551843378171553
87.0,0.18784878855464304
95.0,0.19764240198572647
99.0,0.18621440328971856
105.0,0.19794747218698314
109.0,0.18594302872551718
117.0,0.1763751541558424
124.0,0.20322626135220087
133.0,0.1819147382394614
138.0,0.20518763644759547
142.0,0.19577570884398104
153.0,0.1845843219019351
158.0,0.15376473758563958
162.0,0.17381601166073427
170.0,0.16343043155375706
178.0,0.20593719805050856
183.0,0.18726038032284084
190.0,0.18684758257438094
201.0,0.22576548837797153
206.0,0.1944172236862723
213.0,0.18635774489886792
224.0,0.19788513368579516
231.0,0.20028350192850913
237.0,0.1703962347290439
245.0,0.1969706946446461
252.0,0.20480735167249856
256.0,0.21210225476218975
267.0,0.18723114234412008
274.0,0.17065937743271317
285.0,0.2015402633242591
295.0,0.20217901317493625
304.0,0.18555757872169426
308.0,0.16133094100753173
315.0,0.1853099600073313
323.0,0.14962500842890808
330.0,0.16498752745493178
334.0,0.15517098565686435
342.0,0.1898335671342159
346.0,0.18553298225288967
355.0,0.1833616218819449
364.0,0.20552146523909418
372.0,0.19130201375079683
378.0,0.2182081127344694
390.0,0.19458693515037412
397.0,0.17587077773335202
401.0,0.15807119760936722
409.0,0.17954838844445856
418.0,0.20361668203887212
423.0,0.1910864222157367
432.0,0.15906513397370742
438.0,0.17524278106906094
447.0,0.18860338479514643
458.0,0.15884621305219176
462.0,0.2098346313488369
470.0,0.2002691406937704
478.0,0.17388343621599922
485.0,0.19303569981440788
493.0,0.2124012502139651
502.0,0.1759544042238721
514.0,0.2432818122359686
521.0,0.20379100392969848
529.0,0.17913942514282252
549.0,0.18960283830997468
553.0,0.22212820649203235
561.0,0.21685058639433885
569.0,0.19886243078732554
576.0,0.2084955545890023
584.0,0.2000878087610712
598.0,0.20128317417157435
606.0,0.1854887297958104
614.0,0.18716741428629766
622.0,0.20191273062197138
631.0,0.20579749268720332
640.0,0.19660906755839724
648.0,0.1828150871196376
662.0,0.2088837268624513
672.0,0.18555707396808682
682.0,0.18563003433016978
689.0,0.18923648894122766
700.0,0.20373990971095324
712.0,0.1877475672692458
720.0,0.18230468127113575
729.0,0.17362870307639883
737.0,0.20031220019418897
748.0,0.1814151205697729
755.0,0.1860809459140569
760.0,0.16296303826092087
767.0,0.1876683263611797
776.0,0.1945342539870174
785.0,0.18876276182875068
795.0,0.18518729494619496
802.0,0.18434230624206832
809.0,0.18634342472151882
817.0,0.17780123645330206
825.0,0.17514198180810095
832.0,0.1929446142531953
841.0,0.19806838348954542
846.0,0.21503090957794876
853.0,0.2287255838683205
861.0,0.1983105595690109
869.0,0.19819258232155756
876.0,0.21018219241727337
885.0,0.15568510962561566
890.0,0.17704967382327605
898.0,0.19281262522321518
909.0,0.17804493914714775
918.0,0.19248559656815498
927.0,0.20641803557750726
935.0,0.18783478506555126
942.0,0.1668002359876769
951.0,0.19296962921337255
959.0,0.18564253050001117
967.0,0.18654351100903752
978.0,0.19634363980273603
987.0,0.19602798604749155
994.0,0.18194723415350242
1005.0,0.18782361818626436
1013.0,0.1846082597728398
1020.0,0.1632730405555753
1027.0,0.22041327504004093
1032.0,0.1877176770209725
1040.0,0.21469451095713363
1052.0,0.19013757538316484
1059.0,0.23422855282207344
1064.0,0.20291177796357177
1072.0,0.19290367465612476
1081.0,0.1958527781640316
1086.0,0.17223437043253212
1093.0,0.20603652701730776
1101.0,0.1969684461839035
1107.0,0.19191371443380273
1115.0,0.18110406131712664
1127.0,0.2024570343174732
1132.0,0.17146593973211735
1138.0,0.18854903389846828
1142.0,0.18308769979231168
1153.0,0.15671462254951005
1160.0,0.20180652296463844
1167.0,0.19124937161732378
1171.0,0.2028314941832157
1179.0,0.20812816601663892
1186.0,0.1974641813003087
1194.0,0.1686787577645757
1202.0,0.2262019265594293
1208.0,0.17408738288708303
1212.0,0.2087722902588823
1220.0,0.23164655934464656
1224.0,0.20689922995641208
1231.0,0.2093358251011722
1238.0,0.2105932017113453
1248.0,0.1882692945153378
1256.0,0.19605596582680124
1263.0,0.20550240485434973
1270.0,0.22837196784295968
1278.0,0.19211689686538197
1290.0,0.18910177369022432
1299.0,0.1742717846382689
1303.0,0.1748145613458983
1315.0,0.1777153213018725
1320.0,0.20542454016408368
1328.0,0.19572621617062427
1335.0,0.19550508440320938
1345.0,0.1938149432541946
1350.0,0.18607870829972253
1358.0,0.16736608470660924
1366.0,0.20035565391802493
1377.0,0.2065440453170365
1385.0,0.19048933855587788
1393.0,0.21128369771061117
1401.0,0.20427081656817545
1406.0,0.17948001834645452
1410.0,0.21315543420240826
1421.0,0.173351959906402
1429.0,0.20168109127783632
1437.0,0.19027382788003494
1444.0,0.1986406873136876
1452.0,0.1964432959376356
1464.0,0.17854486203513523
1472.0,0.18796765462398374
1480.0,0.16745643286644404
1489.0,0.19323744497645212
1497.0,0.18042330717782865
1505.0,0.1644320688350174
1512.0,0.18962614717934503
1521.0,0.17086412040828888
1532.0,0.20047003678883954
1536.0,0.21732518912405663
1548.0,0.19243030924590399
1554.0,0.19394548433530923
1565.0,0.15598316859264102
1572.0,0.1609382067017911
1579.0,0.19004482116648344
1586.0,0.18500568474996196
1591.0,0.18321671897941183
1600.0,0.21249300264709073
1611.0,0.19797373499084556
1620.0,0.1889728917228447
1628.0,0.17805012592271222
1635.0,0.2058916306096381
1646.0,0.17214440645726134
1654.0,0.19141809513919691
1662.0,0.1700323280134721
1671.0,0.1876486561161795
1680.0,0.19521171115038702
1689.0,0.18293250980452352
1697.0,0.1924083260539872
1703.0,0.21365540323344837
1715.0,0.19867676998079928
1722.0,0.18904013921769205
1727.0,0.16869715086334988
1735.0,0.18253552485609933
1743.0,0.1769344930413209
1754.0,0.1676488634181447
1763.0,0.18338162839870087
1771.0,0.16485128093757273
1780.0,0.19136169951029858
1788.0,0.18232888113695292
1793.0,0.1687481754806673
1800.0,0.17115605048947585
1805.0,0.19144984669230694
1810.0,0.16618231093978172
1816.0,0.1884106018987519
1822.0,0.1960299511377989
1828.0,0.224767254242733
1834.0,0.19962576034945984
1842.0,0.18081689395101638
1851.0,0.20500893346033353
1860.0,0.1986766182179442
1866.0,0.2168377511296238
1878.0,0.1947093742340321
1887.0,0.18180598940180903
1895.0,0.17929930938473773
1902.0,0.19078709737250835
1910.0,0.1618851029199536
1914.0,0.2000967449425584
1923.0,0.1800579129173512
1930.0,0.2077695070955425
1938.0,0.20139145105795217
1945.0,0.17876602767125196
1953.0,0.18256771539449299
1957.0,0.20911835294763997
1965.0,0.2086819264946322
1974.0,0.19836079636098977
1985.0,0.18666993371657975
1996.0,0.20177945886742887
2007.0,0.20294135017794548
2013.0,0.2129487202844295
2020.0,0.18692086090462198
2029.0,0.18538778664615202
2036.0,0.1747459793530826
2044.0,0.19579970050076445
2055.0,0.18947707701162278
2064.0,0.18499597802697532
2071.0,0.20477509543738753
2077.0,0.1887088762213739
2088.0,0.20289541267581282
2096.0,0.19585066304835239
2100.0,0.17742693258378364
2108.0,0.2247209641237226
2117.0,0.1952565611299578
2123.0,0.20455720141913844
2128.0,0.20624841183045975
2132.0,0.1966702912833262
2140.0,0.18861872589485498
2150.0,0.18892102870855573
2159.0,0.1794243609145006
2166.0,0.1912523935789275
2173.0,0.17427303413490766
2185.0,0.1721125611444378
2193.0,0.20142858707829114
2199.0,0.20622291784614977
2207.0,0.1782559291714912
2215.0,0.1373909166383489
2224.0,0.20262483945270676
2230.0,0.1924022582521554
2238.0,0.18235852099662017
2246.0,0.210312850613132
2254.0,0.20915307714623857
2262.0,0.17265047953360824
2273.0,0.17645585385332585
2282.0,0.18687745855812563
2290.0,0.19679875128517926
2298.0,0.21062498107671299
2310.0,0.19181487282117643
2315.0,0.1965795453768782
2323.0,0.19482646088989763
2331.0,0.20433770607456594
2338.0,0.193398032123718
2346.0,0.19756247873142196
2352.0,0.20392350428816053
2356.0,0.22126705630493787
2360.0,0.2130486358096605
2367.0,0.2061621269999348
2374.0,0.1919498923695121
2382.0,0.19787629855831346
2394.0,0.22436203834257915
2401.0,0.16077605140087364
2405.0,0.20906160978485736
2413.0,0.21545327893159164
2418.0,0.19609488696116625
2426.0,0.18435725324886543
2437.0,0.17149759699588613
2445.0,0.19372179509367923
2454.0,0.18879549909479024
2463.0,0.1863970693977223
2472.0,0.18366977508673576
2480.0,0.18797450680211597
2487.0,0.2003821468974922
2492.0,0.18893972846585155
2500.0,0.19310479573478292
2505.0,0.17627829711743712
2512.0,0.19874605170182968
2518.0,0.16580119055318276
2525.0,0.18593022702640105
2533.0,0.19879369889069431
2542.0,0.18844286887328787
2550.0,0.18152953379503517
2559.0,0.1846166765154962
2567.0,0.17847413804956902
2575.0,0.19712096255412398
2580.0,0.18297775787368198
2587.0,0.1884694343330386
2594.0,0.2000599040391477
2603.0,0.21086086950801472
2614.0,0.19759736478661963
2623.0,0.20703072136931705
2635.0,0.19305062476889678
2641.0,0.20163871255753188
2648.0,0.19987702512427422
2662.0,0.18560856971617623
2670.0,0.18287913950692064
2674.0,0.18449896835938084
2678.0,0.18486730379862237
2684.0,0.17264280306713897
2692.0,0.18458722542454176
2700.0,0.18878455329113902
2705.0,0.182533541610568
2711.0,0.2128489713642173
2719.0,0.18338318010360471
2725.0,0.2081208880799049
2732.0,0.213225707165115
2743.0,0.19831931876326045
2752.0,0.16775622855421515
2761.0,0.20753039509191018
2769.0,0.201564826637737
2783.0,0.17230941094124935
2791.0,0.192211728449762
2798.0,0.20019272881911981
2807.0,0.19009144834359765
2816.0,0.198618372945388
2825.0,0.1967922695245203
2837.0,0.18893848910289793
2845.0,0.17806462196300535
2854.0,0.18858269656455812
2859.0,0.16104469559523027
2863.0,0.19818443744469705
2870.0,0.16926791169476724
2876.0,0.1917349692176004
2884.0,0.1805278693655397
2891.0,0.211386911266563
2901.0,0.20728406370883604
