,5
2.0,0.20927249235115236
10.0,0.18979399545796757
17.0,0.2006698325097536
21.0,0.1929963489544635
25.0,0.19676010125182417
37.0,0.18058380894962822
44.0,0.19377838539706962
50.0,0.18296930175364085
55.0,0.1744423565367309
60.0,0.1837417784025898
68.0,0.1930566098559322
74.0,0.20283530115476625
82.0,0.2101867186983696
89.0,0.1964957544353619
101.0,0.18805261782290225
110.0,0.20926651910583677
117.0,0.19151729731474262
123.0,0.1906207596078131
131.0,0.19902321573753248
139.0,0.17451994018376976
145.0,0.17807233269735262
149.0,0.1818681903872425
155.0,0.19474205184262858
165.0,0.1874512809202096
176.0,0.2159540235424107
182.0,0.20135178762149056
186.0,0.1982753216575702
190.0,0.17785932200883
196.0,0.18689696136037176
204.0,0.20046987010796236
212.0,0.18478926623852707
220.0,0.20064830503968634
226.0,0.18384214815842304
235.0,0.2072328592211414
249.0,0.1976520657110273
256.0,0.19229361323195507
263.0,0.18284321578280008
269.0,0.19584155043032095
274.0,0.20265243608280237
279.0,0.21024194128892004
289.0,0.22333037784936088
295.0,0.1992822577633742
307.0,0.17347467559422605
316.0,0.20131274272511426
322.0,0.18826750799599976
333.0,0.17654666058817906
341.0,0.202455674876119
350.0,0.2092772568548898
357.0,0.1908218829079847
368.0,0.1689716924253393
376.0,0.16622879112269973
380.0,0.1942642996503529
389.0,0.18189531436724474
399.0,0.1881215594757638
407.0,0.1947779980589821
415.0,0.18312365187341148
423.0,0.1615023068906227
430.0,0.2079857564008074
438.0,0.19932531253954033
447.0,0.176372086732668
451.0,0.1994322240495819
459.0,0.16691254062696415
468.0,0.17641751704959627
477.0,0.1682258612147126
488.0,0.194748625245409
496.0,0.18349004298611196
504.0,0.20555566470538167
509.0,0.20179965260924715
514.0,0.20172170068796527
523.0,0.174737431960431
531.0,0.16494176053859458
539.0,0.1900067506201917
546.0,0.2218693667053944
556.0,0.15962772343233475
563.0,0.2015700820223371
571.0,0.1853087035672318
582.0,0.20323259467109148
590.0,0.18344003652228597
594.0,0.20058347470998894
602.0,0.1634097430545179
609.0,0.18737830630786
617.0,0.2102132336176555
625.0,0.21916738229506308
633.0,0.2016702111335617
641.0,0.18523122642787263
649.0,0.1915627622527345
657.0,0.18393073224823478
665.0,0.17550872097939138
673.0,0.2036841984826796
682.0,0.18361776421647202
690.0,0.1780473638017935
696.0,0.17381529711106314
702.0,0.18809418282505772
709.0,0.214585997503629
714.0,0.19776241604451789
721.0,0.20236758876740862
729.0,0.16677545163409072
737.0,0.20054917644634582
743.0,0.15007854063044088
748.0,0.15131917091030855
755.0,0.18711442484202484
760.0,0.2080113890810792
767.0,0.21427983754513322
774.0,0.1950983442008422
780.0,0.188657131377922
788.0,0.21968436732766214
795.0,0.17992700106273118
800.0,0.17644958685617856
806.0,0.16377896507218956
812.0,0.17262648230382613
817.0,0.20906529726113282
822.0,0.15826762131329677
827.0,0.1929197022743936
831.0,0.157741973585421
838.0,0.1881387070212222
847.0,0.18663677956810454
853.0,0.20620153788079162
861.0,0.17531391939026755
869.0,0.18528241173745968
875.0,0.23614548676470465
879.0,0.179519698893349
893.0,0.16893360353935863
897.0,0.19575936529212062
905.0,0.18525099640186685
912.0,0.2051299807323849
921.0,0.1933811869266056
927.0,0.18726204799665608
933.0,0.1341833289604548
937.0,0.20923247936491327
943.0,0.1825427795124524
949.0,0.2112340541578943
961.0,0.14200550104426798
968.0,0.18173727757865443
974.0,0.2023565798978601
982.0,0.17539324888856872
990.0,0.19126375780367477
999.0,0.19459660884172286
1005.0,0.18974844497045032
1013.0,0.1949108461236545
1022.0,0.19776429567681633
1027.0,0.1970279324519302
1034.0,0.19815509907619883
1041.0,0.21051156003087615
1049.0,0.20124271150320633
1055.0,0.19260207215001504
1063.0,0.1734325110220367
1069.0,0.1953915427525514
1075.0,0.1749357314729528
1081.0,0.20768042223416613
1090.0,0.1804986625000917
1096.0,0.20874509194055083
1102.0,0.21007930518469833
1114.0,0.17467203686454652
1121.0,0.17559801346050982
1125.0,0.1688074570105734
1134.0,0.21390343876893653
1142.0,0.18558475909898983
1149.0,0.19879079839429578
1153.0,0.20527853729818651
1161.0,0.18815157378440536
1169.0,0.20853293051854083
1177.0,0.17755302901899972
1183.0,0.19248747537588926
1190.0,0.20895927294360397
1194.0,0.17135066689820924
1205.0,0.2280259141245401
1213.0,0.2148652469438888
1222.0,0.19419224098155438
1226.0,0.21120494075508398
1230.0,0.204857166045858
1239.0,0.198430763014627
1247.0,0.18039440090598274
1253.0,0.17638532547071276
1259.0,0.2121205199269361
1268.0,0.2232114589842966
1272.0,0.20922611985672532
1280.0,0.20680857605385244
1286.0,0.1913184748418427
1290.0,0.2060507861146438
1294.0,0.19281281489841295
1301.0,0.18749442814603656
1308.0,0.19263224916933055
1315.0,0.20371443082844487
1321.0,0.20990529360557864
1329.0,0.20389679686447457
1333.0,0.19406154996587213
1342.0,0.1901579166438695
1350.0,0.20571488043557526
1359.0,0.18587238006072576
1363.0,0.20350734682032143
1371.0,0.17957518645578735
1378.0,0.18614422829849198
1384.0,0.1768823738162734
1398.0,0.18145971874136166
1402.0,0.19745810016190307
1414.0,0.21506767884017874
1418.0,0.20620808017686562
1424.0,0.17591651210864256
1429.0,0.17341412315504545
1438.0,0.20870307455497666
1447.0,0.19437994794878524
1455.0,0.22650352840390964
1464.0,0.19700650641674172
1471.0,0.203752462809245
1475.0,0.20761430496041067
1482.0,0.19025832387291094
1494.0,0.21054838608241605
1501.0,0.1988188784812187
1510.0,0.21670219788419207
1517.0,0.19456614328566404
1523.0,0.18239503015069047
1531.0,0.17716048542897014
1543.0,0.1800781261724218
1550.0,0.20682733606688827
1558.0,0.20140135337073742
1572.0,0.19436553647413501
1580.0,0.19661375430800082
1589.0,0.17204744516090098
1598.0,0.189283374814277
1605.0,0.19758817534467019
1613.0,0.1920533120305021
1618.0,0.19193056493804841
1623.0,0.1849529084742783
