,6
2.0,0.16995480521256864
10.0,0.18958805523228794
17.0,0.16825445592647933
21.0,0.1851924106804067
25.0,0.19237094882852204
37.0,0.1554407974085455
44.0,0.1764725994302178
50.0,0.20055534863309432
55.0,0.1698295646821046
60.0,0.17754701892458544
68.0,0.17302711689306663
74.0,0.17578895078417034
82.0,0.19101714638457104
89.0,0.17731066494848713
101.0,0.1678090711961885
110.0,0.1913521276761845
117.0,0.18445493950102468
123.0,0.18035483279922065
131.0,0.16370926851765957
139.0,0.19407470427657839
145.0,0.16519340708863475
149.0,0.18788643776488836
155.0,0.1822728487456008
165.0,0.19283436276249077
176.0,0.19117778398252083
182.0,0.17002776919894533
186.0,0.17842324010765132
190.0,0.17255674710352414
196.0,0.15865551948621318
204.0,0.16975859026521972
212.0,0.18795591099019845
220.0,0.1678455253447299
226.0,0.16981441877696804
235.0,0.17470522810996925
249.0,0.18263816214954467
256.0,0.18771453481467984
263.0,0.17535151594528403
269.0,0.169218693052449
274.0,0.1803512651758131
279.0,0.15402461230333228
289.0,0.182710714039905
295.0,0.1849226356970402
307.0,0.15825782548852343
316.0,0.17859623647058753
322.0,0.16632117230475268
333.0,0.20025462975608688
341.0,0.1761562423810159
350.0,0.183296870173967
357.0,0.17260697164534533
368.0,0.16448082869238562
376.0,0.18640213658983662
380.0,0.1873678724086191
389.0,0.18466007369886162
399.0,0.174713703369402
407.0,0.17080469247387434
415.0,0.1610602234246968
423.0,0.20473020016214827
430.0,0.19314671886786233
438.0,0.16512739344984165
447.0,0.20625145400204378
451.0,0.21402464912165806
459.0,0.18623524317239828
468.0,0.16302483774771281
477.0,0.17159908407511323
488.0,0.16326847353096563
496.0,0.16842724045476512
504.0,0.18480204199990963
509.0,0.17513006054201244
514.0,0.19309437934029733
523.0,0.19384088330196947
531.0,0.15349116110705588
539.0,0.18392349194907315
546.0,0.1903186910261645
556.0,0.20803715511388235
563.0,0.19241820523157058
571.0,0.1687756839776762
582.0,0.1937941430099079
590.0,0.18733020357960894
594.0,0.18063767394533103
602.0,0.16138611865689942
609.0,0.19284342067840715
617.0,0.1809326311215076
625.0,0.18309761534801916
633.0,0.18333680998608556
641.0,0.18836618560138502
649.0,0.19225066190359294
657.0,0.1945850340140875
665.0,0.18232394437748292
673.0,0.18134038986708995
682.0,0.1787633278098012
690.0,0.19379223802453763
696.0,0.19938974794096068
702.0,0.1740505225694726
709.0,0.17235074416311824
714.0,0.16239894942761873
721.0,0.1764819171294992
729.0,0.18499541309505763
737.0,0.19421436622598406
743.0,0.20676354948319586
748.0,0.19134959902474988
755.0,0.19891101681570628
760.0,0.17141479459358866
767.0,0.18661576753495346
774.0,0.19033728239037118
780.0,0.1854179234619072
788.0,0.18362345957709345
795.0,0.1826674489000417
800.0,0.17257324029519627
806.0,0.1467748324468973
812.0,0.15989420237638569
817.0,0.18072137408700029
822.0,0.16785030404710802
827.0,0.19388721788479
831.0,0.19584078335420746
838.0,0.19180855490489404
847.0,0.187395749045086
853.0,0.19444080722662493
861.0,0.1816335698017987
869.0,0.17768674602520315
875.0,0.18581871694272784
879.0,0.18725985570646916
893.0,0.16998053835538293
897.0,0.16762108980185514
905.0,0.19091344960261408
912.0,0.18459231727658698
921.0,0.18616737931355712
927.0,0.18035461108268627
933.0,0.15541218514643668
937.0,0.1597492201342657
943.0,0.17779248508406587
949.0,0.18424202664368808
961.0,0.2187207791369944
968.0,0.17886430465874426
974.0,0.19122950225288973
982.0,0.1812952082578178
990.0,0.17444066766411395
999.0,0.18544477650708607
1005.0,0.1758305411219124
1013.0,0.19294663758010147
1022.0,0.18499431480402903
1027.0,0.1916872659190581
1034.0,0.1689319784258299
1041.0,0.19132978322126928
1049.0,0.2120501623756302
1055.0,0.19884966696063028
1063.0,0.1516789673679174
1069.0,0.1858089286382673
1075.0,0.17874312726871824
1081.0,0.17143848364898295
1090.0,0.17318988282834724
1096.0,0.19192186941886477
1102.0,0.18879025478861594
1114.0,0.21465618021511337
1121.0,0.1941839688153217
1125.0,0.19032900971215033
1134.0,0.19812939820052972
1142.0,0.17662582902968593
1149.0,0.18917898146971063
1153.0,0.1849035303028303
1161.0,0.1542691466143699
1169.0,0.18117275593365584
1177.0,0.1604192189618147
1183.0,0.17236330255261811
1190.0,0.1830825557251804
1194.0,0.20202310476746865
1205.0,0.18459892917884885
1213.0,0.18298124963407125
1222.0,0.16008887607503086
1226.0,0.17540071731951298
1230.0,0.20054395583828935
1239.0,0.17031959948408862
1247.0,0.18023799287228348
1253.0,0.17754024485963857
1259.0,0.1972730044920624
1268.0,0.20486728265790888
1272.0,0.2028543393347758
1280.0,0.1973574532425558
1286.0,0.16973266418382715
1290.0,0.1854355195126349
1294.0,0.18642086280227313
1301.0,0.17914920712105506
1308.0,0.19664213161150146
1315.0,0.1840809414300178
1321.0,0.1881011355510547
1329.0,0.18375017946898886
1333.0,0.18166895571412112
1342.0,0.1707728941837185
1350.0,0.1683116524065008
1359.0,0.1727188898192879
1363.0,0.19066498757206476
1371.0,0.18310598985384166
1378.0,0.1880266171974788
1384.0,0.17813165397409536
1398.0,0.18761369557865532
1402.0,0.17523690653391408
1414.0,0.20111275575834905
1418.0,0.19477009228486564
1424.0,0.19540066790501615
1429.0,0.20721356259385854
1438.0,0.20190801665217034
1447.0,0.16357103367868903
1455.0,0.20239337219520165
1464.0,0.1885526620166242
1471.0,0.20230330066543312
1475.0,0.1953805426102289
1482.0,0.18075035269545114
1494.0,0.17504269417937537
1501.0,0.18203062468334058
1510.0,0.1680010831302044
1517.0,0.19167912752989424
1523.0,0.16749731390361736
1531.0,0.18815046529287452
1543.0,0.18599103172756587
1550.0,0.16259726378026826
1558.0,0.17893639746348752
1572.0,0.18399914064986192
1580.0,0.18359077917483074
1589.0,0.15596807662817275
1598.0,0.19549700003282616
1605.0,0.18683361307154525
1613.0,0.1721789442503309
1618.0,0.1672180424590495
1623.0,0.17615965656243956
