,3
2.0,0.2152418137643082
10.0,0.23460472242255437
17.0,0.23553367884081963
21.0,0.20823720276674837
25.0,0.22466512202983654
37.0,0.19914419625870988
44.0,0.1985478041329526
50.0,0.23079483087620292
55.0,0.26783122899275086
60.0,0.2029105465425306
68.0,0.2086293765396425
74.0,0.2249809448046724
82.0,0.18518144905844997
89.0,0.24131822510461248
101.0,0.11767063960996857
110.0,0.17919112783758823
117.0,0.2186713903340683
123.0,0.1562836724498834
131.0,0.25916328848425135
139.0,0.2350250408931053
145.0,0.1884537642745561
149.0,0.2147203766354656
155.0,0.14026406970923944
165.0,0.21515028086112992
176.0,0.22012645854994153
182.0,0.19479444138948784
186.0,0.13414697623201335
190.0,0.2268474587738718
196.0,0.15803860610980472
204.0,0.16937755654101513
212.0,0.20859010803129274
220.0,0.21539156775094795
226.0,0.2047291757665558
235.0,0.20013870747197132
249.0,0.22450650644668912
256.0,0.22328033732327246
263.0,0.21999596071698513
269.0,0.20966616164380653
274.0,0.22420253332097548
279.0,0.2237577808886134
289.0,0.2253021917467974
295.0,0.14896253489504338
307.0,0.21247065025883247
316.0,0.2108709959610937
322.0,0.2959029102657589
333.0,0.16951534064992405
341.0,0.19567241687761608
350.0,0.1541714885257627
357.0,0.1756197515779887
368.0,0.22463271492344464
376.0,0.22796807468067892
380.0,0.25001880998128595
389.0,0.17045632540608577
399.0,0.20759021441929676
407.0,0.20737902732058314
415.0,0.24786231252466412
423.0,0.20115380072712993
430.0,0.23754777848734202
438.0,0.1996235339249342
447.0,0.1950286578698435
451.0,0.21387446159355525
459.0,0.19975342861397485
468.0,0.1774687639859838
477.0,0.18939110543256862
488.0,0.2589991828865654
496.0,0.26776764206488896
504.0,0.26545438869712057
509.0,0.24949415804110986
514.0,0.23373451379875698
523.0,0.2283702412704388
531.0,0.25058782892787956
539.0,0.22353959192685222
546.0,0.18012073482440075
556.0,0.24267999661734851
563.0,0.2563993357219379
571.0,0.21749181118212974
582.0,0.2374821223554222
590.0,0.23254943762285454
594.0,0.17399842196269225
602.0,0.24812733530040668
609.0,0.14295068296822652
617.0,0.21796613611682805
625.0,0.22832945849562802
633.0,0.2528617099936713
641.0,0.22628203028601787
649.0,0.1666390510864603
657.0,0.1991090522708242
665.0,0.22920454229537626
673.0,0.1718388774889048
682.0,0.22519260457491477
690.0,0.22517875087956343
696.0,0.1766557508926213
702.0,0.17677266138027353
709.0,0.20490945202961255
714.0,0.21568115448755992
721.0,0.24506240376172778
729.0,0.228088939310534
737.0,0.22446782377139304
743.0,0.2535896801205583
748.0,0.1898131495605141
755.0,0.1714593669758981
760.0,0.2216879181785713
767.0,0.21495862817756847
774.0,0.22642896446925942
780.0,0.2079002142823426
788.0,0.1975308427733589
795.0,0.19626122927024267
800.0,0.19967331544152347
806.0,0.23795856673112953
812.0,0.17971734537968864
817.0,0.2649547603371263
822.0,0.2256503617034431
827.0,0.22932069790674872
831.0,0.19012772673817283
838.0,0.2107807973596815
847.0,0.22327933260957988
853.0,0.18869664100806469
861.0,0.2131975758106158
869.0,0.2352312970188418
875.0,0.14466494959113801
879.0,0.1538993005812185
893.0,0.16965930920434946
897.0,0.2076478723922714
905.0,0.25765969234726144
912.0,0.17484770921488615
921.0,0.2168776925373278
927.0,0.16118650937009055
933.0,0.172392819755737
937.0,0.17816521114712977
943.0,0.23209183255009264
949.0,0.2532741147272684
961.0,0.24982714835727338
968.0,0.2541151278105516
974.0,0.22461792466231048
982.0,0.15978923676268894
990.0,0.22113337438039363
999.0,0.20804925468807156
1005.0,0.19466220427237507
1013.0,0.1633565122228921
1022.0,0.23342691474248517
1027.0,0.1912527124972325
1034.0,0.18476235805479363
1041.0,0.22234255148573592
1049.0,0.16375877795843968
1055.0,0.18401801986411795
1063.0,0.23414425401840988
1069.0,0.27093956702610644
1075.0,0.19940926091835193
1081.0,0.2193478866632943
1090.0,0.21780094519619245
1096.0,0.20697049302850937
1102.0,0.19901725685622246
1114.0,0.24321158585075014
1121.0,0.20513836729117924
1125.0,0.2134830113105496
1134.0,0.18312538959902458
1142.0,0.2544615316200666
1149.0,0.23476974170127418
1153.0,0.16297362671386778
1161.0,0.23052470279854032
1169.0,0.19849798111107292
1177.0,0.18650391031690586
1183.0,0.25266512772865574
1190.0,0.18048807619100432
1194.0,0.18336245079787603
1205.0,0.20075043072104337
1213.0,0.2030942966674238
1222.0,0.1886430998957704
1226.0,0.17254319776176258
1230.0,0.19351453804465318
1239.0,0.16730343944663556
1247.0,0.14468343351809682
1253.0,0.21969979837748427
1259.0,0.15911794230964163
1268.0,0.21786477963050638
1272.0,0.22336435862766224
1280.0,0.2273104917058744
1286.0,0.17968644594157174
1290.0,0.19817057050364695
1294.0,0.24354558856930353
1301.0,0.17333940820405697
1308.0,0.23942260813279748
1315.0,0.2056885392114124
1321.0,0.21765722451458416
1329.0,0.2770041448083134
1333.0,0.2526509772266082
1342.0,0.1887706009129606
1350.0,0.2287260201384585
1359.0,0.1209529081223051
1363.0,0.16946995395432138
1371.0,0.23082768687134814
1378.0,0.20444461273775383
1384.0,0.2104587243976544
1398.0,0.15813515285622548
1402.0,0.20784520177837096
1414.0,0.22785114356852232
1418.0,0.1668508023842256
1424.0,0.19928072094847513
1429.0,0.23198986094425691
1438.0,0.19091284102271178
1447.0,0.1961271310805657
1455.0,0.20329358676297318
1464.0,0.24493592345582835
1471.0,0.2366740343952146
1475.0,0.260483945855022
1482.0,0.18681828605829423
1494.0,0.20285235802182344
1501.0,0.21892283311219965
1510.0,0.21556093456355171
1517.0,0.20725217531062107
1523.0,0.21678203486669254
1531.0,0.2123319422185395
1543.0,0.15911458297217992
1550.0,0.19122972977317929
1558.0,0.12354124827783601
1572.0,0.22792930477551218
1580.0,0.21434884724290582
1589.0,0.2231302619771692
1598.0,0.14330247762415593
1605.0,0.24360276766962455
1613.0,0.20656894029900819
1618.0,0.1976159992270456
1623.0,0.21818965242112598
