,5
1633.0,0.19098900574282865
1641.0,0.18517000318954668
1652.0,0.20521594726683198
1659.0,0.18453791653165613
1667.0,0.18749667268155648
1675.0,0.18071831373813618
1683.0,0.17429950713785575
1692.0,0.1741632906128836
1696.0,0.21645639919829182
1704.0,0.19908558162301332
1711.0,0.1859010865626637
1719.0,0.18931397752762955
1728.0,0.19409671726419228
1736.0,0.20044909805401712
1740.0,0.21088593737627118
1744.0,0.19366373025401495
1751.0,0.17532217381214918
1763.0,0.2074564921019736
1775.0,0.18198442299183454
1783.0,0.14412875880642334
1791.0,0.20682311968957695
1797.0,0.16020902540701948
1805.0,0.200592955549399
1813.0,0.21752119638883985
1820.0,0.17501809421477635
1825.0,0.20057197645998706
1836.0,0.1730558659505499
1840.0,0.20200007763344474
1844.0,0.18605263304164668
1852.0,0.1502975821451792
1863.0,0.19006783869797056
1868.0,0.21128114207791532
1873.0,0.19721368441725937
1880.0,0.1586648393101053
1887.0,0.1660058334783636
1891.0,0.18800374825907
1899.0,0.20119047867394907
1908.0,0.1870361437664533
1919.0,0.19994351896162194
1925.0,0.18366407673410243
1932.0,0.1905862904376027
1940.0,0.20347406377145202
1947.0,0.19677636601725512
1954.0,0.18788868298813646
1961.0,0.20612907364699445
1970.0,0.19890153001529118
1976.0,0.19591768224159514
1987.0,0.21098321471029002
1995.0,0.16843175040844574
2004.0,0.18713708662237694
2012.0,0.20460233950523715
2020.0,0.21837363942977098
2029.0,0.1799396360704378
2033.0,0.1538651899780383
2041.0,0.1775140220834227
2045.0,0.1795854123962753
2052.0,0.20969363135462693
2060.0,0.20105509744111755
2068.0,0.19775358673436969
2074.0,0.20793827110904195
2080.0,0.2287678280055706
2087.0,0.20568122815338813
2099.0,0.18632989307081319
2110.0,0.21680977606219495
2118.0,0.200199095992623
2129.0,0.2071539730328362
2140.0,0.17585412649995083
2148.0,0.1995319276273841
2153.0,0.2135349322179005
2162.0,0.18605630999928233
2166.0,0.21164254630314844
2176.0,0.19763464819000864
2183.0,0.21573807369909215
2191.0,0.194276739411182
2197.0,0.20713519648398385
2205.0,0.14795687424266366
2214.0,0.21100157101648315
2225.0,0.15588607234674884
2233.0,0.18738243206485647
2239.0,0.20311178599029625
2250.0,0.1742678964955588
2255.0,0.16620589911076547
2262.0,0.20486187632556996
2270.0,0.19060619120106245
2278.0,0.15930222492529808
2286.0,0.1745550146213944
2292.0,0.1911662409273745
2299.0,0.1498785330902183
2303.0,0.18651283974838592
2311.0,0.16482154722263204
2318.0,0.2042403168264833
2325.0,0.19164198090287302
2334.0,0.19598605955053885
2348.0,0.18076835925145085
2354.0,0.18541701105230102
2361.0,0.20341537811609375
2368.0,0.21287545498648724
2377.0,0.17793160115287696
2382.0,0.19089158144889298
2390.0,0.20436325550601347
2397.0,0.18819750794578174
2406.0,0.1724468183360378
2410.0,0.20320744447698857
2417.0,0.1987756096120223
2422.0,0.20425813732988665
2429.0,0.1781646197476533
2438.0,0.20438871343906712
2446.0,0.1935464818402896
2450.0,0.19264638865663763
2454.0,0.1937288419981836
2462.0,0.17736878808289436
2466.0,0.20727184550172797
2470.0,0.20586273993654866
2475.0,0.2068573199119741
2483.0,0.20072002701476502
2491.0,0.19878535398139707
2495.0,0.2110133951025858
2509.0,0.20333039617718468
2520.0,0.20947531058504865
2531.0,0.18841952017347993
2539.0,0.18425359201042685
2548.0,0.1891905467112294
2559.0,0.1973106391877552
2566.0,0.18503432238824097
2570.0,0.14913901232244905
2574.0,0.17959586593054178
2582.0,0.17771440369130534
2586.0,0.16649413957278397
2597.0,0.16714172414988882
2605.0,0.18122859407828798
2613.0,0.20522261535642977
2625.0,0.20334774449866014
2634.0,0.2034054755496355
2642.0,0.20875748698901656
2649.0,0.2183870265926831
2660.0,0.21402327425011164
2666.0,0.18165335116259262
2673.0,0.18644791373270012
2677.0,0.2602601981978871
2681.0,0.19063017828779957
2687.0,0.2203031229247088
2691.0,0.20605114487934917
2699.0,0.18849298959680255
2707.0,0.18754453445916727
2711.0,0.1906114129516112
2719.0,0.18525632286172716
2725.0,0.171543104616321
2733.0,0.2073072881099351
2741.0,0.1536727864096013
2745.0,0.1632635996444426
2753.0,0.1613533614817099
2761.0,0.18735617458020634
2765.0,0.1998652063776673
2772.0,0.20207175489351656
2783.0,0.19322099092991926
2794.0,0.16400913365462358
2802.0,0.19659534208224777
2809.0,0.19108171737091462
2816.0,0.18737847848179753
2822.0,0.16962014813167792
2831.0,0.17717488894239772
2835.0,0.19684098249089607
2839.0,0.2015313178579441
2846.0,0.1595408673196259
2854.0,0.17216197873254088
2861.0,0.212991490444477
2868.0,0.21620964930952952
2877.0,0.19810999355607767
2888.0,0.1919969744711109
2897.0,0.18749336437012443
2906.0,0.1784571433678355
2914.0,0.1706244467411411
