,4
2.0,0.18513001766167667
10.0,0.18699555840223803
17.0,0.18380796679797862
23.0,0.12800969455631292
27.0,0.18498988833470503
34.0,0.11654182022912396
43.0,0.16263984026484962
49.0,0.16120764527791712
57.0,0.1936669870139631
63.0,0.1656257030262453
68.0,0.1795738681097897
76.0,0.16346838080311377
83.0,0.2336090721846268
90.0,0.18404505589830106
99.0,0.18353233766698157
104.0,0.2052338139730233
111.0,0.18327075209204557
119.0,0.1758616017410976
126.0,0.18190045520836468
134.0,0.19575361449457676
142.0,0.18709037062695766
150.0,0.20448773342785617
158.0,0.2121522369545846
163.0,0.20337988744654778
169.0,0.19531612814045204
177.0,0.15333086417244923
181.0,0.16564788480657605
188.0,0.1638445624186926
199.0,0.15166497216058528
206.0,0.15286572820934935
218.0,0.20695429392225034
224.0,0.2016217117790662
236.0,0.181641779154407
244.0,0.2012603892574118
248.0,0.17865439543592138
255.0,0.21606857315561454
262.0,0.19084249852017435
273.0,0.1374354095016406
282.0,0.1990048717067042
290.0,0.16398815126490712
301.0,0.2007625759934045
310.0,0.2065868485934221
316.0,0.17552997411737226
323.0,0.18713311327484122
331.0,0.19015124125738486
338.0,0.1769758508668897
345.0,0.16595619281545806
354.0,0.1659478026209144
360.0,0.18062177402982862
372.0,0.2174865925644445
376.0,0.21263653924236356
388.0,0.1307319825931418
400.0,0.15860868712820794
410.0,0.17923601598926023
419.0,0.18525286170896874
431.0,0.22402779032471984
438.0,0.19190818284547065
445.0,0.16820365334633178
453.0,0.1648581467196673
460.0,0.16823998471584872
467.0,0.14375731019055532
471.0,0.25747921165657417
476.0,0.1246346215802307
487.0,0.16570830997529276
494.0,0.19875168706655313
505.0,0.22997559075995572
509.0,0.20765418116080314
516.0,0.18169280408892466
527.0,0.2201731152225685
538.0,0.19780501294801064
546.0,0.15118586202967982
554.0,0.1891349954860376
561.0,0.19784470034784427
565.0,0.14991321196193036
574.0,0.21132690194418713
579.0,0.20175681778818125
586.0,0.19812845252276132
595.0,0.18433246208611526
604.0,0.1815198224578145
612.0,0.18092933239866849
624.0,0.20354870707562167
636.0,0.18893599744931577
643.0,0.17573579310130052
647.0,0.185215335185059
655.0,0.1826310889767042
665.0,0.19833625689654866
677.0,0.1682304273354254
682.0,0.17657975620407446
689.0,0.1500547046618786
700.0,0.1882102703147854
706.0,0.18270520396057274
714.0,0.21346478444869327
722.0,0.194234330617478
730.0,0.19387793070142847
739.0,0.22295842644927955
746.0,0.20389731683809256
