,4
755.0,0.1195645615061388
772.0,0.1799180629641253
781.0,0.1806256722540257
786.0,0.17107727891394164
793.0,0.16570856215307073
801.0,0.18216349547899238
809.0,0.20236125725841456
813.0,0.2571970937024064
822.0,0.17163815601102805
831.0,0.17409192438200632
839.0,0.17051755402438756
850.0,0.1588258163693278
856.0,0.1724679403266566
864.0,0.2065836521227005
870.0,0.1923406584324717
878.0,0.20864321713894932
886.0,0.20002500040743812
896.0,0.2088319752124043
905.0,0.17748162657899727
912.0,0.20295435564130218
920.0,0.13052429649032868
929.0,0.1621221855327723
938.0,0.1927340850431705
947.0,0.1728941736831518
955.0,0.1774676362057669
960.0,0.19509107254743516
968.0,0.14561219541841128
975.0,0.1960340392392859
984.0,0.20224025825398897
996.0,0.14428391634984547
1008.0,0.19761583471939706
1012.0,0.1860012184293558
1021.0,0.17666215741482014
1029.0,0.20032315123827177
1037.0,0.18788022115634734
1045.0,0.2209706243470262
1050.0,0.138133729174113
1058.0,0.20610927906759188
1072.0,0.22925689113338996
1080.0,0.212735755538142
1086.0,0.2396516252527246
1094.0,0.2206241047248254
1101.0,0.1860866999082696
1105.0,0.23892542322570162
1119.0,0.18816261935643633
1126.0,0.18131803564213975
1135.0,0.2265300435876414
1147.0,0.2006506490901423
1154.0,0.21006023402864005
1162.0,0.1850601836974634
1169.0,0.21101073854547436
1177.0,0.14009726985813714
1190.0,0.2006185774060612
1204.0,0.20681704531485406
1215.0,0.19009472452739026
1224.0,0.18443804254129625
1235.0,0.18427912480119554
1244.0,0.15515350629853825
1253.0,0.19244451853463257
1259.0,0.16003640682716178
1268.0,0.15097691885524123
1277.0,0.17518907636578687
1285.0,0.17932645132250516
1292.0,0.19994634110227505
1301.0,0.19486662518587722
1309.0,0.17558735566029113
1313.0,0.19914142291154255
1318.0,0.1824694190870879
1327.0,0.18290009403963292
1333.0,0.20029822316231433
1340.0,0.15450189607442394
1348.0,0.2021684961284009
1357.0,0.18854118784384055
1364.0,0.18945255074873196
1375.0,0.209688029402254
1386.0,0.1971246146751209
1399.0,0.1896283614186367
1404.0,0.2055836599777006
1413.0,0.16236460619813373
1418.0,0.1796273565360319
1427.0,0.19726511630837795
1431.0,0.19332585547382633
1437.0,0.17126497630102294
1445.0,0.18492037768308098
1453.0,0.1874275520762374
1460.0,0.1685734388587319
1468.0,0.16297494710777224
1476.0,0.21286844659145485
1484.0,0.16753583888830315
