,6
2.0,0.20572019502835204
10.0,0.1762412734621511
17.0,0.1373168060893439
23.0,0.1528796221409412
27.0,0.15750442309726137
34.0,0.17163107158344537
43.0,0.18340045066037305
49.0,0.18174531739322294
57.0,0.18981517569186337
63.0,0.16994622834888495
68.0,0.16571363987214163
76.0,0.18811200193808483
83.0,0.19362059848248162
90.0,0.175848498703369
99.0,0.1784315739965389
104.0,0.17977072166958208
111.0,0.17872919107764373
119.0,0.19864800142910585
126.0,0.1709066058788279
134.0,0.19817392564982772
142.0,0.159902787381494
150.0,0.17405950379930288
158.0,0.16861164341601054
163.0,0.1934656186715509
169.0,0.15339834849364498
177.0,0.16847453518715913
181.0,0.19317983611391934
188.0,0.17444755082160765
199.0,0.1769011090815507
206.0,0.19498401019321995
218.0,0.21525054313685524
224.0,0.17640951316082948
236.0,0.17617866727553078
244.0,0.1900878359480187
248.0,0.16638450866717644
255.0,0.16875204497465737
262.0,0.19178843989503766
273.0,0.16832888181815575
282.0,0.1858743658437938
290.0,0.19865356372385645
301.0,0.18479139926820376
310.0,0.18024133717426058
316.0,0.16802156924658984
323.0,0.1922179907458897
331.0,0.18627298222369612
338.0,0.15995828361172298
345.0,0.21144103570640338
354.0,0.13911390655503333
360.0,0.1622561427826811
372.0,0.17151004993106947
376.0,0.18176760783514523
388.0,0.18123111125017063
400.0,0.1701610773797133
410.0,0.17692544406282498
419.0,0.17187872758058906
431.0,0.17305903844519505
438.0,0.19302334912727562
445.0,0.1862115902620053
453.0,0.17196260291559232
460.0,0.1760581027120798
467.0,0.15367844574558537
471.0,0.16560732361726666
476.0,0.16755014235073468
487.0,0.18862459273403712
494.0,0.1453060694315302
505.0,0.1917495171163141
509.0,0.17050503386765614
516.0,0.1678379920892695
527.0,0.1805041914296919
538.0,0.17907957387335738
546.0,0.1753767008892454
554.0,0.1658536493275393
561.0,0.1676386612839337
565.0,0.15532479280815017
574.0,0.17297507071817855
579.0,0.1363726690741807
586.0,0.1609241088118237
595.0,0.19388397210519343
604.0,0.17473700795881814
612.0,0.16249443915768458
624.0,0.1791334918453673
636.0,0.16976941309807422
643.0,0.17694818299184997
647.0,0.159750880308391
655.0,0.1788169752185562
665.0,0.17811300753764062
677.0,0.14671089348401714
682.0,0.17410912913253412
689.0,0.17489009249058407
700.0,0.1649160173459157
706.0,0.17085160342711422
714.0,0.17834436317587118
722.0,0.17572833358636408
730.0,0.15648917170451032
739.0,0.19028108393153992
746.0,0.16970138429408055
