,8
0,0.16008242624819027
1,0.15490338945106963
2,0.16118250879043153
3,0.13183195002573345
4,0.14237191719224784
5,0.143548748311442
6,0.15341791437256205
7,0.16197190508576526
8,0.15227041453839726
9,0.16254087691471553
10,0.15815631977030306
11,0.1729405942412311
12,0.155710361766313
13,0.16549485308666076
14,0.14985656307467599
15,0.17397521260239535
16,0.16574651222039694
17,0.15073140166732096
18,0.17857264585103105
19,0.15430933364215255
20,0.15923808213107615
21,0.15855684196380698
22,0.15874031498910265
23,0.1911173304483778
24,0.18209923016133275
25,0.17066597683281304
26,0.15934294632888807
27,0.15091738549843456
28,0.1746226318717208
29,0.15638927226721316
30,0.18951918186577396
31,0.1537505300949591
32,0.14535485635463644
33,0.1627395949592813
34,0.15276575942285867
35,0.14840634207386696
36,0.15395993425771792
37,0.17253106442489274
38,0.16520570594716802
39,0.1673750762412225
40,0.1397832960007565
41,0.1626009232834139
42,0.1862838525563003
43,0.16233515663888404
44,0.15474603385752458
45,0.15843362531595506
46,0.17518717232036263
47,0.19850112386448013
48,0.168201511412312
49,0.15603038663897997
50,0.1670029675004893
51,0.1522234550090298
52,0.1502411901942332
53,0.14662400344045176
54,0.15017515087103353
55,0.15368639254450742
56,0.16447837888262265
57,0.16084875546182398
58,0.1601961642114151
59,0.1750630582824491
60,0.16353805311312142
61,0.1456781564875236
62,0.16413578719071656
63,0.16428372986592335
64,0.1683481949936008
65,0.1652510002824997
66,0.1380820155919979
67,0.14246870384684518
68,0.1455216179373523
69,0.1446492688472921
70,0.14413089962966963
71,0.1460539388789326
72,0.14597470197553483
73,0.1398203308656534
74,0.17331466273907672
75,0.12734744621872787
76,0.17686517017418715
77,0.16488024434091447
78,0.17383907728704645
79,0.1464442878923744
80,0.13797593532643035
81,0.1535232712384595
82,0.17310527905875678
83,0.14650144580446664
84,0.14135960945996645
85,0.16311715117988485
86,0.14920168323438673
87,0.14820454485782267
88,0.15549384233758803
89,0.15606557073852542
90,0.14588546849977554
91,0.15551364884667326
92,0.1547946585377946
93,0.16592638959413905
94,0.1425531925216341
95,0.16733633843566087
