,5
2.0,0.19222895994169115
10.0,0.16793778672739026
17.0,0.17025505513503017
23.0,0.16373156367173639
27.0,0.1705624220307606
34.0,0.19484511392206294
43.0,0.17293363537576345
49.0,0.1894909379270681
57.0,0.17418146670472642
63.0,0.18032116807515622
68.0,0.15001459769508046
76.0,0.1823557138028704
83.0,0.1728238257965899
90.0,0.18490625058553112
99.0,0.17156604588994215
104.0,0.19317249305239995
111.0,0.19047306810516199
119.0,0.1867309105994722
126.0,0.1929612603379005
134.0,0.19970774153690402
142.0,0.18876675498305331
150.0,0.17464191904695844
158.0,0.18345928230365718
163.0,0.19329699246699417
169.0,0.19071019768025918
177.0,0.18494878288074984
181.0,0.16075962539694053
188.0,0.20289910048472898
199.0,0.18305764945281833
206.0,0.17528827473439187
218.0,0.18364814649117175
224.0,0.18998822420286665
236.0,0.21249906647636777
244.0,0.18335548425390732
248.0,0.1613724966136135
255.0,0.1687418813291203
262.0,0.21011055479081542
273.0,0.20087060986730904
282.0,0.21363132228745144
290.0,0.17178164408131066
301.0,0.181950393490894
310.0,0.1809808797603405
316.0,0.17922580169817792
323.0,0.19244565666486518
331.0,0.16224102133171098
338.0,0.21346622133842072
345.0,0.19597359491794283
354.0,0.1493847745714061
360.0,0.15323281439316333
372.0,0.16550278024619938
376.0,0.19602804931815887
388.0,0.19866966855152352
400.0,0.19046409660147165
410.0,0.19122729427779042
419.0,0.21439249666090335
431.0,0.19959023853115865
438.0,0.19049626843196793
445.0,0.1643310909546768
453.0,0.18424991606766775
460.0,0.1959876422524158
467.0,0.1432502081828059
471.0,0.1774669757064378
476.0,0.17479441576795363
487.0,0.1705321862250724
494.0,0.17983723735374846
505.0,0.17751372747161265
509.0,0.1844750846804346
516.0,0.17851898587704684
527.0,0.19600966033487652
538.0,0.17598533866236046
546.0,0.14707053343464582
554.0,0.18221114872453106
561.0,0.18384973683181258
565.0,0.17092852062706396
574.0,0.17628925886205535
579.0,0.15297219810037585
586.0,0.17948564801826733
595.0,0.21694960205154853
604.0,0.20688195362774167
612.0,0.1808880281006384
624.0,0.2026384848330308
636.0,0.18949510459237864
643.0,0.17152382807499936
647.0,0.17910364439346316
655.0,0.1634842573116492
665.0,0.17856353645294465
677.0,0.1797866343434057
682.0,0.1905920383985318
689.0,0.18216671610254548
700.0,0.1712399486364275
706.0,0.19139431969065485
714.0,0.17647003601431224
722.0,0.18787894358034643
730.0,0.19738216019015614
739.0,0.16451614626444544
746.0,0.1818703235824109
