,8
0,0.18096193379098435
1,0.1674969168350181
2,0.1778707570517663
3,0.18147286330309015
4,0.1460353863547382
5,0.14502090388006775
6,0.15501081023293756
7,0.1471158141078822
8,0.15080635546736038
9,0.14873003275886715
10,0.15102576081350838
11,0.15405993379604396
12,0.16629072675044335
13,0.17294616092088688
14,0.19008656032517177
15,0.1691419810644468
16,0.16891423498451102
17,0.15270335885777145
18,0.1897354598365003
19,0.16997560603476605
20,0.16244553328625902
21,0.1473971087651211
22,0.16408398803904098
23,0.14644769113754408
24,0.15046255674838496
25,0.15507005630596465
26,0.1760140711122642
27,0.15697643737749134
28,0.16428904641883163
29,0.16667656039662795
30,0.16298022629753184
31,0.20059431191727728
32,0.17345606140895525
33,0.16476031633444907
34,0.17227967937853395
35,0.1435724347210387
36,0.15947265363170735
37,0.15613666998297043
38,0.14355781849403673
39,0.1557307066874685
40,0.15523815781024958
41,0.14872537580150208
42,0.14967946965121295
43,0.15766848972963493
44,0.14748155901087623
45,0.17030956358366808
46,0.16639058309023647
47,0.15058207826812336
48,0.1589338519546607
49,0.17491726255699874
50,0.15503115825899488
51,0.1530446148180997
52,0.15785213154798955
53,0.18074573239014413
54,0.170300136350081
55,0.14562420303195073
56,0.14643565056837038
57,0.1533603620518435
58,0.19026543865511675
59,0.1692721934715835
60,0.17850449466135512
61,0.1746576528526787
62,0.1642648965757827
63,0.1670383740868191
64,0.1694807448442038
65,0.19399204416831697
66,0.16323347073617567
67,0.15815329720417473
68,0.18070382340271812
69,0.15394016968083518
70,0.164149486052199
71,0.16823913750291813
72,0.15502846271336962
73,0.1628748255832273
74,0.15793978990664037
75,0.14917310024261024
76,0.14158797143940804
77,0.1360545235228665
78,0.1499524768388145
79,0.13901554425171464
80,0.1758540987379001
81,0.15997819229494764
82,0.17252809503899202
83,0.17788997887193972
84,0.19814335952989612
85,0.17251933740808356
86,0.1788483402038118
87,0.1695235208182743
88,0.1399889671533263
89,0.16207509053487196
90,0.15117664900338662
91,0.14962977009357514
92,0.15716010402179115
93,0.16389268499855433
94,0.1564236916649707
95,0.1521997078347363
96,0.16410262655709412
97,0.1732574966229149
98,0.14967047795721014
99,0.15029347142517158
100,0.17554576040588749
101,0.17320582687792205
102,0.15531917774486534
103,0.1689728863059728
104,0.15259236065346538
105,0.16937106649625402
106,0.15478187203941743
107,0.15394253895900717
108,0.15072167054155347
109,0.15965787791614705
110,0.18108888143011365
111,0.1555633092129201
112,0.1881876978864626
113,0.17640565807265912
114,0.1756208641845467
115,0.169156811703936
116,0.14484747440824228
117,0.1573467695314289
118,0.17768149667180014
119,0.17695236455040997
120,0.15713889115834204
121,0.15479653381547556
122,0.14439054732376627
123,0.14754985365146042
124,0.14523565320828716
125,0.1441346414337184
126,0.14935158170727628
127,0.1654503474328741
128,0.18436675814789433
129,0.15281209052071174
130,0.14707482557797755
131,0.1606970126527296
132,0.18863996013864795
133,0.1801090678343507
134,0.1745635609200809
135,0.16955555359155078
136,0.1971950603244691
137,0.1606308489588151
138,0.1330401615711624
139,0.18284514660395557
140,0.1464894880645559
141,0.1457882894241946
142,0.15756052801815523
143,0.16157945261914144
144,0.17405912947717964
145,0.17227877779561823
146,0.16062817876975563
147,0.18521819991915872
148,0.18354715651905673
149,0.1779032312639138
150,0.1613620192201974
151,0.1522125728352798
152,0.143061326170765
153,0.1653052448845433
154,0.16279965564437107
155,0.164554385987504
156,0.17405007897325306
157,0.1667776355869518
158,0.18967750895357066
159,0.17227309889986808
160,0.14287450193315535
161,0.1508628056134478
162,0.17922279982871586
163,0.17080730615338452
164,0.15596594048891868
165,0.14766855464895928
166,0.13862158169052327
167,0.15364150702899984
168,0.1461956742863152
169,0.15531234692936113
170,0.1589280483268503
171,0.15526759379274022
172,0.16006523329033562
173,0.18928031300905768
174,0.19472709050967832
175,0.1741946532600984
176,0.1485415993889998
177,0.17187542980859727
178,0.16120422503624401
179,0.1522962627940336
180,0.19037671380777327
181,0.1631181723591356
182,0.177783703624693
183,0.15986017094439514
184,0.17192785182050307
185,0.17028855273986335
186,0.15931348146010552
187,0.16022787584189768
188,0.15853981900576664
189,0.15375331673229675
190,0.15456590008519866
191,0.15042274785702575
192,0.1533668202560007
193,0.15840343361629042
194,0.1567189812785409
195,0.14050323457579353
196,0.1610528402540203
197,0.15864634334987388
198,0.15485541073119485
199,0.1720596743783846
200,0.17778167655596225
201,0.16066374240964332
202,0.16879598577961202
203,0.167768156905086
204,0.15877825744048818
205,0.15776250462020794
206,0.15350813528397017
207,0.16085942350210522
208,0.16333869707374513
209,0.17388096408777698
210,0.15264357852915691
211,0.15535277152715246
212,0.13634307997637168
213,0.16573241139771436
214,0.1477087869784502
215,0.14243668080278263
216,0.17947590970377544
217,0.1509399443502814
218,0.16254929122615303
219,0.15645845006026474
220,0.1394310254291138
221,0.1522696974140332
222,0.1539292120962607
223,0.15462996374738758
224,0.15402743622660134
225,0.16196994541557583
226,0.14544183037524125
227,0.1435503855829576
228,0.17500390138325356
229,0.16587951864583528
230,0.162746343455177
231,0.14767835457661982
232,0.15717083880687757
233,0.14636117634484053
234,0.14754966868539124
235,0.14752669805717705
236,0.14097716227567783
237,0.14855959072725206
238,0.15973136345500968
239,0.1602472590486008
240,0.16290721453793902
241,0.16787116562215532
242,0.1584432866880013
243,0.15381437307573934
244,0.15405509298786105
245,0.16772095742921245
246,0.15786670388371532
247,0.1591882910918434
248,0.19192812108428942
249,0.17780342042966008
250,0.14791171638271772
251,0.17456079979279412
252,0.15624349642610688
253,0.1501619616314218
254,0.1553280328235493
255,0.1380166889887051
256,0.15619745743688646
257,0.1380654785038355
258,0.15001822484101146
259,0.15633003813605295
260,0.1525277685167217
261,0.1822707212838406
262,0.15579431261906515
263,0.14477107838384745
264,0.1521419981766538
265,0.158645080250879
266,0.1634550980057117
267,0.18075228106493266
268,0.1697065907279679
269,0.1546716957295132
270,0.1755508007132919
271,0.14831066549784824
272,0.14138998173379583
273,0.15857969587249188
274,0.15861121346321916
275,0.15249235356722873
276,0.18225009398841133
277,0.14843912643235607
278,0.17176260639365998
279,0.17581797814673072
280,0.1444514511238324
281,0.1740233786024092
282,0.1584408589184735
283,0.1478304666448908
284,0.1380068713818785
285,0.1567160221773235
286,0.14301029841637997
287,0.14893157340134597
288,0.1618069034749651
289,0.16977881547552495
290,0.15318668137589272
291,0.16424838197815952
292,0.16202381728684914
293,0.15710871778140456
294,0.14946727613290736
295,0.15779624705462034
296,0.15394706754558707
297,0.1735005261891525
298,0.1532684477735337
299,0.1839265668422165
300,0.14401920128186388
301,0.17340586831086274
302,0.18065186616575463
303,0.16306052696432574
304,0.16412468844657602
305,0.16816401329362649
306,0.15550649369056152
307,0.1573710655787549
308,0.16912819255967484
309,0.15188052420860731
310,0.14861437681216946
311,0.16080870178600257
312,0.17826778389416478
313,0.1770146290971729
314,0.15311647866351788
315,0.16839405549760295
316,0.16937980565819039
317,0.14608638192263718
318,0.1607974388886505
319,0.16379402933753381
320,0.16712405443040126
321,0.14309820480064878
322,0.16848740563762568
323,0.1535187931726337
324,0.15994947257614667
325,0.16114148385489804
326,0.1682969793361958
327,0.1761211441513996
328,0.16152660530619325
329,0.16561443729812933
330,0.15967301499422498
331,0.14572579247040174
332,0.15397525772099036
333,0.1662414534581278
334,0.17890242301544768
335,0.16735853499322118
336,0.16170857354094714
337,0.14068948416352747
338,0.16613845857282905
