,6
2955.0,0.21082298893189017
2962.0,0.18515495301062065
2974.0,0.1749103966016685
2985.0,0.17089399335751213
2990.0,0.17877093811146183
2997.0,0.16416104021146752
3007.0,0.16604919421733885
3018.0,0.18084331898074146
3026.0,0.18413679888736123
3034.0,0.1632845970623728
3042.0,0.18091303510740264
3050.0,0.17553699921008759
3054.0,0.19786756454999446
3059.0,0.19299550054980494
3063.0,0.21914272257230666
3072.0,0.17723503776767702
3078.0,0.18961599061793993
3082.0,0.16658948309983823
3091.0,0.18044805227778024
3097.0,0.16236154424124946
3104.0,0.17468050669274476
3112.0,0.1829344727170462
3119.0,0.17457188434261772
3128.0,0.18076812501420508
3137.0,0.18085918823862476
3145.0,0.16380527912444742
3156.0,0.1647338022525086
3164.0,0.177000741801714
3172.0,0.18699579453130377
3182.0,0.16288208745612448
3189.0,0.18355108365865794
3197.0,0.20906468556401567
3201.0,0.18090873729833631
3210.0,0.17285034780019057
3219.0,0.18265607674070075
3224.0,0.15794124690038946
3231.0,0.17172513768540004
3240.0,0.16750571400287226
3247.0,0.15518477563560187
3256.0,0.1727758017861133
3264.0,0.17126144169457616
3272.0,0.17393530843472388
3281.0,0.17080221330836817
3289.0,0.18248516386356822
3297.0,0.16909373768763902
3305.0,0.17323560872503838
3314.0,0.18827716600607747
3323.0,0.15215209683658656
3328.0,0.18150170730212736
3336.0,0.16332798776480056
3345.0,0.15170031952393398
3352.0,0.1657240492836087
3360.0,0.1781675789222298
3367.0,0.1808326574230337
3372.0,0.1784972505358826
3377.0,0.16735771154018825
3385.0,0.175834185352848
3391.0,0.17721622999995784
3399.0,0.17626633330764815
3407.0,0.17955663084110537
3414.0,0.15826718458755434
3421.0,0.1721087022395843
3428.0,0.16011913195489666
3435.0,0.18408929841650212
3444.0,0.19693025098396116
3452.0,0.16949708644610148
3457.0,0.1816325951221442
3465.0,0.192626423961461
3472.0,0.2052458046046368
3481.0,0.18943463096530933
3489.0,0.19271201419362793
3498.0,0.1987503443608582
3509.0,0.17805332349734312
3520.0,0.1878607499393855
3527.0,0.15201182088685125
3535.0,0.15544059650908382
3547.0,0.18104257822609443
3555.0,0.15382595425661777
3563.0,0.1522776925500988
3569.0,0.1692626430783768
3576.0,0.18813349929143486
3584.0,0.1588142867533847
3592.0,0.16508929144592024
3599.0,0.1665179873130698
3606.0,0.1780127494662583
3614.0,0.17870015885973925
3625.0,0.1818622690273982
3633.0,0.17485671986672688
3644.0,0.18895125725583306
3651.0,0.16996545813067687
3658.0,0.15457627764175588
3667.0,0.16877774333849635
3678.0,0.1804641112954543
3690.0,0.1973724109597608
3699.0,0.17348866050222964
3709.0,0.18497271182438832
3714.0,0.1947833943868565
3723.0,0.17794414729683125
3728.0,0.17328246021618815
3736.0,0.17752152740102345
3750.0,0.19404573565671587
3759.0,0.1882240386673921
3767.0,0.17318516122125474
3776.0,0.17915125348563735
3780.0,0.17696758430141998
3787.0,0.18842076462249294
3798.0,0.16369243809883902
3803.0,0.16067594296899035
3809.0,0.16921138601495922
3821.0,0.18706841189314616
3830.0,0.16196904698768844
3841.0,0.1774160026018774
3847.0,0.19837303029458564
3855.0,0.1904246509916417
3864.0,0.17544598873996187
3876.0,0.1602728049920533
3885.0,0.1585169020602354
3893.0,0.1982982738244106
3901.0,0.167395657214488
3909.0,0.1811401876899812
3915.0,0.17234783269158385
3920.0,0.17778422855664114
3929.0,0.1658379303274125
3941.0,0.16687298048688562
3952.0,0.17089401161324289
3960.0,0.17878676900189133
3968.0,0.18034012640032981
3977.0,0.17729174954559934
3985.0,0.15177335416924903
3993.0,0.1733748046231743
4000.0,0.17491099745956626
4008.0,0.18130572480796864
4017.0,0.17424470954480242
4026.0,0.18571263099375065
4034.0,0.16211909052294743
4042.0,0.20010492132832852
4054.0,0.17902459333285822
4061.0,0.1852995361258685
4068.0,0.16357913637497973
4074.0,0.20173073614588433
4082.0,0.16934322372840524
4091.0,0.16778137418669653
4099.0,0.18316860771079413
4107.0,0.18107267331508178
4115.0,0.1682183033765749
4126.0,0.18153119923747474
4132.0,0.19855674638874496
4143.0,0.19652717982562673
4150.0,0.18736965664446883
4158.0,0.20494994703335437
4165.0,0.19720761878913662
4171.0,0.17619034521040883
4175.0,0.19136493374948813
4183.0,0.19808393129586985
4194.0,0.17347306332243054
4203.0,0.17912184513455107
4210.0,0.17885030414399897
4219.0,0.16997774175192484
4230.0,0.18259430267496074
4239.0,0.19666308692501352
4246.0,0.15451723886594645
4254.0,0.17075242171156782
4263.0,0.18989610403737203
4270.0,0.1755835691558334
4278.0,0.15952600264876263
4289.0,0.1546158026861401
4299.0,0.17956684681516497
4307.0,0.172501705192279
4318.0,0.17974189610730898
4326.0,0.16188120068276796
4333.0,0.1577855543608535
4337.0,0.1714362440356527
4341.0,0.16399650307015154
4350.0,0.19966977052088347
4361.0,0.19997021796273617
4369.0,0.1903762907284856
4378.0,0.17662089725458893
4389.0,0.16480979384071992
4400.0,0.20821377324976673
4409.0,0.17566915915937797
4423.0,0.17878281499296653
4431.0,0.18539260119034123
4440.0,0.17636717536490143
4446.0,0.1804937907729057
4457.0,0.164459316605679
4465.0,0.21148651870810403
4473.0,0.16839592642745962
4480.0,0.17664076002158982
4487.0,0.19108996381345258
4492.0,0.18800474352537533
4500.0,0.17289433702893775
4508.0,0.1618038196635249
4519.0,0.17875642768429725
4526.0,0.17624198048064896
4533.0,0.18718466410830292
4538.0,0.17640746504188332
4544.0,0.1800372162239634
4550.0,0.17979175842473727
4556.0,0.18117893063537102
4568.0,0.17276593876350693
4576.0,0.16346018871642848
4584.0,0.17845531741919368
4591.0,0.18078712127469349
4599.0,0.1844703673106251
4610.0,0.16213810532831546
4619.0,0.16014647365535944
4627.0,0.164171762232989
4635.0,0.17153618526865405
4644.0,0.1542325560919072
4651.0,0.1710191712229717
4659.0,0.1772303721600941
4670.0,0.17758809992315355
4678.0,0.16357681001195373
4687.0,0.18171562747216963
4696.0,0.1856076481702916
4701.0,0.19248324883715343
4709.0,0.1809349080680424
4717.0,0.1836380004278189
4725.0,0.1752787468075548
4736.0,0.1798958852060927
4745.0,0.15258469477562453
4751.0,0.18199192155719152
4759.0,0.1903860830000182
4773.0,0.1911046280998259
4781.0,0.17104810829376246
4789.0,0.18819341180187923
4800.0,0.16516478206092838
4814.0,0.18051921297221857
4822.0,0.19557640256018605
4833.0,0.16701355412519575
4840.0,0.15478049553091228
4848.0,0.1813107855197532
4854.0,0.1729578795247721
4861.0,0.1713706892079263
4869.0,0.17896983747804115
4877.0,0.16384626296704113
4888.0,0.16608210847180693
4896.0,0.15636868884495236
4904.0,0.17743620593509987
4913.0,0.16212731325713908
4922.0,0.17628399610668832
4930.0,0.1586210676329316
4938.0,0.17957094306975743
4946.0,0.17036197600072409
4951.0,0.167548688040887
4960.0,0.16716416580203516
4969.0,0.15995824617893228
4976.0,0.17398797399764743
4984.0,0.1562081369360138
4989.0,0.19255648576582984
4993.0,0.18916791276544936
5002.0,0.17730354224235298
5008.0,0.18411056311073848
5017.0,0.15358717659779947
5025.0,0.17593677899176294
5034.0,0.16221605619502447
5042.0,0.17889044920480368
5054.0,0.15743320352820497
5065.0,0.16190780490550014
5072.0,0.19106469709598864
5081.0,0.16938796740759232
5092.0,0.18832363905147634
5097.0,0.19268377904523362
5108.0,0.18190374271518706
5120.0,0.16910446909394275
5127.0,0.18368834589074334
5134.0,0.2101112964416572
5141.0,0.16126939941876775
5150.0,0.16130353093191432
5158.0,0.1840565214524371
5163.0,0.15810559105622207
5170.0,0.17164117231435835
5177.0,0.17745584671042694
5186.0,0.1677256990040292
5193.0,0.14210473480896968
5197.0,0.1715725654561211
5206.0,0.16856093720747084
5214.0,0.17126720489373604
5221.0,0.1760781252582576
5232.0,0.17490405593278707
5239.0,0.16753737068122354
5246.0,0.15954314531615826
5257.0,0.1689895902897221
5262.0,0.1624982436800887
5271.0,0.17359180602025315
5283.0,0.16172050408957758
5294.0,0.18105346076894116
5302.0,0.17328141620533594
5313.0,0.16116654283975615
5321.0,0.173237362622307
5330.0,0.16170660001685944
5341.0,0.16176088541127032
5349.0,0.19411079052164357
5360.0,0.17334293215496674
5368.0,0.16493324548990262
5374.0,0.15819357669509665
5381.0,0.17020430625480829
5386.0,0.16044547770360312
5392.0,0.17393278533076584
5396.0,0.18910873330215705
5404.0,0.18926215236077612
5408.0,0.19002734303808633
5419.0,0.1788238154703628
5429.0,0.18908934310922534
5441.0,0.1558738297297007
5447.0,0.18040467231538948
5459.0,0.18464879666144138
5466.0,0.1864178251204759
5476.0,0.1752305461986271
5487.0,0.1664826974306574
5494.0,0.16755197519085732
5500.0,0.1698745335670181
5505.0,0.17580900813064787
5512.0,0.17795777751753428
5520.0,0.1785957182198366
5527.0,0.1636095991295073
5536.0,0.17217031955206324
5544.0,0.1563527536405891
5552.0,0.1659859464358448
5563.0,0.17965604284402945
5574.0,0.1619759579439036
5581.0,0.16617555412109003
5592.0,0.1567354720029873
5600.0,0.16309180649399355
5608.0,0.17230092082542586
5614.0,0.18668105286479514
5625.0,0.16317336114660944
5633.0,0.18125948791948698
5641.0,0.17622459698529203
5649.0,0.1630133283281663
5658.0,0.17134125959610694
5669.0,0.17603435067663453
5677.0,0.19353115857904077
5687.0,0.16545924580559912
5695.0,0.15932472417835916
5706.0,0.1908714105635265
5715.0,0.1727406214714817
5727.0,0.16487449283618963
5736.0,0.16910345395090834
