,6
2.0,0.17404547890757063
6.0,0.18895168123987224
13.0,0.1658885420310313
22.0,0.1710556561972944
29.0,0.19262319803274006
38.0,0.1877746221981609
45.0,0.1481823265200983
53.0,0.18506207593425883
59.0,0.14770991822989676
66.0,0.12571439628414247
70.0,0.1490155257014329
78.0,0.18368949226625986
82.0,0.1736359692963637
93.0,0.17944983077640767
100.0,0.17993908745802378
111.0,0.19529803613103025
118.0,0.16657169913500436
127.0,0.18760832628422622
138.0,0.19621312732938692
142.0,0.18988483734074102
151.0,0.1909254276151687
158.0,0.18103535112148753
164.0,0.1724835990607454
171.0,0.17610998822797433
178.0,0.16163390040773928
188.0,0.16729574581445325
200.0,0.18701910191685905
207.0,0.15823729200106007
211.0,0.18435981005017962
219.0,0.1863456849576566
227.0,0.19765614284776617
236.0,0.16760080525661145
244.0,0.17490220234876971
248.0,0.19997084506414092
257.0,0.1870798354717212
266.0,0.146235658379363
277.0,0.17234798420803188
285.0,0.1722539552882563
291.0,0.15956245742085978
297.0,0.16018184608738034
308.0,0.16606665460512435
316.0,0.20040699711955046
327.0,0.1709955685540416
335.0,0.18980074340870173
344.0,0.17981549782816333
351.0,0.17331863378016954
362.0,0.15667511168833081
371.0,0.18186033563891837
382.0,0.19411089752535285
390.0,0.18764206526545255
398.0,0.19259664098742965
402.0,0.1905807858983508
411.0,0.18316592215571129
420.0,0.17433187875485665
429.0,0.16881811870952096
436.0,0.20499657307123975
444.0,0.18465293515991885
455.0,0.16868326687962973
459.0,0.17448060017535708
473.0,0.18358823026697996
482.0,0.19067000871719206
491.0,0.18161010286315338
495.0,0.1684846303127464
502.0,0.1660409644832142
507.0,0.1720898273185151
516.0,0.18307916421401774
524.0,0.16427991617679497
530.0,0.18225357277967774
537.0,0.15444908874077462
541.0,0.16249915965448472
550.0,0.17157199491327893
561.0,0.16849369996083635
566.0,0.18420728788096538
575.0,0.1844425782202554
583.0,0.19238208215767766
590.0,0.17314147041692465
598.0,0.15688232784489733
604.0,0.1865874988532717
611.0,0.1833175947373085
619.0,0.19094896347965595
631.0,0.1644297302007795
636.0,0.14321693020852744
648.0,0.18771409928632837
652.0,0.16946052314793617
657.0,0.19272193559744938
664.0,0.17626889601058843
668.0,0.1670159113346554
678.0,0.16693579263970043
685.0,0.16095778186388995
689.0,0.17871756381155438
697.0,0.18033872500203763
705.0,0.18796608497574369
712.0,0.16992051330611668
719.0,0.19227248547941267
729.0,0.16738499113466626
734.0,0.18468121211694616
741.0,0.17298970630883728
749.0,0.1811794908758099
756.0,0.17877795727277315
767.0,0.1806082991317544
775.0,0.1768491734443957
782.0,0.1796840063569248
791.0,0.18071290483573277
799.0,0.18508760108268607
807.0,0.1947419446681201
816.0,0.17882469921924374
824.0,0.19340109010099577
