,6
834.0,0.19025465437708342
841.0,0.20007372254613287
848.0,0.18550805349117774
856.0,0.177467360337462
865.0,0.18052101700095738
873.0,0.16827164053289098
881.0,0.1842832394226495
889.0,0.1782777072757507
901.0,0.17200533013499522
909.0,0.17566530496414165
917.0,0.1889436740765024
924.0,0.1758293886520215
931.0,0.20829046726911743
937.0,0.15021982153127714
941.0,0.16372787859927249
947.0,0.17166212934823172
951.0,0.1655575978583582
957.0,0.19675053111474014
961.0,0.18683041418561563
969.0,0.16937326974471156
976.0,0.17762878961376707
984.0,0.18049369537475363
992.0,0.18177392660424685
999.0,0.17151251990933636
1008.0,0.17968111006912466
1019.0,0.17255124973299726
1026.0,0.17430009734702512
1034.0,0.18645776057307586
1039.0,0.1926131415754296
1050.0,0.1696282844368173
1057.0,0.19098811050878636
1065.0,0.1684234300895225
1072.0,0.18655848693593652
1080.0,0.18637620856615497
1089.0,0.16465550646905266
1098.0,0.15728820637535032
1104.0,0.17574244838637954
1112.0,0.18850495969175007
1116.0,0.15283553657777504
1125.0,0.14138588025267643
1129.0,0.18602811105013664
1140.0,0.17225301686260913
1151.0,0.1827631091756204
1155.0,0.17319162509650576
1164.0,0.1634560351354881
1171.0,0.17389112994975395
1185.0,0.18004412609181458
1196.0,0.17078066004147585
1200.0,0.16531431224936224
1209.0,0.18130832751138992
1223.0,0.1673518414637411
1234.0,0.15452092935837664
1238.0,0.18003110071490597
1247.0,0.15734876888204682
1256.0,0.16396256040735052
1263.0,0.17381526011271564
1268.0,0.17117984162320946
1275.0,0.17239797142253718
1284.0,0.18376977484819396
1292.0,0.18832541173996709
1303.0,0.16870020135644428
1309.0,0.1899815390505212
1315.0,0.17384981014594145
1326.0,0.18008450179000582
1335.0,0.18023886849429077
1344.0,0.17905650386996205
1355.0,0.16740632111735443
1361.0,0.17595488753887464
1375.0,0.16774106165001235
1386.0,0.17173945260539344
1397.0,0.14953208813586413
1406.0,0.15923395081570468
1411.0,0.14454685991644942
1420.0,0.17944007494916162
1428.0,0.18492705973253404
1440.0,0.17907065098445057
1449.0,0.16812158439796718
1456.0,0.16667330284110682
1463.0,0.19103778739664506
1471.0,0.19383759397780256
1479.0,0.1825268815271574
1490.0,0.19984027379760894
1500.0,0.18884486409342124
1509.0,0.17941986008455454
1517.0,0.1933217906962492
1525.0,0.18355950828752016
1533.0,0.18379260089076746
1537.0,0.20362634438557253
1548.0,0.1729097345404145
1556.0,0.16377512552901485
1561.0,0.17441032437733728
1566.0,0.15484418426644367
1574.0,0.17730302032301512
1582.0,0.17357484763398792
1591.0,0.16500864735194634
1599.0,0.16332060518731664
1607.0,0.16108339303006447
1611.0,0.18910825819056107
1618.0,0.18041466516202487
1632.0,0.174250267951181
1639.0,0.1866744563559634
1648.0,0.17578573623133004
1656.0,0.1716519503073105
1670.0,0.17138004065709905
1678.0,0.18573663695933737
1685.0,0.1676271220927328
1691.0,0.1818430585958484
1699.0,0.2117687637244647
1711.0,0.19363120605929757
1721.0,0.1920742097594353
1730.0,0.17006655696441347
1740.0,0.16124181345863303
1744.0,0.1760391039008766
1750.0,0.18384184307123083
1758.0,0.16243973208604648
1769.0,0.18202467034481928
1777.0,0.18653565025831606
1789.0,0.16488877326879897
1797.0,0.17069177188371729
1805.0,0.16728233722252805
1816.0,0.1873166164374293
1828.0,0.1898719367573993
1835.0,0.15551194026067666
1842.0,0.17224535279786887
1849.0,0.18019164882666294
1856.0,0.1328406512872229
1865.0,0.16124248058047808
1869.0,0.1642570237905145
1877.0,0.1762632361934626
1885.0,0.17918101334883532
1894.0,0.18728902477393333
1902.0,0.1723223169253027
1907.0,0.175445538802456
1915.0,0.19585998189956935
1921.0,0.1854795557709216
1928.0,0.16033915551507213
1933.0,0.17243248361319855
1939.0,0.17894799205024897
1943.0,0.1606905725593803
1951.0,0.19273930121258626
1956.0,0.1815348467235857
1966.0,0.1627371128533761
1974.0,0.1918180619303467
1984.0,0.16823715613582008
1992.0,0.17188094859167907
2001.0,0.19323452033858396
2009.0,0.18494140900059333
2016.0,0.13409365220545852
2020.0,0.19260933141615086
2027.0,0.20501526553633584
2036.0,0.1900677624883297
2040.0,0.163470803155659
2049.0,0.185732694389584
2056.0,0.18313227740233842
2061.0,0.1746474155856949
2069.0,0.16058058365455175
2074.0,0.1702892125871274
2084.0,0.19554362511543377
2095.0,0.17277552101746632
2103.0,0.18907662848289689
2111.0,0.163607821999009
2120.0,0.18073468591301947
2126.0,0.16778839772794424
2135.0,0.18172920062154016
2143.0,0.17677098349624715
2151.0,0.17849323447641674
2159.0,0.16663245618907613
2166.0,0.18263545158190403
2175.0,0.18174011521142203
2184.0,0.16956629042382132
2192.0,0.17799200621624003
2196.0,0.18290034907352065
2203.0,0.17182679867043085
2209.0,0.16766093618670622
2215.0,0.1620516747164165
2223.0,0.1914079099032708
2228.0,0.18065132070035989
2236.0,0.1751375712538478
2244.0,0.17514912842966576
2248.0,0.21057913283870305
2256.0,0.16977601308988044
2261.0,0.17297640478838253
2268.0,0.1652941225981706
2279.0,0.17178962285278868
2289.0,0.1641174951444806
2297.0,0.1910280891048133
2303.0,0.16766369711670154
2308.0,0.20056567353660473
2315.0,0.20396003712815172
2323.0,0.1692099074353508
2330.0,0.17821456088605248
2338.0,0.19233190724975624
2346.0,0.17337916069858422
2354.0,0.228744152037002
2359.0,0.16967801292746512
2366.0,0.2054754824819714
2374.0,0.17388826633860768
2384.0,0.19509779812487152
2395.0,0.17142615687545848
2402.0,0.1897204796896657
2406.0,0.20173231740613334
2413.0,0.1716711008125988
2422.0,0.15504512877233975
2433.0,0.17105938868325957
2445.0,0.16820316479634057
2453.0,0.16965898084931647
2458.0,0.18585495827537477
2465.0,0.1799626455053785
2474.0,0.1723965142233992
2481.0,0.18906602343906628
2489.0,0.17321043935307667
2497.0,0.16809563184852427
2505.0,0.1752148324913914
2511.0,0.20376754915134682
2519.0,0.14205283724666107
2527.0,0.19184665359680245
2535.0,0.158151029203668
2544.0,0.1896764749947624
2554.0,0.1905930367531107
2565.0,0.17110191171701208
2574.0,0.194729145251503
2580.0,0.18897798791605305
2591.0,0.1846351699353256
2600.0,0.18175908612856756
2611.0,0.18755745082762607
2616.0,0.16779168768283978
2624.0,0.17432975449918037
2632.0,0.16509662764529956
2644.0,0.17704665622221044
2649.0,0.19076830227626607
2657.0,0.17452903463724934
2661.0,0.16514009243159733
2669.0,0.16982255926527784
2676.0,0.1824900704543347
2687.0,0.1682610102370426
2701.0,0.17694063606006624
2710.0,0.17955368422681856
2718.0,0.16699821501283116
2723.0,0.16052274845096
2734.0,0.1662094243472457
2745.0,0.1765722011953638
2751.0,0.1839871487003158
2757.0,0.17317218209503393
2765.0,0.17983166248449747
2769.0,0.18939074062036781
2773.0,0.1812764855271388
2781.0,0.17263185321889488
2791.0,0.19258034783514716
2800.0,0.18783954972387767
2808.0,0.18748349825069868
2820.0,0.18987966159282998
2829.0,0.17491189491469797
2837.0,0.16844308367762503
2844.0,0.1867072828945009
2856.0,0.1895504689377033
2868.0,0.15546535468872347
2876.0,0.17043936995422038
2884.0,0.16968140174335444
2891.0,0.17950796303597957
2898.0,0.19388331360193434
2904.0,0.18418036500428164
2912.0,0.18892445812618555
2919.0,0.17752272903808441
2925.0,0.18044168139873484
2932.0,0.18082808420299612
2941.0,0.16894058595043782
2950.0,0.1690055318895988
2958.0,0.17219471639661618
2969.0,0.16457500033845138
2978.0,0.16127982242733008
2985.0,0.1758996145034783
2992.0,0.17422253651708566
2998.0,0.14283594222263296
3007.0,0.16311775351887992
3016.0,0.17325526262487911
3025.0,0.17212861990604714
3033.0,0.19495897779321392
3044.0,0.18757581519415287
3051.0,0.18183980914442363
3059.0,0.1661187703000316
3067.0,0.18413203431728717
3074.0,0.1945358868557174
3082.0,0.160733379839646
3093.0,0.17801386995880672
3107.0,0.1581866383318432
3116.0,0.17478212700557785
3122.0,0.14679281885832682
3128.0,0.1825906245681502
3137.0,0.17019293140088035
3142.0,0.18101245422623183
3150.0,0.1874572225574122
3161.0,0.17092827257608356
3168.0,0.1820429566939772
3176.0,0.18029085959518176
3181.0,0.18436643057812155
3190.0,0.18948320727394022
3198.0,0.1575714027548818
3206.0,0.16558005897765907
3217.0,0.16037220596111942
3226.0,0.17069859157598966
3232.0,0.16828043325100991
3246.0,0.17895481816519362
3258.0,0.17524373721240402
3263.0,0.1883677983158857
3271.0,0.1683654524105002
3275.0,0.19093242449199427
3280.0,0.17709431698897357
3285.0,0.17909529537554103
3296.0,0.18998084171283833
3304.0,0.17173342679823078
3311.0,0.16702092270815436
3316.0,0.18328605980115403
3324.0,0.15957340048685387
3335.0,0.17131187234999212
3343.0,0.17272248134155696
3352.0,0.16711414249868875
3361.0,0.16211231676727045
3368.0,0.17605670419003208
3376.0,0.18247678483942328
3382.0,0.17733752279264273
3391.0,0.16849959837045286
3399.0,0.16527760838402322
3405.0,0.2041706184786478
3414.0,0.16135271823200142
3423.0,0.16594316730075256
3432.0,0.1880829929504607
