,4
2.0,0.2018076234577456
6.0,0.21609909298273097
13.0,0.19820541973187578
22.0,0.19080766119053433
29.0,0.11521710814364304
38.0,0.20154137447450476
45.0,0.15971941604258344
53.0,0.18442834991858784
59.0,0.16842410230720764
66.0,0.15806805808378238
70.0,0.2055255041774172
78.0,0.20317286929443798
82.0,0.18739946964511897
93.0,0.1935198279390437
100.0,0.1637359396785752
111.0,0.18210647646816136
118.0,0.14269879671946356
127.0,0.2116406415437435
138.0,0.2597406929083971
142.0,0.22499697919599096
151.0,0.19283746768596116
158.0,0.17405417509426102
164.0,0.18270474471632933
171.0,0.1872541064190413
178.0,0.1610467101780765
188.0,0.14806269655764384
200.0,0.21720437486110608
207.0,0.18015965776008006
211.0,0.1772848595693026
219.0,0.2108071996284836
227.0,0.2026613058081714
236.0,0.2073547966494197
244.0,0.2277122361102436
248.0,0.19660214813272728
257.0,0.1372784492809749
266.0,0.22135952043194085
277.0,0.1821183935687972
285.0,0.17427729763415367
291.0,0.17716442723804512
297.0,0.1957145205987958
308.0,0.21038146075557923
316.0,0.18295322843007739
327.0,0.2049737544429169
335.0,0.1657666759851715
344.0,0.23511464775950586
351.0,0.169184342386784
362.0,0.14083824364175238
371.0,0.19952690899487574
382.0,0.16694488062379403
390.0,0.16806670784458497
398.0,0.18757723081864505
402.0,0.1772216239061638
411.0,0.11327777038937607
420.0,0.19607636627784367
429.0,0.14745691656890703
436.0,0.18530037025632998
444.0,0.16975096578811674
455.0,0.20987556925525747
459.0,0.17239804227225955
473.0,0.20699388000515154
482.0,0.19310067173683193
491.0,0.1827937016621788
495.0,0.24372559013948514
502.0,0.15843230056849691
507.0,0.19299815386861313
516.0,0.18536333185906842
524.0,0.18492921173998378
530.0,0.17025590832754753
537.0,0.20870578289743724
541.0,0.13808744973233203
550.0,0.17454047162800237
561.0,0.19008907728628
566.0,0.2263319408329659
575.0,0.17999869990795064
583.0,0.19977258995964822
590.0,0.18083454500763857
598.0,0.1623416567375918
604.0,0.15079182753836542
611.0,0.1981846328339153
619.0,0.21764300921089563
631.0,0.20616460455793945
636.0,0.17390933697904318
648.0,0.2242863917638889
652.0,0.2029883956878136
657.0,0.17642128528051162
664.0,0.1926823643617774
668.0,0.1461498972046887
678.0,0.1944630599615126
685.0,0.19141963710322707
689.0,0.1737812423046204
697.0,0.1893088615726841
705.0,0.21965348871771023
712.0,0.1812997245839286
719.0,0.17824984400786245
729.0,0.18411854008288264
734.0,0.22133179197419986
741.0,0.17708009147180875
749.0,0.15968104279467527
756.0,0.17945415790302754
767.0,0.1909164845916349
775.0,0.18856429032952526
782.0,0.20418105809924728
791.0,0.14479425540481647
799.0,0.1628574312943545
807.0,0.13613043627726942
816.0,0.1330177996413294
824.0,0.17406354635596946
