,5
2.0,0.19905502954117957
6.0,0.1936573455049037
13.0,0.162930963404345
22.0,0.17631623533909002
29.0,0.16833652209585598
38.0,0.17798592351007325
45.0,0.18550967477155103
53.0,0.17999468001429364
59.0,0.15125960278163775
66.0,0.15346506274571464
70.0,0.17872111961795561
78.0,0.1865529591117319
82.0,0.19346484811803905
93.0,0.19671946666948387
100.0,0.17779740650008238
111.0,0.19566757777255625
118.0,0.19450338784646404
127.0,0.16723250029419245
138.0,0.18709654932328676
142.0,0.18185777128381642
151.0,0.21918892368610482
158.0,0.17919753058242338
164.0,0.19663735502640228
171.0,0.18548547322139977
178.0,0.20159304758036095
188.0,0.1777601478546911
200.0,0.1773320630823313
207.0,0.18373266820496373
211.0,0.20358028810942386
219.0,0.1776887980255767
227.0,0.18454171257299906
236.0,0.19203621827835282
244.0,0.18740043372288523
248.0,0.17987336521210345
257.0,0.16471803920973355
266.0,0.17421517266100583
277.0,0.1870594729258387
285.0,0.20402671601674008
291.0,0.18125231480407084
297.0,0.17613746689282675
308.0,0.17827863387770057
316.0,0.18122060438977952
327.0,0.19810786081812273
335.0,0.1999647656212231
344.0,0.16524173491027572
351.0,0.17849738698650858
362.0,0.1888909750252245
371.0,0.18580390670283292
382.0,0.19905428966410543
390.0,0.1999153932595937
398.0,0.17833861696266146
402.0,0.18654702443668092
411.0,0.14761914914870003
420.0,0.1421008126883384
429.0,0.167455332579096
436.0,0.17869377564579933
444.0,0.2029450431388073
455.0,0.1833374109161029
459.0,0.20397321909023144
473.0,0.20680467820826948
482.0,0.17910933636297038
491.0,0.19138536002365228
495.0,0.1876947496525952
502.0,0.19219967517014985
507.0,0.18485422285686143
516.0,0.20190663250110574
524.0,0.18890364477787513
530.0,0.19749257391632027
537.0,0.1810590496348363
541.0,0.1686291663694921
550.0,0.16320258959227452
561.0,0.19739935588165727
566.0,0.20069537136300164
575.0,0.1892537823741912
583.0,0.19255677922179903
590.0,0.1878663980440544
598.0,0.17311470483308908
604.0,0.1990540955529448
611.0,0.18468458729046236
619.0,0.20903522875559413
631.0,0.18433912987781095
636.0,0.1503764020388348
648.0,0.21572848752563223
652.0,0.17550216216177303
657.0,0.16557731562503247
664.0,0.15318632413563732
668.0,0.18988613622528566
678.0,0.20817731117402294
685.0,0.1859831464059504
689.0,0.21369680007092534
697.0,0.19860482705701382
705.0,0.17880373811370026
712.0,0.20836301087269912
719.0,0.20652507931489394
729.0,0.20765950979325595
734.0,0.18724430506641307
741.0,0.18404921885200587
749.0,0.18333608802592416
756.0,0.17245541435020298
767.0,0.2021682606756665
775.0,0.18833480948711587
782.0,0.2117390895579842
791.0,0.19575892483759072
799.0,0.1698830978905076
807.0,0.223948772291382
816.0,0.13604805411989965
824.0,0.1908006341482732
