,8
0,0.16157667637060097
1,0.1845257426108192
2,0.17415331450334462
3,0.18299184609417468
4,0.1722095523923279
5,0.1595684664997916
6,0.16151302477818474
7,0.16929112659397652
8,0.17938760422404443
9,0.16163077482237692
10,0.1658790123757266
11,0.19301055273477197
12,0.14554043395944197
13,0.2020784219084579
14,0.15852557646923876
15,0.16724389331821168
16,0.15854990399933572
17,0.16021221143039802
18,0.15836993668122895
19,0.15645458927140596
20,0.18055859108498287
21,0.1687223078638272
22,0.17909129707656907
23,0.15133839745156139
24,0.17044210700169174
25,0.1536700159183963
26,0.1651224504211533
27,0.14112913283834258
28,0.14628754757904747
29,0.1565833033798955
30,0.15178708716930814
31,0.13384377848430534
32,0.14768420476180327
33,0.1404191181476132
34,0.14077451466894578
35,0.15405716906331393
36,0.13571585954896265
37,0.15545197568822286
38,0.12799901855754603
39,0.2096920828504356
40,0.1651614356035833
41,0.1872633042097615
42,0.1774984783821232
43,0.1708495072926243
44,0.13861429901131125
45,0.15168095897788947
46,0.13502790687978508
47,0.14382155797605392
48,0.15240557202279756
49,0.15494678963065164
50,0.1542795115932943
51,0.1698589519268029
52,0.1441645542884787
53,0.15323488285877826
54,0.14873152313683624
55,0.1753265062225515
56,0.15505337545159212
57,0.14975235593334227
58,0.147035607886243
59,0.1545067331963105
60,0.15700727343764975
61,0.17171230657538766
62,0.18337693025082388
63,0.18223429295444404
64,0.15818102186898667
65,0.17047058749520122
66,0.15699111019195164
67,0.1518110589354185
68,0.14098005510090467
69,0.1491082156618898
70,0.14458324753301227
71,0.13162543208071284
72,0.14341623569520748
73,0.1373838792684108
74,0.15019499283944818
75,0.16158109977585075
76,0.1683547834894434
77,0.15023780886498972
78,0.1753250059740072
79,0.1675910492036948
80,0.1652008206622384
81,0.17863546674206146
82,0.1644606671856627
83,0.15076032787532695
84,0.1498787448401025
85,0.17192600763759927
86,0.14845209415675134
87,0.1558496717116349
88,0.16185288094848335
89,0.15705983694624623
90,0.1557119766733145
91,0.14850776574106642
92,0.15791204836293982
93,0.16105054161349228
94,0.15139239739246027
95,0.15140347205691493
96,0.15290539719834578
97,0.16550897205613496
98,0.1534549348236001
99,0.1692015204680787
100,0.179198720685351
101,0.15391543901135665
102,0.1548699672461801
103,0.1555116105473564
104,0.16471145524773576
105,0.14917678232077639
106,0.17303503933719175
107,0.16859727088294235
108,0.18233059208231656
109,0.16059368794108994
110,0.1523060861203237
111,0.18118557049924877
112,0.15801244809661483
113,0.1482002206039115
114,0.15566458584220583
115,0.145435095425414
116,0.1386218611132159
117,0.14471774737178938
118,0.15522351109909788
119,0.15879676310352128
120,0.15179093016361955
121,0.1605698732865204
122,0.15799565830837006
123,0.18345871365653627
124,0.1749665162618222
125,0.16976299453920063
126,0.15649807704712693
127,0.14886460468996704
128,0.16115117546387545
129,0.1654419555515505
130,0.16139490266109552
131,0.14249141142430474
132,0.1570404164866822
133,0.1563942653204031
134,0.1419198304392229
135,0.16085872888172734
136,0.15501509586450601
137,0.1663156592654221
138,0.14209954374070183
139,0.14724752662247653
140,0.16556603448918816
141,0.1468970926269128
142,0.1624756064188934
143,0.1672757275039482
144,0.15204778362265353
145,0.17045302239244775
146,0.15892209269359067
147,0.1540442354938713
148,0.17455729099253403
149,0.2048445047463695
150,0.1839246838573614
151,0.16474199070559764
152,0.15641435581347685
153,0.16172745696662685
154,0.14220655572817537
155,0.14430087448826087
156,0.16133251031232276
157,0.172355014600178
158,0.1448548974181508
159,0.15283149659995596
160,0.16461145955718592
161,0.15045925531503013
162,0.1464652795593632
163,0.16347877183094087
164,0.14385434183804416
165,0.15195618101348357
166,0.14726097573277938
167,0.16193881956956024
168,0.16988712733190697
169,0.13937813012886358
170,0.16178735892939053
171,0.15274999054325394
172,0.1488580127853225
173,0.1477355214331255
174,0.14291498349678516
175,0.16511630893809062
176,0.15820138997975977
177,0.15680110050159368
178,0.1442871188616398
179,0.1515662759462099
180,0.15590374408430208
181,0.15280730671248038
182,0.14294510080286407
183,0.1587566446474222
184,0.16562873000430323
185,0.16041448708176792
186,0.1648694580900864
187,0.17438675166976805
188,0.16537752819244753
189,0.1618418341864541
190,0.16418705431622901
191,0.15172668023386815
192,0.1500991670644109
193,0.16964138149295374
194,0.14301785097053388
195,0.17033485936093937
196,0.18500971044849782
197,0.17666447667682877
198,0.16230073842035603
199,0.16625635717263698
200,0.16628172507349268
201,0.1613214119828855
202,0.15774752465922345
203,0.15911422359332317
204,0.15554848153683218
205,0.15096159249331062
206,0.14786054225369516
207,0.15921711898697893
208,0.17106893850716864
209,0.16705963436049764
210,0.1710015461074552
211,0.16329010073477881
212,0.13989349825758393
213,0.17143756771124324
214,0.14624886656359307
215,0.13717304424290952
216,0.16557587424521128
217,0.17119792770669112
218,0.16158897961914148
219,0.1616985892276742
220,0.16473331692440357
221,0.17079678790457825
222,0.15639690957790237
223,0.1573811825278314
224,0.16142740775660408
225,0.16087633980823812
226,0.14234946713580932
227,0.1435415601478277
228,0.1616544451974444
229,0.15194212046233385
230,0.14216598867560667
231,0.1443260071636187
232,0.15384467961199302
233,0.15230345474338572
234,0.14433875307268762
235,0.14740429100576424
236,0.14920835859174356
237,0.15679531816614506
238,0.15366301985182013
239,0.1407596129994955
240,0.14844614153721114
241,0.17645736502223014
242,0.17462936493879533
243,0.1879662916010838
244,0.1577749319904202
245,0.16787775473437497
246,0.1586701113762232
247,0.15646025825594315
248,0.1578167331115574
249,0.14925043601623553
250,0.15906664710829155
251,0.16095135324852952
252,0.15193060410304163
253,0.14890936474646088
254,0.16297219809980146
255,0.1680016641832732
256,0.15403752555775718
257,0.14973726919564326
258,0.17154186003363783
259,0.15323476007609194
260,0.17991744111384322
261,0.1542279293503547
262,0.17359300648341802
263,0.14775802172947758
264,0.17232659727921315
265,0.1571575530490103
266,0.1524738470256514
267,0.1547039482850428
268,0.13556043023177333
269,0.14116005197022471
270,0.14262204663835468
271,0.14514825667719916
272,0.15197835567737697
273,0.1615755921799469
274,0.1677408879930297
275,0.15149300440740152
276,0.17046110016044075
277,0.16449830405915586
278,0.16973068274951195
279,0.16487069053235986
280,0.19144083704233203
281,0.15324373091311397
282,0.16641412614207934
283,0.15836766732838767
284,0.15415112340676151
285,0.1419199838159931
286,0.15954369968287807
287,0.1762521164538825
288,0.1667866875241845
289,0.14849818942466245
290,0.15014171028738363
291,0.16157813680826394
292,0.15124404368256653
293,0.1419069334369007
294,0.1673225884156064
295,0.14908344253848235
296,0.15059333200717642
297,0.16986387807449682
298,0.16095038357395616
299,0.15079986810464524
300,0.13509600417319695
301,0.13976635810143234
302,0.1751406715821075
303,0.14677141496768398
304,0.17372635321006208
305,0.15599251397448427
306,0.1611016411502755
307,0.16004449874750223
308,0.1712250866718666
309,0.1585810186649941
310,0.14342229485840466
311,0.1704036088568341
312,0.14735669249905817
313,0.14653127392222476
314,0.15686359676004782
315,0.15356369467553252
316,0.16525017864189565
317,0.15505738396053176
318,0.16883025656859116
319,0.15582999287100752
320,0.1563969408875263
321,0.14739823520148368
322,0.16602708151650564
323,0.1674583081091707
324,0.15406331967844247
325,0.13114037221283753
