,4
2.0,0.2298966105078313
10.0,0.17679240977159782
17.0,0.19634933720358455
26.0,0.23566325557846238
38.0,0.1641914293638191
47.0,0.19352769810552917
55.0,0.15935823110845543
62.0,0.17356051747134643
69.0,0.18264484992499783
76.0,0.15890181472244463
80.0,0.18510654153353182
85.0,0.153541058180088
89.0,0.2180542717069272
93.0,0.19939167245952044
100.0,0.18239097275808985
104.0,0.18380649151399056
113.0,0.17742258394041294
119.0,0.25693358500591407
124.0,0.19224138243352362
132.0,0.22451779013874953
139.0,0.2216228462367891
147.0,0.2080546272076397
156.0,0.17649904493040003
164.0,0.16487206362696438
172.0,0.1902161708229453
181.0,0.1745160079140437
189.0,0.16012650195474099
199.0,0.2210816771340019
210.0,0.19276015350295653
217.0,0.21614716924534536
225.0,0.17929118358574397
234.0,0.20875717794789472
246.0,0.1854865778117115
254.0,0.1923293875338056
261.0,0.16441860775857609
268.0,0.16764199380872918
276.0,0.18324833538929947
285.0,0.1747834864382532
293.0,0.24406129321547942
299.0,0.190905515454302
311.0,0.10814249064049788
322.0,0.2073610716777727
331.0,0.17886552036098713
340.0,0.2084863630234333
347.0,0.22452315978442716
354.0,0.17730534927474714
362.0,0.11435091966083544
370.0,0.20712222356447255
374.0,0.12748455007472115
383.0,0.17213632198658566
390.0,0.21319812883115402
396.0,0.21395629781830336
404.0,0.15181052816799184
412.0,0.22066531453778293
420.0,0.17716651460226623
428.0,0.18074468762158016
436.0,0.22347366321693132
444.0,0.19324920582160235
451.0,0.1882300524415951
456.0,0.22823763215371
460.0,0.1672205861639434
469.0,0.1644766274699028
478.0,0.20959216333008576
487.0,0.22215175999124223
499.0,0.18936078395478434
505.0,0.1541825842169105
510.0,0.2180471134515123
518.0,0.25553216871704926
529.0,0.18484281632969055
537.0,0.22527539872684216
546.0,0.14880503677741905
558.0,0.22356085571462045
566.0,0.14368083097970963
577.0,0.23069036819621017
584.0,0.19596999060134068
588.0,0.1642545735149791
597.0,0.2193920217533966
601.0,0.20559800355268126
612.0,0.20161374210155797
620.0,0.19684368414810502
626.0,0.20381064392642292
633.0,0.1764436834210765
644.0,0.17210172266136906
649.0,0.1991443052725528
657.0,0.218308312281634
665.0,0.23406234402114415
673.0,0.21504763200273116
680.0,0.20385412252276144
689.0,0.16731706931671517
695.0,0.20497442434822
706.0,0.18485236558724077
715.0,0.18036437085190352
723.0,0.232105364999841
731.0,0.19874970680800294
741.0,0.21251402828542923
750.0,0.2085850295580988
762.0,0.15562023892933033
773.0,0.21438329011339488
782.0,0.17959532142536422
791.0,0.14886776812064806
799.0,0.22509360184819666
808.0,0.17867481571646404
819.0,0.198699244092555
826.0,0.18949554348440587
835.0,0.23596755002287467
843.0,0.17245494381699755
849.0,0.21440911305286936
857.0,0.2210629501578943
865.0,0.1667050858259531
872.0,0.15178570418644335
879.0,0.15932196394206752
887.0,0.18165707453551394
894.0,0.1666933786360887
902.0,0.1907168831241407
909.0,0.20849986796573686
913.0,0.20641908447766885
921.0,0.2052288674538729
930.0,0.21155553185693182
936.0,0.21429257205833016
944.0,0.1596738633032347
952.0,0.17677117193127573
957.0,0.20589393371745635
962.0,0.200947901679594
973.0,0.200377222968033
980.0,0.2137007060036989
987.0,0.21210212960131875
996.0,0.18857283696615135
1002.0,0.20122782426488459
1013.0,0.18234606439630527
1022.0,0.21121641184449033
1027.0,0.20656246540675882
1036.0,0.2113956536592199
1044.0,0.21715454480969398
1052.0,0.19478684891703293
1057.0,0.21341165062983494
1068.0,0.2103982400151021
1074.0,0.1742512599944669
1086.0,0.18502863062527786
1090.0,0.19623954765279328
1098.0,0.15013238736276874
1105.0,0.21041697444891275
1117.0,0.20961479493387333
1125.0,0.17939778887135255
1134.0,0.1876330804049791
1141.0,0.21439970561844754
1147.0,0.14939622826183477
1152.0,0.12898519190959346
1161.0,0.2005056987292627
1168.0,0.17121156588451641
1179.0,0.1788881881255672
1188.0,0.19407404384890287
1192.0,0.1708981401488376
1199.0,0.19872076291002108
1208.0,0.17685508708335881
1216.0,0.189598358089813
1221.0,0.1484578759583945
1232.0,0.2135213112965559
1244.0,0.19436946951944864
1251.0,0.18551068236620966
1259.0,0.1943363314518068
1266.0,0.23964128209742513
1277.0,0.2150504837696484
1286.0,0.180152776596742
1294.0,0.23259093288476893
1305.0,0.22072718335726327
1314.0,0.23544440547263723
