,8
0,0.1747014827689204
1,0.17167088575857986
2,0.18341224137119494
3,0.1491595498332919
4,0.17153810292772154
5,0.1494629460788002
6,0.15620434068858988
7,0.14282122168624684
8,0.16545935594833833
9,0.15612850685923285
10,0.16976416021046778
11,0.20792689394908143
12,0.19530929054673773
13,0.16935967511933073
14,0.16840172287863775
15,0.1600560393661299
16,0.17149388366927712
17,0.15424896878699473
18,0.1487089435928101
19,0.15568577350196172
20,0.16069411027732758
21,0.16645697665767584
22,0.15615756373717624
23,0.1648334355331196
24,0.19110277202389206
25,0.20549721742586002
26,0.18303121662484015
27,0.1666925630665324
28,0.1655650924298105
29,0.161667782567515
30,0.16777568535742288
31,0.173959747759046
32,0.1878588286121549
33,0.16993726602479928
34,0.14860699756261683
35,0.14650685738670072
36,0.15090988785891463
37,0.16407675424157345
38,0.16903698055478683
39,0.15503695354116195
40,0.16756309763053928
41,0.15861385754654983
42,0.15599443821068126
43,0.16678668237324623
44,0.16025164995533564
45,0.15292002349696687
46,0.17862943708076734
47,0.1618564054434147
48,0.17439404622887947
49,0.16416153874668643
50,0.14698955931595395
51,0.1727618062057668
52,0.14973231024571415
53,0.15862499928575916
54,0.15717172312663558
55,0.17544687114681695
56,0.18370298565120946
57,0.16425967528190297
58,0.181745669326177
59,0.16044324294154882
60,0.15814860060837152
61,0.19740745920961958
62,0.20765803582419706
63,0.17380885021422685
64,0.1865065227554164
65,0.1503020930618006
66,0.17891122681226032
67,0.17283750988861085
68,0.18405805375608217
69,0.17509602833579224
70,0.17235017753696244
71,0.1504789016129141
72,0.16031385687843466
73,0.19868463434213832
74,0.18508699699690606
75,0.1505405092129891
76,0.15141860832698892
77,0.15125176303829282
78,0.1523669110946898
79,0.15089630657667674
80,0.15318326679779992
81,0.15204778734599486
82,0.15962569992438366
83,0.14878802277406641
84,0.146233751762662
85,0.15840015656886147
86,0.1596392630097014
87,0.179194058430432
88,0.15650821360786135
89,0.16122600474513846
90,0.1933337154651701
91,0.1862516677578555
92,0.15930631199156708
93,0.17013920058278362
94,0.17311084350503006
95,0.16660257262402697
96,0.15884451546197093
97,0.18039796434416605
98,0.1605899911650106
99,0.1449784260913918
100,0.1538596677492699
101,0.17868876810420067
102,0.17019685575199378
103,0.1771572254654503
104,0.15864618075085818
105,0.17956796304642827
106,0.16920676530345294
107,0.1666413183541266
108,0.17303876872125754
109,0.16057226921993734
110,0.15696853928549653
111,0.1406765760611246
112,0.14628185718443132
113,0.14207379472270823
114,0.14794880935200963
115,0.15588885638061484
116,0.17265338294031182
117,0.16811340369899577
118,0.1763657387977134
119,0.19109095658699518
120,0.17052694052968728
121,0.18455353347471468
122,0.16705432810281776
123,0.15632857794172222
124,0.13688389058394826
125,0.1607716581819529
126,0.17276772035257038
127,0.18528047672134396
128,0.14384157224987168
129,0.1603162736322713
130,0.15383677828035588
131,0.2065146504257048
132,0.16677091269855268
133,0.14691315694139093
134,0.15351227249170296
135,0.17564512718688544
136,0.1409298079387143
137,0.16846499456776762
138,0.15705802035190833
139,0.1553580622837727
140,0.17161139024430044
141,0.172372888304484
142,0.15576082541554892
143,0.1685179489409073
144,0.1635756543712746
145,0.16101730376972356
146,0.1754702481018368
147,0.1774991610663976
148,0.15485327975367227
149,0.16872184776877733
150,0.14833432902542448
151,0.14563644254873087
152,0.16920786158375983
153,0.17673861930643864
154,0.15138952981685758
155,0.15757274671985927
156,0.16764897264870451
157,0.1509500657721793
158,0.16113396012727998
159,0.16223340768660782
160,0.16545868535577646
161,0.18605844904586852
162,0.1684385503506884
163,0.2103206988141259
164,0.1734020005246922
165,0.16514412091290148
