,3
2.0,0.25537306011755234
10.0,0.21001717812051773
17.0,0.2434146678991499
26.0,0.28524954515067097
38.0,0.20419784883364508
47.0,0.2218467038945964
55.0,0.17114364664733397
62.0,0.2242722376846878
69.0,0.2399688085374632
76.0,0.15568653542757233
80.0,0.20699060186432594
85.0,0.22649903480443623
89.0,0.2624387442940358
93.0,0.22109813553977456
100.0,0.18468389929460824
104.0,0.20951512455740848
113.0,0.17954157974678203
119.0,0.23817255887240726
124.0,0.21798275003776746
132.0,0.22268423376401372
139.0,0.19498964751019696
147.0,0.2238655294261415
156.0,0.21588784435791222
164.0,0.23301092034360646
172.0,0.20932129251751483
181.0,0.19468182278356344
189.0,0.16012082562744517
199.0,0.21431706254256364
210.0,0.18775098201876073
217.0,0.25528249686013926
225.0,0.23091058902346054
234.0,0.22723642922134338
246.0,0.23325374202289498
254.0,0.20045102882542443
261.0,0.14765621302359924
268.0,0.19967089366580876
276.0,0.23342428234322418
285.0,0.227555915335168
293.0,0.174588398530199
299.0,0.23164192197833258
311.0,0.19147756267479388
322.0,0.26558810490826745
331.0,0.20152282731419247
340.0,0.22681939806420784
347.0,0.24713012292237488
354.0,0.23533757624880902
362.0,0.17324430124700288
370.0,0.19354762940040532
374.0,0.12171127253633258
383.0,0.220211023650446
390.0,0.19296337284067563
396.0,0.21151164206431528
404.0,0.15025708720916575
412.0,0.19765199693408567
420.0,0.20673987826385043
428.0,0.16275790199730744
436.0,0.23759670866299953
444.0,0.2344327959580622
451.0,0.18930424121725403
456.0,0.21260584611747294
460.0,0.2254366593095452
469.0,0.2137251270090521
478.0,0.279009226809815
487.0,0.19828563203281757
499.0,0.2401798780021495
505.0,0.23962201772902955
510.0,0.2659264628308695
518.0,0.195812188536059
529.0,0.21958367251522465
537.0,0.2091708016786809
546.0,0.20205506061390083
558.0,0.23945143540402364
566.0,0.14257216449639756
577.0,0.18540064797719807
584.0,0.17870214422226247
588.0,0.22082747571229705
597.0,0.14939160521516123
601.0,0.171414196970268
612.0,0.18207190113911756
620.0,0.17783451812369444
626.0,0.23524702984214357
633.0,0.2106113491406986
644.0,0.18020667021954737
649.0,0.2143021343874421
657.0,0.22263993494538556
665.0,0.2082967989099379
673.0,0.22129802879258278
680.0,0.21685942679870243
689.0,0.2291629671177809
695.0,0.22168921794154625
706.0,0.20712822126142383
715.0,0.23169746270072913
723.0,0.23435156435328464
731.0,0.2186839784409701
741.0,0.22895926529375235
750.0,0.20519390926205486
762.0,0.18518790207994332
773.0,0.17731200741733658
782.0,0.2053979404025815
791.0,0.1991590268286875
799.0,0.23999479409608568
808.0,0.22787573070672312
819.0,0.22496279809116754
826.0,0.2260512766516994
835.0,0.22568625353474298
843.0,0.21587076117206944
849.0,0.21302375520355743
857.0,0.23781405177528353
865.0,0.19604938666291094
872.0,0.17622318969852843
879.0,0.15802223453390074
887.0,0.19065192895646585
894.0,0.15783937626977676
902.0,0.22563662481403357
909.0,0.18002063641946023
913.0,0.23064915542429332
921.0,0.1840293085568019
930.0,0.22970956688587083
936.0,0.19435225790598795
944.0,0.2075075182194676
952.0,0.2381437126022451
957.0,0.26455153870916265
962.0,0.21014395097794225
973.0,0.24005354562595552
980.0,0.2558294054829353
987.0,0.17590572598398477
996.0,0.20542802203395646
1002.0,0.21756456084548775
1013.0,0.2273205665172526
1022.0,0.2422739217317377
1027.0,0.17469770370830978
1036.0,0.21873911754527972
1044.0,0.2268610108351729
1052.0,0.18530253242965486
1057.0,0.20433141765171225
1068.0,0.22366011571236769
1074.0,0.2110474965309774
1086.0,0.22541880420457114
1090.0,0.24636575053214127
1098.0,0.19662601414003092
1105.0,0.1727015255706703
1117.0,0.21646849831251957
1125.0,0.21171530501174649
1134.0,0.1913945359342653
1141.0,0.2204406400905878
1147.0,0.265208546284367
1152.0,0.17894971159906842
1161.0,0.21624420600656433
1168.0,0.23330596726356215
1179.0,0.24162453693238942
1188.0,0.197698028075212
1192.0,0.15239897537532524
1199.0,0.20864759498025945
1208.0,0.21388089115475833
1216.0,0.2602861224100598
1221.0,0.17527780358414136
1232.0,0.1811584361416434
1244.0,0.22074818307141922
1251.0,0.21478344799935992
1259.0,0.16913928063089503
1266.0,0.23803984387508906
1277.0,0.21202929679824767
1286.0,0.20093424762153633
1294.0,0.16157018146069765
1305.0,0.22567304782920034
1314.0,0.18368361605169722
