,6
2.0,0.16985268638027606
10.0,0.192233161768542
17.0,0.20859528626672794
26.0,0.16983481181120932
38.0,0.2008559592818277
47.0,0.18850029070064642
55.0,0.1855528655259787
62.0,0.1837365479733374
69.0,0.18529546534546776
76.0,0.19696646668453094
80.0,0.1879361720683945
85.0,0.20475140983458928
89.0,0.2152873351910165
93.0,0.20301705739940998
100.0,0.17637182122770806
104.0,0.19811771787563456
113.0,0.17479845842008107
119.0,0.15885364662072804
124.0,0.19657813099213028
132.0,0.19519977449214335
139.0,0.1750465211375766
147.0,0.19120336499106227
156.0,0.17548013580471328
164.0,0.20856446440853357
172.0,0.19909958069331646
181.0,0.16886719787172197
189.0,0.1821528154146892
199.0,0.14398386039979033
210.0,0.20906395583262155
217.0,0.20050708451642793
225.0,0.1740353926794249
234.0,0.1697952724017421
246.0,0.17476035904448642
254.0,0.1861875089542353
261.0,0.18736950126250435
268.0,0.16062012741449502
276.0,0.16688294757213937
285.0,0.1972923127443167
293.0,0.17696198825010295
299.0,0.20312440577760268
311.0,0.1709357393103038
322.0,0.18189376436139307
331.0,0.17990883997378848
340.0,0.18081554942141168
347.0,0.15965153895580117
354.0,0.18027184786265968
362.0,0.15461514404099524
370.0,0.19789031885044941
374.0,0.1967349865310985
383.0,0.1964842165668319
390.0,0.1947921695014686
396.0,0.17679574215602478
404.0,0.19006290396104655
412.0,0.17579165396350518
420.0,0.18302919516228916
428.0,0.1800355815147165
436.0,0.17716909266100853
444.0,0.19317368095227963
451.0,0.1907445316134671
456.0,0.1896378975008966
460.0,0.19531949589947825
469.0,0.18825659737165573
478.0,0.17399673372758798
487.0,0.24417589706019074
499.0,0.18446101062451398
505.0,0.22969750493567045
510.0,0.2212113897744376
518.0,0.2039754196795551
529.0,0.17360035012806654
537.0,0.18795504000598945
546.0,0.2214532171631268
558.0,0.18521232357967798
566.0,0.18470231299659529
577.0,0.20177854476872162
584.0,0.19316462610430735
588.0,0.21300376015045575
597.0,0.1727038295806036
601.0,0.17533446977142947
612.0,0.1778004767974138
620.0,0.1963997021046687
626.0,0.17781908961351284
633.0,0.18049849819923722
644.0,0.192536935590733
649.0,0.18230396840787694
657.0,0.1877104429879115
665.0,0.1677017557511087
673.0,0.1739887714771652
680.0,0.19171733975608243
689.0,0.18470067966224932
695.0,0.15240598899827462
706.0,0.16873390165691557
715.0,0.19556192446941398
723.0,0.2011558980878372
731.0,0.18376636434270255
741.0,0.1775130667106866
750.0,0.18132255662907013
762.0,0.1905739169937377
773.0,0.18650831671674564
782.0,0.19037294634220764
791.0,0.17117963145650006
799.0,0.17722163334414245
808.0,0.18361604227876677
819.0,0.21125222892106482
826.0,0.18097835985533303
835.0,0.18463908338847843
843.0,0.19221688037193224
849.0,0.20595470941457725
857.0,0.21351720302675772
865.0,0.20082481904755878
872.0,0.19770916885098397
879.0,0.16887473652742313
887.0,0.17848004659325192
894.0,0.19239948206444835
902.0,0.18388271514848933
909.0,0.17645205905195135
913.0,0.1813686172180168
921.0,0.18789624980018077
930.0,0.1840455675984819
936.0,0.17276716408879234
944.0,0.1850377180114159
952.0,0.18588743831111745
957.0,0.1919939571269686
962.0,0.20016881209794712
973.0,0.15958051568724352
980.0,0.19119606684948945
987.0,0.2073800522165917
996.0,0.1810618131706124
1002.0,0.20469012817468776
1013.0,0.18584170751287252
1022.0,0.1800781459935033
1027.0,0.16909179130151505
1036.0,0.17198915135600878
1044.0,0.17167791964431692
1052.0,0.16531969496630994
1057.0,0.15405736574692966
1068.0,0.1957142767574547
1074.0,0.1938326711542415
1086.0,0.17850802011253417
1090.0,0.1912148874179937
1098.0,0.17689911076221354
1105.0,0.1860738105548972
1117.0,0.17626620857267833
1125.0,0.17052590720946176
1134.0,0.22148625131777747
1141.0,0.17640343020293062
1147.0,0.20689977749158195
1152.0,0.17450156512228082
1161.0,0.18449247545412215
1168.0,0.18478821192547593
1179.0,0.18895292036987413
1188.0,0.18558658448974583
1192.0,0.20072633070508442
1199.0,0.1942448353863634
1208.0,0.19090607481495503
1216.0,0.185882865193644
1221.0,0.17281474504845185
1232.0,0.17650135361511926
1244.0,0.17735602918278032
1251.0,0.19034931594167115
1259.0,0.17622640011053067
1266.0,0.1926642227754949
1277.0,0.1647401859183686
1286.0,0.18435617429402512
1294.0,0.1990854867453927
1305.0,0.1860893271462483
1314.0,0.22197412099472574
