,3
1325.0,0.19438744769707791
1336.0,0.2110101229632106
1344.0,0.21629182301589903
1351.0,0.22609339779770143
1357.0,0.2208159974709542
1362.0,0.2260377244089301
1370.0,0.22239128724981796
1377.0,0.18567563220902697
1389.0,0.18344894201145862
1400.0,0.20223228750732636
1411.0,0.21842279339841938
1416.0,0.18806933611121113
1425.0,0.1699517277874752
1432.0,0.24566123194610956
1440.0,0.20840016411549175
1446.0,0.20914342836086647
1455.0,0.26621193534729704
1464.0,0.15748817564152878
1472.0,0.14114215980118144
1480.0,0.1743289523633979
1488.0,0.16895775518977732
1499.0,0.12658184838125744
1508.0,0.1704576341812308
1517.0,0.20720712564467153
1521.0,0.2038495302987534
1529.0,0.20285340756092818
1536.0,0.2663884839410527
1544.0,0.17505635522131707
1552.0,0.209925732102659
1561.0,0.13937492070978735
1566.0,0.16139011083618726
1570.0,0.16483960963288632
1577.0,0.2022431258159578
1584.0,0.16649744448250778
1592.0,0.22019574231411157
1601.0,0.21703130376136712
1609.0,0.21360222809975896
1617.0,0.11806231336534351
1626.0,0.23109120259592592
1637.0,0.1803270218681229
1645.0,0.13005168988531107
1652.0,0.22728329719100834
1664.0,0.15725366343520522
1674.0,0.19209735498969333
1682.0,0.1333432642883074
1694.0,0.2498559285236577
1699.0,0.20684943829688482
1707.0,0.21362110419404404
1714.0,0.21748257183709446
1722.0,0.16193064187193598
1733.0,0.22000053138541395
1740.0,0.11845630068943493
1751.0,0.22986532425244569
1758.0,0.13312228343145313
1769.0,0.2207190555532464
1777.0,0.19992149551843313
1784.0,0.2309751039452682
1791.0,0.20298961173184588
1803.0,0.21582629876120132
1814.0,0.19856617200297064
1820.0,0.18947208323260978
1831.0,0.2465015344030508
1837.0,0.22796004859137473
1846.0,0.22991029680832265
1853.0,0.20307932968849082
1862.0,0.16814662759236773
1871.0,0.21860685828691384
1879.0,0.2236779579623525
1887.0,0.22546767520532707
1893.0,0.17280804466587651
1901.0,0.21242929484758474
1909.0,0.17649623402865752
1917.0,0.21452185769735008
1926.0,0.21555603129684364
1937.0,0.20804545811162045
1948.0,0.19910240445652172
1957.0,0.21443331323145856
1965.0,0.2171086076269307
1972.0,0.23449911236539286
1981.0,0.16776388856009652
1988.0,0.18103460263735588
1999.0,0.21374487101370862
2010.0,0.19940434578053484
2021.0,0.16475057333681492
2030.0,0.23880977000249137
2039.0,0.22164627346699065
2051.0,0.2274070975982242
2059.0,0.20227143425893288
2068.0,0.25738220203156476
2075.0,0.2371637874871457
2082.0,0.2304919540578891
2091.0,0.21258688921594818
2099.0,0.16327325240922147
2110.0,0.21631367068045326
2117.0,0.20673062533691533
2125.0,0.22413018724931466
2133.0,0.2256337997412481
2140.0,0.20552407807786083
2146.0,0.16618492856238032
2157.0,0.19458663127320275
2167.0,0.187698481997883
2181.0,0.21799693368470804
2188.0,0.19479384036945566
2197.0,0.23538370854067633
2207.0,0.20618332442104034
2217.0,0.20315215085074922
2228.0,0.19913957466548352
2240.0,0.2170604538264324
2248.0,0.1898619094980388
2259.0,0.19248211691452102
2268.0,0.23968908698466243
2279.0,0.22066103165438633
2287.0,0.1855912917617288
2292.0,0.2249640256572003
2304.0,0.11832313580541769
2312.0,0.21063519382839432
2320.0,0.19209442375559554
2329.0,0.21669855007322186
2340.0,0.16816850132701047
2348.0,0.17723478835518328
2357.0,0.19332395175439773
2366.0,0.16352114582392707
2377.0,0.22017328022190852
2385.0,0.2222576388314151
2389.0,0.21473082342947297
2396.0,0.21091627105406582
2403.0,0.17806369365543334
2414.0,0.2030032475816912
2418.0,0.16135788559450875
2427.0,0.18744941663028894
2432.0,0.18797807309735842
2440.0,0.22021295808851135
2449.0,0.18224578058932903
2458.0,0.206365584039348
2472.0,0.197544329051497
2479.0,0.2312211339465149
2488.0,0.18687764407910873
2494.0,0.2313864926488953
2502.0,0.20069782906645314
2509.0,0.16974098358349213
2518.0,0.17353949064327243
2526.0,0.2237716334018925
2534.0,0.23582536493179027
2543.0,0.12508157388111607
2554.0,0.24400422167880098
2563.0,0.11185595143039782
2572.0,0.21250661116240233
2580.0,0.22224115178200274
2587.0,0.24005745583762178
2598.0,0.22802577350069578
2607.0,0.2556634600440317
2613.0,0.13860855340263856
2619.0,0.1509715910780043
2626.0,0.20619302997950958
2633.0,0.2082631423881643
2640.0,0.1957515068357135
2647.0,0.194300541077758
2656.0,0.1722205998426449
2670.0,0.2195163427931953
2680.0,0.19995690534467722
2688.0,0.2361446945853256
2694.0,0.18301737126642065
2705.0,0.23857386786824458
2712.0,0.16202848172013676
2716.0,0.22701526652134885
2726.0,0.18532287196869932
2734.0,0.20378747392796437
2743.0,0.19638220216662816
2750.0,0.1844355290911708
2761.0,0.16672625881440992
2769.0,0.2151522464008477
2777.0,0.1893017576939116
2785.0,0.20430151648868472
2792.0,0.23505496247525748
2800.0,0.18792895054300443
2810.0,0.20005698460815294
2817.0,0.1780012670037588
2825.0,0.2207309750096492
2834.0,0.2188019884941624
2842.0,0.18675308403735907
2847.0,0.23308845789373644
2858.0,0.22406485916831106
2867.0,0.18520789263844933
2875.0,0.216853115145188
2882.0,0.22967724452190233
2890.0,0.21731455318023576
2898.0,0.21076838747538593
2907.0,0.1838116940105367
2913.0,0.21919361415789923
2921.0,0.167074523657515
2929.0,0.11806239865997421
2941.0,0.237348725152833
2952.0,0.22510961827618264
2957.0,0.17526800144238203
2964.0,0.251712291791217
2973.0,0.22703453455569367
2980.0,0.21365548184906816
2986.0,0.20420304004572493
2995.0,0.1773099169008546
3003.0,0.22622444708508907
3010.0,0.17677514638635122
3014.0,0.1917618819340876
3020.0,0.22276771794317451
3027.0,0.205977367284656
3041.0,0.22717494658780996
3048.0,0.2160139426422097
3057.0,0.2125623054229768
3066.0,0.15997343776330739
3074.0,0.1993086857039348
3083.0,0.23221096956797366
3092.0,0.22586922953182412
3100.0,0.20192768370610006
3108.0,0.19155837397559738
3114.0,0.22333127846197198
3121.0,0.16738853398014708
3129.0,0.20168419869761947
3137.0,0.2401718733323124
3145.0,0.2145914019153174
3154.0,0.16704590511818027
3162.0,0.2077603648029131
3170.0,0.1893192071222043
3181.0,0.22033477730711878
3191.0,0.15007520329996787
3198.0,0.2380264374441564
3205.0,0.21478978106862362
3213.0,0.25772212621995616
3221.0,0.18024550298214653
3228.0,0.18293882024573851
3236.0,0.2255720163261898
3250.0,0.21400645424462972
3261.0,0.24014849593681373
3270.0,0.16014704786283104
3279.0,0.19287568644555048
3285.0,0.17575811480224746
3293.0,0.22121107101022963
3300.0,0.21870750250884
3309.0,0.22805034329151225
3316.0,0.24831888909318234
3325.0,0.11810833274396791
3333.0,0.2174541784747306
3341.0,0.13257452911645762
3350.0,0.17345916680429396
3359.0,0.16632372531001655
3370.0,0.21613531588614407
3377.0,0.20426488067997353
3382.0,0.1831256498403974
3389.0,0.22046069286071826
3396.0,0.12367961582784961
3402.0,0.226286401618102
3413.0,0.20277771534294983
3421.0,0.23353010613376946
3429.0,0.183007861055118
3438.0,0.1956397057430959
3446.0,0.22903383581361367
3454.0,0.14766641201337233
3463.0,0.23084174351690434
3470.0,0.2059612109881167
3481.0,0.22649733005849768
3490.0,0.175297182466998
3499.0,0.21666078574738357
3507.0,0.22299578193565586
3515.0,0.24572315074382875
3523.0,0.18091752755926785
3534.0,0.14092003306651604
3542.0,0.2262677664597323
3546.0,0.2116630309064293
3553.0,0.2134729698481344
3561.0,0.21405795353987642
3570.0,0.17920167074544344
3577.0,0.15703824825085694
3584.0,0.24575718247418463
3590.0,0.18560817183465758
3595.0,0.21637976986010754
3603.0,0.19407923014902292
3611.0,0.1716284228357959
3617.0,0.2453230793077871
3623.0,0.23012582665945988
3630.0,0.20065585081147036
3637.0,0.1432518539445341
3649.0,0.22044290605655922
3660.0,0.18351593221547208
3668.0,0.2272518651869019
3676.0,0.23135493671084936
3686.0,0.19811902534822382
3693.0,0.20062796479507697
3704.0,0.15509316228144368
3713.0,0.20776030461964357
3722.0,0.21801516402415572
3730.0,0.23928178391814556
3737.0,0.25333544403084224
3743.0,0.1873974096836636
3754.0,0.18998761566585137
3763.0,0.17154481771350277
3772.0,0.2018277511589147
3781.0,0.2222791425815957
3789.0,0.2211630533157291
3797.0,0.2145576985757716
3806.0,0.18135549516452937
3815.0,0.18601090483132768
3820.0,0.2348202653222385
3830.0,0.21388705433689453
3839.0,0.23194212156895166
3847.0,0.2678579644936712
3853.0,0.21292589906552892
3862.0,0.19846699563848838
3870.0,0.20450208269520895
3880.0,0.16791536605903706
3892.0,0.20707752020317802
3901.0,0.23357337890012111
3910.0,0.137874932571775
3922.0,0.1944661643671149
3930.0,0.24781897739323486
3935.0,0.16278467749630182
3944.0,0.2138771531859694
3952.0,0.19517289234957977
3963.0,0.22036607950944384
3969.0,0.19945089809627228
3977.0,0.21975579749713062
3985.0,0.21964050742198407
3992.0,0.18163034446490062
3999.0,0.1639595091857154
4005.0,0.26014629472302625
4012.0,0.21430414580747956
4019.0,0.16268689651595675
4030.0,0.2238145879576017
4041.0,0.15492661915687575
4045.0,0.17557560461363791
4053.0,0.19408463658559447
4065.0,0.24333258980894754
4073.0,0.21767711554246155
4080.0,0.2479159670450347
4088.0,0.21764192075725744
4096.0,0.17988754763909162
4104.0,0.2035463008615844
4113.0,0.22841904110507283
4120.0,0.26798729111492176
4129.0,0.22915393684072613
4138.0,0.24432675157005557
4142.0,0.215228834872817
4150.0,0.16996802145249268
4157.0,0.1855223704431876
4166.0,0.20039012369315934
4173.0,0.181032348335836
4181.0,0.24023649596275765
4190.0,0.19833142926834132
4201.0,0.20721537580837326
4211.0,0.20302355067023026
4215.0,0.2418361488881984
4224.0,0.1425376426743761
4233.0,0.21278475928009588
4241.0,0.21572146929839078
4249.0,0.21780463386320578
4257.0,0.21146181604733255
4268.0,0.20738317773972956
4274.0,0.20104402805974225
4283.0,0.18378310914419643
4294.0,0.1998840610213852
4305.0,0.2348294396395107
4314.0,0.16753144745259846
4321.0,0.2184529130765419
4326.0,0.22533557544985644
4335.0,0.19320327052915726
4343.0,0.17405427188566439
4350.0,0.25916663256886463
4354.0,0.22197733283277152
4363.0,0.18067828816530018
4371.0,0.19060483230636086
4380.0,0.12719318190155135
4389.0,0.24814250615319905
4401.0,0.22481512137658988
4410.0,0.2150702259367906
4418.0,0.20435462410026842
4427.0,0.22567622928594452
4434.0,0.20752894892210733
4446.0,0.2040967031782032
4452.0,0.182534935412899
4460.0,0.11979158052538755
4471.0,0.2089027207188271
4478.0,0.22780392146118233
4487.0,0.14686160946709645
4493.0,0.23335160958475992
4501.0,0.18891265299930488
4509.0,0.17031672574209158
4518.0,0.1479165459520958
4529.0,0.2253404736413547
4540.0,0.2134061340405574
4551.0,0.2197693811901165
4560.0,0.2023007092570593
4568.0,0.1915443689863342
4576.0,0.241676664431805
4584.0,0.19315763662651433
4591.0,0.20329223323973664
4599.0,0.24425405518609117
4603.0,0.22250541052885967
4611.0,0.22531137920388045
4617.0,0.2203610285954727
4625.0,0.22111225416802852
4634.0,0.15789699079712166
4643.0,0.133305683269565
4652.0,0.23565339788411252
4663.0,0.15195806653958785
4670.0,0.2332358961749053
4678.0,0.21424229266724892
4690.0,0.15722672534787993
4698.0,0.20035832823955252
4709.0,0.21291665281431116
4717.0,0.23237917138604716
4726.0,0.16976020654668653
4732.0,0.2275008761839444
4740.0,0.1611222470048101
4749.0,0.22533911798883138
4757.0,0.2307213801078113
4766.0,0.20311986306008165
4773.0,0.22677149260989943
4784.0,0.2134619745096893
4792.0,0.24473396029135513
4799.0,0.2631856225735749
4808.0,0.23064643136948626
4815.0,0.23465004945024634
4823.0,0.18093514417779472
4830.0,0.18714366706181343
4841.0,0.24139891221902793
4852.0,0.16464782642698073
4859.0,0.25071026676876873
4868.0,0.20567352030778954
4877.0,0.25812531189802873
4889.0,0.2128833957114086
4895.0,0.25537697246687285
4907.0,0.23980402683669755
4914.0,0.21068037637969098
4922.0,0.18163678783468418
4931.0,0.18761283750721375
4937.0,0.22052333663987192
4944.0,0.19545762933023814
4948.0,0.203137064819278
4955.0,0.1914424226941633
4966.0,0.22246384583884984
4973.0,0.21953259745949494
4979.0,0.243014338794659
