,5
2.0,0.18900346096338022
10.0,0.1694340946630216
19.0,0.17968466767106506
27.0,0.21232597161664438
38.0,0.15992689411033073
47.0,0.15876138647812735
56.0,0.194392735989155
63.0,0.18455294519555196
72.0,0.18419589338262035
81.0,0.1757231954258601
89.0,0.18735132529064147
93.0,0.17875500778751072
102.0,0.19558932768714588
106.0,0.18992203440339417
113.0,0.20306839533860643
125.0,0.17015866797679835
129.0,0.18940297589437763
136.0,0.16820173712520028
143.0,0.17485751020669704
155.0,0.1898648406579795
164.0,0.21219330799258368
169.0,0.17622869038523592
180.0,0.1772108560022816
188.0,0.1959055608766157
197.0,0.18122478829747307
205.0,0.17134078855128215
212.0,0.2314683375647362
216.0,0.18543891679677438
225.0,0.15073182929168494
232.0,0.18060076351639676
239.0,0.1986063186713661
244.0,0.13391525428952358
252.0,0.15671019854767512
261.0,0.1939773549569308
270.0,0.18906953699834772
278.0,0.16113792782738187
289.0,0.19663557622752453
297.0,0.1898534743094718
305.0,0.19834082208089993
312.0,0.18399405754865297
319.0,0.15218023571331882
324.0,0.17917537609827233
332.0,0.16232817674556405
343.0,0.20663381221419708
352.0,0.18861815821254277
360.0,0.18449985035896688
366.0,0.18187278748287772
374.0,0.20076266952229366
382.0,0.19017513425612712
391.0,0.18125454548042416
400.0,0.19774298808430554
408.0,0.19449125597318376
416.0,0.18225829846579417
426.0,0.16797128808671857
433.0,0.19431539038228357
441.0,0.18511368544229184
449.0,0.1748492876622008
456.0,0.17149473577861432
465.0,0.19392347071960728
473.0,0.17340308420144765
481.0,0.18095204919454083
489.0,0.16740043532961701
496.0,0.17284569094282176
504.0,0.20449892083950208
514.0,0.19646912413795314
521.0,0.17527493433285962
530.0,0.1827553364220289
538.0,0.19852253849261514
547.0,0.16288687657688108
555.0,0.20388355640366304
567.0,0.19110863809370757
575.0,0.17373474559047183
582.0,0.1695066899323544
593.0,0.17649801685749317
602.0,0.20225412073100232
613.0,0.18330203266665862
621.0,0.18843954582952213
631.0,0.20766410663247298
640.0,0.18961167554725983
648.0,0.17691716513524186
656.0,0.17465697688460458
665.0,0.177303649286987
674.0,0.1894056905372935
685.0,0.20067989783736118
693.0,0.16886358211208474
701.0,0.19427253393063243
706.0,0.20916360564446831
712.0,0.1875374387243372
717.0,0.19311168218841263
725.0,0.18914016455987184
732.0,0.1635327569262138
736.0,0.18276638184094754
744.0,0.17719396839298232
751.0,0.1671184282486477
759.0,0.15831188685489453
766.0,0.18834061934852986
774.0,0.1906857636687142
782.0,0.19361926478807603
791.0,0.18147930802128767
797.0,0.1783955055327352
809.0,0.18532067746689493
817.0,0.1928416794160787
828.0,0.1761577562197951
837.0,0.17907600016184574
845.0,0.1592902361442117
853.0,0.16611666852046217
862.0,0.15829038773132673
866.0,0.17031223176272556
874.0,0.17588988857546972
879.0,0.17665795706949522
890.0,0.17920070371218824
896.0,0.174138105971715
906.0,0.17912800707728477
912.0,0.2039486793212938
922.0,0.1955401382784872
933.0,0.1741042895907848
940.0,0.1692316797558452
948.0,0.18723203347905987
958.0,0.18632999587258248
969.0,0.18448440635241514
977.0,0.16149594915280327
985.0,0.16975574548849762
994.0,0.17517668529571437
1001.0,0.18768487116383512
1010.0,0.17456985119574653
1018.0,0.18334686077935797
1026.0,0.17945314651448732
1034.0,0.18901410585383233
1042.0,0.18993159096015214
1050.0,0.19332056879055765
1057.0,0.17133867312475798
1066.0,0.19314173139568935
1070.0,0.16750508791966118
1075.0,0.1825872218553753
1083.0,0.1763078714344787
1092.0,0.17876984450599484
1100.0,0.17818076787299728
1105.0,0.16826302114138808
1113.0,0.19227026187532448
1124.0,0.20059160422417419
1128.0,0.16919525304407623
1136.0,0.19138674082859067
1141.0,0.19027683826806718
1152.0,0.17475228593980358
1157.0,0.1606696343907522
1168.0,0.17614882127509288
1172.0,0.19176309998588473
1179.0,0.15506805634923143
1186.0,0.19640370871681392
1193.0,0.183195107145032
1204.0,0.19850311098339726
1211.0,0.18610874507954886
1223.0,0.17771712948115306
1230.0,0.16787047333835245
1240.0,0.1503538726644535
1249.0,0.17669439988006444
1256.0,0.18455764532275204
1263.0,0.18690534178687976
1270.0,0.17963327458056644
1278.0,0.16865719029270407
1292.0,0.17025562646158124
1304.0,0.19928149493273742
1315.0,0.1827077948171864
1320.0,0.1646954511040304
1327.0,0.16038622350393375
1336.0,0.17947596868334803
1344.0,0.14642889509004253
1352.0,0.1569005987319143
1360.0,0.17615334174794547
1364.0,0.18901425080133077
1370.0,0.18892458446677243
1379.0,0.1655119006090396
1391.0,0.16956117767549675
1403.0,0.1681948871217064
1409.0,0.19066892296461152
1416.0,0.17721849176409937
1421.0,0.17604435155090675
1428.0,0.1738792994217453
1436.0,0.16104816417482753
1444.0,0.1859426949075964
1458.0,0.17922921047734475
1464.0,0.1670059883278111
1472.0,0.17352964341576382
1476.0,0.15148670579537613
1482.0,0.18049564596526
1490.0,0.1945916394134551
1501.0,0.19463813545706815
1506.0,0.18195914340381864
1515.0,0.2011611980691125
1523.0,0.1749426776513929
1530.0,0.17783046468795474
1537.0,0.16305987147142248
1548.0,0.1628617906589355
1559.0,0.1759142720769302
1564.0,0.16395204237344235
1572.0,0.18426193104182084
1583.0,0.18717740859787857
1590.0,0.1880387819820276
1594.0,0.1710394800290017
1602.0,0.16424088485329538
1608.0,0.20674063935299836
1617.0,0.1884009334405211
1625.0,0.17122060461113325
1633.0,0.18329859923878872
1642.0,0.17256642104499423
1650.0,0.17564761253510786
1661.0,0.17793954903504658
1672.0,0.16790607518175818
1680.0,0.15793247767445487
1691.0,0.174101306945212
1702.0,0.1845709360914773
1709.0,0.18126560881502143
1717.0,0.17378709635515815
1721.0,0.16213453096325053
1728.0,0.1830083173541687
1735.0,0.197269005056669
1743.0,0.1745388561398481
1752.0,0.18404416712550586
1759.0,0.18110753740773175
1766.0,0.2013277842753199
1780.0,0.21208012248794395
1787.0,0.1477506469527795
1791.0,0.17374307782129653
1798.0,0.17654616980819132
1805.0,0.16722810877175126
1811.0,0.17044826711633118
1819.0,0.16226017850961055
1826.0,0.1710568741363105
1834.0,0.1665835750085107
1846.0,0.17628522561019877
1855.0,0.166625974045045
1862.0,0.1882759253780415
1868.0,0.21689654176480505
1879.0,0.20581292763415854
1886.0,0.18327739590309386
1895.0,0.2012138344444721
1909.0,0.14207210698520967
1914.0,0.19274980783755669
1925.0,0.18573421707264737
1934.0,0.16913500418040842
1942.0,0.17990412521233107
1953.0,0.19025087622516013
1959.0,0.16184928248870195
1968.0,0.16387793737801734
1975.0,0.18102699570684222
1982.0,0.18805040412337082
1989.0,0.1834396796280409
1996.0,0.16150913119299884
2004.0,0.18201170329742453
2012.0,0.18706667840997065
2021.0,0.16182753371144207
2029.0,0.1814379052308925
2033.0,0.19918102766276458
2044.0,0.16947914082980986
2050.0,0.16122032089112975
2058.0,0.163654472004161
2066.0,0.18925471956910261
2072.0,0.1947197146221409
2081.0,0.18297439856198763
2089.0,0.1801895642494798
2097.0,0.17647632037227534
2107.0,0.20516419518045612
2119.0,0.18058704601728864
2127.0,0.1749979083180361
2134.0,0.18096258608156235
2142.0,0.18154006345551826
2151.0,0.16351354348226235
2162.0,0.1968519514659952
2170.0,0.17467216156016652
2176.0,0.1967424683355052
2181.0,0.20255076550418136
2190.0,0.16445628516208372
2195.0,0.18406594999365172
2200.0,0.1881097569934517
2208.0,0.14832015016479885
2213.0,0.19498012621365846
2223.0,0.1905752890788783
2230.0,0.17427744149672714
2241.0,0.17488663874100166
2252.0,0.15971919109864424
2261.0,0.17961482587390007
2269.0,0.19552446204854865
2276.0,0.1399422639173287
2283.0,0.14786142236122793
2292.0,0.1637788826392232
2299.0,0.17081211188449233
2306.0,0.18558390493189778
