,6
2314.0,0.15985882347247746
2323.0,0.21052849664870524
2331.0,0.1635377439260567
2343.0,0.15959715226383944
2355.0,0.17643112276407302
2361.0,0.18162677575217476
2369.0,0.17352337430259687
2378.0,0.16159259688759686
2390.0,0.1643387229671641
2398.0,0.16288131466624353
2406.0,0.19613082761835815
2415.0,0.1784080766361156
2424.0,0.1523361766792472
2435.0,0.16223458820900738
2444.0,0.14938770120987208
2456.0,0.1646929995627517
2467.0,0.18282437234889265
2477.0,0.16034187165194527
2484.0,0.19351673993334734
2492.0,0.16556846178573678
2500.0,0.16972521572231164
2507.0,0.18309132288224425
2516.0,0.17671395382052382
2524.0,0.1804697175290136
2532.0,0.18626850907975662
2537.0,0.18512905408684516
2546.0,0.1735137355464591
2554.0,0.1750751510479194
2561.0,0.2190848390437598
2568.0,0.17457630625952222
2577.0,0.17381860228042476
2584.0,0.19177902073173336
2594.0,0.1691175403701236
2602.0,0.18741619162816947
2610.0,0.18454301211362684
2616.0,0.17198788791975597
2625.0,0.16402462789556368
2631.0,0.16354396284371928
2640.0,0.1679367838457491
2654.0,0.19687166171633858
2665.0,0.17597017186843572
2673.0,0.20635698791645607
2681.0,0.191706607851424
2685.0,0.16326928653621559
2692.0,0.1850536734859098
2701.0,0.1889363735972388
2710.0,0.17606162823191765
2716.0,0.18087824547766834
2725.0,0.18954947460561555
2729.0,0.17612197013454906
2743.0,0.1633190566297219
2750.0,0.1876451447499996
2760.0,0.17377741424546875
2772.0,0.18816557430182362
2780.0,0.1788419484857077
2788.0,0.19893221922368126
2798.0,0.182326547799499
2807.0,0.1309317520309881
2814.0,0.18425119913311447
2823.0,0.18447702309778774
2830.0,0.16318410097678876
2840.0,0.18482684330422253
2848.0,0.18540692017758917
2856.0,0.1626468287524979
2864.0,0.16078365443502915
2875.0,0.1656744074211608
2886.0,0.172069062412849
2897.0,0.17398577462257028
2904.0,0.17201440349854272
2912.0,0.18699870489953752
