,8
0,0.19619608419465404
1,0.18587715675696287
2,0.1687344496224382
3,0.1484494851609633
4,0.13687686422716658
5,0.1556296392766182
6,0.16500416057406359
7,0.1369259822812666
8,0.1561206551647137
9,0.1820383182306857
10,0.18145896985469956
11,0.180339431997071
12,0.1514837995217187
13,0.15462851946304457
14,0.1426590463090477
15,0.13734510401701944
16,0.14471295935105138
17,0.14093421081538493
18,0.15162148005976142
19,0.1571093739736868
20,0.17735878352449957
21,0.16608033035514397
22,0.1624604121504376
23,0.16688798729123722
24,0.16440681055140505
25,0.13909803438615362
26,0.1610655559353249
27,0.14561399659763466
28,0.1915056460868853
29,0.16496308281831856
30,0.16120490739884166
31,0.16816809988726225
32,0.17412605353388244
33,0.15994437256048555
34,0.1463544120468861
35,0.15569479080627993
36,0.14773325959915093
37,0.14353601546911202
38,0.14556599229901823
39,0.1617762741634157
40,0.1648895026939975
41,0.1559461331986931
42,0.1648781318264491
43,0.14774671878784523
44,0.14170747588923988
45,0.15485781879661198
46,0.16477684106914367
47,0.1592945237649446
48,0.16284281338871906
49,0.14745685204359388
50,0.15265837868154103
51,0.14774519620898463
52,0.16967175998957867
53,0.16718618838747304
54,0.16435557166319031
55,0.15519110053123025
56,0.17741003329518393
57,0.1603301586074187
58,0.15796267755530635
59,0.1527111400267247
60,0.17100901678564295
61,0.15392504295589304
62,0.1501983674353723
63,0.15418448764950335
64,0.14535704078120248
65,0.1375688236056575
66,0.14887258526905744
67,0.15931274326993866
68,0.1455635019323463
69,0.1712120384050558
