,5
2314.0,0.15479955557538952
2323.0,0.17862286873768385
2331.0,0.2087250471189238
2343.0,0.18065466436689256
2355.0,0.1883294753781939
2361.0,0.1716079941109214
2369.0,0.15971295847691697
2378.0,0.1466034508194148
2390.0,0.1765357253013785
2398.0,0.19285501369682917
2406.0,0.23117954800858356
2415.0,0.1977130990099693
2424.0,0.18802542612195514
2435.0,0.1742530118392338
2444.0,0.17592094275318038
2456.0,0.1768707049136943
2467.0,0.16009101237250747
2477.0,0.16941492390757912
2484.0,0.17253529143708757
2492.0,0.17189141556416251
2500.0,0.22565509135424744
2507.0,0.20883305539440494
2516.0,0.1770267379898635
2524.0,0.17403418366752268
2532.0,0.18593413245716037
2537.0,0.18928243813099027
2546.0,0.20427817911476276
2554.0,0.16871193906395965
2561.0,0.18765685575205315
2568.0,0.21813109814060472
2577.0,0.21114604043881866
2584.0,0.15987258785528405
2594.0,0.19101967773132844
2602.0,0.2068823794256595
2610.0,0.18394852168775003
2616.0,0.17321159426605467
2625.0,0.16596459048250017
2631.0,0.1715393248073405
2640.0,0.17159897377005873
2654.0,0.18943443355753245
2665.0,0.1981156531391082
2673.0,0.19270419449690993
2681.0,0.17420563109339798
2685.0,0.1665399822802725
2692.0,0.18269780307755315
2701.0,0.1803964091476711
2710.0,0.179161696427485
2716.0,0.17610465828518776
2725.0,0.21930829382276507
2729.0,0.1959640388755443
2743.0,0.18277590393260967
2750.0,0.1842638897399986
2760.0,0.1941829211211255
2772.0,0.1957163392694088
2780.0,0.21303372086801975
2788.0,0.1830713873122826
2798.0,0.20173724014210848
2807.0,0.16533560624430751
2814.0,0.2004076054056957
2823.0,0.20749693811531938
2830.0,0.20181928289950762
2840.0,0.1671545620146063
2848.0,0.19479427813564185
2856.0,0.1990720264771009
2864.0,0.19162243658020464
2875.0,0.18431896317458055
2886.0,0.1827859276499208
2897.0,0.19423762588719246
2904.0,0.17597994394499106
2912.0,0.19364823302213266
