,8
0,0.15383554162628785
1,0.1450283719666155
2,0.16535550616498937
3,0.15830835991540465
4,0.17225266226806757
5,0.16231027707825996
6,0.16173595173122063
7,0.14921824196783973
8,0.1535921497946725
9,0.14255961224022168
10,0.14550204115627446
11,0.15420384841764134
12,0.15360484331986204
13,0.15092837391535074
14,0.18062570795743924
15,0.15885311461207216
16,0.1456029505843829
17,0.12842603427991323
18,0.15488008660530772
19,0.1346520380022858
20,0.146686185316509
21,0.15616616253189206
22,0.1624277489772399
23,0.14711423905928506
24,0.18807158996712103
25,0.1750249545359933
26,0.16744659422295813
27,0.1627104278602536
28,0.18825116965459568
29,0.16540624247891605
30,0.14939075202461624
31,0.14706543868692884
32,0.14386113901602174
33,0.15324573694737026
34,0.16330185335118474
35,0.17277930405798092
36,0.16957370112642578
37,0.16948563237580525
38,0.19938405578782417
39,0.1602524924447719
40,0.16792479837634208
41,0.15408514513305485
42,0.15890766827951358
43,0.1711517179764516
44,0.1537400567915007
45,0.1578984903688573
46,0.1591107035897337
47,0.16857459759439639
48,0.1526616330128195
49,0.17472559012414368
50,0.17357274551719032
51,0.15940849399732435
52,0.16658420151422493
53,0.15245229578984018
54,0.1455857967027342
55,0.15063034923819626
56,0.16099535047060837
57,0.15210664859342302
58,0.1538214789649242
59,0.15258785617184087
60,0.1541488815821397
61,0.15824124349977736
62,0.15787856188746321
63,0.15679993487610397
64,0.17402759987433203
65,0.17325726839884095
66,0.18477060572589074
67,0.16413676875274638
68,0.15113323374623017
69,0.14325200302081484
70,0.15182198723935353
71,0.14789908581473118
72,0.16145420184554893
73,0.14322020620754514
74,0.17613934165480102
75,0.16869170208062395
76,0.17000560173904086
77,0.15277493870532782
78,0.16297137040847537
79,0.14559827315453056
80,0.16689632738555557
81,0.15574372437065948
82,0.15236107254919737
83,0.156977542717267
84,0.17248858997753228
85,0.13690059429393434
86,0.1546000617390173
87,0.162788823268338
88,0.17915982213831724
89,0.1524556078350249
90,0.16701800837731712
91,0.15777674821405968
92,0.15637723088825076
93,0.149980361640503
94,0.15356124550021272
95,0.14519956718342422
96,0.14634935453442616
97,0.154136988255919
98,0.15027563164742072
99,0.1336872964545656
100,0.14498393759249895
101,0.1371744266334275
102,0.1414939179360225
103,0.13546607955313522
104,0.1424666578776244
105,0.1457635872166693
106,0.13963887693265947
107,0.14523041502122844
108,0.13266789128204
109,0.16606213823359137
110,0.1557411376803739
111,0.1634077505003087
112,0.1878802463703353
113,0.1451605145539998
114,0.14228769871901628
115,0.17596823607597423
116,0.16294004145379556
117,0.15374126007388028
118,0.14501865814636744
119,0.15773547670265975
120,0.14492729840031698
121,0.1486114117167731
122,0.15130884531371025
123,0.14766791564933882
124,0.1438905698638544
125,0.15001187981221625
126,0.14336704635484593
127,0.1338308094801093
128,0.17420768502059344
129,0.1525032186901456
130,0.17475736523060753
131,0.14572799130752792
132,0.15307688057595467
133,0.14610415676597766
134,0.1405658633077194
135,0.1480890941182865
136,0.17223352017906246
137,0.15928779416752278
138,0.1542045856186631
139,0.15768990928547177
140,0.15816787372403854
141,0.15343900025510288
142,0.1840838617002361
143,0.17541696596728623
144,0.15772535172040206
145,0.1609458936880595
146,0.1599075001242407
147,0.1650942334871788
148,0.16738113275379268
149,0.17268780512389684
150,0.1527620927320248
151,0.16024256010784038
152,0.1466438187732004
153,0.16879585188263652
154,0.15031196063414767
155,0.13631956770787126
156,0.15638778128135689
157,0.16084341387062046
158,0.16700933739534105
159,0.1534396319556889
160,0.15040779961373982
161,0.13303390591219294
162,0.1448540877727607
163,0.1406718428366061
164,0.140255678280794
165,0.1468933965251465
166,0.15327399892457905
167,0.1434196007541965
168,0.16682332593538124
169,0.1609575114826032
170,0.17034534120169775
171,0.17859789717436506
172,0.15629744382303415
173,0.15075412563223625
174,0.14454938795421507
175,0.1608271745221908
176,0.14968272810321417
177,0.14706489898391933
178,0.15021730736075217
179,0.13989246718397413
180,0.15386627894649438
181,0.1406752236526397
182,0.14437426699060352
183,0.14832398307956418
184,0.14589383777130766
185,0.1557707086351878
186,0.15047541092253583
187,0.15507249099851442
188,0.15628027862400445
189,0.16479060526325257
190,0.1778585453306338
191,0.17178083283363343
192,0.1755696478065885
193,0.15143653938271096
194,0.16175036378391533
195,0.1538983172011492
196,0.15900630800172386
197,0.14053694916650505
198,0.15374297289414082
199,0.15820631997909076
200,0.1567810757422995
201,0.1574954651041596
202,0.14216296984196375
203,0.1424674508564645
204,0.1576239913576672
205,0.15198598127250326
206,0.14958024668959646
207,0.13910114179244018
208,0.1528281054573255
209,0.12869947318407246
210,0.15372319881559346
211,0.15092360407568128
212,0.16980054075710888
213,0.14924729632245037
214,0.17201403194825007
215,0.16310381705217905
216,0.15270487794816665
217,0.1659808510834044
218,0.1434013979991896
219,0.15429147048791392
220,0.15742740796203197
221,0.14743020083296826
222,0.16157731118530255
223,0.1612896813141832
224,0.15000452214124763
225,0.15285336576334166
226,0.1520010727042307
227,0.1736719088047243
228,0.17938153464861623
229,0.15500214647927482
230,0.15139519611608665
231,0.15883598280638894
232,0.15643741519775028
233,0.15525432615408297
234,0.15927224896018688
235,0.14696996892741293
236,0.1270614782915162
237,0.14333753547697645
238,0.14078368219716983
239,0.1481589990360802
240,0.15087346169676133
241,0.1595471634231381
242,0.1474970765753039
243,0.15920246936500798
244,0.170730179941009
245,0.14954136676374163
246,0.1573780034751167
247,0.1487062642983832
248,0.1569834147936569
249,0.1795277645270941
250,0.15759457409592165
251,0.14509003622767305
252,0.15177015967883084
253,0.16137030835874172
254,0.15175291846177694
255,0.14628534189656953
256,0.1617868778158616
257,0.1538508314191674
258,0.1371034030764357
259,0.14365616510089815
260,0.16090957864585215
261,0.15863152896723604
262,0.15905452497457487
263,0.16410798210680458
264,0.1540610924171567
265,0.14481754049836046
266,0.15038481108687227
267,0.1497774584900225
268,0.14245622446389933
269,0.1494447766192349
270,0.17294605365196733
271,0.1440254751160067
272,0.1452010649801546
273,0.14415732382824473
274,0.14721677158068966
275,0.160385141358723
276,0.1497177001377337
277,0.15331865096615635
278,0.15617770751232773
279,0.1296164618878348
280,0.17833494832605612
281,0.15189616699020148
282,0.16718025498967118
283,0.15754358793039
284,0.14802487273646472
285,0.14974449163120845
286,0.1514618740713039
