,5
2.0,0.16045280480555063
11.0,0.2108317411385261
23.0,0.20779354937323893
28.0,0.20688293486328088
35.0,0.21584913850075094
44.0,0.18464473087590164
51.0,0.1862888224963329
60.0,0.1603587240089957
66.0,0.1828125817580862
70.0,0.19470810095441266
81.0,0.16879525550696364
88.0,0.1701997778308024
96.0,0.19860429421642986
104.0,0.19086759853140764
111.0,0.19457062405480435
121.0,0.19480834247631582
129.0,0.18500790310427792
140.0,0.2148724851172243
149.0,0.2172974267966381
163.0,0.21605608094094483
174.0,0.19556451884887532
188.0,0.19720313051862007
195.0,0.1836475666953957
203.0,0.1790878908335334
211.0,0.2109352557697363
216.0,0.18388772373305504
224.0,0.19876750727786163
233.0,0.18164738214328943
239.0,0.18749685905106547
248.0,0.18964484974577056
259.0,0.16217302568878514
271.0,0.18473521089901063
279.0,0.2092890916767882
283.0,0.1832248526414645
290.0,0.19170711019707062
299.0,0.17815665339247072
303.0,0.1933857351719761
314.0,0.18346813412235036
318.0,0.19798542869755434
322.0,0.18069336773258105
329.0,0.19843891449243728
338.0,0.1926165735321682
345.0,0.19868382371779325
351.0,0.21779395099490134
358.0,0.19043534181117622
365.0,0.1737276860024146
373.0,0.19529612172093055
382.0,0.16824717979559753
390.0,0.17621789655061768
397.0,0.1819754247661451
404.0,0.17623445605282356
411.0,0.18478452795817524
418.0,0.1840659969922864
426.0,0.20931369641276798
433.0,0.20962058822337368
439.0,0.18474508941422632
450.0,0.18815911551458095
457.0,0.19177085385973683
471.0,0.16579907041823108
485.0,0.19146856223610603
494.0,0.1959701974220432
505.0,0.21221728120046543
517.0,0.19356474873716356
526.0,0.16708842140430377
533.0,0.19734594886852033
540.0,0.20509139252191694
546.0,0.2079139577095294
558.0,0.18294671898454443
567.0,0.17995650210814618
575.0,0.18131830788909803
581.0,0.1537172845480846
588.0,0.2029193823318992
599.0,0.19515118181496569
605.0,0.17228243183762723
609.0,0.17007237375438725
617.0,0.2021728312023214
626.0,0.17361562318304985
634.0,0.20484296097445362
643.0,0.16142340369882405
654.0,0.1761533052012477
665.0,0.18081978326631626
673.0,0.17561365161943257
681.0,0.17484590532967087
688.0,0.19762002733657888
695.0,0.20385627373958565
706.0,0.14692372476702567
712.0,0.1853919536170847
720.0,0.1698438379036358
728.0,0.17747984760354338
735.0,0.17797490227442508
739.0,0.2002513765509855
746.0,0.20167083851239262
757.0,0.14629038860369956
765.0,0.21238742330360813
777.0,0.15725044648008704
784.0,0.22030658437076378
792.0,0.20624621707474697
797.0,0.18907660042191138
804.0,0.17972079433159766
812.0,0.21804866478410276
820.0,0.21298862073966024
830.0,0.16725491913388907
838.0,0.17959787810549815
844.0,0.2290607614379703
848.0,0.20001211960615617
854.0,0.19368563140093722
858.0,0.19137857566606295
863.0,0.21553674502795453
868.0,0.20303680852771525
873.0,0.19537989477096004
877.0,0.18349114324352309
884.0,0.18464548537061348
888.0,0.2255686929254803
895.0,0.19345495444233138
902.0,0.19270181388316326
908.0,0.21867625198952945
912.0,0.21765023547650802
918.0,0.1847867913138232
930.0,0.19355481975872552
936.0,0.17869476096363499
944.0,0.1917553342923892
951.0,0.1729766123281142
955.0,0.18412417026638422
961.0,0.20506451363463452
972.0,0.18719205001024833
981.0,0.21158820531335754
992.0,0.18433583143706117
999.0,0.1865341423480264
1004.0,0.14732538303913295
1011.0,0.18388176238380988
1018.0,0.19652556580409047
1030.0,0.17141128714339457
1036.0,0.19390916658179466
1041.0,0.19224151474825782
1055.0,0.1999830537712232
1063.0,0.212590922857493
1074.0,0.1978203336533376
1082.0,0.23033348360039932
1090.0,0.17021065037961375
1094.0,0.19258783228033713
1103.0,0.18936551089915107
1109.0,0.16641713312646578
1118.0,0.20545337960699467
1125.0,0.20737266127146942
1130.0,0.1816682235048356
1136.0,0.20147873935202276
1140.0,0.20743595600753995
1144.0,0.19934490481046666
1152.0,0.19618269674260003
1161.0,0.18714758084878896
1167.0,0.19774560534878416
1179.0,0.18117270133560287
1187.0,0.18165468166341683
1195.0,0.1863144777817307
1202.0,0.18831776492159621
1214.0,0.19335020518639226
1223.0,0.19286382761798987
1230.0,0.2052785529065083
1241.0,0.18027550513394003
1249.0,0.2082992005986899
1255.0,0.18895799163396676
1264.0,0.2238049204112511
1272.0,0.212197922801194
1279.0,0.173788941184129
1283.0,0.19062480911202817
1291.0,0.18172737345832524
1299.0,0.20452760759702956
1307.0,0.1972391708791477
1315.0,0.18287847609500993
1320.0,0.19723493290880506
1328.0,0.19227712309478862
1337.0,0.19627006688063783
1346.0,0.17403426868114322
1354.0,0.14704829539129197
1366.0,0.18054739825330013
1373.0,0.17856823450373846
1384.0,0.16992286426904546
1390.0,0.1734377717028346
1398.0,0.18189067442365672
1406.0,0.17827165899576009
1411.0,0.2006732846266951
1419.0,0.17936182710354973
1431.0,0.18860524784311813
1439.0,0.18259325651774252
1447.0,0.16679744681446268
1456.0,0.2024554979821123
1464.0,0.1730112256591066
1472.0,0.18398419658861634
1480.0,0.20131984226170357
1488.0,0.19087819671276318
1492.0,0.16398783545460108
1499.0,0.21380158573236815
1504.0,0.199721940454054
1508.0,0.19565861198254353
1519.0,0.16124437270648564
1530.0,0.1894557230075764
1538.0,0.18772549941026123
1546.0,0.21329885791984116
1551.0,0.21531770793618593
1557.0,0.2038281961767942
1566.0,0.19168179667256016
1576.0,0.19647212884632434
1584.0,0.1715887093190248
1598.0,0.17860172969518073
1605.0,0.18059688160272797
1609.0,0.19318910111319912
1617.0,0.18793098831422048
1625.0,0.16629438349611578
1634.0,0.22620390950455507
1639.0,0.15651404357876575
1646.0,0.18700390773043943
1654.0,0.18463687688882827
1662.0,0.1565179894286396
1671.0,0.18241748629313373
1679.0,0.19816329260870724
1689.0,0.17964177850981564
1697.0,0.21142783852630292
1705.0,0.17616915164931637
1713.0,0.19939265973531256
1720.0,0.19517502183157995
1728.0,0.186845169224475
1742.0,0.22607482787553065
1753.0,0.1763859068472062
1760.0,0.21754337526925646
1765.0,0.18106393578821242
1769.0,0.20492814204466692
1775.0,0.16764505942653796
1786.0,0.1969290023127694
1793.0,0.17670390107712244
1804.0,0.1908759296826287
1812.0,0.14995834303710748
1823.0,0.17327279853443991
1832.0,0.1948715411802865
1841.0,0.2014610038424449
1848.0,0.16254708039108437
1856.0,0.20961019944890472
1864.0,0.17258999886117668
1872.0,0.1580268639025485
1876.0,0.23223936552001417
1880.0,0.22219618364033072
1889.0,0.19522646693176515
1894.0,0.2082529791496531
1902.0,0.20300174364967932
1908.0,0.1857445566040459
1914.0,0.19649091161784626
1920.0,0.19051485781448224
1929.0,0.18768791470065954
1941.0,0.18743955106949667
1952.0,0.16983990728967865
1956.0,0.1808849373388225
1964.0,0.19586214737527782
1968.0,0.18097934148742117
1979.0,0.2036880878218426
1986.0,0.18309065684757117
1993.0,0.173186124607414
2002.0,0.14380977510111712
2013.0,0.1748021483081594
2022.0,0.19776699819007312
2034.0,0.19475824868717978
2038.0,0.18785261631429964
2043.0,0.2051509517725602
2052.0,0.18754642499814467
2060.0,0.18020642489728003
2064.0,0.1866434000471581
2071.0,0.17082738355162047
2078.0,0.18322702433821275
2085.0,0.18358706917865364
2096.0,0.17723439845204672
2105.0,0.17685056988880044
2119.0,0.18829966123119415
2125.0,0.1948566940920275
2129.0,0.20795619604051274
2138.0,0.18921437997268883
2147.0,0.19250497786931306
2155.0,0.22183077076982347
2161.0,0.17262326589879737
2173.0,0.1672216901520379
2181.0,0.20695582024140616
2190.0,0.1732287099523554
2198.0,0.1733817494074053
2212.0,0.19203232119037117
2216.0,0.1911396659056482
2225.0,0.19514924642832385
2229.0,0.1967019807337452
2243.0,0.1895327636742147
2247.0,0.18099549804473017
2258.0,0.16794730830393279
2266.0,0.17952429671247275
2273.0,0.16268288402021516
2279.0,0.1946354633897404
2287.0,0.17492565886137248
2298.0,0.18589911059297382
2303.0,0.20769992876616775
2311.0,0.1950290460632862
2318.0,0.1764509776933855
2329.0,0.17304489083359365
2336.0,0.1666190587171356
2344.0,0.2144312739174845
2352.0,0.2017579505144306
2362.0,0.18970164112352625
2370.0,0.19166327452038048
2378.0,0.19732119899971373
2387.0,0.1762857763959363
2398.0,0.21498421889068228
2402.0,0.2013174329425162
2412.0,0.20596884452243275
2416.0,0.19821723830412252
2421.0,0.19351921346793743
2425.0,0.1483223735600423
2429.0,0.18951394759059778
2435.0,0.1961183372623162
2441.0,0.2007332354053207
2449.0,0.2035547233520606
2457.0,0.19404010696470342
2464.0,0.17723499252085276
2475.0,0.22978929060618122
2489.0,0.17338635517208556
2497.0,0.18186684387073146
2502.0,0.20913965588395947
2513.0,0.21371784806001387
2521.0,0.18372056742068524
2533.0,0.1833995733121629
2542.0,0.19574417427285742
2549.0,0.20570603023324374
2554.0,0.18929110310095085
2561.0,0.18229281697641087
2565.0,0.19510151776122048
2576.0,0.19874635684861525
2584.0,0.19149672142394059
2592.0,0.20149357510446836
2597.0,0.1705260112341245
2607.0,0.1793116724196246
2614.0,0.19117513591967003
2626.0,0.1952048297627941
2630.0,0.1748980354542905
2641.0,0.18048340236957602
2648.0,0.1855129182383029
2659.0,0.2068209944295276
2666.0,0.19319174942710793
2674.0,0.18217440894159567
2680.0,0.21138343768256593
2686.0,0.19875765350772376
2698.0,0.18348463359274833
2709.0,0.19199501373167938
2723.0,0.17989071646451962
2728.0,0.17323706312236
2739.0,0.20874783610252484
2747.0,0.1942140217717937
2758.0,0.17197230899155141
2765.0,0.1880332466738225
2773.0,0.20299118040866904
2777.0,0.17999432853542474
2786.0,0.20249450290761106
2794.0,0.19017611781676436
2801.0,0.18429769372979063
2809.0,0.1876070045968036
2817.0,0.19994123954435267
2831.0,0.20134231993435786
2839.0,0.21343044651611454
2843.0,0.1978756085595074
2850.0,0.17854722793180616
2857.0,0.20228981925788236
2865.0,0.16149393663550876
2873.0,0.15650956589497128
2881.0,0.2129466883840485
2885.0,0.20642075841502863
2892.0,0.17947195266462268
2900.0,0.1901171888761875
2909.0,0.18979536635160285
2918.0,0.18747918844978645
2925.0,0.19678512456388708
2932.0,0.1837934604048691
2940.0,0.20427661196151667
2948.0,0.21496379683917063
2953.0,0.2055508828712743
2961.0,0.19192427447827687
2968.0,0.19747637120806016
2975.0,0.20537284156399946
2981.0,0.17491900700951324
2985.0,0.1993322938791116
2993.0,0.22943786262968183
3001.0,0.18080132047078604
3015.0,0.17042425208156195
3022.0,0.18639115874197132
3028.0,0.15680234637877508
3037.0,0.18203904746889818
3047.0,0.17788055981000744
3058.0,0.1829904135341123
3072.0,0.19508807457112678
3083.0,0.1809296889366136
3092.0,0.18386027191309956
3100.0,0.1994438141608061
3111.0,0.195000840617986
3119.0,0.16864266738382094
3127.0,0.19208529519187248
3134.0,0.17156379909318883
3148.0,0.20182664774784875
3159.0,0.19836091243238455
3170.0,0.19363260717901545
3178.0,0.1854137249285487
3185.0,0.19413751288065662
3192.0,0.19295704873545486
3200.0,0.16248054924992092
3204.0,0.16067235281687323
3213.0,0.20535667855990436
3220.0,0.17523550486784045
3231.0,0.12700278026472528
3236.0,0.16930242220642117
3244.0,0.17277243954047522
3258.0,0.15399577833561864
3272.0,0.16387856196434644
3280.0,0.16926765560644147
3288.0,0.20264313789259442
3292.0,0.19909124516451604
3298.0,0.17314436412929882
3306.0,0.18168011133926099
3315.0,0.1605878534590146
3322.0,0.15880354246531816
3327.0,0.16715255437008492
3338.0,0.17700365423567282
3342.0,0.17570484534340208
3353.0,0.17685102475013598
3357.0,0.20225584633952046
3365.0,0.17893268056003925
3376.0,0.19714369528910855
3380.0,0.1713738297457809
3391.0,0.19213258077264167
3399.0,0.18709881095248154
3406.0,0.18334199501530765
3417.0,0.18221984945307773
3425.0,0.1815189496439745
3433.0,0.16688061094074444
3441.0,0.1968244589414665
3449.0,0.20023250241894375
3463.0,0.17172720355937446
3472.0,0.193863042275532
3480.0,0.16621287950992228
3486.0,0.1613198934465705
3492.0,0.20219236753269315
3499.0,0.169317085618134
3507.0,0.20050455682144852
3516.0,0.17328420477779663
3523.0,0.183467476406606
3527.0,0.162107626021668
3535.0,0.18223290244587131
3542.0,0.2001909348174874
3546.0,0.17079766382112532
3550.0,0.19522083932428075
3557.0,0.17125250367368064
3569.0,0.18208124398739228
3575.0,0.15641529062823237
3583.0,0.1848487667726754
3590.0,0.16371003886369032
3598.0,0.1720493945545219
3604.0,0.18731573787729514
3608.0,0.20651685268168396
3616.0,0.1757070817070405
3625.0,0.2042175782821927
3632.0,0.16945877308423044
3636.0,0.15994902554000714
3644.0,0.1779676204952497
3650.0,0.2026211163132205
3656.0,0.19495390216564815
3663.0,0.20080084526754716
3667.0,0.19764999819609594
3675.0,0.18698586787052374
3684.0,0.21888041782305195
3691.0,0.18243471140186884
3703.0,0.2106792237744905
3710.0,0.18742153091703972
3716.0,0.20565100802517414
3722.0,0.1569828255434883
3730.0,0.19943805206230442
3734.0,0.17710029617071385
3741.0,0.1807612570307785
3746.0,0.20380180156255287
3755.0,0.1703773106055406
3766.0,0.18845271321004087
3772.0,0.17269643770564808
3780.0,0.1794192418450982
3786.0,0.1847743493184349
3794.0,0.19473093757205237
3800.0,0.1692256133903457
3805.0,0.22315468147009504
3814.0,0.19357032717343278
3822.0,0.19323354472460713
3829.0,0.183464368380683
3840.0,0.17684994565018852
3848.0,0.1921829732170237
3853.0,0.15051547209172278
3861.0,0.15420485508911663
3871.0,0.15466302428455334
3876.0,0.18561006267738525
3885.0,0.18791089444058467
3891.0,0.19204383905758324
3900.0,0.15334157341092342
