,6
2.0,0.17122280967599476
11.0,0.178838221591898
23.0,0.1691243821208201
28.0,0.17689725869701184
35.0,0.18295794096340032
44.0,0.17050739374289528
51.0,0.18344203949110954
60.0,0.19221609860165134
66.0,0.16515427910443672
70.0,0.1806847441449724
81.0,0.1916238947858233
88.0,0.19947542453486883
96.0,0.20415295702830988
104.0,0.1696564288781213
111.0,0.18016037968438783
121.0,0.17624781219573837
129.0,0.1624912085563572
140.0,0.18798312557807925
149.0,0.18480317351209763
163.0,0.18072116060518986
174.0,0.1753362935338908
188.0,0.1940649330014154
195.0,0.17064212696337303
203.0,0.18143932475497887
211.0,0.1606021694979948
216.0,0.1781198237290102
224.0,0.1684813171381578
233.0,0.16723081378618482
239.0,0.2028923502664139
248.0,0.16997229245678167
259.0,0.17176943356140545
271.0,0.17960503821539917
279.0,0.1769938761468375
283.0,0.15208065784837868
290.0,0.18953668090207806
299.0,0.15336628508890277
303.0,0.1648361555949877
314.0,0.18019189975433325
318.0,0.17152728699271158
322.0,0.16355345688037165
329.0,0.16815075924982653
338.0,0.17800668294368313
345.0,0.18727854129498114
351.0,0.1796967933034225
358.0,0.1534331633656415
365.0,0.16168583597250646
373.0,0.1702843115274273
382.0,0.17370075237513954
390.0,0.18998038187216276
397.0,0.1803819122958842
404.0,0.16606716808007976
411.0,0.16342424339151357
418.0,0.19349024977254842
426.0,0.1819943259325147
433.0,0.16448610464698976
439.0,0.17259306671645708
450.0,0.1693817462495102
457.0,0.17187998132087853
471.0,0.20662357466836725
485.0,0.16927335821458925
494.0,0.20023901229555927
505.0,0.1928487431956843
517.0,0.18358955247017836
526.0,0.16411047743748367
533.0,0.16588060518970907
540.0,0.1794660536992973
546.0,0.20523030800721825
558.0,0.18808456449491404
567.0,0.17236067149622902
575.0,0.17301110572345924
581.0,0.18307847197669022
588.0,0.17644016743870172
599.0,0.181868102474671
605.0,0.18882082814489787
609.0,0.17266699984611517
617.0,0.1531172875389447
626.0,0.17827137270199037
634.0,0.16953623700843323
643.0,0.16849098629007933
654.0,0.17635740843844877
665.0,0.1876263493662362
673.0,0.16145825012058052
681.0,0.1763136185136209
688.0,0.18614270849199485
695.0,0.17656004055287258
706.0,0.16583141245465152
712.0,0.16962907264904456
720.0,0.16481649085859873
728.0,0.1769286527473998
735.0,0.15989119369111068
739.0,0.17851047295295963
746.0,0.17351666316345965
757.0,0.16597669253532557
765.0,0.16182940272409124
777.0,0.1722316039001143
784.0,0.1675182473937047
792.0,0.18878723499081063
797.0,0.18864745295023427
804.0,0.1687981128348015
812.0,0.18505398454447833
820.0,0.18808118112460148
830.0,0.17090446859652705
838.0,0.1727850511971805
844.0,0.17585707185646582
848.0,0.18103388510308754
854.0,0.17895392503220822
858.0,0.17757409675088334
863.0,0.20958368630019913
868.0,0.17119718447522655
873.0,0.1844460565222756
877.0,0.18127831366388672
884.0,0.18498071503461117
888.0,0.172273505625822
895.0,0.20989877048094482
902.0,0.17189053209645005
908.0,0.1689835682601989
912.0,0.1917532671082336
918.0,0.19164850587817225
930.0,0.1771457360481092
936.0,0.17920281755721884
944.0,0.17912444930180457
951.0,0.19201295160662132
955.0,0.18063272774961056
961.0,0.1729532941373823
972.0,0.2004255340759708
981.0,0.18882393351584678
992.0,0.1842022532230396
999.0,0.21738329817011146
1004.0,0.1949189067261876
1011.0,0.18288559946616414
1018.0,0.16742978045193896
1030.0,0.16364061776482677
1036.0,0.18076593133520028
1041.0,0.18201354036506337
1055.0,0.16692332426109
1063.0,0.16983962537725258
1074.0,0.19118232476425118
1082.0,0.20099728519520613
1090.0,0.18085408325553173
1094.0,0.18418811431420065
1103.0,0.18324631955810977
1109.0,0.1688864203863727
1118.0,0.18493915418850204
1125.0,0.1932992843213777
1130.0,0.18537364974375958
1136.0,0.19854949987134562
1140.0,0.19558987463479
1144.0,0.1703053187181051
1152.0,0.16781129791984487
1161.0,0.16970589124648053
1167.0,0.20783349428735698
1179.0,0.18113316750030278
1187.0,0.18443451709023814
1195.0,0.18506620720064554
1202.0,0.17599228527604366
1214.0,0.16185576149179687
1223.0,0.1700161688801744
1230.0,0.16487687786818528
1241.0,0.1905735705043384
1249.0,0.17898121212140175
1255.0,0.18726905912162825
1264.0,0.1898732869855709
1272.0,0.1842278688793335
1279.0,0.18071426266775903
1283.0,0.17704871207504136
1291.0,0.16581518437986634
1299.0,0.18049507809071721
1307.0,0.17035682893801066
1315.0,0.1814385012191939
1320.0,0.18081269141359502
1328.0,0.18253401019305307
1337.0,0.17028803787166835
1346.0,0.18338181463825526
1354.0,0.18572985535650074
1366.0,0.18157223239271642
1373.0,0.1624128726716516
1384.0,0.16146790302581954
1390.0,0.15175438754542026
1398.0,0.169905814786601
1406.0,0.1842296407681056
1411.0,0.17033553628909232
1419.0,0.17441212204813722
1431.0,0.15709452021210993
1439.0,0.186989860514772
1447.0,0.16081278897958248
1456.0,0.17762717185940152
1464.0,0.16628439553244814
1472.0,0.18563173030785685
1480.0,0.194505294827045
1488.0,0.17216208923458975
1492.0,0.18552840257898776
1499.0,0.1674975430525874
1504.0,0.18132685601526677
1508.0,0.1824546863662527
1519.0,0.18846329837242576
1530.0,0.17710266208198108
1538.0,0.1702980281341237
1546.0,0.19089076695352994
1551.0,0.16949232297294417
1557.0,0.19424911518453158
1566.0,0.1685049604659425
1576.0,0.1665988807172892
1584.0,0.1693558977646532
1598.0,0.17751419308006355
1605.0,0.17555562954305248
1609.0,0.18277309526504606
1617.0,0.1710841236742585
1625.0,0.1728302885259684
1634.0,0.19131631801100277
1639.0,0.19302414842783322
1646.0,0.19525542509855265
1654.0,0.17632200754177615
1662.0,0.16397408262836333
1671.0,0.16967515004806358
1679.0,0.17203527998756082
1689.0,0.1829815165057315
1697.0,0.19433533513647536
1705.0,0.17486426242351313
1713.0,0.17094782556902477
1720.0,0.1735267275914188
1728.0,0.16641071962616957
1742.0,0.18894267458345115
1753.0,0.15403788823574724
1760.0,0.19155942051470007
1765.0,0.20043918877308484
1769.0,0.17911305287983584
1775.0,0.18487690493712197
1786.0,0.2021180681591204
1793.0,0.17397104612039205
1804.0,0.17044003449513268
1812.0,0.1667340482046426
1823.0,0.1702096218810807
1832.0,0.1527161667497089
1841.0,0.1751048213710676
1848.0,0.19255180489089135
1856.0,0.2018610490133721
1864.0,0.19936605220561784
1872.0,0.16953568114968517
1876.0,0.1988400287438528
1880.0,0.17576577723839631
1889.0,0.16064754781476762
1894.0,0.19812664400648397
1902.0,0.17909951615343636
1908.0,0.17519541193955945
1914.0,0.19536123611114695
1920.0,0.19777368846057267
1929.0,0.17915202167655306
1941.0,0.15823518473461318
1952.0,0.14318461254794457
1956.0,0.16357103325336148
1964.0,0.16554727490592366
1968.0,0.15129129352079038
1979.0,0.17676071633911988
1986.0,0.18481267074735855
1993.0,0.17548427644640227
2002.0,0.1813030833210104
2013.0,0.18505161915027835
2022.0,0.1623166174120135
2034.0,0.1559354291298861
2038.0,0.151786227254927
2043.0,0.18121205477882574
2052.0,0.15940134653122054
2060.0,0.16632446775603113
2064.0,0.17239799006743253
2071.0,0.1748057518327704
2078.0,0.16481338653900832
2085.0,0.1760227314089004
2096.0,0.18466071724091013
2105.0,0.18667826200566684
2119.0,0.18068585426741834
2125.0,0.17858115703832178
2129.0,0.17093201329463728
2138.0,0.1629240575378774
2147.0,0.17609374614419038
2155.0,0.18444914098029427
2161.0,0.18223986007646825
2173.0,0.1763204051650277
2181.0,0.19307280026603912
2190.0,0.1824132574473493
2198.0,0.17527301619168756
2212.0,0.16590952862255492
2216.0,0.16515415502461614
2225.0,0.16647194557525583
2229.0,0.17173140278556598
2243.0,0.14536989466883923
2247.0,0.1621132786762493
2258.0,0.18762759089925357
2266.0,0.1565736984088264
2273.0,0.1665954443342359
2279.0,0.17030027603041695
2287.0,0.16893337947505946
2298.0,0.17849862695246105
2303.0,0.19213989181122318
2311.0,0.171008323107699
2318.0,0.17396408266746144
2329.0,0.18544496000353158
2336.0,0.16644830213017062
2344.0,0.1790508049512251
2352.0,0.1589965082777906
2362.0,0.1935236437055012
2370.0,0.16132248141469396
2378.0,0.15934843739113275
2387.0,0.18300790743616155
2398.0,0.22038433096846713
2402.0,0.16596294075026483
2412.0,0.18843642578471279
2416.0,0.18548399869573146
2421.0,0.1962161579922836
2425.0,0.19838124075482155
2429.0,0.18407930054826463
2435.0,0.15515930202819175
2441.0,0.17536515565427813
2449.0,0.1840890413520166
2457.0,0.1635634153443277
2464.0,0.18278386736523253
2475.0,0.18476713353176547
2489.0,0.19183306879024614
2497.0,0.16622234911700673
2502.0,0.18328894483980496
2513.0,0.17663160798383892
2521.0,0.1763575740984533
2533.0,0.18135246369719174
2542.0,0.17048191569250565
2549.0,0.18572369649572373
2554.0,0.17533677229032987
2561.0,0.16554021725655316
2565.0,0.17387970926701357
2576.0,0.16835821554165234
2584.0,0.1655748875092312
2592.0,0.16394337958998526
2597.0,0.17260535370822738
2607.0,0.20368396799823912
2614.0,0.1628234404076018
2626.0,0.16378294867816745
2630.0,0.18140767390302645
2641.0,0.1653635734552603
2648.0,0.1683019102114959
2659.0,0.1974399255398684
2666.0,0.1997343057570578
2674.0,0.17119107709536527
2680.0,0.1678745345092683
2686.0,0.16807561683716407
2698.0,0.1972186686520261
2709.0,0.19779606381549858
2723.0,0.16486592299330668
2728.0,0.14862327719953713
2739.0,0.1681023850212253
2747.0,0.18527240375722417
2758.0,0.16806581511826085
2765.0,0.21670350629765017
2773.0,0.17890362071304908
2777.0,0.17173525514704044
2786.0,0.19658493564439097
2794.0,0.19101445073480497
2801.0,0.17099787500971508
2809.0,0.16395753431873822
2817.0,0.1884143669763905
2831.0,0.18570149041548223
2839.0,0.1853314968885778
2843.0,0.19513434825634587
2850.0,0.16595474102494315
2857.0,0.17632666400908636
2865.0,0.18191991410929437
2873.0,0.18488778545902676
2881.0,0.17487083328282094
2885.0,0.165808889471808
2892.0,0.18347477574832208
2900.0,0.16960288657232295
2909.0,0.1839974964850845
2918.0,0.1889937639390818
2925.0,0.2028067813160232
2932.0,0.18556113239382663
2940.0,0.17871530796126642
2948.0,0.2115142084041856
2953.0,0.19996973416633854
2961.0,0.2002244453252403
2968.0,0.19313159884663283
2975.0,0.181561219708251
2981.0,0.1749381300628852
2985.0,0.18475841931366696
2993.0,0.1988965416096744
3001.0,0.1835356232332791
3015.0,0.167807383999022
3022.0,0.18387485367726064
3028.0,0.160931823408064
3037.0,0.16475184630453615
3047.0,0.1935514218701362
3058.0,0.1849675182379583
3072.0,0.1754979178140954
3083.0,0.17232152366039774
3092.0,0.1818540766380595
3100.0,0.17314160015196217
3111.0,0.1947142566426648
3119.0,0.1694119697060584
3127.0,0.18706790206188076
3134.0,0.1706623287313744
3148.0,0.17322029195515048
3159.0,0.17344738523577624
3170.0,0.17445550662427078
3178.0,0.17961928304224367
3185.0,0.17190785709446396
3192.0,0.17451451790595746
3200.0,0.16281279395890957
3204.0,0.1828641780345163
3213.0,0.1792527218731436
3220.0,0.174727681373796
3231.0,0.1793771769105295
3236.0,0.18177451594395533
3244.0,0.18184392070090452
3258.0,0.18517016775597087
3272.0,0.15029452853379424
3280.0,0.17178783304680784
3288.0,0.1986027803670214
3292.0,0.19048158476021398
3298.0,0.16961075761017605
3306.0,0.16696341612567736
3315.0,0.16316721477714752
3322.0,0.17084593103069012
3327.0,0.15358900990393046
3338.0,0.1834283007447244
3342.0,0.18459494265486315
3353.0,0.17357264638488717
3357.0,0.1795959382564378
3365.0,0.17629538738670755
3376.0,0.18970909477753123
3380.0,0.17884248156487206
3391.0,0.1721564675054266
3399.0,0.1833822971954835
3406.0,0.17149355743715863
3417.0,0.17731714188513875
3425.0,0.1679819746563609
3433.0,0.16834932851126067
3441.0,0.1936635209289839
3449.0,0.17612480309321568
3463.0,0.15847970361152255
3472.0,0.17341578902702992
3480.0,0.1975585199986704
3486.0,0.18650177376418833
3492.0,0.16655583565802043
3499.0,0.16047186487656923
3507.0,0.1806251644551109
3516.0,0.14949719096749628
3523.0,0.1982332218710478
3527.0,0.1858213525838679
3535.0,0.16698770135675614
3542.0,0.18950898842350894
3546.0,0.17347526669981397
3550.0,0.17946840503377778
3557.0,0.16766467777050303
3569.0,0.1806127637525654
3575.0,0.16539952156858004
3583.0,0.1996763440693583
3590.0,0.1850624721256121
3598.0,0.18167979414144123
3604.0,0.17003824935298165
3608.0,0.16848953084028312
3616.0,0.18038865751783886
3625.0,0.18857396896684606
3632.0,0.15183015357946436
3636.0,0.18756649227376646
3644.0,0.1693741480503075
3650.0,0.18423927143392627
3656.0,0.16362783641331813
3663.0,0.15487674017380032
3667.0,0.17980056165276093
3675.0,0.17396738805183642
3684.0,0.17889876561333595
3691.0,0.16834371637669118
3703.0,0.17062563450407175
3710.0,0.1735452097056074
3716.0,0.17949179641134136
3722.0,0.15746808845864946
3730.0,0.18128427308922834
3734.0,0.17901059558719326
3741.0,0.16769328972241726
3746.0,0.16323479008602618
3755.0,0.17254482213024536
3766.0,0.18423481362925156
3772.0,0.19091520824549477
3780.0,0.1544106151748212
3786.0,0.18779774285520556
3794.0,0.16222283718983316
3800.0,0.17544790637650665
3805.0,0.20347021941452642
3814.0,0.18589914755179732
3822.0,0.16916418770665162
3829.0,0.1622486339932787
3840.0,0.19385372596673292
3848.0,0.18117812069257178
3853.0,0.16955390972153112
3861.0,0.1754095538801042
3871.0,0.1839116523198141
3876.0,0.16748916981957584
3885.0,0.17582030002580457
3891.0,0.1684030218240658
3900.0,0.16858955552807328
