,5
3910.0,0.1508756963496486
3917.0,0.14941896855242565
3923.0,0.1914037890955765
3932.0,0.18743139566056843
3939.0,0.2147834621315214
3944.0,0.19282822835467886
3951.0,0.19798193035843722
3957.0,0.1765362961148016
3963.0,0.1991037487942125
3970.0,0.20964002356268882
3977.0,0.1648059377760647
3985.0,0.18218009513861405
3997.0,0.17996267067704835
4006.0,0.1942020708869586
4012.0,0.2085335608119581
4026.0,0.17481385673025776
4037.0,0.18567460006487777
4049.0,0.17040869001817183
4055.0,0.19967176403430326
4064.0,0.18979481998034003
4069.0,0.18283416709519046
4077.0,0.202770412810979
4085.0,0.1937044527697411
4089.0,0.17767945518800862
4095.0,0.17868383640388638
4100.0,0.1955567501567591
4109.0,0.17556939860613463
4116.0,0.1773461238000876
4123.0,0.18143101442199885
4130.0,0.16906164235563692
4137.0,0.18580217639014898
4146.0,0.18391757383814195
4153.0,0.16400756693011173
4160.0,0.17656301837273256
4172.0,0.21565211340984197
4181.0,0.16600723404632683
4189.0,0.19804440761473055
4197.0,0.14558353520386486
4204.0,0.17088417811709197
4213.0,0.22009615997312
4217.0,0.1745917767806848
4225.0,0.17647959871693278
4231.0,0.183688323727437
4243.0,0.20074021159258967
4248.0,0.16616515685665342
4255.0,0.18232210338046045
4260.0,0.1739184711962408
4267.0,0.17160336259408435
4271.0,0.20231485541842958
4280.0,0.18218576202586695
4288.0,0.2035132804199422
4295.0,0.19668621914620552
4302.0,0.20053166435600064
4309.0,0.21759212838535957
4313.0,0.1908519526436413
4321.0,0.1829655283275714
4325.0,0.1957811825449904
4337.0,0.19334450388470542
4345.0,0.21761727149676297
4349.0,0.16509296502782617
4355.0,0.19695317245701768
4365.0,0.17931963697349515
4369.0,0.16825380243456628
4379.0,0.1999008029124618
4384.0,0.20511415223388302
4395.0,0.15479786056595657
4407.0,0.1893211134781342
4415.0,0.17247597208992224
4420.0,0.19846726207474646
4431.0,0.20147521398575785
4437.0,0.11039055680008612
