,3
3910.0,0.24861937553566474
3917.0,0.22641782941678973
3923.0,0.1843103302906506
3932.0,0.1718655872252003
3939.0,0.1809687297220706
3944.0,0.23838618552434113
3951.0,0.1822467633059466
3957.0,0.21473992018747182
3963.0,0.2234801183949142
3970.0,0.19105304912310034
3977.0,0.21947798797733173
3985.0,0.18390072239182353
3997.0,0.2149599077114324
4006.0,0.21955058650882922
4012.0,0.21286925252675018
4026.0,0.16594372513193595
4037.0,0.217050253882455
4049.0,0.19803998967282527
4055.0,0.23890415443412194
4064.0,0.21555175271666238
4069.0,0.22922122316864105
4077.0,0.130749034206509
4085.0,0.2098978788107827
4089.0,0.22474877923903225
4095.0,0.18279810088589457
4100.0,0.12165881028352868
4109.0,0.18428743562439065
4116.0,0.1804977419111191
4123.0,0.2048831699307493
4130.0,0.1872611392692085
4137.0,0.18005173537523161
4146.0,0.1909579466970201
4153.0,0.20336921442535694
4160.0,0.24657861640309237
4172.0,0.19579847199197417
4181.0,0.19381406327119494
4189.0,0.22138578119269436
4197.0,0.18109983498922788
4204.0,0.26867476726391826
4213.0,0.18241803684955343
4217.0,0.23186515336326022
4225.0,0.1857314143476546
4231.0,0.266593463615143
4243.0,0.1984402234635882
4248.0,0.23889990981610632
4255.0,0.197315792179147
4260.0,0.23825985069032599
4267.0,0.20822488519701093
4271.0,0.18449926248590726
4280.0,0.21948105172106083
4288.0,0.23603673381062898
4295.0,0.23859970447347437
4302.0,0.21790707277984284
4309.0,0.10076045691090786
4313.0,0.21805948046718643
4321.0,0.17564123315393348
4325.0,0.21406649416883114
4337.0,0.19902302565255786
4345.0,0.19306846803921604
4349.0,0.2208524910279296
4355.0,0.18521942366945723
4365.0,0.2455135218801278
4369.0,0.20186015876717456
4379.0,0.24335739016709299
4384.0,0.21418345184504647
4395.0,0.22449244443458463
4407.0,0.17546042714313118
4415.0,0.16228680125016584
4420.0,0.15646622010384534
4431.0,0.19952749371770626
4437.0,0.1561570452884944
