,8
0,0.1434584406694561
1,0.1224531943130578
2,0.16923156572476147
3,0.14992951546369918
4,0.16273524845972373
5,0.16196358445867215
6,0.16669994562581733
7,0.18184846250150388
8,0.18237377172337754
9,0.16068628772310997
10,0.16675715566813776
11,0.16628581203545967
12,0.1633238261838784
13,0.15415497480103507
14,0.16498485580202457
15,0.19021212679005545
16,0.17924201350936161
17,0.15318944321551461
18,0.17153909280768756
19,0.14879608399994448
20,0.18773794035388924
21,0.1615869988696748
22,0.15927409737688833
23,0.14486014276221032
24,0.13983070696748634
25,0.14095501118804654
26,0.14864568052869492
27,0.16204854167921318
28,0.1560491141455554
29,0.16619269064879902
30,0.16332450691579126
31,0.14312450973300794
32,0.1500217390880875
33,0.1712391520634581
34,0.15652124675870865
35,0.1477064183752603
36,0.1584426719789249
37,0.15093953163598176
38,0.1710660392560133
39,0.14228126046027179
40,0.1591620987076557
41,0.1513617410890451
42,0.1701538400083629
43,0.1468918579381674
44,0.1759553360076345
45,0.14506872062609028
46,0.16601397164275516
47,0.16240614271776668
48,0.16585534043199882
49,0.16409268600618443
50,0.17943618960733052
51,0.15402279938477062
52,0.16464797502643058
53,0.14763984963252264
54,0.1570269339948599
55,0.15770714018930274
