,6
1802.0,0.15716944957412826
1810.0,0.13790098019544014
1816.0,0.1376812258669655
1824.0,0.1759182141656243
1828.0,0.19222098550246972
1839.0,0.20775749466043103
1848.0,0.20522671459861755
1853.0,0.19378966556361044
1862.0,0.19953721272175115
1868.0,0.1803833702018813
1880.0,0.1866953606726634
1888.0,0.17831913502758479
1897.0,0.20281491159648893
1905.0,0.17831771812619227
1913.0,0.1978114491160693
1917.0,0.22079159189164532
1923.0,0.20117253098240195
1930.0,0.19073395540776952
1942.0,0.15770968076849384
1951.0,0.1876688946659816
1963.0,0.1713992197388088
1974.0,0.18396223367196463
1981.0,0.1853063533493165
1988.0,0.1659781911111132
1994.0,0.17316571831133484
1998.0,0.1478400133654256
2005.0,0.17283209582189027
2013.0,0.19898637609272485
2017.0,0.170465451425416
2025.0,0.1616028540624232
2032.0,0.17866591895048523
2044.0,0.17545342847478684
2051.0,0.17742285160574048
2059.0,0.18057873430651886
2068.0,0.20289049312828583
2074.0,0.16893824472170416
2081.0,0.17214829610288757
2089.0,0.18176307298898112
2095.0,0.1788635984708362
2106.0,0.1555339078279348
2115.0,0.18565888336220626
2123.0,0.17859135928152967
2134.0,0.15184495603525439
2143.0,0.15338388205276274
2154.0,0.16593026561980942
2163.0,0.15583463088963362
2170.0,0.17204207842262212
2176.0,0.19401868626370758
2184.0,0.17032440231422286
2192.0,0.18907186562696737
2200.0,0.19162290866005133
2209.0,0.1900819072418755
2218.0,0.18790413886173207
2224.0,0.1797545386253996
2228.0,0.16807202864145318
2235.0,0.17949828584217142
