,8
0,0.1585659964993371
1,0.15785862800355646
2,0.16263159216487502
3,0.15391099133509606
4,0.15357850392894606
5,0.18263074049416292
6,0.16089700288057152
7,0.16245006009743063
8,0.15365305318271288
9,0.160350299610602
10,0.15285071480259282
11,0.1638563692306845
12,0.14651450546407646
13,0.14755450350392185
14,0.155254089237016
15,0.14911233695340917
16,0.16584097966959724
17,0.18134291527397484
18,0.17568859012144525
19,0.1527989644299179
20,0.17467229093392203
21,0.1452532923952248
22,0.1319463073566289
23,0.17411771470206316
24,0.17520218570755478
25,0.16586198975772673
26,0.15194321628726604
27,0.15308264341411704
28,0.1449584092312116
29,0.15515608432727696
30,0.1514763444700322
31,0.15316857608371034
32,0.13644522151683147
33,0.1524134880225093
34,0.15496983389640007
35,0.17256818426288772
36,0.14349919305942568
37,0.16868345542831698
38,0.16973009653296295
39,0.16552307690682716
40,0.1572764051935289
41,0.15642985512729923
42,0.15332038070407827
43,0.14341435020148874
44,0.1446295209638641
45,0.1526351709440411
46,0.14210961421566132
47,0.1631660392003975
48,0.13761193931206134
49,0.1473985660312082
50,0.15507617655412934
51,0.15028285899162855
52,0.14826912876797715
53,0.1456847932023466
54,0.1424901549944252
55,0.14216249489614957
56,0.16930412078244095
57,0.1664982854456087
58,0.16895994118168517
59,0.13702534418060233
60,0.16263201183507292
61,0.16541471923066042
62,0.20296074446897786
63,0.16132818619826755
64,0.15364488330419826
65,0.1484310458522252
66,0.14956063349638465
67,0.16132745869080498
68,0.1510600272147121
69,0.1582979184311403
70,0.1701734575092687
71,0.17396008897508417
72,0.16113156307095466
73,0.16523422480611577
74,0.16294190552353946
75,0.20018522738395017
76,0.14148864570705647
77,0.2091925922077997
78,0.16476889402099576
79,0.18957929608070992
80,0.16851070596276288
81,0.1560394724062068
82,0.14558052334177138
83,0.14719352171122557
84,0.15772829045552675
85,0.16220364763978645
86,0.16368834106814312
87,0.1539162759981757
88,0.15801597909621543
89,0.1422228155085734
90,0.16927033457615365
91,0.17185280410403708
92,0.1524704727427659
93,0.15305160677904747
94,0.15302612799243515
95,0.14688336869248475
96,0.15876444600583695
97,0.14341065528108388
98,0.16932777518532036
99,0.1657388758717749
100,0.1574692442653107
101,0.14606824572627955
102,0.14927103265891722
103,0.1566742060996056
104,0.14147078903126226
105,0.15715216455094272
106,0.16061740441540104
107,0.1527664809690221
108,0.16638407180839368
109,0.15338071912538137
110,0.1578521018179048
111,0.15364420358759004
112,0.1616494955611199
113,0.1531866646812911
114,0.1540468014877215
115,0.157678071686244
116,0.16204507558315506
117,0.15602886621765322
118,0.16524839408218972
119,0.14194127510770088
120,0.15936448034954692
121,0.15266583809519702
122,0.1664587549408816
123,0.1619978001273885
124,0.159852896158314
125,0.16081831600319058
126,0.13797841600376484
127,0.1687584130238118
128,0.16721441814303337
129,0.16356365222852573
130,0.17177913876053796
131,0.16962113864951944
132,0.17552450137882333
133,0.16539138564660752
134,0.1757681204680155
135,0.1546788072465381
136,0.15164036061849434
137,0.15617226523346012
138,0.15558293919769653
139,0.144484524247287
140,0.15952929128980364
141,0.1707507028210395
142,0.1712368494249927
143,0.1622593719021166
144,0.17166856708195266
145,0.1672517413539644
146,0.1630248988239938
147,0.1614494457585045
148,0.176269476393687
149,0.16285182940798623
150,0.19621703786627165
151,0.16590998479241706
152,0.16156324855700918
153,0.15086951155962508
154,0.1508482634756779
155,0.1610992049844054
156,0.14273935980231184
157,0.1549821708008536
158,0.16015107213436675
159,0.1565654605515654
160,0.170188100538473
161,0.15942913486008278
162,0.1598007034955836
163,0.16330673975798662
164,0.1559289216714575
165,0.15813619208671145
166,0.1497919628919962
167,0.15313476225618275
168,0.15040478957856768
169,0.1616905110998078
170,0.14443006106371167
171,0.14724389911988175
172,0.15509884746708186
173,0.18764631359064238
174,0.17004564970204258
175,0.16854573440661907
176,0.1793250416339951
177,0.16663206021979718
178,0.16050455912848782
179,0.15220145800840856
180,0.145289016709797
181,0.14599550634305827
182,0.1580315652252902
183,0.16016900554482652
184,0.15058980841150998
185,0.14771781551935956
186,0.18152200429575627
187,0.14961103899635594
188,0.17152645748054493
189,0.1558959404599303
190,0.17426765097683936
191,0.17660398054964357
192,0.14936670181803033
193,0.16333881057550587
194,0.16539199837980822
195,0.1479974553310467
196,0.1558932265388239
197,0.1461996265700624
198,0.14211730294497693
199,0.14985424026522737
200,0.15713695222522867
201,0.14228373596319036
202,0.17490820490809544
203,0.15829048286547956
204,0.18965695838920707
205,0.17314360874726278
206,0.1383088808536702
207,0.14354099906758602
208,0.14740348268395714
209,0.1472202964655796
210,0.14139474747831154
211,0.13904144110041425
212,0.157610457225373
213,0.1500060260368856
214,0.1906838714872909
215,0.1978501214019685
216,0.15755629634328083
217,0.17368328177225162
218,0.17433483553977447
219,0.17845030455323552
220,0.1848617510513036
221,0.18642634401101701
222,0.1673010927689371
223,0.17178016632389775
224,0.17100214756665072
225,0.15725426303062337
226,0.15009122751057313
227,0.1504461312642215
228,0.1394499510514499
229,0.15512713123787417
230,0.15097039390244274
231,0.17104195415547085
232,0.15524862275082188
233,0.15693077482768034
234,0.15469285935903654
235,0.17223370520803036
236,0.17176916917819404
237,0.1620166776602214
238,0.15057653006495378
239,0.16558505933019146
240,0.15538602336293064
241,0.14014246549923332
242,0.1485962393666956
243,0.14133193662570412
244,0.16439834455610036
