,6
2.0,0.17484575317650364
8.0,0.1718414868023481
12.0,0.16263183131502357
19.0,0.18516045625668828
26.0,0.16785065097616428
31.0,0.18431757700428625
39.0,0.18007630208697134
48.0,0.16509604442474915
55.0,0.18790003138118527
62.0,0.16044055258257706
70.0,0.15417351118319342
76.0,0.1738308783847326
80.0,0.15980975282898838
88.0,0.16222555217055656
94.0,0.16402698209515432
105.0,0.17583378825431217
113.0,0.19439561058376983
120.0,0.18329894291406673
128.0,0.17754012507880568
132.0,0.16505922932412018
141.0,0.1707424666706494
150.0,0.1747285356723171
155.0,0.16265708367802575
162.0,0.18057700005092198
169.0,0.2047405975453443
173.0,0.17816423371301207
179.0,0.18847184611390824
193.0,0.1904502395538821
200.0,0.1624429658813214
214.0,0.17612727919635351
223.0,0.1816839004955459
230.0,0.18601317947655333
236.0,0.1693515233732568
244.0,0.1662100299693944
253.0,0.1542033454681171
261.0,0.1905191979124805
270.0,0.15007262919533484
277.0,0.14278076498010106
281.0,0.19331513784075594
292.0,0.1821688670168358
302.0,0.18259963371052754
313.0,0.17379975101555295
319.0,0.17229088228602082
323.0,0.17594710230138527
327.0,0.1732713114207823
333.0,0.17141731107427122
341.0,0.1888444648220404
349.0,0.17537902351930115
357.0,0.17329534798300833
366.0,0.16292673502073907
374.0,0.17431659820346024
388.0,0.19438021887499224
395.0,0.17983101939973722
402.0,0.1735266988777682
409.0,0.175432715771886
414.0,0.18031474184873406
419.0,0.18869945965844487
429.0,0.17717842937521947
435.0,0.18702878009315574
439.0,0.19624175272451075
446.0,0.15998196273648915
453.0,0.19721776905721872
460.0,0.15792126891904038
466.0,0.17593039052371956
474.0,0.1617817835480031
481.0,0.1832799384949869
488.0,0.17645227210198725
495.0,0.17802901227647666
500.0,0.18156753384192476
504.0,0.1950503071904096
513.0,0.17201148186163479
524.0,0.16422897532940403
532.0,0.16266824655104917
541.0,0.18875172258009398
545.0,0.15339881589832915
551.0,0.14001323093557483
557.0,0.13019903038853944
563.0,0.20154575078015852
572.0,0.164437064351863
581.0,0.19783852563991394
589.0,0.16968884404548823
598.0,0.1660211715550152
607.0,0.17854715624209253
615.0,0.1771509833441164
624.0,0.18864116289583482
632.0,0.18112570050483984
637.0,0.17351737983173837
646.0,0.1564244959653921
653.0,0.18833788557204667
664.0,0.18470299643242805
673.0,0.18443453613578656
681.0,0.1540165743811223
687.0,0.1915795907246917
696.0,0.18556196153352925
708.0,0.16053924080854065
716.0,0.14853906338277942
722.0,0.1836907590406719
730.0,0.17648624120485945
737.0,0.1744091681634826
745.0,0.1861573890354292
753.0,0.15966724296129284
761.0,0.18254120108834795
769.0,0.17817346262586378
777.0,0.16287757881918474
784.0,0.17698606181282844
792.0,0.17488217160393715
800.0,0.18007960375443627
809.0,0.1803060268754763
817.0,0.16406114285180093
823.0,0.16335240537985748
830.0,0.18657316912929467
835.0,0.20105488297312615
840.0,0.19271153774230715
846.0,0.15731134060991986
857.0,0.16277436285987476
863.0,0.20221770808039552
872.0,0.17156904562356898
879.0,0.17431604615920698
886.0,0.15571541613495476
892.0,0.15932316178736386
897.0,0.16611168136772725
904.0,0.1638685874778514
910.0,0.1545267158872999
918.0,0.18264435770524295
925.0,0.17587139886427433
931.0,0.17942338670463984
936.0,0.16881710422190066
942.0,0.18934747605076999
950.0,0.18017100196740465
958.0,0.18543924715641033
969.0,0.19820125094185656
974.0,0.17812425761887574
979.0,0.18561421377854867
983.0,0.18486969202391593
990.0,0.1886761010779757
997.0,0.1740057987391739
1003.0,0.17277726592376003
1010.0,0.18660050955699364
1017.0,0.1863610712053913
1024.0,0.1749312557365266
1028.0,0.16639628233077627
1042.0,0.17103743112040867
1046.0,0.17080395428188125
1054.0,0.18409910153679143
1061.0,0.17183365183249075
1072.0,0.2000990448737679
1084.0,0.16832729967976584
1091.0,0.18419180152162853
1099.0,0.17932141652423317
1104.0,0.1680961083682539
1112.0,0.18182244669380881
1119.0,0.19790744542436714
1126.0,0.1557341798506882
1134.0,0.16640482237320067
1145.0,0.1679480926454894
1153.0,0.1588602166241399
1162.0,0.17129306322300691
1171.0,0.17783067684825385
1176.0,0.1833514270171463
1182.0,0.17617282669642922
1190.0,0.17464258095717763
1197.0,0.17742727337194053
1205.0,0.1868277909831078
1213.0,0.17025033749507132
1219.0,0.1930889969083569
1227.0,0.21346984185836163
1234.0,0.1536416911710106
1242.0,0.16430215271049167
1248.0,0.17811286192023468
1257.0,0.15242695509128767
1266.0,0.1583397516927242
1278.0,0.17020561560226305
1292.0,0.17623531529839184
1296.0,0.1823444727191027
1303.0,0.19557215875950754
1312.0,0.1768272204669826
1320.0,0.18253803460404439
1329.0,0.18425334995034193
1337.0,0.16968806831546113
1342.0,0.16747433606438647
1350.0,0.1689732772105203
1358.0,0.17135957861181705
1364.0,0.16474622008994505
1369.0,0.17771372652723985
1373.0,0.18177240493515417
1378.0,0.17511792855367714
1384.0,0.1929889710292326
1388.0,0.18855827779999615
1395.0,0.1638540407538636
1401.0,0.1837859716431869
1407.0,0.19477301520271842
1413.0,0.18630332976972144
1421.0,0.172773827203034
1425.0,0.16471119221982441
1433.0,0.18431273447437083
1439.0,0.1713781479856896
1443.0,0.1829673579041941
1447.0,0.1675355272833068
1454.0,0.1665146416994187
1462.0,0.1812693320807199
1469.0,0.1496176535542956
1475.0,0.1721930973619107
1484.0,0.17771345648072792
1493.0,0.22557122817254785
1501.0,0.17229509690117484
1505.0,0.17996798885199314
1510.0,0.17668824009020245
1524.0,0.16825783144971435
1531.0,0.1699309498125887
1539.0,0.16216850354690124
1546.0,0.1880009342575592
1550.0,0.19573081611552504
1558.0,0.18518864766648346
1565.0,0.19895495104409602
1571.0,0.23181399190939103
1585.0,0.19821582448463174
1589.0,0.15716360953875208
1595.0,0.18605584520703997
1601.0,0.2052849870348866
1608.0,0.1733399874015782
1614.0,0.1963430826693399
1620.0,0.19731774042218914
1627.0,0.18555183950042636
1633.0,0.17830577414405654
1640.0,0.17800369615073736
1647.0,0.19338038083944595
1651.0,0.18479975165428209
1658.0,0.2005718806632566
1670.0,0.1840490602329978
1675.0,0.16075184262229794
1686.0,0.1823133920922682
1693.0,0.17801495738045311
1700.0,0.16222320309362007
1705.0,0.1840070221214678
1713.0,0.17712043205696096
1720.0,0.19566849680493084
1728.0,0.17721314996877235
1742.0,0.16794711648484378
1749.0,0.1845735316559741
1758.0,0.1631034203690629
1767.0,0.17093346979141077
1774.0,0.173345735441673
1782.0,0.16776607574355612
1787.0,0.18131718367886251
1792.0,0.16269155251774206
