,3
1802.0,0.20172918190280026
1810.0,0.21190930129304017
1816.0,0.22214888489197568
1824.0,0.12108401142113098
1828.0,0.21205734222858685
1839.0,0.19014136845585206
1848.0,0.26558874371967
1853.0,0.24850226670103437
1862.0,0.22094072435742562
1868.0,0.18121534224399827
1880.0,0.230397405191667
1888.0,0.23461267358235804
1897.0,0.15314330527174475
1905.0,0.21664369809399076
1913.0,0.2116375325672797
1917.0,0.19962488067342887
1923.0,0.25211948106770793
1930.0,0.18848849435923892
1942.0,0.20846696505605855
1951.0,0.17670391913743624
1963.0,0.1627256512489099
1974.0,0.18562339212321038
1981.0,0.22939895840889685
1988.0,0.16931444542603416
1994.0,0.2149587289322194
1998.0,0.22378459419859728
2005.0,0.1874009619453339
2013.0,0.16369142449901983
2017.0,0.1995915147620861
2025.0,0.12676081606559775
2032.0,0.20420282057733818
2044.0,0.23974056587005024
2051.0,0.20527825529996857
2059.0,0.17181527724439907
2068.0,0.21748020707776874
2074.0,0.222233982441103
2081.0,0.20435135965504067
2089.0,0.10941441189128018
2095.0,0.23741886268509835
2106.0,0.21761846995085812
2115.0,0.24328245520955105
2123.0,0.18166491090710735
2134.0,0.21580224681522361
2143.0,0.2356011689163636
2154.0,0.24225356510719578
2163.0,0.23105792773880973
2170.0,0.23242770438143973
2176.0,0.22653443191933526
2184.0,0.23360120346206936
2192.0,0.17706004681431803
2200.0,0.15822612248111387
2209.0,0.18447791454121135
2218.0,0.22516776851200332
2224.0,0.20448283503442616
2228.0,0.22252125115861834
2235.0,0.23846879019217648
