,4
1802.0,0.14608283697509022
1810.0,0.16803492611100954
1816.0,0.18231014775003682
1824.0,0.20739507406855742
1828.0,0.15018188149879463
1839.0,0.16135855221248707
1848.0,0.20413129215119932
1853.0,0.18732392020939326
1862.0,0.21743506276694652
1868.0,0.15319372690149058
1880.0,0.16235086360616804
1888.0,0.18446650158620698
1897.0,0.1353811398481393
1905.0,0.20049420102259038
1913.0,0.15769317829806237
1917.0,0.15018893835687003
1923.0,0.2171508306573993
1930.0,0.1386037965451542
1942.0,0.1761192619415043
1951.0,0.12372798026375757
1963.0,0.1907103953183121
1974.0,0.18632921762952376
1981.0,0.22135517281169728
1988.0,0.21690093798000476
1994.0,0.19209204384985099
1998.0,0.20733727258758783
2005.0,0.19793620573278115
2013.0,0.22711241031327206
2017.0,0.17471297089155136
2025.0,0.1614756768474708
2032.0,0.19445498201386116
2044.0,0.18257148368673337
2051.0,0.21122021396669652
2059.0,0.2043960166758117
2068.0,0.19509716199176128
2074.0,0.2244197278158699
2081.0,0.23290316403884984
2089.0,0.17764736728427427
2095.0,0.2203387204283383
2106.0,0.20061204984440348
2115.0,0.19407409477871002
2123.0,0.1904792274252534
2134.0,0.2131697939461002
2143.0,0.17512077453792757
2154.0,0.19955462968772766
2163.0,0.1794835280975261
2170.0,0.25257821277819886
2176.0,0.17513571258926042
2184.0,0.23486582014833118
2192.0,0.1900638792983614
2200.0,0.14849803573273346
2209.0,0.1680895001355585
2218.0,0.17980444880559343
2224.0,0.18349336130266605
2228.0,0.15138197459007724
2235.0,0.21982081041968696
