,5
10.0,0.17761089690665327
19.0,0.20008758320410874
27.0,0.18721714427628525
32.0,0.20228944238443974
40.0,0.16573668867541982
51.0,0.19001149318983176
56.0,0.1665865251614567
62.0,0.14339162390389606
66.0,0.18079876765656006
77.0,0.200389684264227
85.0,0.2006578187966111
91.0,0.18110196375196125
99.0,0.1944046579511767
106.0,0.18949893408186771
116.0,0.20024947226876902
124.0,0.19753712262908765
135.0,0.19515275939018367
144.0,0.2118997662523111
158.0,0.21059775577424175
167.0,0.19634724392139857
181.0,0.19757404268156042
189.0,0.1702517014131607
197.0,0.19972785311269306
205.0,0.1738974798066004
210.0,0.20801705452346325
218.0,0.18579189230821663
227.0,0.1962383158392279
233.0,0.17978248792716603
242.0,0.1768598793180701
253.0,0.18681264517070842
264.0,0.18879877948165766
272.0,0.1986353606907856
281.0,0.14392967986470395
288.0,0.18059834369870295
297.0,0.17996410127659465
301.0,0.188657216138282
312.0,0.18051723270046768
316.0,0.1836678856480741
320.0,0.17148365313428837
327.0,0.19043526816610726
336.0,0.19893415666067613
344.0,0.20257486682161366
350.0,0.20969998662954265
357.0,0.1973800893585505
364.0,0.175999827941576
372.0,0.1991644359973551
381.0,0.17427037199227022
393.0,0.19308077737218146
401.0,0.1875199311257955
408.0,0.1505179975627053
413.0,0.16899373448581753
421.0,0.17341576866733058
425.0,0.17864507369486954
436.0,0.21772870745977374
443.0,0.21328913449539755
457.0,0.17725691773206012
471.0,0.20315223173644023
480.0,0.1577834743401028
491.0,0.20428099860867124
503.0,0.1876876212217985
512.0,0.18368188211843825
519.0,0.18134530854980827
526.0,0.19315552066625188
532.0,0.15244248175559216
544.0,0.18999178044072712
552.0,0.19097155491876658
560.0,0.19051383468085195
568.0,0.19896977426621434
575.0,0.17884484915611673
586.0,0.19286517023995237
592.0,0.20845795899581684
596.0,0.19015191853765168
604.0,0.19559219519805268
613.0,0.16276900757266624
619.0,0.18194625328467418
624.0,0.16987624135056686
635.0,0.16239433080916668
642.0,0.19386330472559857
650.0,0.1905162121083787
658.0,0.17588524674609768
665.0,0.19274256394030576
676.0,0.19397138853126294
687.0,0.19032049882555924
693.0,0.1807779931657931
701.0,0.17654740679871594
709.0,0.17246737771950865
714.0,0.17727692709058998
718.0,0.19351584725757248
725.0,0.15752880873442782
736.0,0.17005927351038147
744.0,0.21887861569383374
756.0,0.20750943500624228
763.0,0.20456260273815338
771.0,0.158225555496358
776.0,0.20799892523072488
783.0,0.19079995884089318
791.0,0.19966782064149924
799.0,0.20672749711123017
809.0,0.16557111371012168
817.0,0.20931714528353795
824.0,0.19819031789524238
828.0,0.16373163671427055
836.0,0.14786830183169347
844.0,0.18855771128486803
848.0,0.179726431413381
855.0,0.1757636483513966
859.0,0.1845014309423473
866.0,0.19408435578447186
872.0,0.21103116198608537
876.0,0.18163318286487293
882.0,0.20092765057537718
888.0,0.2021032483093742
893.0,0.1911226209624317
901.0,0.17224197557018728
911.0,0.1678368757482887
919.0,0.18514877103397703
923.0,0.18729265307949014
931.0,0.18190093994862372
939.0,0.19037038104802692
951.0,0.19646835422857004
958.0,0.18062191456688131
963.0,0.17736501654772863
970.0,0.20102276415253775
977.0,0.19468790640416994
989.0,0.1864841334823685
993.0,0.19758222975382214
999.0,0.20011910027266044
1003.0,0.1965516382449567
1011.0,0.18180698238663048
1022.0,0.19788099461042255
1032.0,0.1755132585642821
1038.0,0.17347080774256832
1045.0,0.1471395943582965
1051.0,0.19851572158119438
1060.0,0.17534145548936644
1067.0,0.19236199810252172
1075.0,0.1996730060745071
1083.0,0.20085183009904586
1095.0,0.18689274172600784
1104.0,0.19674956846958816
1112.0,0.17500596017047843
1117.0,0.2000391785951771
1125.0,0.17828642122739322
1133.0,0.1938658443671534
1140.0,0.19760320300487358
1151.0,0.20905955343477717
1159.0,0.19138562586161467
1165.0,0.1910742809999763
1174.0,0.19981194945473768
1182.0,0.20855631811406772
1189.0,0.18371223356673208
1193.0,0.18724847411192563
1201.0,0.18181146025222222
1212.0,0.21892665041222106
1220.0,0.20979860233433537
1228.0,0.19416676522848528
1236.0,0.20130814774826208
1245.0,0.19585013016802436
1249.0,0.16822588345298212
1255.0,0.2153397495319768
1263.0,0.15918254960255337
1275.0,0.18098687009525014
1282.0,0.19195934541168636
1293.0,0.16540403875781207
1297.0,0.18372108177975496
1304.0,0.2035135984180846
1312.0,0.1918903696958915
1320.0,0.20714732909259104
1328.0,0.18300404401583734
1340.0,0.17820482118151956
1348.0,0.19452598318375197
1356.0,0.19132028609316604
1366.0,0.19153005131405684
1374.0,0.1922260366155657
1382.0,0.17841764956106126
1390.0,0.17105863348209668
1398.0,0.17655199967772814
1402.0,0.1992776086575599
1409.0,0.1965162946818729
1414.0,0.1973935963771681
1418.0,0.19223998522960728
1429.0,0.19490432018809759
1440.0,0.18274732620229628
1447.0,0.21256855895723759
1455.0,0.18641537812909548
1460.0,0.1774533012147504
1465.0,0.19593664958098184
1474.0,0.19012827349124112
1484.0,0.17840392616798997
1492.0,0.19219374462148242
1498.0,0.17114822673598815
1505.0,0.16778639147147276
1509.0,0.18191216401412416
1517.0,0.1933476971161051
1525.0,0.18376264056367542
1531.0,0.193484233265576
1538.0,0.1865987543155017
1546.0,0.18549580148156247
1557.0,0.176444375979957
1563.0,0.18559936876742872
1567.0,0.18957157664201177
1575.0,0.1912659084716056
1584.0,0.19225542361580192
1592.0,0.16122548445542087
1600.0,0.20426661259730544
1608.0,0.19788634148047
1615.0,0.20335771654042004
1623.0,0.1929437904077878
1635.0,0.19582419673257437
1639.0,0.19612826715842221
1650.0,0.1969853420993422
1655.0,0.1656136497109001
1663.0,0.19101638263559984
1667.0,0.19506520996818166
1672.0,0.17647211046874062
1683.0,0.2002216179147814
1690.0,0.18054479045267655
1701.0,0.18383291516380273
1709.0,0.20394792901485875
1721.0,0.18654344099802483
1730.0,0.17495781455725015
1739.0,0.19722552328192275
1746.0,0.18703040541880922
1754.0,0.17187669789321472
1762.0,0.22187183842294148
1770.0,0.2516088986380465
1774.0,0.20280532875390278
1778.0,0.1911462817770423
1787.0,0.1910431559177634
1792.0,0.19414328089914365
1800.0,0.1861639384962156
1806.0,0.19860277186388461
1815.0,0.17935610329730936
1823.0,0.17313942501408458
1832.0,0.1623155678262759
1844.0,0.13144649464267227
1851.0,0.17772505964172447
1855.0,0.16357390363050042
1866.0,0.17857291663128572
1870.0,0.19069440413102612
1876.0,0.18408199076968962
1883.0,0.19944713919770451
1891.0,0.21175818722437037
1900.0,0.20279250222758632
1911.0,0.1895882998616746
1920.0,0.20522063673504157
1931.0,0.1903624916717703
1935.0,0.17579577537873903
1942.0,0.19074063638506392
1948.0,0.17711682680287566
1956.0,0.20289182855820054
1960.0,0.19274778752947502
1968.0,0.19274617763800328
1973.0,0.19326693893621827
1984.0,0.1935181646297185
1993.0,0.1965178104000907
1997.0,0.1995796774862029
2001.0,0.1801617101228936
2009.0,0.19828401432984585
2018.0,0.15878465828576452
2026.0,0.16945849415057462
2035.0,0.18107029278437412
2043.0,0.19490869337016903
2051.0,0.16347744508749176
2056.0,0.21503362387580674
2064.0,0.18292042150131396
2078.0,0.20017031639457541
2082.0,0.19421463681400694
2089.0,0.19428458376334595
2098.0,0.18788127868630147
2112.0,0.19102565513837513
2116.0,0.17607762562084953
2124.0,0.18380648101638208
2132.0,0.16522496850505963
2141.0,0.18887857713431408
2145.0,0.20508382215481408
2153.0,0.18725153253287027
2161.0,0.2030145025034044
2166.0,0.19165275976896237
2173.0,0.17706138935204402
2180.0,0.2009024278827031
2191.0,0.20946132717437496
2198.0,0.1900295448994144
2206.0,0.1741220072529476
2214.0,0.2045352585319797
2224.0,0.19910274891420984
2232.0,0.19177172645646715
2240.0,0.20098576825253356
2249.0,0.18923231327476822
2260.0,0.17984348747292583
2267.0,0.1761330486944193
2271.0,0.17523980154935082
2275.0,0.2074020682811754
2281.0,0.18861414854784203
2290.0,0.16493556859800984
2298.0,0.2079425802379329
2306.0,0.19563339638882038
2313.0,0.20110783557721343
2325.0,0.16081489291428844
2334.0,0.18296027839736126
2342.0,0.18455931355618396
2349.0,0.1868481905269373
2358.0,0.18302400386707604
2365.0,0.2019707629212269
2377.0,0.21114194782716006
2386.0,0.20702375640271586
2394.0,0.18883508512826644
2399.0,0.17909443622804092
2407.0,0.19327913623926557
2412.0,0.1935750458918747
2423.0,0.17558172128013547
2431.0,0.19438003139027116
2439.0,0.2050152814235339
2444.0,0.1923939287989124
2454.0,0.19419585522393104
2461.0,0.17510515257588816
2473.0,0.1728838951522155
2477.0,0.14933273488999724
2484.0,0.18538342948872552
2491.0,0.21451210057162842
2502.0,0.15523431904858026
2510.0,0.24491414015036767
2518.0,0.18594822669746885
2524.0,0.20782368666091258
2530.0,0.20434648679861564
2541.0,0.18038244870130954
2549.0,0.21441376751987132
2560.0,0.19258945795043947
2567.0,0.19776349833844528
2575.0,0.1991535535534927
2583.0,0.20550020766204224
2591.0,0.19946450108756955
2600.0,0.21476114682238842
2604.0,0.1945609555171455
2611.0,0.18086965271602815
2618.0,0.19133073845825888
2627.0,0.17620428624340903
2635.0,0.20921551716446024
2639.0,0.20530926697699675
2645.0,0.1978645817211513
2649.0,0.18259210883124868
2657.0,0.2191450819662064
2665.0,0.20472721223829557
2673.0,0.2107318907994736
2679.0,0.17935143026763184
2686.0,0.21115006308031317
2690.0,0.17260842545857913
2698.0,0.1802139698020023
2706.0,0.17581895149918483
2714.0,0.19390092222521713
2722.0,0.16565374567410457
2730.0,0.1456637421307056
2737.0,0.20737416559696975
2743.0,0.1521080278432333
2749.0,0.1918896246788067
2757.0,0.18369918178565017
2761.0,0.19518578901542152
2773.0,0.1847912210110493
2780.0,0.1913631414526894
2786.0,0.18972520738524723
2795.0,0.16557110135256692
2805.0,0.18904796484241687
2816.0,0.19779145328822784
2830.0,0.18438159782839647
2841.0,0.19157752274005557
2850.0,0.19561118465099164
2857.0,0.17336918683016408
2869.0,0.19899650336505462
2873.0,0.18951704703544658
2881.0,0.18881480145726584
2888.0,0.18441223135553497
2892.0,0.19717246982063208
2903.0,0.1847766041219524
2914.0,0.19414326967130235
2922.0,0.2048893244541392
2927.0,0.20829371011166387
2934.0,0.19241050531795925
2943.0,0.1883374488581176
2947.0,0.19100411143193433
2954.0,0.18634676888980178
2963.0,0.19825920615334433
2970.0,0.21670327255118405
2979.0,0.169912614155343
2987.0,0.19041852719249702
3001.0,0.19947132821107855
3015.0,0.16643036888761908
3021.0,0.17530076883357157
3029.0,0.17903521790670696
3037.0,0.17617711700523916
3045.0,0.17993412126945996
3053.0,0.19080074423892404
3062.0,0.18141613997871242
3070.0,0.1692180115218283
3075.0,0.17442232918016443
3086.0,0.19056903770584946
3092.0,0.19097978206913108
3103.0,0.19854380440602015
3107.0,0.19189284219422223
3113.0,0.18256700561917286
3122.0,0.187195106111158
3126.0,0.19305455580477504
3137.0,0.18080985351138806
3144.0,0.1991391083536732
3149.0,0.16010253636262287
3160.0,0.19139956433188235
3167.0,0.22444289794671357
3175.0,0.18301849469533144
3179.0,0.18857688377012485
3183.0,0.20590602524463775
3191.0,0.18716201239345917
3199.0,0.1799169781476032
3207.0,0.23600074870195187
3216.0,0.2127559215325265
3224.0,0.16715157887108376
3232.0,0.1936544427714299
3240.0,0.16248440599478586
3247.0,0.18914921982356822
3251.0,0.18075057220942545
3259.0,0.14948444203924555
3266.0,0.17804512508655934
3271.0,0.20840034101200583
3275.0,0.17617660028082144
3282.0,0.19403567473796915
3294.0,0.18421796680310962
3300.0,0.20294898034289724
3308.0,0.15960680439029853
3315.0,0.18783623059227567
3323.0,0.18195094667191647
3329.0,0.19048153832388692
3333.0,0.18553008429088072
3342.0,0.20260908789608392
3350.0,0.17002565854793336
3356.0,0.165398872245547
3360.0,0.20652921926215825
3364.0,0.17896579484251562
3370.0,0.17967165559615725
3376.0,0.21232687294000316
3383.0,0.15778231945851284
3387.0,0.16550561552165519
3396.0,0.1952690406146591
3402.0,0.16590710888076848
3409.0,0.20416533579965296
3416.0,0.1974872588333808
3423.0,0.16162146896266824
3427.0,0.20538945023716088
3435.0,0.1871848874240389
3443.0,0.2025073474761087
3447.0,0.18381924285937626
3453.0,0.22289341900005982
3458.0,0.1959935510672809
3466.0,0.18996441384820165
3474.0,0.1930745629049007
3480.0,0.18440128137922815
3488.0,0.19811018375638326
3492.0,0.20352003921543468
3498.0,0.1810216330123766
3503.0,0.17608836014000087
3512.0,0.17710985931467985
3520.0,0.18518470450352376
3528.0,0.17744092752387522
3532.0,0.19081821891995127
3539.0,0.15731895666610696
3547.0,0.19107423131623388
3552.0,0.20128739520069916
3560.0,0.17065497032628998
3570.0,0.18063726273162356
3577.0,0.18727046826566035
3585.0,0.19220973406190575
3590.0,0.20917119858856975
3599.0,0.18346797656696098
