,4
10.0,0.19327043831622379
19.0,0.14794690079313758
27.0,0.18666014580939425
32.0,0.1610545011082655
40.0,0.16297253777425189
51.0,0.17902325510541647
56.0,0.17364778410548726
62.0,0.19203494923783435
66.0,0.17758413018772048
77.0,0.18974038799700987
85.0,0.17756845238735092
91.0,0.19808048980989282
99.0,0.18645191055899235
106.0,0.1959726990923071
116.0,0.15900278307440063
124.0,0.1828910874352682
135.0,0.19262930902981465
144.0,0.2105283240072429
158.0,0.20655281331934422
167.0,0.2178887320918037
181.0,0.18686226960520028
189.0,0.20149632400362505
197.0,0.19845695236298116
205.0,0.16253696604700374
210.0,0.20961321799202562
218.0,0.20040120624501642
227.0,0.18818227594346928
233.0,0.16353050848884465
242.0,0.21341710667054195
253.0,0.21102515475919595
264.0,0.1861750631511242
272.0,0.19910255446140024
281.0,0.23346880308707413
288.0,0.18988086365605872
297.0,0.21106948775418047
301.0,0.21148278495321735
312.0,0.19723834689824415
316.0,0.13500471976129547
320.0,0.19773505594672694
327.0,0.17074471269580432
336.0,0.17927549272257307
344.0,0.18757270616716512
350.0,0.2344740755934112
357.0,0.1796909884678729
364.0,0.20215411982106773
372.0,0.20217419949295487
381.0,0.2323099404881355
393.0,0.20045484688157653
401.0,0.20149375969610614
408.0,0.1800947271034254
413.0,0.17214074140310298
421.0,0.1459588190767717
425.0,0.19042714385599968
436.0,0.179431245184548
443.0,0.18089867534901755
457.0,0.1938438290562498
471.0,0.19350760452955465
480.0,0.21299587005355583
491.0,0.1772807945875153
503.0,0.1956121192552201
512.0,0.23716202101161232
519.0,0.12841435758301964
526.0,0.19425918145203297
532.0,0.18558025031845557
544.0,0.1564919025134231
552.0,0.1771463219789857
560.0,0.1903857169761826
568.0,0.22237902815524618
575.0,0.25821705674936973
586.0,0.16000333273680667
592.0,0.14318204961075748
596.0,0.19744844146025303
604.0,0.1828148674956862
613.0,0.1440217639419863
619.0,0.1757417914907872
624.0,0.22875215297963628
635.0,0.17492883812797405
642.0,0.19460214824179065
650.0,0.16488755638718627
658.0,0.21876995186840292
665.0,0.11664303924752237
676.0,0.1867336435678363
687.0,0.17873699508642885
693.0,0.1837956048412597
701.0,0.19965481880702335
709.0,0.19899848141259485
714.0,0.18614353559082172
718.0,0.177252645338139
725.0,0.18197942518245652
736.0,0.17854876594827138
744.0,0.14166452256813217
756.0,0.1935246763062945
763.0,0.19067258938853496
771.0,0.19605521997972597
776.0,0.2164177953142465
783.0,0.23716731229428803
791.0,0.19464993975595604
799.0,0.2017427832539164
809.0,0.19438311743436743
817.0,0.20576811323128275
824.0,0.20606091279911784
828.0,0.16682649354480109
836.0,0.210877596955392
844.0,0.1509756107660774
848.0,0.1612935625698826
855.0,0.1749486063775588
859.0,0.20833523647891317
866.0,0.20903579354286753
872.0,0.21653964183074542
876.0,0.20664880153478335
882.0,0.21489062662762726
888.0,0.18398783290931034
893.0,0.19173051421477652
901.0,0.1716234491799717
911.0,0.17092481866440506
919.0,0.19624674317912466
923.0,0.15115440295826255
931.0,0.1879531798227745
939.0,0.21130064377525584
951.0,0.19840955470084898
958.0,0.21639567073079655
963.0,0.20943965491328465
970.0,0.1842071115001822
977.0,0.12096743773979558
989.0,0.20579336302615606
993.0,0.1729593051469268
999.0,0.17219581039509085
1003.0,0.16868680121165736
1011.0,0.1306512901506353
1022.0,0.21452096911511953
1032.0,0.17276522132400332
1038.0,0.19383143883810128
1045.0,0.15970162094736762
1051.0,0.19088542875516848
1060.0,0.2196276141619436
1067.0,0.1991537225463283
1075.0,0.21784815220184295
1083.0,0.16601913635200352
1095.0,0.2046790717206945
1104.0,0.1907679787233978
1112.0,0.22740632040673955
1117.0,0.19261205721277375
1125.0,0.18489443564106578
1133.0,0.18554961842258244
1140.0,0.1873717110061968
1151.0,0.20872804616949558
1159.0,0.1769769258691959
1165.0,0.205744511385804
1174.0,0.2170094493627139
1182.0,0.2150839114690728
1189.0,0.15202262534834352
1193.0,0.19358527023897135
1201.0,0.24597917927114435
1212.0,0.162453479448787
1220.0,0.19676341393782984
1228.0,0.17083772379133952
1236.0,0.15844992664923738
1245.0,0.23750853724951146
1249.0,0.19198673957269835
1255.0,0.16657623832993634
1263.0,0.2024304171010419
1275.0,0.18231168452753574
1282.0,0.23771514677461952
1293.0,0.23230783647981948
1297.0,0.2047958645188728
1304.0,0.20133413236133882
1312.0,0.1902202257196734
1320.0,0.2094003702141598
1328.0,0.20820240161103326
1340.0,0.1911928351577405
1348.0,0.18051321187671798
1356.0,0.20060165896390536
1366.0,0.19116086210075633
1374.0,0.20437089908074124
1382.0,0.2063951058862939
1390.0,0.16714547097011712
1398.0,0.16083931381769856
1402.0,0.18805250877182167
1409.0,0.16914840435903208
1414.0,0.1711882774699651
1418.0,0.18899989595713898
1429.0,0.15212585381427546
1440.0,0.15800242362890043
1447.0,0.18317666371896682
1455.0,0.22274383945232637
1460.0,0.16132359316150166
1465.0,0.18494352057180152
1474.0,0.2266299184746246
1484.0,0.17817320928856462
1492.0,0.16823733965791873
1498.0,0.18040087966106186
1505.0,0.23920362886981686
1509.0,0.18143884882869715
1517.0,0.21411540891615854
1525.0,0.17489907161016263
1531.0,0.18634910598485105
1538.0,0.1871760573553467
1546.0,0.17864672529985162
1557.0,0.1710096301398903
1563.0,0.2065339462235883
1567.0,0.19528540816189088
1575.0,0.14662990719655114
1584.0,0.19877004600592607
1592.0,0.1765239349586028
1600.0,0.17038788033541144
1608.0,0.20525849058059617
1615.0,0.20358465072259202
1623.0,0.17093916053341965
1635.0,0.2509484875722016
1639.0,0.17424592638113293
1650.0,0.19607647146847942
1655.0,0.16818686664431035
1663.0,0.2114590644020708
1667.0,0.1362981286812509
1672.0,0.1804844152050814
1683.0,0.20029344070922248
1690.0,0.2158587157372489
1701.0,0.16610183196497752
1709.0,0.1862743803248087
1721.0,0.19475595027188827
1730.0,0.1931335730606469
1739.0,0.21369839160847762
1746.0,0.1813735925638183
1754.0,0.14410098192772852
1762.0,0.14667324636877074
1770.0,0.24501914288583254
1774.0,0.16049788577223595
1778.0,0.17417468422598828
1787.0,0.21905138770075147
1792.0,0.19706759328839998
1800.0,0.17632053433240905
1806.0,0.16967279995664725
1815.0,0.19576504810093717
1823.0,0.1694834717213855
1832.0,0.16238389480094845
1844.0,0.2136130483442596
1851.0,0.21549071923745153
1855.0,0.16813600263963388
1866.0,0.1514371177098296
1870.0,0.22187626082770753
1876.0,0.18367504484808014
1883.0,0.1984533583573214
1891.0,0.19173238141888455
1900.0,0.1764275144275511
1911.0,0.20067722023117343
1920.0,0.2025175539234058
1931.0,0.1642582989538079
1935.0,0.21182265152540816
1942.0,0.20975662515618954
1948.0,0.17239012847650442
1956.0,0.20685621185955222
1960.0,0.19348693894880895
1968.0,0.21002303958345792
1973.0,0.22475984255584935
1984.0,0.16027064699463056
1993.0,0.2093702197409083
1997.0,0.20677450179377962
2001.0,0.18397472825267522
2009.0,0.16206471361003566
2018.0,0.23527531393869297
2026.0,0.18708741225894587
2035.0,0.20280936482170858
2043.0,0.18145156208237667
2051.0,0.17269941386413254
2056.0,0.18425296083473353
2064.0,0.16657762080782582
2078.0,0.1138886356725921
2082.0,0.20919545192781874
2089.0,0.19541341396268924
2098.0,0.14397871498625717
2112.0,0.24080478750497328
2116.0,0.2236761342860702
2124.0,0.20309114381620572
2132.0,0.17596282135013297
2141.0,0.1850821723398599
2145.0,0.21025399243085519
2153.0,0.16602704439208038
2161.0,0.17351846615014668
2166.0,0.22742467160008067
2173.0,0.18534638693409106
2180.0,0.19799660130110677
2191.0,0.1901676744695949
2198.0,0.22269758850750607
2206.0,0.18822175717144254
2214.0,0.17317252621900162
2224.0,0.17847026993449006
2232.0,0.2009611951566213
2240.0,0.182795643706817
2249.0,0.1835250645004164
2260.0,0.1409720582593661
2267.0,0.16067446347345193
2271.0,0.13038935691350953
2275.0,0.1965902885463797
2281.0,0.17663982319502464
2290.0,0.1599237403550317
2298.0,0.1626876508186875
2306.0,0.17236675051598774
2313.0,0.20253509368850012
2325.0,0.18802458463951663
2334.0,0.19248722694813072
2342.0,0.14311647945363817
2349.0,0.0956289804761727
2358.0,0.23236854185890424
2365.0,0.1618428938517125
2377.0,0.19814726763397308
2386.0,0.19394698321314055
2394.0,0.18102556597282532
2399.0,0.14523908254807683
2407.0,0.18954668653619988
2412.0,0.20305256222130336
2423.0,0.1819735148291952
2431.0,0.19236204333359502
2439.0,0.18725020002288512
2444.0,0.2129363834911265
2454.0,0.1773563124479643
2461.0,0.19628525803044977
2473.0,0.1835845213114972
2477.0,0.18462411473973947
2484.0,0.18896158155179138
2491.0,0.12483520237762882
2502.0,0.17680619599631392
2510.0,0.17635696787069755
2518.0,0.17425750718919775
2524.0,0.16344187448242736
2530.0,0.20202146322102343
2541.0,0.21082338335946793
2549.0,0.22771026327180555
2560.0,0.16838395120327665
2567.0,0.18973271284204643
2575.0,0.16715489461349994
2583.0,0.20449629961327878
2591.0,0.09060983397721868
2600.0,0.2557498107770824
2604.0,0.22570596229139672
2611.0,0.14057738367700287
2618.0,0.16449631602732534
2627.0,0.1701935486836906
2635.0,0.21816987425434667
2639.0,0.16181896350358466
2645.0,0.1915640022196894
2649.0,0.1754951023058385
2657.0,0.20450584688682308
2665.0,0.2000954842728402
2673.0,0.17793219487101083
2679.0,0.18161407449225525
2686.0,0.1549039560924276
2690.0,0.16650719032836683
2698.0,0.19660226903999303
2706.0,0.2074807964099702
2714.0,0.20276715328961598
2722.0,0.15998246877929834
2730.0,0.1909657103712376
2737.0,0.18576694275782601
2743.0,0.17317661277186844
2749.0,0.12527639551838926
2757.0,0.16086445810754696
2761.0,0.14235381034902367
2773.0,0.16431524342977463
2780.0,0.11862826653957746
2786.0,0.16312651528109118
2795.0,0.19300467636219198
2805.0,0.1761560966787015
2816.0,0.19900382957410553
2830.0,0.1317825514386344
2841.0,0.1934979377995213
2850.0,0.19108896550162216
2857.0,0.15424655287487152
2869.0,0.17875360859588013
2873.0,0.20621925396087665
2881.0,0.19573676718180055
2888.0,0.21429315227061174
2892.0,0.19946435884502206
2903.0,0.1391710725653376
2914.0,0.18784906865665327
2922.0,0.177051834323766
2927.0,0.22178447958312075
2934.0,0.18761415663329853
2943.0,0.19731117332744005
2947.0,0.2119877020264346
2954.0,0.15064438588664636
2963.0,0.17895140549472882
2970.0,0.19602503934566934
2979.0,0.15704737238886343
2987.0,0.23045418482864
3001.0,0.16277360945057184
3015.0,0.16694293623683132
3021.0,0.19006234719087445
3029.0,0.17269172473242717
3037.0,0.22683419514594003
3045.0,0.19192503565632132
3053.0,0.12442471467669114
3062.0,0.1632839362502288
3070.0,0.20222319351021154
3075.0,0.18712486626103042
3086.0,0.19597963594963366
3092.0,0.2103449760540458
3103.0,0.18708306395922028
3107.0,0.17910127643241183
3113.0,0.1674048352841605
3122.0,0.1574043056024415
3126.0,0.16163883199648046
3137.0,0.1923457701924688
3144.0,0.20068183558633904
3149.0,0.1539498325331597
3160.0,0.169975959593984
3167.0,0.17395590842001363
3175.0,0.17381014827694932
3179.0,0.16497295045749402
3183.0,0.21895296880857604
3191.0,0.16119519732005896
3199.0,0.19466852812458663
3207.0,0.21589707059439983
3216.0,0.20127534999199412
3224.0,0.19143741080839036
3232.0,0.17557519374942943
3240.0,0.19064902386508972
3247.0,0.18467458300684444
3251.0,0.20610542494416817
3259.0,0.1937654266329073
3266.0,0.20891671577799498
3271.0,0.13971789101085896
3275.0,0.16623712579573433
3282.0,0.21488397414214938
3294.0,0.14666476989327676
3300.0,0.20003063439997484
3308.0,0.19888670892236465
3315.0,0.20110168775954035
3323.0,0.1879656384153215
3329.0,0.1988869787963881
3333.0,0.18446347136850563
3342.0,0.19370942730904206
3350.0,0.16457758276252388
3356.0,0.21899366977201942
3360.0,0.19980521422877465
3364.0,0.1667290486105232
3370.0,0.2011015516127344
3376.0,0.19927012545715808
3383.0,0.1920988166340004
3387.0,0.18086333363779425
3396.0,0.17024470930632943
3402.0,0.1932020608969763
3409.0,0.19879219298117579
3416.0,0.1932828730982757
3423.0,0.1963314947388312
3427.0,0.17324915469062271
3435.0,0.19104486535662674
3443.0,0.22321182671191034
3447.0,0.18404703302976355
3453.0,0.15195387779914082
3458.0,0.20653917850552014
3466.0,0.17729813957679008
3474.0,0.20775349156675824
3480.0,0.22675078469663384
3488.0,0.19624138259408896
3492.0,0.1967901453250882
3498.0,0.1921991122500079
3503.0,0.19905725323148604
3512.0,0.19800935604253195
3520.0,0.16941661443704
3528.0,0.2228884287974885
3532.0,0.20444353087737863
3539.0,0.20265341583625585
3547.0,0.1842032636655688
3552.0,0.17591939604982323
3560.0,0.1925464637406005
3570.0,0.1943931209946389
3577.0,0.19580495472239196
3585.0,0.2160122991022509
3590.0,0.18948084976150953
3599.0,0.20242011254333453
