,5
3609.0,0.18403268249020605
3615.0,0.1909812145550068
3623.0,0.19099844474634786
3630.0,0.1711937861452237
3639.0,0.17282637898255557
3653.0,0.17101847138557388
3661.0,0.19767152949723435
3672.0,0.19055523618733783
3678.0,0.2072942548565401
3682.0,0.17458856186905936
3689.0,0.18715946589554447
3698.0,0.1832701990783528
3706.0,0.17713670499920267
3714.0,0.20603126306630998
3718.0,0.1634758412765069
3725.0,0.159777435037889
3732.0,0.19287003465619607
3738.0,0.17241402956133695
3744.0,0.1776938948833286
3753.0,0.19184981942952417
3760.0,0.189394418673369
3772.0,0.18005781843126317
3779.0,0.20096138940327063
3785.0,0.18742760958124693
3792.0,0.18302240918774165
3798.0,0.1657589475067699
3806.0,0.20281042572345073
3818.0,0.20146469572646228
3830.0,0.18345942603537943
3834.0,0.17711478775885584
3842.0,0.18072303712615906
3848.0,0.19486195256412392
