,6
3609.0,0.1812212868125271
3615.0,0.18808110918488294
3623.0,0.17616799300579156
3630.0,0.1695545385222022
3639.0,0.15369384018332527
3653.0,0.1459982043632083
3661.0,0.18830847438862777
3672.0,0.16859693149122001
3678.0,0.16928020250381892
3682.0,0.19227080449858497
3689.0,0.17224272360782045
3698.0,0.15597459162456861
3706.0,0.18414640525799963
3714.0,0.16583511980579693
3718.0,0.19133415579677743
3725.0,0.20603807092685
3732.0,0.18298411093493708
3738.0,0.17410378854668207
3744.0,0.1928158743984391
3753.0,0.16670703331012066
3760.0,0.19481141378205385
3772.0,0.17208039940052772
3779.0,0.18601817665349327
3785.0,0.1757241105751167
3792.0,0.1956691398987535
3798.0,0.16561021948815718
3806.0,0.18397051297254613
3818.0,0.17211250902483646
3830.0,0.1868081997688822
3834.0,0.17317399911188058
3842.0,0.18127965957550402
3848.0,0.1592108361010659
