,5
2.0,0.19621013973878607
10.0,0.18849799345679494
17.0,0.17008392234115458
21.0,0.1933766983980752
25.0,0.20681009345492582
37.0,0.20737241267218778
44.0,0.19578077400787985
50.0,0.20010913861922652
54.0,0.20419866260502273
59.0,0.1742044606015863
67.0,0.1937221010228099
74.0,0.22860185112880338
81.0,0.2059879549712908
88.0,0.19128535809511824
100.0,0.18966804376439952
109.0,0.18480419150626917
116.0,0.22481662914376735
122.0,0.16054913799087597
130.0,0.192578884657885
138.0,0.17242163197564778
144.0,0.17872316815941752
148.0,0.19179438944841395
160.0,0.20331755745107002
170.0,0.1821405369774716
181.0,0.2101592501441603
187.0,0.2176527639442734
191.0,0.19162839436421794
195.0,0.183170669222691
201.0,0.20618262241852864
209.0,0.1646462128057137
217.0,0.1816191210800437
225.0,0.22421369290650695
231.0,0.20393370352426257
240.0,0.19382652227524333
254.0,0.20911535341603904
261.0,0.19375434776331152
268.0,0.1995606694194334
274.0,0.18068633642906531
279.0,0.20146085806225145
284.0,0.2067294173267974
294.0,0.19900501592682787
300.0,0.18268495015585093
312.0,0.16381520550412074
321.0,0.19672871224767666
327.0,0.1419551615633752
331.0,0.20564215236690492
339.0,0.20191829214224832
348.0,0.19804199262559471
355.0,0.18447783660961026
366.0,0.15614410060723882
374.0,0.20749153708700918
378.0,0.23960434809028916
387.0,0.19746356525974731
395.0,0.1905189668725635
403.0,0.1960864863807138
411.0,0.20972607933838414
419.0,0.18351939688278535
426.0,0.20212585003000183
433.0,0.20785546024423637
442.0,0.19574027940687191
446.0,0.20467821178940657
454.0,0.18611769572571144
463.0,0.18089012434543927
472.0,0.17394806249125566
483.0,0.1542415379732581
491.0,0.19302708511175315
497.0,0.18666115398603683
502.0,0.1881435280054945
508.0,0.20554194650585053
517.0,0.18564784490108535
523.0,0.21209016263860944
531.0,0.19309347968362692
538.0,0.18329614427662988
548.0,0.1813709858720034
555.0,0.20071809181801378
561.0,0.20007192091859075
573.0,0.20767671790558195
581.0,0.2000237047672805
587.0,0.20832002868568059
595.0,0.17949132298698597
602.0,0.17568872924791964
610.0,0.21848148950465543
618.0,0.19181286308482498
626.0,0.20164385793940318
634.0,0.2131102289239794
642.0,0.19499355443375146
650.0,0.21161404931399044
658.0,0.19738410819672172
666.0,0.19182434782075433
675.0,0.18519530127287268
683.0,0.19912166549688232
692.0,0.17191370665718397
698.0,0.1906520681453138
703.0,0.17902983474467946
708.0,0.217223354865432
714.0,0.16552097893510395
722.0,0.18185965220247946
730.0,0.18557058033627952
736.0,0.20083315389127712
747.0,0.18809696377521018
754.0,0.22209930024654934
759.0,0.19247779808194918
765.0,0.1870945944374809
773.0,0.2219213014512235
779.0,0.20471442406064144
787.0,0.20810836004515465
794.0,0.20261661318928234
801.0,0.2083544011805036
807.0,0.16007060210689739
813.0,0.20239819320928143
818.0,0.19991304730863033
824.0,0.19371184404783262
829.0,0.21118273138080756
833.0,0.16775232854508357
840.0,0.18363674332903057
849.0,0.18390857024148355
855.0,0.1984469048941158
863.0,0.19438858852671623
871.0,0.19065334773479264
877.0,0.22539484189438608
881.0,0.1690147294324574
895.0,0.16811875664083664
899.0,0.19652453293322814
907.0,0.19646991293166083
914.0,0.205919069904834
923.0,0.19815552229249317
929.0,0.20759553643513554
935.0,0.15205205290902088
939.0,0.17276278624660416
946.0,0.18359757500713475
952.0,0.20485934190433328
964.0,0.19232103760744515
971.0,0.20041732940942922
979.0,0.17857775286648428
986.0,0.20989766852729247
994.0,0.20401033925892528
1003.0,0.19513768422744918
1009.0,0.18080884944193765
1017.0,0.1798757571849658
1026.0,0.1732186123522559
1031.0,0.2144487349461442
1038.0,0.20064721712088596
1046.0,0.1751724425913086
1054.0,0.2154803275355753
1060.0,0.16432598014627886
1068.0,0.16578556985583257
1074.0,0.17014518641011264
1080.0,0.182762740817023
1086.0,0.1604211980133959
1095.0,0.18569726083541563
1101.0,0.1974346654270291
1106.0,0.17718059637373085
1118.0,0.21109855791470397
1125.0,0.1804084788593682
1129.0,0.1899637378976309
1138.0,0.1849979341549969
1146.0,0.1859186432468478
1153.0,0.16820164627277917
1159.0,0.20770436360268205
1167.0,0.19424876068585467
1175.0,0.19929088481338061
1186.0,0.18416863979067025
1192.0,0.1904201385914439
1197.0,0.21235038680225113
1201.0,0.1696943939812291
1213.0,0.19124276095007509
1221.0,0.188976444009802
1230.0,0.20478968501945563
1234.0,0.1982350301692596
1238.0,0.20705363249851746
1247.0,0.20812589110926427
1255.0,0.19300209208625546
1261.0,0.1945857136918607
1267.0,0.2030647788028561
1276.0,0.242965465481644
1280.0,0.17981705690990968
1288.0,0.2023334417565286
1294.0,0.1969625768557856
1298.0,0.20740917049048582
1302.0,0.16932108186840897
1309.0,0.20050594922674952
1316.0,0.20191629776735023
1323.0,0.1953098519519419
1329.0,0.1755183384223289
1335.0,0.18303807575500433
1339.0,0.17284752028547523
1348.0,0.19911673608961583
1356.0,0.18981038835380454
1365.0,0.1904201205738446
1369.0,0.18743998946806853
1377.0,0.1855074686248846
1384.0,0.19396563876786704
1390.0,0.18013259489105057
1404.0,0.19737476313010818
1408.0,0.21585783476243411
1414.0,0.2175156648565552
1418.0,0.18989323098174254
1424.0,0.22943869124988833
1429.0,0.20353447622400914
1438.0,0.18050585307067865
1447.0,0.1999486027556122
1455.0,0.21900238759555096
1464.0,0.23357161686717565
1471.0,0.22285754799157972
1475.0,0.1955657209620246
1482.0,0.19691663019325265
1494.0,0.18309566357539397
1501.0,0.18658639240081948
1510.0,0.19654351581202725
1517.0,0.1935994969735507
1523.0,0.18539066037476798
1531.0,0.17749653248127065
1543.0,0.18409443492349684
1550.0,0.16330484960647013
1556.0,0.19227399518086594
1570.0,0.18837484706507557
1578.0,0.19578306813931207
1587.0,0.19206718875919762
1596.0,0.18178438254517215
1603.0,0.20490969479514803
1611.0,0.1618250166333269
1616.0,0.1760896455016924
1622.0,0.18484567629600207
