,3
2.0,0.23765105348136978
10.0,0.24557150218974658
17.0,0.2283854107523528
21.0,0.18144046361276175
25.0,0.18514505205316567
37.0,0.2329500999508713
44.0,0.23415479506002568
50.0,0.14698736885498329
54.0,0.15412489130097576
59.0,0.20782739827181432
67.0,0.21062981668813974
74.0,0.2502166696531337
81.0,0.23689799607012269
88.0,0.19751132710223657
100.0,0.15671161696308514
109.0,0.17888618347626142
116.0,0.21932049928873373
122.0,0.2127791944301575
130.0,0.15831994872059085
138.0,0.23873830944234747
144.0,0.18653370611499345
148.0,0.19153440031536637
160.0,0.15605981159195415
170.0,0.23692911291776048
181.0,0.20400774757027498
187.0,0.1794799350573254
191.0,0.13012554524619116
195.0,0.1496536264474358
201.0,0.21290587327466612
209.0,0.21821366451568353
217.0,0.210968081450172
225.0,0.19541917028145572
231.0,0.22178220837997933
240.0,0.1682682228729012
254.0,0.23306524157827613
261.0,0.1889888113019087
268.0,0.19988397062026095
274.0,0.19151490609886784
279.0,0.2582279913718813
284.0,0.20974670766786147
294.0,0.21054183223178002
300.0,0.2116002425908362
312.0,0.1894767824175954
321.0,0.19044976748110515
327.0,0.24006239562497236
331.0,0.15546857859429997
339.0,0.23333363466875082
348.0,0.17628130683037638
355.0,0.21760762166628717
366.0,0.21450240723540784
374.0,0.25208365707438496
378.0,0.20784983512530372
387.0,0.23214840678946458
395.0,0.22515764689052004
403.0,0.26508477999845836
411.0,0.2105547332694676
419.0,0.22383880630433056
426.0,0.21583325315280086
433.0,0.21232737003177957
442.0,0.23439395919868378
446.0,0.23648214701059797
454.0,0.17934144527350276
463.0,0.16738767795279305
472.0,0.1816751702868814
483.0,0.20678947407390272
491.0,0.21583917536853242
497.0,0.2199206451344477
502.0,0.18558966196541446
508.0,0.16342698142040665
517.0,0.24562102846519474
523.0,0.24510210030707663
531.0,0.21232944552002228
538.0,0.2335031539591636
548.0,0.17184633468590582
555.0,0.18431782986956205
561.0,0.2203813133172897
573.0,0.20833065890513305
581.0,0.21727529536808163
587.0,0.18777372909312853
595.0,0.24841107536722612
602.0,0.2505212809963913
610.0,0.2219751149007015
618.0,0.23327516606405388
626.0,0.22040655577821774
634.0,0.23400439056524894
642.0,0.21342873049999075
650.0,0.1898805417438745
658.0,0.25518406235274615
666.0,0.22745772165107245
675.0,0.21132194129136675
683.0,0.23183018499062685
692.0,0.24538012165022027
698.0,0.18227903832985876
703.0,0.23828530550828128
708.0,0.24110521680019864
714.0,0.24917703826775664
722.0,0.2330648697110639
730.0,0.1682093156091112
736.0,0.2298909391827324
747.0,0.20678036508220873
754.0,0.2107071129528358
759.0,0.18539581308116226
765.0,0.21212749818497942
773.0,0.28678674233679324
779.0,0.21103634781141517
787.0,0.23983860067281498
794.0,0.2283758942299299
801.0,0.2195928876312662
807.0,0.283530636572226
813.0,0.2567024109043617
818.0,0.16395300011860411
824.0,0.24411668971991565
829.0,0.2243691648303362
833.0,0.1593754185817293
840.0,0.15888796954901901
849.0,0.25546458888499596
855.0,0.20024876655352297
863.0,0.20071273821670213
871.0,0.16786947332433885
877.0,0.20692939908900285
881.0,0.21032812086975194
895.0,0.22769437889150834
899.0,0.17779714398626348
907.0,0.21826008812012623
914.0,0.1299192116238381
923.0,0.17918441640363642
929.0,0.23404012090763812
935.0,0.23129177846875992
939.0,0.17586849821563927
946.0,0.22790734945847674
952.0,0.25793857787364843
964.0,0.22995048121139208
971.0,0.23070013499469716
979.0,0.2562926187782285
986.0,0.15828938601789036
994.0,0.22181068270401974
1003.0,0.21421210909486696
1009.0,0.1788143823730843
1017.0,0.19590366184917238
1026.0,0.2217241396120413
1031.0,0.24091862131979855
1038.0,0.20837702225809204
1046.0,0.2087189231036627
1054.0,0.20661357893713125
1060.0,0.20360156108011143
1068.0,0.15765379221594708
1074.0,0.1928306131497751
1080.0,0.20857070230605174
1086.0,0.26056197806872133
1095.0,0.22539023412157733
1101.0,0.20700061146572793
1106.0,0.2283987846464584
1118.0,0.2294413666283894
1125.0,0.19557014049140511
1129.0,0.1698811864189144
1138.0,0.16104086468394807
1146.0,0.24023102323232165
1153.0,0.1960002834893575
1159.0,0.21639343013629941
1167.0,0.217401637769304
1175.0,0.18602675372403538
1186.0,0.2586176378688964
1192.0,0.1362046866037538
1197.0,0.20046725958866135
1201.0,0.22416236006644216
1213.0,0.23788322030131287
1221.0,0.23087522277065864
1230.0,0.21516196517661632
1234.0,0.243624112342156
1238.0,0.15312381984294607
1247.0,0.20755168807134491
1255.0,0.19908709592981685
1261.0,0.26149602394819504
1267.0,0.192648735960899
1276.0,0.16978054172434073
1280.0,0.25361037569986133
1288.0,0.16553967536132064
1294.0,0.22109960758081196
1298.0,0.23471791746618523
1302.0,0.25276597013397745
1309.0,0.2552780327872754
1316.0,0.16312488218136467
1323.0,0.22485379877557646
1329.0,0.23396469373899006
1335.0,0.2113104415392129
1339.0,0.20968114800717946
1348.0,0.21844865214484407
1356.0,0.19294337085470217
1365.0,0.23012922818248718
1369.0,0.15384200159652203
1377.0,0.15243749151983838
1384.0,0.2081691742489388
1390.0,0.22892929225582376
1404.0,0.17983492897900663
1408.0,0.23668329592114745
1414.0,0.22408727944391169
1418.0,0.15074666589976948
1424.0,0.23995733326927396
1429.0,0.22565452614222536
1438.0,0.17201656915279923
1447.0,0.18987303617901632
1455.0,0.14788659555203304
1464.0,0.2451319453553919
1471.0,0.2704210796126553
1475.0,0.2346832610527216
1482.0,0.2147728898726525
1494.0,0.22293586316844397
1501.0,0.22800034596949703
1510.0,0.20894532416518058
1517.0,0.17773864629649608
1523.0,0.210301314571695
1531.0,0.24729536693006093
1543.0,0.17124047899980732
1550.0,0.22526667678517254
1556.0,0.12706131932091042
1570.0,0.18586376977866473
1578.0,0.2173591591685135
1587.0,0.2294488810718194
1596.0,0.16476977456748196
1603.0,0.19528853790497347
1611.0,0.2620519755400171
1616.0,0.2723451455211015
1622.0,0.18626223768320482
