,8
0,0.19807787068445384
1,0.18696702269216336
2,0.19388468541233006
3,0.17718224419939702
4,0.16739076358478455
5,0.15330126552612375
6,0.16263872745808328
7,0.1631124419132132
8,0.17553395303448757
9,0.1662748405061284
10,0.1529118470733464
11,0.1569477115367814
12,0.18081619448790626
13,0.1586541408996917
14,0.15706677315316703
15,0.17735623069114528
16,0.17270536012583124
17,0.17508251224728053
18,0.1617415539888395
19,0.16369632627474265
20,0.17080413463733796
21,0.14888729430856382
22,0.15048883253661835
23,0.17042428019193517
24,0.17379930813625885
25,0.15154180092421765
26,0.18174914666200645
27,0.17688167912048375
28,0.14578032004643204
29,0.16134878863223778
30,0.15625165476818087
31,0.17508058096663462
32,0.15410788979226253
33,0.15397573166924836
34,0.17518910038320185
35,0.15383939287849355
36,0.15874031686431617
37,0.19354201140720675
38,0.1822344236739573
39,0.18040569935576792
40,0.15224061348916015
41,0.1546242595956385
42,0.16804635989819736
43,0.15311752548088908
44,0.15103553437884884
45,0.15709046322915393
46,0.14340078408466922
47,0.15359890466243672
48,0.1429270240868232
49,0.14772399973133302
50,0.16555895594479608
51,0.15909608561295904
52,0.15394521527511135
53,0.18665960346477034
54,0.16654032864154006
55,0.20781613773727245
56,0.1596921519723042
57,0.1752445094611322
58,0.15428049127224192
59,0.14865590601324746
60,0.15579834165041845
61,0.15199717061973403
62,0.16101468503432526
63,0.16673413172784063
64,0.15814565351149287
65,0.17143905964313982
66,0.1523287173070093
67,0.15569961518780373
68,0.1499570499282783
69,0.15021655085511423
70,0.16000103567764326
71,0.16544718675939596
72,0.1796476542567356
73,0.1704285988854072
74,0.1780465340526835
75,0.1876255779559042
76,0.16937068399602698
77,0.16197045803601662
78,0.14137301249267223
79,0.15205333623941802
80,0.15487339222061672
81,0.1695789134066088
82,0.16420344574548237
83,0.17616621326724907
84,0.16143357236219066
85,0.1874220987031094
86,0.15491184020965137
87,0.15414771810479508
88,0.14863859260829435
89,0.18113986031163504
90,0.16299296371683253
91,0.1643180755769288
92,0.1698012364564858
93,0.15393751312753562
94,0.16823782095149548
95,0.16402656811594907
96,0.16714670891599637
97,0.15501868494899157
98,0.15225124201733678
99,0.15551269220793446
100,0.1479881609854069
101,0.16111401879807719
102,0.17723576937058508
103,0.1650140103129146
104,0.1484045668699852
105,0.15923746096978114
106,0.15544209378798904
107,0.14946299342095176
108,0.16570069308024366
109,0.1619631357333878
110,0.1480458564537125
111,0.14684771674786212
112,0.14746762515257864
113,0.15704027310932991
114,0.15138607613989707
115,0.15748434482511134
116,0.15161314979480914
117,0.17148502417964662
118,0.16655061659187037
119,0.15533326811292386
120,0.18240915620140705
121,0.16309375007090468
122,0.17173505876944542
123,0.16945919862859457
124,0.17044961068454317
125,0.19663713452691953
126,0.17556538120759102
127,0.17596976368345368
128,0.16499874951937984
129,0.1739475327226888
130,0.19606149697415107
131,0.17060171417835618
132,0.15101378664021345
133,0.15234294979781574
134,0.15191505404858321
135,0.15398015036272614
136,0.15245926241020846
137,0.1528342912789095
138,0.1891728038197703
139,0.1832446977440566
140,0.18169258732098906
141,0.17288654689095312
142,0.1610240295237198
143,0.15959209437461583
144,0.17634652870285156
145,0.15452002192423417
146,0.1595758022777774
147,0.20491223356306826
148,0.1775439489498211
149,0.15046562495612625
150,0.1420951397322883
151,0.16010473548763418
152,0.16643882159688433
153,0.15552036668471617
154,0.1588146493080815
155,0.15095380814108392
156,0.16498427045646902
157,0.15637799788946283
158,0.15978315816049318
159,0.14835800296961796
160,0.1597903993950112
161,0.16992555114231972
162,0.15763730171509993
163,0.16235283754101068
164,0.17180817841630155
165,0.17464990116124715
166,0.17855042134495747
167,0.1741124433250783
168,0.17790017694862373
169,0.1672604263437291
170,0.17874859735562362
171,0.17681776356251136
172,0.15870608164509217
173,0.14865451128834653
174,0.15888254896351992
175,0.16520700490214218
176,0.16212539962523703
177,0.16031417303359172
178,0.16188371610729788
179,0.15317058666081776
180,0.1583948083291439
181,0.1847235416639913
182,0.2026173845460811
183,0.1668822795884125
184,0.15368163176607058
185,0.14928706789185842
186,0.15395570481750664
187,0.16729439040248395
188,0.15217776078348041
189,0.16279734572714902
190,0.16482895476475615
191,0.17606790856726015
192,0.14846260814269027
193,0.15647352374183407
194,0.1487820728974033
195,0.16476595200241076
196,0.15498840820753865
197,0.15785804737416567
198,0.1739766415959466
199,0.17966792672149168
200,0.17430324888414347
201,0.20844187352751012
202,0.1795038581805248
203,0.17764995098367142
204,0.17470231982966383
205,0.1874736573151408
206,0.17527641222002588
207,0.1664365034512614
208,0.1637023338255714
209,0.15621227876870183
210,0.15679730291126714
211,0.16124311791155885
212,0.15398403004133207
213,0.15059376985635012
214,0.1586434568065874
215,0.15965882689239735
216,0.16357151341069953
217,0.1500638659246804
218,0.1586979051842365
219,0.15772067562878608
220,0.15735721404689165
221,0.16566804985405512
222,0.15907664851098854
223,0.16429048494293172
224,0.16678344925639668
225,0.16747181973847688
226,0.16041028949522537
227,0.1698955824451496
228,0.17402982912958562
229,0.17637588676351412
230,0.1687779234780088
231,0.16228081086187415
232,0.19139707416845295
233,0.16218878276624618
234,0.1540819946234681
235,0.17127625439300312
236,0.17996216389558534
237,0.168748355003042
238,0.17215882977858038
239,0.1678477736991589
240,0.1962654445048828
241,0.1614304812296846
242,0.15845736105187036
243,0.15312703392182692
244,0.1586259436343145
245,0.1653295562878352
246,0.20563525865200882
247,0.19482524433333906
248,0.20379003682340482
249,0.17121520448936842
250,0.16451073673554426
251,0.1487132391051128
252,0.15001575440587592
253,0.15298425345542047
254,0.14891189275787378
255,0.1527289807639552
256,0.15794647186130428
257,0.16161020977605295
258,0.1730245682412776
259,0.16250917972696247
260,0.16824092908299748
261,0.18506390061294176
262,0.1665366006026849
263,0.18340880752194416
264,0.1618881050896797
265,0.15386841198940235
266,0.14733926443191725
267,0.14001848294915148
268,0.15009260471824942
269,0.14703418213862363
270,0.1545289874908308
271,0.1675398998105561
272,0.15094600516571866
273,0.15786410764785538
274,0.15170483483461847
275,0.17301766271942115
276,0.16722011091541095
277,0.16216544896851454
278,0.16474046146077231
279,0.15610865039566837
280,0.1619450656927634
281,0.14428823150726797
282,0.15797112657486312
283,0.15171385312739566
284,0.149405468027315
285,0.1502920827765543
286,0.15324805446722728
287,0.15217515662044354
288,0.15639075083664392
289,0.16587492371219484
290,0.1700903458892034
291,0.16794032141465595
292,0.1734875670596431
293,0.16186061469443594
294,0.168119840018254
295,0.1613405965640728
296,0.13655730759678428
297,0.1567427497526482
298,0.1468253282890332
299,0.15570600820824523
300,0.15787868272523337
301,0.14539586636459728
302,0.1563419482846246
303,0.15680771430245116
304,0.1510736116360307
305,0.1532496218426226
306,0.15874031633913785
307,0.1568957903654411
308,0.15436469111221585
309,0.14754986363497377
310,0.15214462160057246
311,0.14821221436086474
312,0.16173937561620344
313,0.16315084823688775
314,0.15133699098973052
315,0.16063169489754583
316,0.16716846850437314
317,0.16528272565067512
318,0.15740031951711414
319,0.17290249456428067
320,0.17623651855839134
321,0.16550777046185683
322,0.14724345013535234
323,0.16565770082605644
324,0.14955261027864483
325,0.1418630241528363
326,0.1462789284956873
327,0.15490954814238214
328,0.15997301471259603
329,0.14664777635501552
330,0.14959168445268
331,0.15332603157929664
332,0.15433610590554983
333,0.15830555783647057
334,0.14936637489635873
335,0.1650046368830276
336,0.17068211350456713
337,0.16832264409796566
338,0.169195859243824
339,0.15548109883044545
340,0.1647452893775282
341,0.16226445755038219
342,0.15685028622210773
343,0.1425104185881744
344,0.14245464228950447
345,0.1502578754196627
346,0.16151080662477776
347,0.16537773392512514
348,0.14934053353934654
349,0.1636857532005953
350,0.17623828898460833
351,0.15267071850710565
352,0.15681268453502023
353,0.17319876231789158
354,0.1627026604236077
355,0.16594597803800332
356,0.1605818479803088
357,0.15511039224242795
358,0.15073075016158766
359,0.14987068384864843
360,0.13941507064189848
361,0.15610776531701
362,0.1540361384667425
363,0.16411876982992687
364,0.15751952488276805
365,0.16213452270325165
366,0.1462266299425355
367,0.17229422550384355
368,0.1562293735753471
369,0.1790211405150362
370,0.17452328208359563
371,0.1484512763164962
372,0.16840573321737465
373,0.19455189071083676
374,0.17207606236549447
375,0.1621031494133878
376,0.15366091570624058
377,0.1472119494580287
378,0.15781612144075097
379,0.14359552031516878
380,0.1473035702277082
381,0.16156304962265125
382,0.16490341715754744
383,0.16780415112941435
384,0.15928551121176174
385,0.156132446372373
386,0.16328264542799661
387,0.15884125968182014
388,0.15386346452122712
389,0.1684860211137487
390,0.1604114201995609
391,0.17051841505318993
392,0.15266381376392027
393,0.16758750132327
394,0.15875689702476498
395,0.18192467188575567
396,0.17164182687740742
397,0.18775067044348848
398,0.17214562870269734
399,0.16938794610767904
400,0.15160226061718227
401,0.17878008561855613
402,0.16890361554649125
403,0.1831416076249141
404,0.17385369602607326
405,0.1633976498089608
406,0.16950824382178795
407,0.18776475921070548
408,0.2062635890085145
409,0.18248780929114708
410,0.16873495539914002
411,0.1934372910175587
412,0.17235370451938922
413,0.16258869437187748
414,0.1914509699379688
415,0.16839037719749858
416,0.19197691763612373
417,0.17355629648634646
418,0.1601120124019655
419,0.1485732186743996
420,0.1578327819362491
421,0.14551386330327276
422,0.15668147225336992
423,0.14224458874042675
424,0.1386637698408038
425,0.15999474713409828
426,0.16811751014431942
427,0.14967279094604344
428,0.17523776259066795
429,0.16121971180989217
430,0.14614638856778364
431,0.15356418718109452
432,0.16140670323641182
433,0.14758526462263746
434,0.15609707104144865
435,0.15269368151560408
436,0.16672688829663546
437,0.15939446491909387
438,0.15234410257392444
439,0.18814978704331975
440,0.17736112130669496
441,0.16931483549115448
442,0.16617286192452962
443,0.1668303209493645
444,0.16727449162437608
445,0.1593896958349944
446,0.1537755907255576
447,0.15826771766459213
448,0.15467277731180595
449,0.15779487548484605
450,0.15478508384518788
451,0.17752663509069885
452,0.16077971907399194
453,0.14918309188707432
454,0.14324562244124223
455,0.1741936611097074
456,0.15651343039225885
457,0.16443214153866315
458,0.15473887471387054
459,0.15166825591120348
460,0.1634892620909057
461,0.15462987437153464
462,0.15800231491944625
463,0.17906770560528276
464,0.1586067924088116
465,0.1645072828436102
466,0.17261011142409555
467,0.15816040661229183
468,0.15067475797342056
469,0.15096278083629863
470,0.16255955692644972
471,0.16177743120817875
472,0.15841535037077845
473,0.1721198336890752
474,0.14839007017085726
475,0.15063695981999684
476,0.1536016797620227
477,0.15146237074509608
478,0.15915117664216802
479,0.14407773584678513
480,0.14449230394569276
481,0.1558764312762084
482,0.16144480765911307
483,0.1738022669762419
484,0.18066975155270507
485,0.1474727993016719
486,0.16141484682640525
487,0.16794712546578563
488,0.17184124839542067
489,0.15872500582920096
490,0.1798343058291504
491,0.1573674602409193
492,0.1566695958375925
493,0.15860453916280065
494,0.18464525065576573
495,0.18141858678825165
496,0.1593343984190265
497,0.1826277394059837
498,0.16094294555916888
499,0.1678230556413888
500,0.16179140579714676
501,0.16141665854027504
502,0.17872344272329632
503,0.1620211215579881
504,0.1466427671506941
505,0.162632496655533
506,0.1686026314763342
507,0.15230321784999595
508,0.16668093232966558
509,0.14194528609007043
510,0.15690616861368295
511,0.18528404682625074
512,0.1551655213382076
513,0.14042499606785208
514,0.16553132375003185
515,0.1821601264909506
516,0.17418258526585026
517,0.16214032414121546
518,0.17608154979828683
519,0.16715972466175436
520,0.1531061839274443
521,0.18220852438720195
522,0.1571578053259893
523,0.16767864055681017
524,0.16190506783769176
525,0.16895475300244453
526,0.16386426233898466
527,0.1537449022159231
528,0.15422007474451513
529,0.18114199945471268
530,0.15268495268245671
531,0.16248199743685623
532,0.17463869943124216
533,0.15433708686171677
534,0.149754883162751
535,0.18133066592040264
536,0.13958636237274732
537,0.18504735014246743
538,0.18468087274683798
539,0.1578835658219881
540,0.15245133774757477
541,0.15136994455407887
542,0.14962493514657557
543,0.15394922415789733
544,0.18188592024797665
545,0.17681950475003097
546,0.18543660907393508
547,0.17513528196093947
548,0.17642027643590458
549,0.17318916062243872
550,0.15356691498935565
551,0.16742467831932714
552,0.16543528148400746
553,0.15808064762170557
554,0.17002312840749126
555,0.16508849146452295
556,0.16445735912810036
557,0.1585602421922741
558,0.18399434971585327
559,0.1574859452208302
560,0.1599478278035353
561,0.1490391815765925
562,0.15271287944303316
563,0.15059821710821367
564,0.16523355555499625
565,0.16397292492336413
566,0.18440004315004432
567,0.1705418887518506
568,0.16822802308759627
569,0.1738838645689484
570,0.1658401013156952
571,0.17193435578966218
572,0.15538666897364523
573,0.17063795474445137
574,0.17494678918038062
575,0.15678572071393782
576,0.14961070430044404
577,0.14892489567415698
578,0.15904438539490817
579,0.1514693529773238
580,0.16164173488674954
581,0.1734358906274127
582,0.162443857178798
583,0.1804676911054866
584,0.17219286058116776
585,0.16079082231759279
586,0.16010976860014017
587,0.15996970459770932
588,0.1998045478860094
589,0.18262570656174387
590,0.164197972625307
591,0.1834000764548847
592,0.1870890894985685
593,0.15462298283669942
594,0.15318291901570807
595,0.16040517062077872
596,0.1709116243041102
597,0.17288861709013106
598,0.1815482543194932
599,0.18719779793487507
600,0.17766255676356474
601,0.14426445332445748
602,0.16169627771896922
603,0.1938408514281912
604,0.16460410963647906
605,0.1768300181771912
606,0.1794732666671758
607,0.16225490683880534
608,0.17679251668577978
609,0.15217468700384384
610,0.15018393753654494
611,0.14000536814786946
612,0.16101976895497983
613,0.15636811870292436
614,0.16035925158967637
615,0.17006358155768123
616,0.15272022002215735
617,0.1603430400642961
618,0.16265859423818824
619,0.18780988604006005
620,0.15398259126674407
621,0.15993454310017
622,0.16068561499544823
623,0.17474946405234623
624,0.16776763623450247
625,0.16981958014854304
626,0.1613025094152245
627,0.15589569126649983
628,0.16772756210469356
629,0.18707042224739534
630,0.1686774409821805
631,0.16855916544827726
632,0.163911856907193
633,0.16596136227770525
634,0.15930302630983084
635,0.18677780556219303
636,0.19379398087291366
637,0.17125745578275553
638,0.14978321118264523
639,0.14671609294380694
640,0.1475150614558591
641,0.16040686189915324
642,0.16436922885847555
643,0.1736927611289369
644,0.1585115046149767
645,0.16531345738544082
646,0.1623258814526834
647,0.17704846352961745
648,0.15395212231221544
649,0.14796372206230127
650,0.1600935980138724
651,0.20125496556765496
652,0.2006296017376044
653,0.16296705841698453
654,0.17174555550409085
655,0.16946506512696166
656,0.1536596583906192
657,0.16118466590962666
658,0.16737750720257266
659,0.14870707569876165
660,0.14643471277564096
661,0.16920919131772139
662,0.18749145062079767
663,0.14904353163311923
664,0.18716797991492462
665,0.1523516575634207
666,0.17621540897152269
667,0.15754476038388454
668,0.1603374686652469
669,0.16956129861730262
670,0.16639046139172067
671,0.1597659150904799
672,0.18695274952237084
673,0.19029978801973746
674,0.15319777069153562
675,0.15126898436848069
676,0.15693791014945851
677,0.17004298749633304
678,0.15630915164533826
679,0.1586556106397652
680,0.17420719467241522
681,0.16356466782766763
682,0.15025796872499872
683,0.14575185245579644
684,0.14443086208214195
685,0.15943868980871898
686,0.15685971395314516
687,0.16127015374555137
688,0.17293666460297547
689,0.1708269449854777
690,0.18621256864827437
691,0.17951813015053475
692,0.1689052583594077
693,0.14687226579931634
694,0.16823517511593222
695,0.14206456395034445
696,0.14252970213403238
697,0.16414269914143156
698,0.1738126268744818
699,0.1578852267388686
700,0.16087004214529108
701,0.15101873557203263
702,0.15683198944684837
703,0.16293266162505626
704,0.1580677191753874
705,0.1691602944760612
706,0.18259375132871697
707,0.16978122960968162
708,0.15986231553051417
709,0.20471050879468874
710,0.16088198254636513
711,0.17113326155748657
712,0.1577487807637243
713,0.14155842995327736
714,0.14613332966662396
715,0.1549554625759957
716,0.17252732595943543
717,0.16805622222271044
718,0.17572095461703943
719,0.17751140813631927
720,0.17691408780795934
721,0.1866310049014335
722,0.182245611035848
723,0.17263327979231388
724,0.17754940056853
725,0.15789486857647628
726,0.16737908095005888
727,0.1649242767876074
728,0.15885263381115128
729,0.1742792934992834
730,0.1828145495657584
731,0.15936295033249565
732,0.14868746527235674
733,0.12774478072874512
734,0.14970033064384966
735,0.14551988401024504
736,0.14439669522742604
737,0.16798126896288912
738,0.18397733001047067
739,0.14542158050530504
740,0.14861893066079437
741,0.16247224246720207
742,0.1504879561201761
743,0.1500590639028221
744,0.1715363251622521
745,0.15342304003734056
746,0.14491413532805641
747,0.14077811632770104
748,0.16470919928029518
749,0.15156312583357842
750,0.15407242642981558
751,0.16442792797914157
752,0.18994913666049032
753,0.17461445450889254
754,0.19131619152247845
755,0.16130266997964035
756,0.16290861982379154
757,0.18864579929784925
758,0.17325000633441873
759,0.18374383391391919
760,0.19432995848382237
761,0.18610804450861695
762,0.17936059303823845
763,0.16252422839783853
764,0.1692279271404635
765,0.17052363840747203
766,0.1688807522563997
767,0.15679431276857758
768,0.155567627460979
769,0.15871859688385345
770,0.1483881696113854
771,0.1490795355312054
772,0.14533582794187216
773,0.1858578527648817
774,0.17189913923095912
775,0.18556500020501157
776,0.2003729941763228
777,0.16353992692483799
778,0.16396857612366303
779,0.17741723627722558
780,0.15338536768888167
781,0.15370246699209875
782,0.16832783443506566
783,0.1689768848696856
784,0.15726869900567325
785,0.16967485920829203
786,0.172584223817461
787,0.17000162199342245
788,0.1488084707395758
789,0.15500889981245156
790,0.15476798461995478
791,0.1657276120745476
792,0.157264074063278
793,0.1636794692099615
794,0.15015303203877398
795,0.15876624948245607
796,0.15649801787411788
797,0.1627843928074437
798,0.15911964062243528
799,0.1690777391250528
800,0.16566860654709462
801,0.17592484939888253
802,0.17016523708091524
803,0.17242777220723401
804,0.1710315038546521
805,0.17817555817498995
806,0.15557677447813395
807,0.1830975596846831
808,0.16541962315511935
809,0.16669130600430007
810,0.1614835295605004
811,0.1561467831117877
812,0.1725760687021477
813,0.15646781904313783
814,0.15850974035260718
815,0.15869045129748363
816,0.1834241317768187
817,0.1914380926689827
818,0.1565441769024481
819,0.1575679701832284
820,0.14323549541417188
821,0.16866969518029915
822,0.17097428733124406
823,0.15272995585644594
824,0.1625321799590643
825,0.17635675756782665
826,0.1556574336160832
827,0.15755073461056143
828,0.16589361495462548
829,0.17082364724509744
830,0.16956542598277816
831,0.1663008221050506
832,0.1533473662807039
833,0.19385685103409891
834,0.17011155128267477
835,0.17434623607319183
836,0.20059554716239789
837,0.19589382161845897
838,0.18881163838476295
839,0.16598053972552493
840,0.17098643976438235
841,0.17395198744597914
842,0.17467059718123354
843,0.15633090869151642
844,0.16060284166015382
845,0.16572313277178144
846,0.15070561306092156
847,0.1539809389662074
848,0.14627124001493874
849,0.15731068837408654
850,0.15201282317997097
851,0.15643465374245089
852,0.14412492911229652
853,0.14975077094091888
854,0.15927653210948362
855,0.15130228546063432
856,0.1722937910386502
857,0.14396674297132567
858,0.15024173469214816
859,0.14999100303699253
860,0.1582384002881425
861,0.16794659809966278
862,0.16229445704766293
863,0.16987501038128758
864,0.176058191893129
865,0.1838540401661877
866,0.17739558060757513
867,0.1752273378720044
868,0.192184447674113
869,0.1546215940931527
870,0.17447318749006396
871,0.1943938733634374
872,0.1784458558657561
873,0.1779818874264041
874,0.1645273432600362
875,0.18290667196944116
876,0.16368791006710062
877,0.16593571040193048
878,0.15984039708016698
879,0.17421977148914616
880,0.1612654983611633
881,0.1793908227723797
882,0.1999016734014768
883,0.19471704402024556
884,0.1480471778156745
885,0.14933205279400555
886,0.1564904171963765
887,0.15582161437305686
888,0.14466076163997593
889,0.1520883398651344
890,0.1534716942374824
891,0.15995649189311192
892,0.16487440839903386
893,0.166762954817691
894,0.15529103526009982
895,0.15458690603017608
896,0.16200262071257623
897,0.1612438606583878
898,0.16271466074234026
899,0.158287343436015
900,0.15431714754006298
901,0.14138678739751553
902,0.13696422704589384
903,0.15082421607346794
904,0.1538580471256494
905,0.14846958901046772
906,0.1730149159393519
907,0.15165514868442492
908,0.15456502542100536
909,0.1586584479043448
910,0.17804213337269945
911,0.16377606321240157
912,0.16527429175357428
913,0.17147435761726948
914,0.15805577810550614
915,0.1546886747690717
916,0.14607997206524034
917,0.14558284775521957
918,0.1532634386339929
919,0.1510389262939678
920,0.1561068624148973
921,0.16334162968535193
922,0.15400721380181076
923,0.1577553854397427
924,0.1477159523513078
925,0.15795971916759952
926,0.1802755269065866
927,0.18792048822354995
928,0.1578190334916999
929,0.1637626591188588
930,0.15476528069566972
931,0.16640634297709764
932,0.15158820008915327
933,0.15363691322300418
934,0.15767633459797542
935,0.15862169982838356
936,0.15553174681423382
937,0.15921757478230253
938,0.14502592001514808
939,0.14324761030362304
940,0.14485131092994905
941,0.14838715873353767
942,0.16150882054119653
943,0.14453646617915447
944,0.14898351303843277
945,0.15896411528570784
946,0.14911225558344476
947,0.1439648508510431
948,0.1631651171179047
949,0.14848904687101666
950,0.1553661412771489
951,0.15387013013523318
952,0.1835651951755692
953,0.15140644809898646
954,0.14730868866824012
955,0.16749186078354925
956,0.17190770674045897
957,0.17226313038579483
958,0.16041823714340342
959,0.1531151740492517
960,0.15483209757579283
961,0.1494758865240999
962,0.1437445024423346
963,0.15409717004552617
964,0.14547071198902498
965,0.1546946380738598
966,0.14587771286237036
967,0.15413783205084206
968,0.15719993087852574
969,0.1618388406960769
970,0.16363742474255272
971,0.15294829084467274
972,0.16110285967419366
973,0.1550451336794354
974,0.15077791232316023
975,0.15973586484375724
976,0.15313585555367437
977,0.1523218791984285
978,0.15722819218356743
979,0.14752119936551605
980,0.14988041081995
981,0.1617095597765738
982,0.1577692517107404
983,0.1641631184783056
984,0.17989590189159413
985,0.1768739320097246
986,0.1540619896341938
987,0.16292235015774165
988,0.17075458140680472
989,0.16643515188089203
990,0.1857178636648433
991,0.16295146467461832
992,0.15541408777039037
993,0.15271650498718967
994,0.1453069566573701
995,0.1455576239934574
996,0.15776122119943523
997,0.15943377523482702
998,0.161661989452076
999,0.16659864558462448
1000,0.1614247030105177
1001,0.14988247134429458
1002,0.15769584286670685
1003,0.14957844289511277
1004,0.16540416651132495
1005,0.15762452022712353
1006,0.16320076569259834
1007,0.15747833806157702
1008,0.18613249067506588
1009,0.16816339348577697
1010,0.1788351000101491
1011,0.14898284564496228
1012,0.15633053282014672
1013,0.15168145364608607
1014,0.1578191373254493
1015,0.15413307849984548
1016,0.16144284584020688
1017,0.16966649702859918
1018,0.1607184159612232
1019,0.16123972032596276
1020,0.15852766808611132
1021,0.16810700857041785
1022,0.15136793561580475
1023,0.14691481230254302
1024,0.1501065589508851
1025,0.1703392337668555
1026,0.17861970755857545
1027,0.16133622246616863
1028,0.1602131702233371
1029,0.16465043105531174
1030,0.16243805910411926
1031,0.1664484724547067
1032,0.1780701969316065
1033,0.19843948758878807
1034,0.17503656264225984
1035,0.14411176753429078
1036,0.16757445416191147
1037,0.17298681497951007
1038,0.1736277606739761
1039,0.1986920249470704
1040,0.17542038184038788
1041,0.16970238984051828
1042,0.17844932478872688
1043,0.1675583882776081
1044,0.17647421644319422
1045,0.17720282603493379
1046,0.19257634612489552
1047,0.18676389345831113
1048,0.16353621771464977
1049,0.18696963082651258
1050,0.1590894128182665
1051,0.1739590818098648
1052,0.1690384658476485
1053,0.16968328900609314
1054,0.14285003837261
1055,0.16178139933253763
1056,0.15080466352150582
1057,0.15169211877694563
1058,0.14444699656274876
1059,0.13600953346581315
1060,0.14798598783069736
1061,0.17032177141609028
1062,0.16465817039134695
1063,0.15464982644654607
1064,0.1520651680819186
1065,0.14765360219454501
1066,0.14760842253484144
1067,0.15605413151939204
1068,0.1756896340909518
1069,0.14933862651853375
1070,0.15495440095418353
1071,0.16549381689574935
1072,0.17868309602107604
1073,0.17411829418824068
1074,0.18525795743346185
1075,0.18605251328887856
1076,0.1727243775941787
1077,0.16688995919530086
1078,0.16804729650801015
1079,0.1742783851061133
1080,0.17672771892582548
1081,0.15666317753461484
1082,0.15033844476136335
1083,0.1541274372144134
1084,0.1511988690554407
1085,0.16626872358209727
1086,0.16887269493202903
1087,0.16696628829833277
1088,0.1603134420539958
1089,0.14817429682943345
1090,0.16396514278399202
1091,0.17885420566103144
1092,0.15301956344059103
1093,0.16818290459003893
1094,0.15902529786484304
1095,0.17350628377143026
1096,0.1753825271107154
1097,0.1624196952052728
1098,0.17312937246979263
1099,0.1516565417658121
1100,0.15577683531128758
1101,0.16638929120833515
1102,0.15477886189423348
1103,0.15146586027240305
1104,0.15423074181394508
1105,0.1604249857674141
1106,0.15286643742870168
1107,0.16760239626626303
1108,0.15731296201978415
1109,0.15299424097237552
1110,0.15396860669141507
1111,0.16003975684996188
1112,0.15529037422299058
1113,0.16690062051261306
1114,0.14947476187874909
1115,0.15745370954031054
1116,0.15532679309678618
1117,0.1506448930131611
1118,0.18520362933967038
1119,0.17646050843245578
1120,0.16595749797310483
1121,0.1553602241282872
1122,0.1729816462560111
1123,0.17977151006175116
1124,0.1564405115741081
1125,0.17472021202369456
1126,0.15280170455156322
1127,0.15256826356250044
1128,0.14729528528011618
1129,0.17888921745999856
1130,0.1949193214611684
1131,0.16595305642971678
1132,0.17007751528486656
1133,0.1773976931998239
1134,0.16621486601046748
1135,0.160211725436854
1136,0.15742041931782783
1137,0.18141049391767897
1138,0.14437397450343975
1139,0.15332193864181307
1140,0.16066721861323466
1141,0.15216474082065093
1142,0.16764275885252766
1143,0.15613459266756557
1144,0.1548090923530505
1145,0.16082817601014102
1146,0.1793661643118678
1147,0.16414805844581098
1148,0.14390931859955197
1149,0.1577031845159388
1150,0.17707756793907964
1151,0.1674415339760148
1152,0.157575576539077
1153,0.17128427240385766
1154,0.15125615820500665
1155,0.16353423507571638
1156,0.17308631494448584
1157,0.16792652740811542
1158,0.1584421048748381
1159,0.14665549240379075
1160,0.15065397732626362
1161,0.1618141808048574
1162,0.14378573845151696
1163,0.1538930367917672
1164,0.16205206347010748
1165,0.14980496486447967
1166,0.1620404848018016
1167,0.16826316725843893
1168,0.1537905458671247
1169,0.16466611839962647
1170,0.16570460643646637
1171,0.1558295880483535
1172,0.16893322492847848
1173,0.1816158323408061
1174,0.18208737598989289
1175,0.15573557017126807
1176,0.16933199288334128
1177,0.15421579203128877
1178,0.17437146337136208
1179,0.15979853798348606
1180,0.17681439548154373
1181,0.17459187876683147
1182,0.17051696291953564
1183,0.19372117281875034
1184,0.15939885469744178
1185,0.17472675714291458
1186,0.1721409284304486
1187,0.16393446804529546
1188,0.16056404635700117
1189,0.1844934049741353
1190,0.1632194493234731
1191,0.15808971060480081
1192,0.15423834167498573
1193,0.18899655293014264
1194,0.14496281267175107
1195,0.17089434984253413
1196,0.1723102420593324
1197,0.1754559201938618
1198,0.1677216772366687
1199,0.1478345378697932
1200,0.1587267514618731
1201,0.18715837811336405
1202,0.1718395239980298
1203,0.17642963776820264
1204,0.18554139547631884
1205,0.16612465927208256
1206,0.1703193699447932
1207,0.18061191350150285
1208,0.16100199971629728
1209,0.1639012272032642
1210,0.16886009684613043
1211,0.14360973087080048
1212,0.14149111085386828
1213,0.1564646032757828
1214,0.1799283864102488
1215,0.17001029866137618
1216,0.1702791793559164
1217,0.16581946419447627
1218,0.1730540822072648
1219,0.19988047499933798
1220,0.18270320675648202
1221,0.15231673428469047
1222,0.17473348795848817
1223,0.20994339425694492
1224,0.18538634217271097
1225,0.1544631236990189
1226,0.1743093149158868
1227,0.1665607208977192
1228,0.14188407355052135
1229,0.14374987688499494
1230,0.17005779540662747
1231,0.16277314605770138
1232,0.15719953154578714
1233,0.16734763579628467
1234,0.19756519488487792
1235,0.19991591001753564
1236,0.1654997527773993
1237,0.16083950610108805
1238,0.1931488065353969
1239,0.1862734476294918
1240,0.1664844919766362
1241,0.15665670228725542
1242,0.15131045437885776
1243,0.1722535038901065
1244,0.15956807110048643
1245,0.15821496572940003
1246,0.16759256349163132
1247,0.16649677704649937
1248,0.16700612660132225
1249,0.1641151041732813
1250,0.1622178407602739
1251,0.15791110965617425
1252,0.15180319828782615
1253,0.15364648939865364
1254,0.17928765168866
1255,0.1631053457780475
1256,0.16045232258093484
1257,0.1620844428882568
1258,0.18197094570458147
1259,0.16063293015740077
1260,0.1630892469617506
1261,0.1701863031879429
1262,0.1630323622465088
1263,0.17860454912317514
1264,0.18921630380775306
1265,0.18408527920769358
1266,0.1622573916814286
1267,0.14039495130222504
1268,0.1728110433933543
1269,0.1658412741584914
