,3
3067.0,0.194918940678807
3075.0,0.230285392497577
3087.0,0.21584498279035133
3101.0,0.22264849871516795
3109.0,0.22150861215788742
3117.0,0.1563917921303589
3125.0,0.14365517736697064
3134.0,0.17602518892382826
3145.0,0.23346459160519506
3154.0,0.21605195276121014
3162.0,0.21580073046640372
3168.0,0.1820051007278044
3177.0,0.21941752997484157
3186.0,0.24799216847539
3194.0,0.22389388899155327
3202.0,0.2216780638226125
3208.0,0.17343899053598655
3215.0,0.2204478313433466
3223.0,0.263068789432284
3234.0,0.17877983044263493
3241.0,0.23808360788452057
3247.0,0.16174867552713923
3254.0,0.16586742131467405
3262.0,0.2034698491799082
3271.0,0.21543366328620947
3279.0,0.2174119969521222
3287.0,0.19247010451950175
3295.0,0.1956089717739637
3304.0,0.24967130396259568
3312.0,0.1846210246743276
3318.0,0.2112817691505025
3330.0,0.21729876941545448
3337.0,0.20786385069410196
3344.0,0.1729352922865892
3355.0,0.116655066768957
3364.0,0.21641814111867938
3369.0,0.17659440706862484
3373.0,0.22956732354408232
3379.0,0.22116384611339632
3388.0,0.25970557013518575
3397.0,0.2019617282651886
3405.0,0.21579977861085461
3414.0,0.20649641008376135
3422.0,0.22624613311289227
3430.0,0.18969095163988164
3435.0,0.20650996906434194
3443.0,0.20595502693722878
3455.0,0.23199342213784677
3462.0,0.18905849551129897
3471.0,0.21693896093115833
3479.0,0.23274660133755945
3488.0,0.2105219873469612
3499.0,0.16339062302832746
3510.0,0.1583161616590662
3519.0,0.2146335441204041
3530.0,0.1997234926360416
3539.0,0.21699191659913095
3547.0,0.2276266705579348
3553.0,0.19814083937455143
3562.0,0.2144811509982296
3569.0,0.20127358608267237
3583.0,0.1768742155825912
3594.0,0.2094209926392549
3602.0,0.2180137677099328
3611.0,0.18637001187056146
3621.0,0.2014663125976635
3632.0,0.24629133567926223
3639.0,0.22788994716108812
3648.0,0.21620677389617607
3656.0,0.20118944170798628
3665.0,0.26320709097825984
3672.0,0.199470823481119
3681.0,0.21222175162152912
3689.0,0.2295110490467234
3695.0,0.18359256981258767
3700.0,0.21140719688466444
3709.0,0.19550396233557854
3717.0,0.159625505078837
3723.0,0.26998661196588974
3730.0,0.20075723589641017
3738.0,0.2176294442465786
3746.0,0.2194240656729488
3753.0,0.2233299601598987
3761.0,0.20923555217005907
3770.0,0.177625585463323
3778.0,0.2138917091605501
3782.0,0.22675532599042367
3793.0,0.1627210402218018
3801.0,0.2496874873039416
3808.0,0.2271249265905226
3820.0,0.18984057150449868
3828.0,0.20623944164567054
3835.0,0.21882124983357357
3844.0,0.25000565605811104
3852.0,0.22578241423898773
3859.0,0.20858729085165648
3863.0,0.18634078800681603
3867.0,0.21770434469095304
3879.0,0.17004908585280332
3886.0,0.2128104700142478
3891.0,0.17406369212963616
3903.0,0.17834908937115757
3909.0,0.16802868534459744
3918.0,0.21098747894268088
3923.0,0.19752829794571375
3928.0,0.23381965911549393
3935.0,0.2381257045998336
3942.0,0.23995333272065972
3949.0,0.062079901911483486
3953.0,0.19042226494470524
3962.0,0.21870647756971714
3970.0,0.22308524664210566
3977.0,0.214769386831135
3987.0,0.17056575692636158
3992.0,0.2462534570311499
4000.0,0.23727816395353293
4011.0,0.23076642444468462
4015.0,0.22783066121825968
4022.0,0.17240786716809842
4031.0,0.20396277723767509
4040.0,0.2229577205000903
4048.0,0.17552544557933739
4059.0,0.15631651400863084
4068.0,0.20766688306919118
4076.0,0.2211774965123101
4084.0,0.1973145286974473
4096.0,0.23017621071720581
4103.0,0.16351685828038373
4110.0,0.24645643721876395
4117.0,0.11519304154812965
4125.0,0.2111506947561747
4129.0,0.23960209541555025
4135.0,0.24385559538281978
4143.0,0.13942684854537815
4150.0,0.20910083048983844
4158.0,0.20473005343026932
4165.0,0.20737300526479158
4176.0,0.22684062797042456
4181.0,0.17447300115110884
4185.0,0.22561826992662692
4194.0,0.22655936339614174
4202.0,0.22475891445279317
4209.0,0.2333533252290509
4220.0,0.2336188339843042
4225.0,0.24106663898418765
4234.0,0.17826112063809968
4243.0,0.225401459487699
4250.0,0.18693097782610857
4255.0,0.2167659414891087
4263.0,0.2659313430527042
4268.0,0.21006584247886728
4277.0,0.1848064525099966
4283.0,0.22904169641347594
4291.0,0.24569223243162985
4299.0,0.21127019493015897
4304.0,0.24278132403079528
4312.0,0.24362265406433023
4316.0,0.20330704600063623
4323.0,0.19112780918002845
4331.0,0.17474591245716725
4339.0,0.19921181118582543
4351.0,0.23110962543670108
4359.0,0.16959827883738704
4367.0,0.1647070502346055
4376.0,0.2223805366336918
4383.0,0.16756907152204276
4392.0,0.25968052145008347
4403.0,0.2699059219684969
4410.0,0.2201021356107695
4418.0,0.22883661495129756
4425.0,0.19804812600221908
4433.0,0.2526171904709267
4438.0,0.2246488761735691
4447.0,0.11825507517285705
4455.0,0.2389350913847333
4461.0,0.1446438874453505
4472.0,0.2015355061256116
4483.0,0.13362449553862082
4487.0,0.22803126345898347
4497.0,0.19422339741611083
4502.0,0.1720515146146057
4512.0,0.19258563264352713
4520.0,0.17418045555576064
4524.0,0.21526309241881922
4531.0,0.19279150386723828
4535.0,0.18662661985232606
4543.0,0.22368663880835496
4550.0,0.20565344781661832
4562.0,0.23334245981889667
4569.0,0.2378399046746755
4576.0,0.242938877479708
4580.0,0.2445257966459059
4591.0,0.2662408797996473
4598.0,0.20625535913622448
4604.0,0.24220674459316133
4615.0,0.18832813804057305
4623.0,0.21430742350679768
4633.0,0.22480037314435172
4640.0,0.22289230673748442
4649.0,0.21915985729438048
4660.0,0.22695819027466324
4667.0,0.24342214089417505
4674.0,0.19843408352097094
4680.0,0.2324786223146104
4691.0,0.21529003215738662
4697.0,0.21855404082134663
4703.0,0.22596150472217305
4707.0,0.2321244058142485
4715.0,0.18149096840976497
4722.0,0.1446265140481008
4730.0,0.2087847846112238
4738.0,0.1903094649420617
4745.0,0.26733415345139616
4752.0,0.2490630955026304
4761.0,0.17212669427529237
4768.0,0.24626796316328967
4776.0,0.18042436144516533
4782.0,0.19187771403479298
4793.0,0.2400541012551797
4798.0,0.2029208640864624
4803.0,0.21811448408505021
4808.0,0.16952445646140116
4817.0,0.22689034725884455
4826.0,0.16042089116517122
4834.0,0.24012518692187157
4845.0,0.17938533592454015
4849.0,0.22195213765770075
4857.0,0.2500154442207736
4865.0,0.26301975339447053
4874.0,0.21772940474047578
4878.0,0.2162592512193211
4886.0,0.20297361035245767
4892.0,0.21370800786890107
4899.0,0.232377414054916
4905.0,0.21868893062067427
4913.0,0.23321759862689817
4927.0,0.24678633345503823
4936.0,0.10688123992296993
4943.0,0.22258481631001248
4951.0,0.21036526827705695
4957.0,0.2186827263902003
4964.0,0.17613106980815024
4970.0,0.16684687501627182
4981.0,0.15196581258189876
4989.0,0.24532226806454907
4996.0,0.24072471185608205
5003.0,0.17822663750197393
5009.0,0.20168298908626697
5018.0,0.19547706953591956
5024.0,0.19064646614842345
5033.0,0.2044151540764837
5041.0,0.22272932353585634
5048.0,0.21797150020336575
5057.0,0.1336933887006968
5065.0,0.2300087551111482
5072.0,0.2432975824155779
5079.0,0.22192503403604766
5085.0,0.21202569027026155
5093.0,0.20725208857225946
5100.0,0.16455885152173
5108.0,0.1976085553857222
5117.0,0.21935259752829994
5126.0,0.23004259123625143
5134.0,0.228715966258107
5143.0,0.214408270491337
5151.0,0.19486272896252027
5159.0,0.23517714824138927
5167.0,0.23226543990231302
5175.0,0.2008617899120005
5186.0,0.1694461257605435
5190.0,0.08849364878509504
5197.0,0.20981639343055625
5205.0,0.22406223009495146
5214.0,0.2602990412436914
5218.0,0.20751258431950595
5229.0,0.2590648215842072
5236.0,0.2207142560978681
5245.0,0.25006872730133745
5252.0,0.19010779584407164
5260.0,0.2708917062147214
5270.0,0.20570156671097709
5282.0,0.16495744798298378
5289.0,0.18576924854848434
5296.0,0.20936534586224645
5303.0,0.16547383196297957
5307.0,0.24156318222669593
5312.0,0.21305384979667646
5321.0,0.1939710765407112
5332.0,0.20253842087730095
5340.0,0.14869940226899175
5345.0,0.21163850513055862
5359.0,0.18483513024945802
5363.0,0.20069457492565498
5370.0,0.23915742099139345
5374.0,0.18328361126484474
5379.0,0.24420636079618402
5384.0,0.1712048072866081
5393.0,0.1902733803604316
5399.0,0.2125190257772379
5403.0,0.2349980544680087
5410.0,0.30499127618927474
5414.0,0.22671009855829163
5421.0,0.253886416522256
5426.0,0.1590176890678514
5434.0,0.14859826705820103
5442.0,0.2242946226106818
5450.0,0.23204474846064727
5459.0,0.21293749151317967
5467.0,0.19674815220129357
5472.0,0.2026775961163539
5481.0,0.24264122760810702
5489.0,0.25451566971670464
5500.0,0.2260628555797685
5506.0,0.23665926461186543
5514.0,0.1522507217908965
5522.0,0.23209266963511085
5529.0,0.24001681314686577
5537.0,0.20805058222432474
5546.0,0.19886903477714635
5554.0,0.1908727378121667
5558.0,0.20738768944114835
5569.0,0.23848564951471152
5578.0,0.17483837784715203
5585.0,0.20403267612169215
5591.0,0.17527716342395125
5602.0,0.25562156070750075
5608.0,0.19285123147806937
5616.0,0.1313700599171786
5624.0,0.20778536326214328
5635.0,0.152562622358435
5640.0,0.21936262466463347
5646.0,0.2526900327411881
5660.0,0.24744575636250546
5666.0,0.22796087368719659
5671.0,0.2253070300721851
5675.0,0.22526929507446272
5683.0,0.20161396360344053
5694.0,0.1706255511007085
5698.0,0.2276112621290425
5704.0,0.237603860011363
5711.0,0.2689637718359494
5715.0,0.21023991571142564
5720.0,0.22019882543130956
5727.0,0.19539262625782822
5736.0,0.11815212804650217
5750.0,0.15827939169259728
5758.0,0.1701229031680893
5767.0,0.2661322575165785
5771.0,0.20957104509526772
5783.0,0.19748870897455253
5791.0,0.238837438581633
5797.0,0.21062060837967306
5803.0,0.20113619841151664
5811.0,0.15919662872573828
5821.0,0.2301953662864482
5829.0,0.15834362479321665
5838.0,0.20696893711656097
5843.0,0.1803185977129241
5854.0,0.23212399306188353
5861.0,0.18511094433734696
5873.0,0.18509471486746232
5881.0,0.18327349570104498
5889.0,0.25182548973573526
5897.0,0.2262494812888268
5905.0,0.17247844825648403
5914.0,0.21029395229042314
5919.0,0.17690764347686452
5926.0,0.27169335787747667
5934.0,0.2371356605987123
5938.0,0.23724288550577927
5945.0,0.23035225755394773
5951.0,0.24148589177966134
5959.0,0.1877095368681857
5970.0,0.20152574620504587
5979.0,0.18601654382595834
5986.0,0.14484732673565381
5992.0,0.19788532112071078
5997.0,0.1760205966611057
6003.0,0.25086107340183283
6010.0,0.21038996402603205
6018.0,0.2179686512242858
6026.0,0.176655999853127
6038.0,0.1622892878826551
6045.0,0.21991587937924606
6053.0,0.22298067627515383
6061.0,0.21534482376750516
6070.0,0.18060232105036297
6079.0,0.2159671658853313
6086.0,0.25107203683173734
6094.0,0.21178661301505772
6103.0,0.1916537645076001
6111.0,0.14797858456301186
6118.0,0.21039980726198593
6127.0,0.21879841071446748
6137.0,0.24852052457454848
6144.0,0.26706742732423744
6151.0,0.21402743072265346
6158.0,0.21076715965275375
6162.0,0.24262645728840515
6171.0,0.2051304546497457
6182.0,0.23788452672617835
6190.0,0.22481320180382888
6202.0,0.24661406116052714
6211.0,0.22020801789649835
6219.0,0.22926744925103068
6225.0,0.19278468508561925
6233.0,0.1684048931634187
6247.0,0.1835848483493705
6252.0,0.21231668072677481
6258.0,0.25328824709398834
6267.0,0.2357986003239994
6274.0,0.2355424748208945
6283.0,0.19535128822134928
6292.0,0.2266380597943001
6300.0,0.22449247806312014
6307.0,0.19754331341370435
6315.0,0.2274191886488958
6323.0,0.24098785680518425
6331.0,0.2657537641513385
6336.0,0.23983825105058357
6341.0,0.19006805101118274
6352.0,0.24571878451808787
6359.0,0.22905072890120604
6370.0,0.15600019069693236
6378.0,0.19513881406827283
6383.0,0.20346979303977725
6395.0,0.21694500888115237
6401.0,0.21251543290280925
6405.0,0.1872913952452899
6413.0,0.23967078437980494
6420.0,0.24621421166532703
6425.0,0.20659058249989523
6432.0,0.2126474417092681
6438.0,0.14357498795319437
6449.0,0.1974900719426146
6455.0,0.18083134160176426
6466.0,0.2417426356610935
6472.0,0.2148741131400495
6481.0,0.2533988332238961
6489.0,0.23384999219927508
6496.0,0.241895658892637
6504.0,0.1858409975363373
6516.0,0.1709225152800096
6523.0,0.20566873735342306
6535.0,0.21206387758527312
6543.0,0.20415535412564056
6547.0,0.21219859879582287
6554.0,0.21570493381106337
6561.0,0.22193043614763713
6569.0,0.21698283834910137
6577.0,0.23527003696815493
6584.0,0.21803238575559106
6596.0,0.14020897731818746
6605.0,0.24853249046757034
6614.0,0.11822389032468479
6622.0,0.24153311672658678
6630.0,0.13122487027856844
6639.0,0.23673580035396652
6650.0,0.23859826982696866
6658.0,0.18667237575731388
6665.0,0.2345645984454208
6674.0,0.19262341399846433
6682.0,0.21908550616631442
6690.0,0.21829419756191581
6699.0,0.20860249779549658
6706.0,0.20119889929706947
6711.0,0.11574492457374075
6722.0,0.26587819380816813
6727.0,0.22141848605219508
6732.0,0.266745355084697
6737.0,0.20999878444136966
6746.0,0.2495544117524058
6753.0,0.2234894009796099
6758.0,0.24065103081853564
6762.0,0.2265426649198962
6771.0,0.21195490267238
6782.0,0.17721038977329379
6789.0,0.15368881926229472
6797.0,0.18434359686598512
6806.0,0.23433766567856826
6814.0,0.2831692854302374
6821.0,0.2231499275224107
6831.0,0.24607127351897445
6839.0,0.2168371426432127
6846.0,0.22363842174961626
6855.0,0.16449183207943513
6863.0,0.21341461415084992
6871.0,0.24262937626807715
6879.0,0.21970332629163297
6887.0,0.20461424643528583
6899.0,0.2314542557777978
6908.0,0.2066238513436907
6919.0,0.24403868197016168
6931.0,0.23184282292226996
6939.0,0.1814874730411593
6945.0,0.17615019358661252
6954.0,0.24125794814940932
6962.0,0.2161094419570462
6970.0,0.22070041509121413
6976.0,0.17303951573152015
6987.0,0.20850210994455232
6994.0,0.19099884902212827
7005.0,0.21754460458868433
7013.0,0.2268657491534472
7021.0,0.20875074762650772
7029.0,0.2067652236108125
7038.0,0.22483746688672387
7050.0,0.26471148090136704
7061.0,0.22456013930026247
7066.0,0.16897017875105877
7074.0,0.2154487039690704
7082.0,0.2237972569358183
7091.0,0.17501642561498576
7100.0,0.19419254901773772
7108.0,0.1968752458596596
7112.0,0.21335496994531578
7120.0,0.21784041637455023
7126.0,0.19208280598681246
7134.0,0.2127316452954177
7143.0,0.2406613432935074
7157.0,0.11692230699177028
7165.0,0.20167219493209396
7177.0,0.18014378996254185
7183.0,0.24581008160184317
7188.0,0.22197846338517654
7199.0,0.19734318032045647
7203.0,0.21386028305814628
7211.0,0.21360709061407798
7222.0,0.2138007132195965
7233.0,0.20211438653391475
7244.0,0.22832993157003967
7249.0,0.22237740292412803
7256.0,0.1752131092999777
7262.0,0.1892544983874912
7273.0,0.20109449823640516
7281.0,0.22224430531105224
7288.0,0.1703458340797392
7295.0,0.21624677761188887
7303.0,0.16041796514319193
7314.0,0.22514162392390583
7318.0,0.2014552260380035
7326.0,0.251606113368092
7331.0,0.23774721539517346
7340.0,0.2064751694498677
7349.0,0.2566948796983774
7356.0,0.19128077775997562
7364.0,0.22890337055439955
7375.0,0.17305263734535972
7386.0,0.22141242394748306
7393.0,0.21149358199894983
7401.0,0.16811519239139555
7410.0,0.19158681958010812
7419.0,0.23547123548570997
7427.0,0.23006221666583507
7435.0,0.20907120008897234
7443.0,0.17841131390185933
7454.0,0.16221636926149094
7461.0,0.19818334949199182
7469.0,0.19700825618154869
7480.0,0.24111657639171544
7487.0,0.22175159011582088
7496.0,0.21260266345053228
7508.0,0.2394467383169419
7518.0,0.23657422676718903
7529.0,0.1619410076638544
7537.0,0.19543509402868087
7543.0,0.23910810194546353
7550.0,0.23377499887967332
7562.0,0.1789767467015692
7569.0,0.20722623126898
7575.0,0.24949300588979104
7582.0,0.22060974289395857
7591.0,0.1862852382997809
7600.0,0.2303719908017414
7606.0,0.23397481264948058
7613.0,0.17965793155554857
7624.0,0.2547742634320888
7635.0,0.1637372207962541
7645.0,0.2261671098676492
7652.0,0.1783846620395147
7663.0,0.2150238559058823
7677.0,0.2473361831146783
7681.0,0.1764235463893709
7687.0,0.22526133172858087
7691.0,0.1797746814943439
7697.0,0.19160874947820325
7707.0,0.2045281410652548
7714.0,0.2394967932782608
7722.0,0.19330861113464048
7729.0,0.19139006796941285
7734.0,0.1724204750565381
7742.0,0.22424932715697163
7750.0,0.2265517956028329
7759.0,0.1829226294017311
7767.0,0.21000937846740184
7775.0,0.1779089521738134
7784.0,0.22611757490991344
7792.0,0.2254142157064837
7803.0,0.2058122185688123
7812.0,0.2352272367330025
7821.0,0.17291020655180714
7829.0,0.17267457711168538
7837.0,0.20604143220531798
7841.0,0.20075634526750627
7846.0,0.17762804612299035
7857.0,0.21715292650825788
7865.0,0.2139205744530854
7874.0,0.19391807330651642
7881.0,0.2069152356957742
7889.0,0.23070292303709977
7900.0,0.22280367159588102
7911.0,0.2346578812940645
7919.0,0.21626682878403636
7928.0,0.16447057551348154
7936.0,0.23082020927822947
7941.0,0.24524687099723114
7949.0,0.23034054342323873
7954.0,0.21112130838995938
7961.0,0.2290623957851322
7975.0,0.2234588840053825
7982.0,0.24007026330541778
7990.0,0.23028037909646482
7999.0,0.2675109760207204
8003.0,0.19216269115711992
8008.0,0.18343394241343647
8013.0,0.23407382615501215
8021.0,0.2682963480160946
8026.0,0.22434070873804976
8034.0,0.21202813448829277
8040.0,0.1713013927463071
8044.0,0.222552847833586
8052.0,0.23046011860643278
8059.0,0.21711370957128498
8073.0,0.1789551340213271
8081.0,0.20116706912828483
11155.0,0.22280284757134994
11163.0,0.234823685618214
11175.0,0.21676850813951887
11189.0,0.20297753136441732
11197.0,0.1560476330704529
11205.0,0.20613615498590285
11213.0,0.2114549104311751
11222.0,0.17792911357958777
11233.0,0.19971797599180793
11242.0,0.1175485838956112
11250.0,0.18772684633816725
11256.0,0.15960928443629255
11265.0,0.21666638517763
11274.0,0.22811607069453776
11282.0,0.22566895978136078
11290.0,0.2145359324000971
11296.0,0.21126282536212082
11303.0,0.21779437501951907
11311.0,0.20959829813619543
11322.0,0.12283030764274004
11329.0,0.24013899283905624
11335.0,0.14826999437036717
11342.0,0.2193281837952958
11350.0,0.12340582417010229
11359.0,0.23257558441993822
11367.0,0.2094561535622154
11375.0,0.2325933238060251
11383.0,0.17055003354796833
11392.0,0.2126833008774686
11400.0,0.15886037379978984
11406.0,0.16139099124577705
11418.0,0.21899172467033423
11425.0,0.2565088495950445
11432.0,0.19635321056139418
11443.0,0.22608251362029128
11452.0,0.17638932333999355
11457.0,0.22610062224041585
11461.0,0.22449953166870953
11467.0,0.21365219423874762
11476.0,0.16311924827588659
11485.0,0.19800321929631204
11493.0,0.22373136050468145
11502.0,0.2346326324280061
11510.0,0.21558981383740233
11518.0,0.26484722770339963
11523.0,0.1960880814669477
11531.0,0.18517228100088168
11543.0,0.2152138522311871
11550.0,0.2274236389088243
11559.0,0.22652219988902186
11567.0,0.20024879641925505
11576.0,0.2250517458984272
11587.0,0.16506869035338448
11598.0,0.2045347219915867
11607.0,0.21502113164620326
11618.0,0.21598556102133296
11627.0,0.17271469191801705
11635.0,0.22798399792334134
11641.0,0.20021158356775637
11650.0,0.2386369027431118
11657.0,0.20451870023813185
11671.0,0.23710461152858564
11682.0,0.22429398993710847
11690.0,0.2500056572124766
11699.0,0.16717509732320127
11709.0,0.1758569334400499
11720.0,0.22817918543098942
11727.0,0.213797782441649
11736.0,0.23628208421004904
11744.0,0.1947859772748483
11753.0,0.22619439228650373
11760.0,0.21913117812428315
11769.0,0.20083015719320363
11777.0,0.17930778171781783
11783.0,0.17965889971416418
11788.0,0.23478589390048368
11797.0,0.2000299357996297
11805.0,0.2365218210506498
11811.0,0.16947005272215152
11818.0,0.2613756705504961
11826.0,0.16076745803313597
11834.0,0.23913131785907932
11841.0,0.14401565281510328
11849.0,0.20415450672783192
11858.0,0.2145450365402769
11866.0,0.167258709526993
11870.0,0.20535535969642718
11881.0,0.20779674570649476
11889.0,0.17947618652143907
11896.0,0.2045785407117277
11908.0,0.2222947593331256
11916.0,0.23269776151502125
11923.0,0.2408618318900518
11932.0,0.26989714920689767
11940.0,0.2440726604671791
11947.0,0.18541512106694139
11951.0,0.19474305072890322
11955.0,0.1879223157251648
11967.0,0.2680746225307809
11974.0,0.22368276879139762
11979.0,0.1578131269303819
11991.0,0.17205459867310166
11997.0,0.15001440068278307
12006.0,0.23511186722108493
12011.0,0.18068878726644405
12016.0,0.2306729434509778
12023.0,0.2114120741097827
12030.0,0.2307781502431401
12037.0,0.08330724267671179
12041.0,0.22303413527383462
12050.0,0.17913509390219748
12058.0,0.20437570108800115
12065.0,0.20489159200230103
12075.0,0.1789732699355369
12080.0,0.20398647925654395
12088.0,0.21844348994704665
12099.0,0.2466237831164674
12103.0,0.23161859397925746
12110.0,0.14099554678643378
12119.0,0.22404829890859232
12128.0,0.2238921897348879
12136.0,0.20150058703276277
12147.0,0.1793085327487037
12156.0,0.22265628392293368
12164.0,0.2608752574531276
12172.0,0.261000951247912
12184.0,0.2078286276149848
12191.0,0.16595434106110304
12198.0,0.24260896710783136
12205.0,0.15441746456144215
12213.0,0.2492532353230151
12217.0,0.17900089334768723
12223.0,0.2404236316798606
12231.0,0.17925508939547494
12238.0,0.23534490783399184
12246.0,0.2071821457835637
12253.0,0.2558416066053895
12264.0,0.21728367698251339
12269.0,0.2085726243622326
12273.0,0.2364340929916158
12282.0,0.23510216700484077
12290.0,0.22845499206560732
12297.0,0.24039535496409026
12308.0,0.24568513590800484
12313.0,0.16858010632744
12322.0,0.18611251909168908
12331.0,0.1624476900968436
12338.0,0.23131472163476163
12343.0,0.2369001352017479
12351.0,0.24475327850490983
12356.0,0.21735080669560222
12365.0,0.22892681840742207
12371.0,0.2074694824499275
12379.0,0.1980917758143463
12387.0,0.2630086227007121
12392.0,0.23435800479580474
12400.0,0.19341874561087907
12404.0,0.17335907375341833
12411.0,0.21052218090001126
12419.0,0.18047025848883252
12427.0,0.19502345446107275
12439.0,0.2167937185001382
12447.0,0.1760364644131537
12455.0,0.22836143382148313
12464.0,0.24090073213943888
12471.0,0.2506210841946826
12480.0,0.22241913627052778
12491.0,0.23188079084710603
12498.0,0.25996097604981894
12506.0,0.22721524127421894
12513.0,0.19046809926493166
12521.0,0.2539996387268494
12526.0,0.21201091946133296
12535.0,0.20571557855160386
12543.0,0.21298344105079323
12549.0,0.18424523139143373
12560.0,0.23026958652280127
12571.0,0.16931946554212157
12575.0,0.22863060466479074
12585.0,0.1743642687237447
12590.0,0.16831618024653214
12600.0,0.22363823865120486
12608.0,0.18315252721223488
12612.0,0.22591007963514542
12619.0,0.19401484441337508
12623.0,0.1956180739716334
12631.0,0.180845953532566
12638.0,0.22148432098267773
12650.0,0.16166038650730097
12657.0,0.25107821378980666
12664.0,0.2264335241546318
12668.0,0.22462352480706652
12679.0,0.27433732391731147
12686.0,0.21645525396971152
12692.0,0.14334008025062464
12703.0,0.20949936733695357
12711.0,0.21661444917809344
12721.0,0.216512360806565
12728.0,0.22551378253963297
12737.0,0.21947269562552213
12748.0,0.22050226923463642
12755.0,0.24902800399473285
12762.0,0.17599158990864003
12768.0,0.17666966301002343
12779.0,0.21912832387259892
12785.0,0.22422830692857007
12791.0,0.2167056627013241
12795.0,0.18105845102398216
12803.0,0.21785563199418734
12810.0,0.20000666830972513
12818.0,0.2139652913494449
12826.0,0.23936336698432736
12833.0,0.2437141225031406
12840.0,0.2636842206930653
12849.0,0.1704581789052382
12856.0,0.23857700958050873
12864.0,0.20292531722977766
12870.0,0.22266274459779925
12881.0,0.24937889130503982
12886.0,0.24457311113644667
12891.0,0.1885256723944821
12896.0,0.20936835703508694
12905.0,0.25552403903546783
12914.0,0.23601043438442432
12922.0,0.22572769693957329
12933.0,0.21609719944889438
12937.0,0.20287469346377818
12945.0,0.20290945852567632
12953.0,0.26038698161465246
12962.0,0.16892072752789142
12966.0,0.22195372097438337
12974.0,0.17146620656917547
12980.0,0.20774249345371634
12987.0,0.18385680178539154
12993.0,0.15316879855750673
13001.0,0.21965953540045888
13015.0,0.21077347967524374
13024.0,0.2365490679817807
13031.0,0.2170616874994542
13039.0,0.21362064083513604
13045.0,0.20424141075295613
13052.0,0.16745901176807135
13058.0,0.15598581900603428
13069.0,0.239713166441389
13077.0,0.24616096348241306
13084.0,0.20380351981966108
13091.0,0.1764840565453814
13097.0,0.18585512754017763
13106.0,0.16083632018257418
13112.0,0.1871501231266942
13121.0,0.18884460485945145
13129.0,0.22825440290072738
13136.0,0.20109010505390376
13145.0,0.17123984068061765
13153.0,0.22665091665578918
13160.0,0.21470552296928497
13167.0,0.23228896555158265
13173.0,0.18674275367327453
13181.0,0.2635354177670789
13188.0,0.19077421946794604
13196.0,0.1937250493485043
13205.0,0.20343220739251805
13214.0,0.24480019608659231
13222.0,0.19686016515494825
13231.0,0.24846397425686745
13239.0,0.23883805626449767
13247.0,0.24300655808172805
13255.0,0.23094262865191323
13263.0,0.20068047889709947
13274.0,0.16691143879563788
13278.0,0.21522484343370657
13285.0,0.21824312147977962
13293.0,0.18489700911449913
13302.0,0.24187376799099727
13306.0,0.2165882646766934
13317.0,0.17373682215464376
13324.0,0.21598057722848688
13333.0,0.23311459434064594
13340.0,0.18408107469048918
13348.0,0.17589557609030754
13358.0,0.16840447653808188
13370.0,0.21728037021335136
13377.0,0.1977848051816576
13384.0,0.21749831709097012
13391.0,0.1729994937022872
13395.0,0.2282813840318968
13400.0,0.13582953372353185
13409.0,0.1901728434393415
13420.0,0.21924845742064666
13428.0,0.17593827690838285
13433.0,0.12143045798783794
13447.0,0.18415801772424154
13451.0,0.21689744515494355
13458.0,0.2375538882136737
13462.0,0.2029192523055136
13467.0,0.26602482558165524
13472.0,0.19463601405235795
13481.0,0.18835901804166222
13487.0,0.28173111434322534
13491.0,0.1752935851246464
13498.0,0.21234530033702864
13502.0,0.217803898537422
13509.0,0.23218499088429093
13514.0,0.22407254321884748
13522.0,0.21526002721627913
13530.0,0.20450475710860672
13538.0,0.17817838259644211
13547.0,0.20111581939369572
13555.0,0.19489643945730337
13560.0,0.11802005402488401
13569.0,0.15365632249142
13577.0,0.2001080333238952
13588.0,0.2254559566150797
13594.0,0.24514463878718618
13602.0,0.22036998487941117
13610.0,0.2522602602788021
13617.0,0.24060227668807138
13625.0,0.22316122572631553
13634.0,0.23065521035520714
13642.0,0.2375666687158917
13646.0,0.11632494894413768
13657.0,0.17283221829203133
13666.0,0.24777100139707814
13673.0,0.24235634081020227
13679.0,0.260329231509944
13690.0,0.2642454725689559
13696.0,0.2083923858693685
13704.0,0.19717073410724087
13712.0,0.19598634517187966
13723.0,0.18496244911351772
13728.0,0.20353042164575127
13734.0,0.225536998724501
13748.0,0.26428504769026007
13754.0,0.26923669882146184
13759.0,0.26389426828494256
13763.0,0.20847096551816352
13771.0,0.2281810918324736
13782.0,0.1588245971944991
13786.0,0.22037563873120766
13792.0,0.1821420066412061
13799.0,0.24417684646741966
13803.0,0.18745979676343616
13808.0,0.16415598593670602
13815.0,0.22041354202726696
13824.0,0.21677549188273335
13838.0,0.23018129050751282
13846.0,0.24252537112540312
13855.0,0.294907588998173
13859.0,0.21934693511797318
13871.0,0.22769497474492995
13879.0,0.22655269478597792
13885.0,0.21652603548911223
13891.0,0.2627915488073425
13899.0,0.1324377954210295
13909.0,0.2163212764983507
13917.0,0.26493589453355554
13926.0,0.2193910930886007
13931.0,0.19703086229307132
13942.0,0.2240119889458209
13949.0,0.2244472445580625
13961.0,0.20111697823299993
13969.0,0.15786518862652132
13977.0,0.18639162089390557
13985.0,0.21649854231413782
13993.0,0.22677659568147787
14002.0,0.19039244984848325
14007.0,0.1865798478547591
14014.0,0.23339275236953938
14022.0,0.2218623754138193
14026.0,0.20710182903031793
14033.0,0.2287472709234623
14039.0,0.2144127319144811
14047.0,0.1957096436486369
14058.0,0.2642755291999171
14067.0,0.1759471757780047
14074.0,0.22304386597131015
14080.0,0.16730105662151898
14085.0,0.20417686021545178
14091.0,0.2394953973799751
14098.0,0.22359981061120218
14106.0,0.2027008737396073
14114.0,0.17732859188558017
14126.0,0.21511068142628864
14133.0,0.20479600535605946
14141.0,0.20512423557159107
14149.0,0.22058910062706122
14158.0,0.19406103640941416
14167.0,0.18965012567846107
14174.0,0.24105610564157565
14182.0,0.23510451257261228
14191.0,0.1832484017910764
14199.0,0.16917511424795678
14206.0,0.19633268374986715
14215.0,0.21214448459032265
14225.0,0.26447769389596243
14232.0,0.17267021640738844
14239.0,0.22963272700922704
14246.0,0.22188376065362433
14250.0,0.23798634946314529
14259.0,0.21305270059520431
14270.0,0.1753599695926935
14278.0,0.2103657401635898
14290.0,0.2107747491123784
14299.0,0.18222158292599078
14307.0,0.22363649410691772
14313.0,0.2337670695972351
14321.0,0.19389376516541612
14335.0,0.19907287321858172
14340.0,0.21175842469844341
14346.0,0.20321965583268392
14355.0,0.23329046688431562
14362.0,0.2124410464159104
14371.0,0.17664752078769522
14380.0,0.23889466304612786
14388.0,0.19265948981045092
14395.0,0.22774089218001545
14403.0,0.22014457301299453
14411.0,0.2325804151516551
14419.0,0.23319138405370068
14424.0,0.2174411650963499
14429.0,0.11881748959586388
14440.0,0.2507281018740177
14447.0,0.18890955781194874
14458.0,0.22705392087093068
14466.0,0.20952391200886497
14471.0,0.16017414909571334
14483.0,0.26709027408044805
14489.0,0.25929036114326437
14493.0,0.24122172674323142
14501.0,0.2288640598074235
14508.0,0.23954344144586623
14513.0,0.2062268956236511
14520.0,0.23775245531049907
14526.0,0.16677919925964751
14537.0,0.2305240168109323
14543.0,0.16200809360870752
14554.0,0.21795793661840104
14560.0,0.21127923348214678
14569.0,0.21475441902027
14577.0,0.22417955949486518
14584.0,0.22353040451163622
14592.0,0.22010792021972966
14604.0,0.22979868112092605
14611.0,0.2420993569014601
14623.0,0.22453862246596948
14631.0,0.20169675562982356
14635.0,0.23362465281282951
14642.0,0.21148188096832815
14649.0,0.20471490512437024
14657.0,0.2194624202063467
14665.0,0.22984231835975982
14672.0,0.11862429131956921
14684.0,0.2239479101252455
14693.0,0.20093330924181235
14702.0,0.12005207912410441
14710.0,0.17896331691117287
14718.0,0.14376510499905568
14727.0,0.21566405537795666
14738.0,0.2118042798419098
14746.0,0.2236600378098827
14753.0,0.16743884762189234
14762.0,0.20822090924927014
14770.0,0.2144640123823703
14778.0,0.1897923078825842
14787.0,0.16290761325591566
14794.0,0.21312938076243165
14799.0,0.19550667889129772
14810.0,0.2648824811197695
14815.0,0.24702769741314826
14820.0,0.2574763152051014
14825.0,0.2212956995825213
14834.0,0.21285553308648342
14841.0,0.197348799779528
14846.0,0.20652938993129813
14850.0,0.2065955984796948
14859.0,0.23895456777773771
14870.0,0.2459889838609258
14877.0,0.22892292827040367
14885.0,0.2225030126091342
14894.0,0.24904600246231678
14902.0,0.20414851432855627
14909.0,0.22104226685434916
14919.0,0.21391137920140618
14927.0,0.21941106439524638
14934.0,0.20219967618983464
14943.0,0.19603940053067934
14951.0,0.22652596474857395
14959.0,0.1952992768711271
14967.0,0.229369624459776
14975.0,0.21969800342902412
14987.0,0.1942976692266908
14996.0,0.21578514120204445
15007.0,0.21457532148616051
15019.0,0.18612771586772042
15027.0,0.1943836665425108
15033.0,0.16227581334315203
15042.0,0.23617380053245932
15050.0,0.2172174785441175
15058.0,0.2360782595468149
15064.0,0.2147620022345788
15075.0,0.20307046102955167
15082.0,0.212291784304647
15093.0,0.21578272462486167
15101.0,0.25561356239763
15109.0,0.22409654733469564
15117.0,0.21957238535860693
15126.0,0.197509645788958
15138.0,0.24018497971648783
15149.0,0.2562185173252566
15154.0,0.15739521869935458
15162.0,0.16446556079211078
15170.0,0.231771680458081
15179.0,0.21663689162712285
15188.0,0.23465666051702788
15196.0,0.20080250835222574
15200.0,0.19736024361920054
15208.0,0.21271663811786534
15214.0,0.1894283374956221
15222.0,0.21135126052365386
15231.0,0.16746047902550915
15245.0,0.1710741925490833
15253.0,0.16929348150176313
15265.0,0.17778723122183943
15271.0,0.2685653227648137
15276.0,0.20078260047507024
15287.0,0.2744728600228025
15291.0,0.24850586738640632
15299.0,0.21744916425155505
15310.0,0.2112499492778555
15321.0,0.2111364256488134
15332.0,0.213209326999003
15337.0,0.23420388215247384
15344.0,0.2121382275832833
15350.0,0.1848674028907844
15361.0,0.21911347086385016
15369.0,0.23433179403992965
15376.0,0.21797843425145277
15383.0,0.20323960873211983
15391.0,0.21492706112879276
15402.0,0.2090199274715386
15406.0,0.23870174976060132
15414.0,0.27432444569114284
15419.0,0.23492714545755408
15428.0,0.252747983918872
15437.0,0.2767372271785956
15444.0,0.21596455312282534
15452.0,0.20493894952378489
15463.0,0.17076499250125657
15474.0,0.15922174491785374
15481.0,0.17202777476518394
15489.0,0.21199496916885233
15498.0,0.1950601197843685
15507.0,0.23285959456790656
15515.0,0.23056142771576332
15523.0,0.22480419862154044
15531.0,0.18662032851227822
15542.0,0.193895398758938
15549.0,0.20232842507847545
15557.0,0.19693778020102912
15568.0,0.2444327567124411
15575.0,0.19045561147479687
15584.0,0.21278621221058236
15596.0,0.23345353022019671
15606.0,0.2061138116517066
15617.0,0.20691908626328712
15625.0,0.12199312192265564
15631.0,0.25616844157638086
15638.0,0.20928796509647501
15650.0,0.22717912783323518
15657.0,0.23693983409970895
15663.0,0.24477017118832303
15670.0,0.22391240809811241
15679.0,0.23195249959977748
15688.0,0.2216996588649935
15694.0,0.23316109227754814
15701.0,0.22865646846304372
15712.0,0.2652461883948528
15723.0,0.21647358857209675
15733.0,0.20933343831248669
15740.0,0.19371448195831908
15751.0,0.24986741862481973
15765.0,0.23916802219261715
15769.0,0.24898259428378047
15775.0,0.2261787912615936
15779.0,0.21010223495129826
15785.0,0.1897340057352912
15795.0,0.21391368313203285
15802.0,0.21799812357858447
15810.0,0.21998709811744008
15817.0,0.19649187857206463
15822.0,0.18804993479465917
15830.0,0.22927534067894892
15838.0,0.23175119228049346
15847.0,0.2127117105539211
15855.0,0.21680692123096504
15863.0,0.16387229231772948
15872.0,0.16941222069205508
15880.0,0.2163258146714155
15891.0,0.2328755717520356
15900.0,0.24608228151623085
15909.0,0.18729605079049855
15917.0,0.2113425752207091
15925.0,0.15657071766699826
15929.0,0.19100124238661956
15934.0,0.2172594243841461
15945.0,0.23513920007145436
15953.0,0.22019382323323042
15962.0,0.2415028101364597
15969.0,0.21435070449376967
15977.0,0.17425719222594183
15988.0,0.19356081702092814
15999.0,0.17844050793926372
16007.0,0.1899511547736526
16016.0,0.21742879589985584
16024.0,0.23963580687951258
16029.0,0.21117110971009598
16037.0,0.2196375680184456
16042.0,0.219996709855871
16049.0,0.24524957852446957
16063.0,0.21121710942709795
16070.0,0.2102042621663102
16078.0,0.2056057090754547
16087.0,0.21667344661556212
16091.0,0.19362065265479075
16096.0,0.20668670682177645
16101.0,0.242855275169239
16109.0,0.27237155513823047
16114.0,0.2193194197359485
16122.0,0.21890065217633592
16128.0,0.18554776265470171
16132.0,0.18137865353784843
16140.0,0.21925026346366921
16147.0,0.16609443775679741
16161.0,0.15346718506489843
16169.0,0.2091579350975438
