,3
2.0,0.17630987094478
13.0,0.2056833123927577
19.0,0.27767532853191823
29.0,0.16015544546641494
35.0,0.16758175002574074
43.0,0.15005052631278537
53.0,0.20420669380364329
65.0,0.18420367282918226
73.0,0.19882282568131263
84.0,0.146493082414719
92.0,0.2127084065723904
96.0,0.2028842821861641
101.0,0.22609709873628106
107.0,0.20512842277663182
116.0,0.18917016456515828
125.0,0.19877072364418683
133.0,0.20154236245355692
141.0,0.22227070642228622
145.0,0.21822189223540486
153.0,0.21726734410244003
159.0,0.18724198342489576
167.0,0.194104662112164
178.0,0.22669970142204088
187.0,0.1788562901759415
192.0,0.20329714417423211
200.0,0.14770943818733262
204.0,0.15371071093453859
216.0,0.16806495457490556
223.0,0.19543420984131532
231.0,0.20051151689337476
239.0,0.12516842352056695
248.0,0.051307933550642046
256.0,0.18854638334793558
267.0,0.22563678457810468
274.0,0.25162320677494854
285.0,0.2141594402136001
297.0,0.20964984040065326
305.0,0.236566852097574
315.0,0.2046179896643682
324.0,0.1972867366057312
330.0,0.19376048568148008
341.0,0.23498708719330988
352.0,0.17305072874239455
359.0,0.2526287883229592
368.0,0.2465321086242992
375.0,0.21343022296092445
386.0,0.2240253069330474
393.0,0.17900215371903339
400.0,0.21143635692750606
414.0,0.2340315971033553
421.0,0.12469945853432086
427.0,0.21239661344014774
433.0,0.21802555850290342
444.0,0.18672763195225314
452.0,0.23043000711810313
458.0,0.22409886726566755
464.0,0.17487284533820652
473.0,0.21863852139068668
481.0,0.12992493038630276
495.0,0.19738391210516987
503.0,0.16373443295254314
512.0,0.1894786835770008
520.0,0.2196125212285761
526.0,0.16562332907692898
535.0,0.15895489486177067
541.0,0.2355116374449572
549.0,0.21586693377709826
558.0,0.2612615798214285
562.0,0.23509747311896886
576.0,0.05720796706258252
584.0,0.23102056480017671
594.0,0.17449990297869855
602.0,0.21942465248896342
613.0,0.21209587625590134
620.0,0.1531250639893194
627.0,0.21638609555630522
635.0,0.2203337703819766
646.0,0.2146256472504799
660.0,0.16401138032211018
667.0,0.23977796996773984
675.0,0.19601816888538776
683.0,0.215828417596027
692.0,0.21705084450789425
700.0,0.23226201405534957
710.0,0.20187565871070468
718.0,0.20022588628804933
728.0,0.16874950100157196
734.0,0.21079478813231062
743.0,0.19433819968600327
752.0,0.19005134380053768
758.0,0.22176271446822912
768.0,0.2029426576394392
775.0,0.22136371922235723
783.0,0.17117021379569947
792.0,0.2787286302384395
799.0,0.2516155173428653
807.0,0.1778603451117164
815.0,0.14820724020102405
819.0,0.18779895634047022
825.0,0.18948736770411292
834.0,0.16667622530814638
842.0,0.22156691525959532
851.0,0.2644656930455577
856.0,0.236292067143515
864.0,0.21539976774762437
872.0,0.2356278097765046
878.0,0.2536328650789202
885.0,0.20385248784625548
894.0,0.2141956855348179
898.0,0.15230983958424937
910.0,0.16768446433036371
924.0,0.22519463609246687
933.0,0.2615098696234875
945.0,0.16497645228260274
949.0,0.124290037415391
961.0,0.24245037631965669
969.0,0.21628439401573987
973.0,0.24986704626525952
982.0,0.22365677259849487
990.0,0.1713150180578672
1000.0,0.18182160655098636
1008.0,0.2555349490025651
1017.0,0.19266469093233232
1028.0,0.24623049216465143
1034.0,0.22257510815366618
1041.0,0.21132523893564958
1049.0,0.22125197291006984
1056.0,0.2147828074069443
1064.0,0.22213107911990757
1072.0,0.20833170956909733
1086.0,0.13419403291821164
1097.0,0.20334710822281254
1102.0,0.20120289659542015
1107.0,0.16382689725830257
1116.0,0.23598827555110324
1123.0,0.24686355035361535
1134.0,0.18638307291907186
1139.0,0.25481866143919674
1153.0,0.2232163253707624
1160.0,0.1691478295375389
1167.0,0.230170175088744
1176.0,0.22479675266214505
1184.0,0.2207042769688849
1193.0,0.20172421235166504
1207.0,0.2151479614451883
1216.0,0.18421190043680943
1227.0,0.2194222899798185
1237.0,0.2320541555791714
1246.0,0.20946888793315457
1254.0,0.20950514082764113
1265.0,0.23500954496062135
1270.0,0.18353305692702515
1281.0,0.21049210306977997
1290.0,0.17183083900124632
1298.0,0.11767771816135872
1309.0,0.23463912327525746
1314.0,0.18874701242158978
1326.0,0.23200885241012906
1334.0,0.2509006775125465
1343.0,0.20202532702742904
1354.0,0.2493906255593516
1362.0,0.19459755250452207
1368.0,0.16899846461728177
1375.0,0.2638031001840356
1380.0,0.20808562211531983
1389.0,0.2135964793273419
1397.0,0.23587479812305845
1406.0,0.22379338587051814
1415.0,0.23011756972018027
1423.0,0.17858926057468014
1431.0,0.1626180518876556
1440.0,0.19626665571116736
1448.0,0.2256537371647959
1452.0,0.22596534172992397
1457.0,0.1769819511894667
1461.0,0.23643151244697333
1468.0,0.14513826607461766
1476.0,0.23129263954920107
1484.0,0.19331308646751863
1493.0,0.16599928184126453
1502.0,0.23692888347746707
1509.0,0.16084704030018407
1516.0,0.22975045935603766
1523.0,0.21564351918048574
1531.0,0.24465351512652575
1538.0,0.1250274274800436
1547.0,0.24771247361896678
1554.0,0.21429891550011376
1561.0,0.20389664900762794
1571.0,0.15674909087495398
1581.0,0.22163871087427509
1588.0,0.2203971987155743
1595.0,0.19436636464573126
1601.0,0.18824284447176665
1607.0,0.21798382088484852
1614.0,0.25039174615027426
1621.0,0.21113165892061592
1628.0,0.18471527395406231
1636.0,0.16589459214384356
1647.0,0.21392253677945644
1653.0,0.21695320668613924
1664.0,0.2494260768566449
1669.0,0.2262663795378871
1677.0,0.17788899551633167
1685.0,0.23211859719686687
1697.0,0.24578344272840436
1709.0,0.18645429946383243
1716.0,0.2392960807108819
1725.0,0.1312142343599941
1733.0,0.18368676503352507
1741.0,0.2435969104280922
1748.0,0.18139804232696213
1756.0,0.2435610618005619
1765.0,0.21650187129539467
1779.0,0.2524616177178411
1787.0,0.1561993289052457
1796.0,0.22025325002542848
1804.0,0.21780800943546272
1813.0,0.2026342718512218
1822.0,0.252720274509604
1829.0,0.22338423346197706
1837.0,0.22545962959086616
1845.0,0.26811245123037897
1850.0,0.22043720248148585
1859.0,0.17389168798844218
1868.0,0.17596912760295774
1879.0,0.24796636204060687
1888.0,0.1982384203232058
1895.0,0.21858282347593982
1904.0,0.20675088830075913
1912.0,0.2400375030855722
1919.0,0.21859837453584557
1927.0,0.24284871243705936
1934.0,0.19662497108719004
1942.0,0.18235484724992637
1946.0,0.195269728563207
1954.0,0.2142340713895334
1958.0,0.22961065192702657
1965.0,0.24256478483342847
1977.0,0.23283167021063175
1986.0,0.19803584936527135
1990.0,0.23728651291591915
2004.0,0.2873327581681443
2012.0,0.2119009747714735
2019.0,0.24160484922592315
2027.0,0.1757180318846967
2032.0,0.25987688354156124
2039.0,0.23284234444925742
2046.0,0.19016140122748623
2053.0,0.1856361620595307
2057.0,0.1981530484186102
2066.0,0.19709275593587242
2075.0,0.18802206617716485
2084.0,0.2270544991144706
2095.0,0.19908677621195217
2107.0,0.26075674076470345
2114.0,0.20228052142937666
2120.0,0.18411715015242278
2129.0,0.21385944903678744
2136.0,0.1863907688575992
2145.0,0.20327707950668653
2155.0,0.2128516659927373
2162.0,0.24093495919224575
2166.0,0.24114753007737305
2174.0,0.27992126240537474
2182.0,0.2248726532862123
2191.0,0.22481007208711587
2198.0,0.15079331041012528
2206.0,0.23091280470068928
2214.0,0.20446226157905426
2221.0,0.214477332374252
2229.0,0.20806776638973268
2245.0,0.22762339903532677
2253.0,0.18131186236365548
2262.0,0.12645018532264016
2273.0,0.19316132491389826
2280.0,0.2546473889544126
2287.0,0.18417208251310851
2296.0,0.1769204418943311
2304.0,0.12763723647393713
2313.0,0.20398557109971371
2320.0,0.22227198909853074
2332.0,0.23646652740822383
2338.0,0.15314670705458466
2349.0,0.23617294900713626
2359.0,0.2465165474936805
2366.0,0.25999778028024684
2371.0,0.22308471012017725
2380.0,0.22811529896044944
2388.0,0.1777445959499466
2392.0,0.2079717727934779
2401.0,0.2143106925702269
2407.0,0.24920613000359496
2415.0,0.2297098290699575
2426.0,0.21313824856903776
2434.0,0.21737485755992778
2442.0,0.1764445759229213
2448.0,0.17742525820644148
2460.0,0.22534383696564578
2467.0,0.18781412496350092
2473.0,0.21702619356563987
2477.0,0.23132039792259934
2488.0,0.2368450496813002
2498.0,0.22996657980823287
2505.0,0.24552107750030921
2511.0,0.19877707012143353
2519.0,0.19901041337917738
2527.0,0.2224259052158883
2536.0,0.1718360812544144
2543.0,0.10711512445324674
2551.0,0.15773226053044412
2559.0,0.24899061779154893
2567.0,0.25738205474786735
2576.0,0.16610474208303
2584.0,0.20390257115150962
2588.0,0.20067206909823376
2597.0,0.1866682571570699
2608.0,0.19059370121369398
2616.0,0.20027707383488363
2625.0,0.2801496325385944
2630.0,0.19623931389151633
2637.0,0.2100956373797176
2646.0,0.21639588648913405
2656.0,0.20845325999245307
2662.0,0.21166907028981302
2670.0,0.18995253223131633
2678.0,0.23374678994874817
2684.0,0.22948380897722617
2695.0,0.2568760280504156
2701.0,0.2050729270771334
2710.0,0.2210760927399283
2718.0,0.22706878726950458
2732.0,0.1734277631488458
2738.0,0.22333561943480934
2749.0,0.22085201996128792
2761.0,0.1916392284912318
2769.0,0.20654310457092967
2777.0,0.19146963497135416
2789.0,0.21280802323056136
2801.0,0.14977457058924878
2808.0,0.21512149246959897
2817.0,0.1762567181747069
2828.0,0.19467510801493518
2835.0,0.2700612247929425
2842.0,0.2445915538504861
2849.0,0.21790813901488204
2858.0,0.18779651715116802
2863.0,0.17700285720885572
2871.0,0.207424968171919
2880.0,0.17159846411351776
2892.0,0.20381016730595702
2897.0,0.12910232864397997
2903.0,0.19739632946509272
2914.0,0.1405311088835939
2921.0,0.14668548828292002
2929.0,0.1591729946543026
2939.0,0.1866051112153709
2946.0,0.23529980225073266
2953.0,0.17106583704181968
2961.0,0.19202660211644418
2967.0,0.28705218284210604
2976.0,0.22824498368169255
2983.0,0.18138574859017367
2992.0,0.21501343142267657
3000.0,0.2055298102053311
3007.0,0.213650084483559
3016.0,0.19014988297088312
3030.0,0.21644612189466902
3038.0,0.18931439998789337
3049.0,0.20582873946523952
3057.0,0.2316688253119559
