,6
3067.0,0.20635065272860792
3075.0,0.17478914012502375
3087.0,0.1926427146522947
3101.0,0.17444960045975474
3109.0,0.17260074007305612
3117.0,0.17822869226408097
3125.0,0.20688657035739236
3134.0,0.19799796759362523
3145.0,0.17308618702307105
3154.0,0.17179365923676368
3162.0,0.15556102122160662
3168.0,0.17204811440405043
3177.0,0.18803108851508216
3186.0,0.17871737337947144
3194.0,0.1784646424037909
3202.0,0.18544885731240734
3208.0,0.18291604935628095
3215.0,0.18104970486705668
3223.0,0.1864046931023659
3234.0,0.19305472413060332
3241.0,0.19562376440586565
3247.0,0.18344397161298198
3254.0,0.1763202957256472
3262.0,0.19148728875837018
3271.0,0.17196750250622372
3279.0,0.17990738022366443
3287.0,0.20795418520505188
3295.0,0.18750149764540538
3304.0,0.17787901940289097
3312.0,0.18243116283655528
3318.0,0.18455233051698014
3330.0,0.18930022109131528
3337.0,0.176629536348479
3344.0,0.18737680335452506
3355.0,0.18977390598737875
3364.0,0.18178219622865577
3369.0,0.180551097386437
3373.0,0.19286657065910673
3379.0,0.1617857115913481
3388.0,0.18609416906940335
3397.0,0.15319550358202527
3405.0,0.18577872754448274
3414.0,0.15969530663759632
3422.0,0.17799430806086716
3430.0,0.1656765439046661
3435.0,0.19448803096627373
3443.0,0.15611335969019932
3455.0,0.1676783155033189
3462.0,0.17122201387642627
3471.0,0.16016908539160113
3479.0,0.16674362725888361
3488.0,0.18785591923556147
3499.0,0.20012784793700442
3510.0,0.1530821897496037
3519.0,0.1893405099277133
3530.0,0.2106895252864932
3539.0,0.1923444755773761
3547.0,0.20979037404596185
3553.0,0.18775208025523055
3562.0,0.18465444169802736
3569.0,0.20364717426806997
3583.0,0.15848005492499243
3594.0,0.17795435459078157
3602.0,0.18954340307900605
3611.0,0.17994077408323808
3621.0,0.176163989149941
3632.0,0.17033244535894043
3639.0,0.17738251818713707
3648.0,0.19741648976550666
3656.0,0.16106136069459734
3665.0,0.17310471865890778
3672.0,0.19117425073508074
3681.0,0.20478643758732312
3689.0,0.19958515742587774
3695.0,0.18607088975659888
3700.0,0.16761464153984376
3709.0,0.17297353732264592
3717.0,0.20159065826505457
3723.0,0.19340546910257714
3730.0,0.16782237317356402
3738.0,0.18699671372656265
3746.0,0.1780547210885811
3753.0,0.18893260407213117
3761.0,0.17806193887383004
3770.0,0.19308844454476926
3778.0,0.18769251266430284
3782.0,0.18075529311049007
3793.0,0.19663724947291214
3801.0,0.18816697796833778
3808.0,0.2021416298853502
3820.0,0.179694754890889
3828.0,0.2107063567824588
3835.0,0.1976341740604986
3844.0,0.18163701646650965
3852.0,0.2100361559816779
3859.0,0.20453105921617068
3863.0,0.1923356619806235
3867.0,0.17216050649706874
3879.0,0.18532035360190588
3886.0,0.1626603060531357
3891.0,0.19648431330669391
3903.0,0.17354905890024694
3909.0,0.18796474586362402
3918.0,0.18145224448995262
3923.0,0.2013074762773061
3928.0,0.14567429416855815
3935.0,0.1830050309290372
3942.0,0.174531334039588
3949.0,0.2140450132460799
3953.0,0.20180667424470491
3962.0,0.17620353886460466
3970.0,0.19377521051420188
3977.0,0.19171392899286108
3987.0,0.17345133633171156
3992.0,0.1661674662735748
4000.0,0.17460914641373304
4011.0,0.17802258509400987
4015.0,0.17326985846991222
4022.0,0.16303800936936066
4031.0,0.18643199392645163
4040.0,0.20506146889999036
4048.0,0.20260133478601713
4059.0,0.1758695589481992
4068.0,0.15261840640157676
4076.0,0.19275018976773878
4084.0,0.1936910656166951
4096.0,0.1996837645184278
4103.0,0.19026031440764768
4110.0,0.17603260056925768
4117.0,0.1975882007324995
4125.0,0.1690930124437524
4129.0,0.1874144580428218
4135.0,0.18407244087981875
4143.0,0.1839901593834743
4150.0,0.17468864809907517
4158.0,0.18160951134704695
4165.0,0.17781415914684642
4176.0,0.20428982485302535
4181.0,0.22526431437679942
4185.0,0.180176452026129
4194.0,0.2003776771855145
4202.0,0.17498906943051742
4209.0,0.17191135427244578
4220.0,0.1628301779103249
4225.0,0.19480279374602746
4234.0,0.1885501425575952
4243.0,0.17380862682277232
4250.0,0.2341351854788731
4255.0,0.18154052697860687
4263.0,0.17877238090784228
4268.0,0.17906544226478383
4277.0,0.17651379272426543
4283.0,0.17707990970371018
4291.0,0.16154030278345588
4299.0,0.1853470789194989
4304.0,0.19471706296937188
4312.0,0.18410135181618154
4316.0,0.18700122525960985
4323.0,0.18347547927684416
4331.0,0.16870208881466317
4339.0,0.19275072508721688
4351.0,0.19028413258576676
4359.0,0.17881185806837033
4367.0,0.17439622465708995
4376.0,0.1705225184159758
4383.0,0.203949626204213
4392.0,0.19351949683137623
4403.0,0.1703420478660837
4410.0,0.21812520795335738
4418.0,0.1873515042597204
4425.0,0.1927233235636009
4433.0,0.1593683999052276
4438.0,0.17564646207155152
4447.0,0.16989169433395976
4455.0,0.1693769046865506
4461.0,0.16454540250613403
4472.0,0.19952129704423097
4483.0,0.18624431845041628
4487.0,0.18752414630320824
4497.0,0.16207317994458553
4502.0,0.17015728760037244
4512.0,0.1809184311146971
4520.0,0.19785823293197607
4524.0,0.19538200010412574
4531.0,0.18858256787784164
4535.0,0.1897086083259609
4543.0,0.1934540072542368
4550.0,0.19787556801717396
4562.0,0.1610913946301247
4569.0,0.1908513272970232
4576.0,0.16784939067711907
4580.0,0.19161067292802048
4591.0,0.18173906996953643
4598.0,0.17538183751973002
4604.0,0.17693053744950582
4615.0,0.1829732136712849
4623.0,0.19739026462259338
4633.0,0.1921592196892373
4640.0,0.19574975310246173
4649.0,0.19173258898090684
4660.0,0.1657116865817581
4667.0,0.2056686407407108
4674.0,0.18088786642217528
4680.0,0.20164987181045402
4691.0,0.19878037849485825
4697.0,0.22467737013275385
4703.0,0.18224622004610194
4707.0,0.15951001275669457
4715.0,0.21144221135485577
4722.0,0.19167379206861757
4730.0,0.18926197716174312
4738.0,0.1780310644089253
4745.0,0.1765210462790615
4752.0,0.1916241918420719
4761.0,0.17917584921978422
4768.0,0.188100906878701
4776.0,0.18230591908632465
4782.0,0.17511476190737316
4793.0,0.1821202442817425
4798.0,0.174879427247598
4803.0,0.17533727609185384
4808.0,0.19505937740348045
4817.0,0.18615069736232162
4826.0,0.1648451449831273
4834.0,0.18193117570099007
4845.0,0.17808138176145127
4849.0,0.18272203327559308
4857.0,0.20018985197944505
4865.0,0.17020286171783466
4874.0,0.20787007607009378
4878.0,0.1867461188511305
4886.0,0.17568981858386562
4892.0,0.19247709244568706
4899.0,0.22481777536772427
4905.0,0.1973384941319002
4913.0,0.18426041168333157
4927.0,0.18579840119332447
4936.0,0.19849499119385217
4943.0,0.19642083431338173
4951.0,0.21793713402720666
4957.0,0.19182646553923288
4964.0,0.18692551472673036
4970.0,0.18166845826782763
4981.0,0.16649409864884515
4989.0,0.19376399154524912
4996.0,0.17394383892963997
5003.0,0.21843411207199442
5009.0,0.17856593463553633
5018.0,0.18289949083502893
5024.0,0.17994389935616223
5033.0,0.19509885616392197
5041.0,0.1896426489926698
5048.0,0.16178518070678305
5057.0,0.18652936930788047
5065.0,0.15977687750877073
5072.0,0.19463188409681376
5079.0,0.18751154481645604
5085.0,0.19325285245990498
5093.0,0.17878789906284018
5100.0,0.17193379929644279
5108.0,0.16359637404078498
5117.0,0.19003733391736252
5126.0,0.18118641252380763
5134.0,0.19384948448638833
5143.0,0.19597414875117813
5151.0,0.19641335392046633
5159.0,0.17450883992813973
5167.0,0.19387259607071083
5175.0,0.17824678470696417
5186.0,0.15940584149117418
5190.0,0.1761826047291558
5197.0,0.15748512752556154
5205.0,0.18238643857177492
5214.0,0.1831107868697467
5218.0,0.19508810615688452
5229.0,0.19668425155143227
5236.0,0.1870882890810118
5245.0,0.1880401741288218
5252.0,0.15932156578716863
5260.0,0.17409218323538578
5270.0,0.1737299571859942
5282.0,0.18280950329658804
5289.0,0.20063420651479996
5296.0,0.16722463112354694
5303.0,0.17768897256347485
5307.0,0.1651691599345459
5312.0,0.184962249988559
5321.0,0.18036077585133742
5332.0,0.1807292132250126
5340.0,0.17321911256863162
5345.0,0.2103884847193757
5359.0,0.17226589188288685
5363.0,0.19492097428067456
5370.0,0.1911489060168538
5374.0,0.17417540194982517
5379.0,0.1743724813340235
5384.0,0.19567170662026115
5393.0,0.18946066056799216
5399.0,0.1760839741509198
5403.0,0.19190119920127302
5410.0,0.17153109995421884
5414.0,0.17206623589107098
5421.0,0.19306078716746689
5426.0,0.1886173010713254
5434.0,0.18621518859913963
5442.0,0.17795944471833772
5450.0,0.17313145016524265
5459.0,0.1675626243741412
5467.0,0.1716718950967897
5472.0,0.1932853046816413
5481.0,0.19249347340643286
5489.0,0.19654439887845526
5500.0,0.176344879468928
5506.0,0.1765679416484171
5514.0,0.18104069476225573
5522.0,0.18241490722215295
5529.0,0.2039985987119464
5537.0,0.19155709949637503
5546.0,0.16695150970391576
5554.0,0.17267942025025804
5558.0,0.17776868280554983
5569.0,0.20021309930065415
5578.0,0.20562658015898305
5585.0,0.1870329276656433
5591.0,0.1755769633182102
5602.0,0.1726461092841579
5608.0,0.17688410220777068
5616.0,0.19328667376394607
5624.0,0.18562268249074096
5635.0,0.18532343277718222
5640.0,0.1831405362783344
5646.0,0.17569125165885524
5660.0,0.1777345341447321
5666.0,0.18919397337402005
5671.0,0.1946278585639335
5675.0,0.19132737161352065
5683.0,0.18070436517576202
5694.0,0.2021989015039536
5698.0,0.18519050075990373
5704.0,0.18449918056318676
5711.0,0.19032593639901926
5715.0,0.18515234044756554
5720.0,0.18754604992206741
5727.0,0.1749774219987754
5736.0,0.17296456192781748
5750.0,0.18563827532076943
5758.0,0.15314431848382842
5767.0,0.19987076913102167
5771.0,0.17645974305889855
5783.0,0.18120806814757232
5791.0,0.209789849430524
5797.0,0.184146611457079
5803.0,0.17709621086359592
5811.0,0.19471130373639173
5821.0,0.19223536022944362
5829.0,0.1697246000103126
5838.0,0.1903817253413956
5843.0,0.19974402967263516
5854.0,0.18904238245952887
5861.0,0.17973790620424387
5873.0,0.1780931118180004
5881.0,0.18308112830990653
5889.0,0.15685062202974503
5897.0,0.20067512582759903
5905.0,0.1954748787274354
5914.0,0.21438760563951093
5919.0,0.1676125109037463
5926.0,0.1897226342054463
5934.0,0.19228639633493308
5938.0,0.18815438470421023
5945.0,0.20508947305105443
5951.0,0.1802545365558965
5959.0,0.198726629015772
5970.0,0.17972225594482205
5979.0,0.1883016421849561
5986.0,0.20354072686425503
5992.0,0.19258240854887784
5997.0,0.1924072143982287
6003.0,0.16548690501711463
6010.0,0.17256177844557108
6018.0,0.1782346631800979
6026.0,0.18905658786087803
6038.0,0.18461316232004893
6045.0,0.19095713995893648
6053.0,0.17358130526575818
6061.0,0.16990730452078648
6070.0,0.21049976355839375
6079.0,0.14664206618940695
6086.0,0.17821304028926505
6094.0,0.18795720783526337
6103.0,0.19685100769752156
6111.0,0.18952037323293072
6118.0,0.1562458962063016
6127.0,0.18425811028005082
6137.0,0.14167088818772527
6144.0,0.19923703814028512
6151.0,0.17082692729758822
6158.0,0.18263177616660844
6162.0,0.20469107416937565
6171.0,0.20600154245367766
6182.0,0.19522061949193317
6190.0,0.1794490383441569
6202.0,0.19904375447013514
6211.0,0.18929219634779165
6219.0,0.18563260193840975
6225.0,0.1632982797058757
6233.0,0.2067488834965995
6247.0,0.1802957311655007
6252.0,0.169608240072308
6258.0,0.1991294204303862
6267.0,0.17450055075199156
6274.0,0.21684922301974874
6283.0,0.2302414158807952
6292.0,0.20178716470486077
6300.0,0.17210718771309455
6307.0,0.17690165873323907
6315.0,0.16696506341166809
6323.0,0.1925213097826485
6331.0,0.19760570752016643
6336.0,0.1628713648554974
6341.0,0.1795757263771033
6352.0,0.18487837949011635
6359.0,0.1601146835850315
6370.0,0.1793574382465329
6378.0,0.16614723620498592
6383.0,0.17783198113458284
6395.0,0.1945488184560536
6401.0,0.17283015248229294
6405.0,0.19848701449596426
6413.0,0.18621642211018416
6420.0,0.17936945641581314
6425.0,0.16832408159100065
6432.0,0.1707543163791167
6438.0,0.2004682537329037
6449.0,0.17617903301521365
6455.0,0.18648898779885137
6466.0,0.18344629571543827
6472.0,0.16785000317502902
6481.0,0.19470519623321234
6489.0,0.17998068185672125
6496.0,0.1867421379256534
6504.0,0.1691969455681823
6516.0,0.1978455778687005
6523.0,0.18361632280521106
6535.0,0.1767309464431259
6543.0,0.18518086932511238
6547.0,0.18986429182848627
6554.0,0.179831919040464
6561.0,0.17233940448462468
6569.0,0.1895941653258252
6577.0,0.2004807634374482
6584.0,0.19524233545173883
6596.0,0.17271715122071996
6605.0,0.18336416190866303
6614.0,0.19233338833926847
6622.0,0.17988018664648464
6630.0,0.18791687982439118
6639.0,0.1953817153000513
6650.0,0.16562315732129784
6658.0,0.1740906805688825
6665.0,0.19936079355228314
6674.0,0.17753908707340302
6682.0,0.18185961898519568
6690.0,0.16036714935066454
6699.0,0.1959326635751722
6706.0,0.1814417925286939
6711.0,0.1879061067770901
6722.0,0.1784020617730121
6727.0,0.18565129180569526
6732.0,0.18009621979812185
6737.0,0.16223625028767028
6746.0,0.17493898557871496
6753.0,0.17254539430289945
6758.0,0.17733300792504766
6762.0,0.17914638142678102
6771.0,0.17111643135313356
6782.0,0.18720865292825248
6789.0,0.18666197625904624
6797.0,0.1723266953294648
6806.0,0.20142513183899352
6814.0,0.18796152142030123
6821.0,0.17939854868687538
6831.0,0.2169438288606599
6839.0,0.19669797890395854
6846.0,0.20148119044550558
6855.0,0.1782664477644299
6863.0,0.20176855420067724
6871.0,0.16781420915347348
6879.0,0.2033689423837929
6887.0,0.1800627967138572
6899.0,0.18770499157921405
6908.0,0.19078834921294033
6919.0,0.18070820251879313
6931.0,0.18798617718331884
6939.0,0.1659632752142998
6945.0,0.19116451278968696
6954.0,0.18243177117976236
6962.0,0.2123856167806784
6970.0,0.17869999986652252
6976.0,0.18756537049207808
6987.0,0.2051725130182035
6994.0,0.17386666606027842
7005.0,0.17576972915493397
7013.0,0.19695616403504207
7021.0,0.17959007951637362
7029.0,0.180485950592301
7038.0,0.18646804592750976
7050.0,0.19466769340548504
7061.0,0.17890932389830366
7066.0,0.16479326563959482
7074.0,0.19389764988900193
7082.0,0.16222411269675963
7091.0,0.17452008153574916
7100.0,0.1622458978168296
7108.0,0.1839393775826787
7112.0,0.198096751800987
7120.0,0.18479539086787602
7126.0,0.1885427128823326
7134.0,0.18065656295247084
7143.0,0.20956457106637028
7157.0,0.16214735224638752
7165.0,0.2031419082363796
7177.0,0.1589288337041088
7183.0,0.1905604124806298
7188.0,0.1863375392618634
7199.0,0.1905452338902336
7203.0,0.1965373717616973
7211.0,0.16857526490074376
7222.0,0.1682905076875448
7233.0,0.17605321289776382
7244.0,0.19496857710819965
7249.0,0.17459462794853917
7256.0,0.1671705160670956
7262.0,0.21327165651583385
7273.0,0.17363924224958668
7281.0,0.14689622652819656
7288.0,0.18404466302592645
7295.0,0.19342307745806572
7303.0,0.16937199542918036
7314.0,0.1990391767451834
7318.0,0.18906005991315517
7326.0,0.1709658317280434
7331.0,0.18922981644500741
7340.0,0.19332171018659308
7349.0,0.22511993705995215
7356.0,0.18872891741439585
7364.0,0.19351285263723633
7375.0,0.1995107695131418
7386.0,0.1979283595672373
7393.0,0.18062081607143002
7401.0,0.19498634743605028
7410.0,0.19684377451850313
7419.0,0.15992092889970838
7427.0,0.18292433961211507
7435.0,0.19394440328475157
7443.0,0.21644541231070724
7454.0,0.1787347237941478
7461.0,0.2128876921185421
7469.0,0.18866107200854354
7480.0,0.1974031359953957
7487.0,0.18114811344241968
7496.0,0.17799365882084178
7508.0,0.20909928672712497
7518.0,0.172260572512463
7529.0,0.18343354985867136
7537.0,0.17379106083598736
7543.0,0.19412888437331574
7550.0,0.1972527152897391
7562.0,0.18900758378399354
7569.0,0.19099566242500676
7575.0,0.18508845136717583
7582.0,0.15929247899547253
7591.0,0.17019466079882486
7600.0,0.2023090802431723
7606.0,0.17269381489536476
7613.0,0.18417647691509692
7624.0,0.16311286442952996
7635.0,0.16573016299658253
7645.0,0.1746690326937704
7652.0,0.16683339776305098
7663.0,0.19467211307157395
7677.0,0.1870191921014912
7681.0,0.18510251181853712
7687.0,0.1916692211719483
7691.0,0.17059291384415673
7697.0,0.2131769417374144
7707.0,0.18552041803987038
7714.0,0.19433508538529332
7722.0,0.1921699257691262
7729.0,0.1911770644523412
7734.0,0.17701064608625278
7742.0,0.1775637672266423
7750.0,0.1974462383433676
7759.0,0.1855152693458772
7767.0,0.185284998135382
7775.0,0.18148753837625414
7784.0,0.1871327733858242
7792.0,0.1937959239276876
7803.0,0.20661348047010686
7812.0,0.15700776879912307
7821.0,0.20279671955921277
7829.0,0.18141329740021314
7837.0,0.15767781584021637
7841.0,0.18907947137674758
7846.0,0.1896425878041252
7857.0,0.19235108271616788
7865.0,0.17428880856164322
7874.0,0.1569962877976759
7881.0,0.17909954441485135
7889.0,0.18301138583430643
7900.0,0.17869287264419295
7911.0,0.16183336774354948
7919.0,0.17874049542789
7928.0,0.19184130992018492
7936.0,0.19163264299358918
7941.0,0.18410507893560096
7949.0,0.21149458161629028
7954.0,0.17953121959363216
7961.0,0.20757620357249904
7975.0,0.16911758515436182
7982.0,0.20215869815145893
7990.0,0.1873111118646549
7999.0,0.1864268319897344
8003.0,0.19324253074744924
8008.0,0.18098545719795353
8013.0,0.19668240414368182
8021.0,0.18072519738951726
8026.0,0.18427541440605577
8034.0,0.19563184610918802
8040.0,0.2042795575009414
8044.0,0.17530795931247675
8052.0,0.19529867058202288
8059.0,0.17868847716418454
8073.0,0.1644494913263617
8081.0,0.20550928765329665
11155.0,0.20032964956979654
11163.0,0.18051803503686034
11175.0,0.18412934204539894
11189.0,0.15937950999841247
11197.0,0.1765711366944328
11205.0,0.15512126453644007
11213.0,0.2048277788221375
11222.0,0.18510294623824491
11233.0,0.18681485365958472
11242.0,0.1662222430857135
11250.0,0.17241836472883004
11256.0,0.1678719409677132
11265.0,0.19543168954785636
11274.0,0.173337939825233
11282.0,0.19964782912404838
11290.0,0.15600134103693583
11296.0,0.19779726407227674
11303.0,0.214308492948174
11311.0,0.1805956290249402
11322.0,0.16681323824594593
11329.0,0.18824815037761006
11335.0,0.17842735047854208
11342.0,0.18378348926883958
11350.0,0.17268643685856877
11359.0,0.17958219133978173
11367.0,0.18088190956048886
11375.0,0.19634541231483166
11383.0,0.20198539457688144
11392.0,0.1844206242062282
11400.0,0.1929376800745113
11406.0,0.1793901343861252
11418.0,0.18142080894009185
11425.0,0.20972856244397525
11432.0,0.19854552434975134
11443.0,0.18653910488185788
11452.0,0.192426753383087
11457.0,0.19369228464647226
11461.0,0.19362899677169781
11467.0,0.18053966979425504
11476.0,0.14372886735114476
11485.0,0.19741795471051304
11493.0,0.2028036131175548
11502.0,0.17043991360509725
11510.0,0.18253170772239505
11518.0,0.17340830025753706
11523.0,0.17543652426017922
11531.0,0.17270317583193692
11543.0,0.1759709493100846
11550.0,0.1817069252474352
11559.0,0.16479332848748246
11567.0,0.18830277248756253
11576.0,0.18540835471316156
11587.0,0.21070039095615029
11598.0,0.19209944768264356
11607.0,0.21245789219801992
11618.0,0.18717640305862387
11627.0,0.1702723892373015
11635.0,0.17956681695611018
11641.0,0.18213393503159714
11650.0,0.16745060908306605
11657.0,0.17746043237536088
11671.0,0.19230756067568533
11682.0,0.18967758114564529
11690.0,0.1794790498059565
11699.0,0.18520689037323823
11709.0,0.18689095227118965
11720.0,0.16893012128476662
11727.0,0.18361369058736704
11736.0,0.16292678942199812
11744.0,0.18303333912566203
11753.0,0.16725197018996385
11760.0,0.1900860091684931
11769.0,0.15986247889505645
11777.0,0.18619366786365046
11783.0,0.1811207039177036
11788.0,0.21869366476229368
11797.0,0.19286379691768243
11805.0,0.1730840555654483
11811.0,0.19407731361763275
11818.0,0.1638019529719377
11826.0,0.16939134218960472
11834.0,0.19078627332628972
11841.0,0.19418269933577312
11849.0,0.16558371437535066
11858.0,0.2198862930123869
11866.0,0.17749227309901744
11870.0,0.14761262463515057
11881.0,0.20183671145878052
11889.0,0.19419878916445119
11896.0,0.17174739605467013
11908.0,0.16734640374340062
11916.0,0.20833133216705102
11923.0,0.19350295562421835
11932.0,0.18729928328624257
11940.0,0.20742243363849938
11947.0,0.20752738264593865
11951.0,0.16204847057236582
11955.0,0.15449328231200812
11967.0,0.1628024182929109
11974.0,0.1706629252603393
11979.0,0.1874758239380424
11991.0,0.1759189847177447
11997.0,0.1826051488202359
12006.0,0.1817378006910574
12011.0,0.17782640763268184
12016.0,0.17149147551523367
12023.0,0.18124673772663796
12030.0,0.1669995943085926
12037.0,0.21234389616134275
12041.0,0.19077275061970553
12050.0,0.1774297079576448
12058.0,0.18497671753062178
12065.0,0.18202943849129646
12075.0,0.18980118299786888
12080.0,0.18167127988394643
12088.0,0.17071434144287964
12099.0,0.17612790334569553
12103.0,0.17774751954250687
12110.0,0.16990325170725784
12119.0,0.1829116232537816
12128.0,0.2042703899310074
12136.0,0.20670845413214697
12147.0,0.16623284560040683
12156.0,0.16780856829845167
12164.0,0.18948565100675557
12172.0,0.21414898553824252
12184.0,0.1725424285822103
12191.0,0.1670660434463357
12198.0,0.20774414140554134
12205.0,0.20730917222120496
12213.0,0.19214092021522425
12217.0,0.19596655035169103
12223.0,0.19185971714601965
12231.0,0.17967660265373772
12238.0,0.16316508792396736
12246.0,0.18110714272783635
12253.0,0.1732966142134558
12264.0,0.19499276540399027
12269.0,0.21481892302248426
12273.0,0.17963573661049048
12282.0,0.21472249146272224
12290.0,0.18884212460596805
12297.0,0.17035040411997224
12308.0,0.16951002642582644
12313.0,0.1841999903769507
12322.0,0.16735131941317086
12331.0,0.16385709357190176
12338.0,0.2237812891290345
12343.0,0.179467027827614
12351.0,0.17850309071534054
12356.0,0.17696543341496618
12365.0,0.16531879005194952
12371.0,0.18929070006316343
12379.0,0.15667332744799212
12387.0,0.19626884663716326
12392.0,0.202453141573089
12400.0,0.1842019739337504
12404.0,0.1969927150538619
12411.0,0.17934006756260093
12419.0,0.16426632834168878
12427.0,0.18009261933315124
12439.0,0.18002383254760973
12447.0,0.177565653483548
12455.0,0.1728212857322214
12464.0,0.16510850180651968
12471.0,0.17968814730690275
12480.0,0.19371016447407585
12491.0,0.1669491804105734
12498.0,0.19851359588330691
12506.0,0.2006210542229654
12513.0,0.1743837492827202
12521.0,0.16561587638187308
12526.0,0.15225291097652
12535.0,0.18923464790688146
12543.0,0.18704296482446095
12549.0,0.1741801619645277
12560.0,0.1959765073289392
12571.0,0.18245934081745752
12575.0,0.20394369822423733
12585.0,0.17275189046756095
12590.0,0.1799584328747884
12600.0,0.177306471236451
12608.0,0.21902748005048994
12612.0,0.18104725060799726
12619.0,0.18583083269112866
12623.0,0.16080925926638398
12631.0,0.17614344864693404
12638.0,0.17523097255903444
12650.0,0.16055477988758488
12657.0,0.18999150470806284
12664.0,0.17705366223482588
12668.0,0.19235014481620874
12679.0,0.1921820721196633
12686.0,0.17522068875251962
12692.0,0.2007347990923741
12703.0,0.18998394211394948
12711.0,0.1982740613670856
12721.0,0.17361943290604429
12728.0,0.17659896418376003
12737.0,0.18293947144135972
12748.0,0.18934587232016187
12755.0,0.1941309554082645
12762.0,0.1791064537673684
12768.0,0.17838814592252117
12779.0,0.1893215051784575
12785.0,0.23596296560546362
12791.0,0.19889816166419894
12795.0,0.19628068431242846
12803.0,0.17347804477698314
12810.0,0.2071473357889288
12818.0,0.1854713876593769
12826.0,0.1850093517689999
12833.0,0.17778014471934042
12840.0,0.19097895446568752
12849.0,0.1757910968190135
12856.0,0.16859799676828974
12864.0,0.21390072817450048
12870.0,0.18783497777176958
12881.0,0.16275239321899845
12886.0,0.15386232954554904
12891.0,0.17324099239938215
12896.0,0.18740425631348384
12905.0,0.19610376879954117
12914.0,0.180771113932719
12922.0,0.16879378238414933
12933.0,0.19912892998051984
12937.0,0.17993418022385957
12945.0,0.19194768628400782
12953.0,0.18949682309076896
12962.0,0.20104286537956834
12966.0,0.18516193048440263
12974.0,0.18216950006014404
12980.0,0.20106184118803772
12987.0,0.22946090853686762
12993.0,0.2161828610712193
13001.0,0.20207848096735778
13015.0,0.18496138270962226
13024.0,0.21009115365849015
13031.0,0.19793658324645128
13039.0,0.23970708823229936
13045.0,0.1924119622353268
13052.0,0.20065205476645734
13058.0,0.15152315419750473
13069.0,0.18826246735449956
13077.0,0.19781610399270014
13084.0,0.19622166596481527
13091.0,0.1944338414312093
13097.0,0.2296106467770554
13106.0,0.21228970646293668
13112.0,0.17558960196798118
13121.0,0.17145328631586423
13129.0,0.19472153982059134
13136.0,0.18741993566584345
13145.0,0.18086660461345624
13153.0,0.16545731802050392
13160.0,0.17569191608556212
13167.0,0.2161837796945418
13173.0,0.18989806052027347
13181.0,0.1736392798874486
13188.0,0.20276191401145338
13196.0,0.1848349731676779
13205.0,0.18472042942698694
13214.0,0.17092160878775617
13222.0,0.20582147176583132
13231.0,0.1866815944751942
13239.0,0.19534123094425507
13247.0,0.17573988572479432
13255.0,0.19138274590610732
13263.0,0.16004286139757637
13274.0,0.1752927364665779
13278.0,0.1914101713626324
13285.0,0.1591395557167208
13293.0,0.18120720633305035
13302.0,0.18600927525276664
13306.0,0.18894341998174902
13317.0,0.1746856989626023
13324.0,0.19064444128440905
13333.0,0.1815459075909343
13340.0,0.16901479298290956
13348.0,0.17078110523578913
13358.0,0.18656424846432618
13370.0,0.17802801368927942
13377.0,0.1892877080773897
13384.0,0.17022522356876713
13391.0,0.17475481258864853
13395.0,0.1603947092680907
13400.0,0.15755991399135133
13409.0,0.18712588033044897
13420.0,0.1694209095937844
13428.0,0.16701549626255116
13433.0,0.203013647339272
13447.0,0.20239248690784545
13451.0,0.1886317536282685
13458.0,0.1796800297095571
13462.0,0.1790775970996052
13467.0,0.17772190740014265
13472.0,0.19313181571127372
13481.0,0.18744615062304787
13487.0,0.18102039948412274
13491.0,0.18760464012274974
13498.0,0.17411525606710598
13502.0,0.18534984265751375
13509.0,0.16981296761392356
13514.0,0.19155390798197086
13522.0,0.1683911026689891
13530.0,0.17435227971519587
13538.0,0.16625271208870593
13547.0,0.17969677592842473
13555.0,0.16779846413002544
13560.0,0.18681321204519752
13569.0,0.17728876234255114
13577.0,0.1864996555175268
13588.0,0.17399234496106902
13594.0,0.17425878862157246
13602.0,0.16785970799966962
13610.0,0.18766324407669693
13617.0,0.189517926070873
13625.0,0.17101874100943532
13634.0,0.1717198865314535
13642.0,0.17556930899825632
13646.0,0.17147452737749336
13657.0,0.16443748444248338
13666.0,0.20158768110771214
13673.0,0.19500544862078603
13679.0,0.17693374409385146
13690.0,0.17276571459638565
13696.0,0.18252512398735113
13704.0,0.19379860521681166
13712.0,0.1817006836062058
13723.0,0.18073245109807054
13728.0,0.194126127983764
13734.0,0.17305122933380113
13748.0,0.18319537136065486
13754.0,0.1785482247711085
13759.0,0.15287809477752318
13763.0,0.20198378389158828
13771.0,0.18106790225286018
13782.0,0.17379712478449882
13786.0,0.19546555099820923
13792.0,0.17414993710449678
13799.0,0.1876109712483309
13803.0,0.17787800291443154
13808.0,0.17570959199512254
13815.0,0.18005029759916996
13824.0,0.17603641512955
13838.0,0.18055923507807922
13846.0,0.20913747722637527
13855.0,0.19217030354069228
13859.0,0.19034517420424923
13871.0,0.1921973901546276
13879.0,0.21900090184489632
13885.0,0.18370431967768724
13891.0,0.18233643986908754
13899.0,0.17392348003793084
13909.0,0.20801467247286232
13917.0,0.19540081285212021
13926.0,0.18478481263376773
13931.0,0.19067405554224515
13942.0,0.18798680175445473
13949.0,0.18338809894790448
13961.0,0.15873407136557158
13969.0,0.19121539420408937
13977.0,0.18490227270060683
13985.0,0.18777725474280269
13993.0,0.1980400156951157
14002.0,0.19583150508967354
14007.0,0.18556301069993528
14014.0,0.18621828510988006
14022.0,0.2159931227047143
14026.0,0.19448017909011656
14033.0,0.1865458530953231
14039.0,0.16521544103377558
14047.0,0.18688793088855238
14058.0,0.19332285736325178
14067.0,0.19402605837486575
14074.0,0.2116321706775625
14080.0,0.20549893082988638
14085.0,0.18585639869649617
14091.0,0.15888075902238902
14098.0,0.18430759811328917
14106.0,0.18737045573406763
14114.0,0.194753444343141
14126.0,0.18411619147845082
14133.0,0.17510724406258107
14141.0,0.18562523323127417
14149.0,0.17313744038505488
14158.0,0.19377309596513265
14167.0,0.20649988527414562
14174.0,0.17100241630190877
14182.0,0.18098794589489392
14191.0,0.20771687296298103
14199.0,0.16383676326416968
14206.0,0.1767289380545466
14215.0,0.19027391906309926
14225.0,0.1468682180716862
14232.0,0.19318179879796957
14239.0,0.18401931817604456
14246.0,0.16551472352491067
14250.0,0.1950995322666951
14259.0,0.16774162619840383
14270.0,0.20402414375508066
14278.0,0.18355690050482312
14290.0,0.1975633505994716
14299.0,0.1922722963453804
14307.0,0.200444125277867
14313.0,0.2077949119158573
14321.0,0.20211579168087943
14335.0,0.2022316858649927
14340.0,0.1570377686679861
14346.0,0.1989304136728348
14355.0,0.18365935465211364
14362.0,0.2197778156420458
14371.0,0.2068252237804818
14380.0,0.1853684979089831
14388.0,0.17981950237310818
14395.0,0.1841596452337627
14403.0,0.18928589963271875
14411.0,0.19918392662394693
14419.0,0.18824963577050105
14424.0,0.16653814994238886
14429.0,0.1912354393045376
14440.0,0.17999044307402745
14447.0,0.16544042388106583
14458.0,0.1741254396618275
14466.0,0.16744393640348978
14471.0,0.16864289937832228
14483.0,0.193880046003832
14489.0,0.1829958050284334
14493.0,0.173914254532606
14501.0,0.1793853426465007
14508.0,0.17830202361540085
14513.0,0.169874463891089
14520.0,0.19925516227310747
14526.0,0.19975003256993487
14537.0,0.18598772271670685
14543.0,0.18526419157491184
14554.0,0.18183097735026113
14560.0,0.171079494619162
14569.0,0.1845292239752741
14577.0,0.17883470675574156
14584.0,0.2057698438933179
14592.0,0.16859213901300202
14604.0,0.20886390283589365
14611.0,0.18620477001696292
14623.0,0.17890443685712645
14631.0,0.183583375558433
14635.0,0.19597828313222784
14642.0,0.17916096765459633
14649.0,0.17779451132652802
14657.0,0.17564727948075867
14665.0,0.1919775827467198
14672.0,0.19625504807986854
14684.0,0.20170927070390332
14693.0,0.1781540882497709
14702.0,0.1835538352001076
14710.0,0.16943961979785005
14718.0,0.19279202941908874
14727.0,0.22268350192949024
14738.0,0.19135816211729745
14746.0,0.19432288306296958
14753.0,0.18981135852766767
14762.0,0.17616692750750926
14770.0,0.17484712120857068
14778.0,0.15490444870064357
14787.0,0.17555870573572213
14794.0,0.1744313836643775
14799.0,0.17822895678508943
14810.0,0.17945765233151015
14815.0,0.16538224533560653
14820.0,0.18698168819301453
14825.0,0.1609334887184807
14834.0,0.17802722887162006
14841.0,0.16041786904111438
14846.0,0.18071343023005718
14850.0,0.17896695745855928
14859.0,0.1832838328833703
14870.0,0.18297843073653558
14877.0,0.16939034317880777
14885.0,0.19100642812133756
14894.0,0.1983546727526523
14902.0,0.18813127179561312
14909.0,0.18909760029636233
14919.0,0.19727183314441235
14927.0,0.20424614672711588
14934.0,0.19035818891214618
14943.0,0.18478970599585445
14951.0,0.1703660464409434
14959.0,0.19447488446323502
14967.0,0.2051472925573445
14975.0,0.18108509354698044
14987.0,0.18573088782599334
14996.0,0.18949624545549634
15007.0,0.18140565933644792
15019.0,0.1848199562097115
15027.0,0.1745381480239938
15033.0,0.18479477137350456
15042.0,0.18985928741979205
15050.0,0.1823701655188608
15058.0,0.2000037672525554
15064.0,0.17443942413387684
15075.0,0.19797569748978783
15082.0,0.19884943754918377
15093.0,0.1957379346646851
15101.0,0.15903491118944782
15109.0,0.17768279689261943
15117.0,0.18456076290865706
15126.0,0.18637834718949114
15138.0,0.21748056392038953
15149.0,0.1591071818613457
15154.0,0.18530175561784912
15162.0,0.1924404802071031
15170.0,0.1681879395794919
15179.0,0.1720348926495637
15188.0,0.17625589871458133
15196.0,0.1553890522640353
15200.0,0.1895252940218893
15208.0,0.17381345319438515
15214.0,0.18690806801084253
15222.0,0.19521006006280278
15231.0,0.20765967082335918
15245.0,0.17359389605749923
15253.0,0.1985911365492182
15265.0,0.16607856790225606
15271.0,0.1863280220963452
15276.0,0.17944384591139315
15287.0,0.16491937467249612
15291.0,0.16914524132552033
15299.0,0.1765080797191138
15310.0,0.1707231896619639
15321.0,0.18148800100060336
15332.0,0.17329141227755437
15337.0,0.17465167087893035
15344.0,0.16862707653333542
15350.0,0.18117129675526233
15361.0,0.16748254775481847
15369.0,0.1729507790957022
15376.0,0.1776423389625593
15383.0,0.1909834242295416
15391.0,0.19665830921741637
15402.0,0.20221309571129065
15406.0,0.18406217015247475
15414.0,0.18631911680621935
15419.0,0.17407471021454424
15428.0,0.18363101614989996
15437.0,0.2113958162022791
15444.0,0.1847560819353066
15452.0,0.19344992747301426
15463.0,0.2085908280345835
15474.0,0.19303578553035985
15481.0,0.18231331495505515
15489.0,0.18849923217703504
15498.0,0.16445425945108688
15507.0,0.17002039269787417
15515.0,0.17973290965393085
15523.0,0.18921132513062913
15531.0,0.18858873619669705
15542.0,0.19013878979984278
15549.0,0.19303877633340694
15557.0,0.18844835999470091
15568.0,0.18810046355517396
15575.0,0.186768067464
15584.0,0.17396312690224605
15596.0,0.21217378689841002
15606.0,0.16243124717579302
15617.0,0.19658029618870923
15625.0,0.18246920866820782
15631.0,0.19554302699063844
15638.0,0.19181642958903788
15650.0,0.1890433787896994
15657.0,0.20102669960557162
15663.0,0.19455692554954512
15670.0,0.15886195318766663
15679.0,0.17228906015400808
15688.0,0.17833393243580814
15694.0,0.17392980367118357
15701.0,0.1833848167595686
15712.0,0.17540774168691298
15723.0,0.1719639530168383
15733.0,0.18222945018952386
15740.0,0.19027238587287962
15751.0,0.21175906418635115
15765.0,0.1757450218470519
15769.0,0.16185625727444178
15775.0,0.17710304510328417
15779.0,0.20399386503956715
15785.0,0.20919180092086223
15795.0,0.1973038998692549
15802.0,0.18343723915445703
15810.0,0.1893521399307922
15817.0,0.1979889365488859
15822.0,0.16617147918583836
15830.0,0.17667759137159814
15838.0,0.1915002374692202
15847.0,0.18891154190750992
15855.0,0.17802791449553887
15863.0,0.1736431756085002
15872.0,0.18884901508718555
15880.0,0.19271754731346294
15891.0,0.18825971233001382
15900.0,0.20795966813368272
15909.0,0.19595763543309513
15917.0,0.17091087449914075
15925.0,0.18254677849112685
15929.0,0.18811078401340833
15934.0,0.1769385412562377
15945.0,0.17793592500290661
15953.0,0.16903096865281383
15962.0,0.16552804375686067
15969.0,0.16667700247316294
15977.0,0.1906216445117966
15988.0,0.17992902099654137
15999.0,0.17792250889110417
16007.0,0.18105136831119362
16016.0,0.18061725575172513
16024.0,0.18370416691519215
16029.0,0.18354395869549722
16037.0,0.17853615989785235
16042.0,0.17930317737615334
16049.0,0.19091737338356018
16063.0,0.1987378042043188
16070.0,0.19264229797053625
16078.0,0.1746426039394004
16087.0,0.18980786910197134
16091.0,0.19337975286416212
16096.0,0.17994474502953417
16101.0,0.16292177807584055
16109.0,0.1858074277528745
16114.0,0.1966864515941372
16122.0,0.1666756097029108
16128.0,0.1714425369592772
16132.0,0.18115326850449234
16140.0,0.15639917700110384
16147.0,0.18153247644327228
16161.0,0.18247433072578184
16169.0,0.18995937163731885
