,4
3067.0,0.1587998053524504
3075.0,0.2043129921468841
3087.0,0.21308884875761228
3101.0,0.2073107978708823
3109.0,0.18137592475076433
3117.0,0.20688900136000518
3125.0,0.2193248202715466
3134.0,0.1436271311747542
3145.0,0.23598767686938946
3154.0,0.21201116589347516
3162.0,0.2024990899121382
3168.0,0.21838789290781616
3177.0,0.24314978803680024
3186.0,0.2062729810841503
3194.0,0.20890778738969373
3202.0,0.21379701903673531
3208.0,0.20836752566804492
3215.0,0.21484966550406615
3223.0,0.20253196005396917
3234.0,0.19466093900171122
3241.0,0.21948239743232661
3247.0,0.1687155131465422
3254.0,0.2344142316299894
3262.0,0.21036037347076855
3271.0,0.21528971492321902
3279.0,0.19544003677738433
3287.0,0.17147120694050808
3295.0,0.18394178745941664
3304.0,0.214061837939952
3312.0,0.22985067223519218
3318.0,0.20051117610702462
3330.0,0.19031757794397602
3337.0,0.15740969081973616
3344.0,0.19015119530004962
3355.0,0.18776330212149925
3364.0,0.18991485121984492
3369.0,0.1923112701238705
3373.0,0.1802809498247536
3379.0,0.1843106625836943
3388.0,0.21772430387237549
3397.0,0.19165705009170833
3405.0,0.20242722882582254
3414.0,0.22397818351568954
3422.0,0.21254774680412505
3430.0,0.19180200883872303
3435.0,0.22064081283902054
3443.0,0.21237259013470303
3455.0,0.20693800968286202
3462.0,0.1899055219719347
3471.0,0.19247193824108952
3479.0,0.19084872858102572
3488.0,0.21071458845093452
3499.0,0.1894900296650992
3510.0,0.1798130637372118
3519.0,0.20480680827815306
3530.0,0.17095754914908529
3539.0,0.1826611021023921
3547.0,0.21601701313573074
3553.0,0.19500936628823565
3562.0,0.22576393192746658
3569.0,0.19162543230514226
3583.0,0.16742110661635926
3594.0,0.2167193823694184
3602.0,0.1970354054041597
3611.0,0.19055301282176096
3621.0,0.1917703963807985
3632.0,0.1951393349197564
3639.0,0.16542085230883463
3648.0,0.2068212033971576
3656.0,0.18631427114321827
3665.0,0.21336485287943469
3672.0,0.18102513505482393
3681.0,0.21492722578330997
3689.0,0.22757106660018256
3695.0,0.23977895921115105
3700.0,0.17131605898753322
3709.0,0.22830686240165077
3717.0,0.22420063729446688
3723.0,0.1953097556522879
3730.0,0.1775042122408238
3738.0,0.1902314536692189
3746.0,0.2121653476717744
3753.0,0.24833486657031884
3761.0,0.2340202757553803
3770.0,0.1627276891886797
3778.0,0.14285637089355552
3782.0,0.17490280440850534
3793.0,0.19250410985643457
3801.0,0.20236541811600733
3808.0,0.20349786180070306
3820.0,0.18652230902733508
3828.0,0.1807673222992731
3835.0,0.19635135996434588
3844.0,0.22439909251888507
3852.0,0.20033529444733666
3859.0,0.18275122424090454
3863.0,0.2406997179358212
3867.0,0.21097548905705119
3879.0,0.18268106233015233
3886.0,0.22224725141571258
3891.0,0.2068503125996632
3903.0,0.18557049061782271
3909.0,0.19432220991688068
3918.0,0.20102987530925615
3923.0,0.17225834811268867
3928.0,0.23296046215854851
3935.0,0.18160966042103224
3942.0,0.21013848933978468
3949.0,0.11774225845792197
3953.0,0.21007435486266907
3962.0,0.1674910290310628
3970.0,0.20923031746803425
3977.0,0.19566343753009452
3987.0,0.17090997308992822
3992.0,0.20139032944621008
4000.0,0.23657382015453246
4011.0,0.2284155769726003
4015.0,0.2291933458385567
4022.0,0.19715394955248491
4031.0,0.20483070209590945
4040.0,0.17757511309957014
4048.0,0.16985703099792215
4059.0,0.2237447089619743
4068.0,0.21241071872756737
4076.0,0.20512103729504355
4084.0,0.1791710305568969
4096.0,0.21720054142678533
4103.0,0.16811652880152045
4110.0,0.2008402244429161
4117.0,0.18076900183765432
4125.0,0.21003911613045573
4129.0,0.21567296983379414
4135.0,0.18644905144699592
4143.0,0.15002627701164914
4150.0,0.14790026695227612
4158.0,0.196470083355304
4165.0,0.19784166579095172
4176.0,0.2029019898373042
4181.0,0.16455475483373383
4185.0,0.20582434501308597
4194.0,0.2062941927880641
4202.0,0.19589604669766048
4209.0,0.2257421147891312
4220.0,0.20061283335563374
4225.0,0.2187084754162788
4234.0,0.15271870739855498
4243.0,0.2493845131274659
4250.0,0.20278303146416685
4255.0,0.21893504302351785
4263.0,0.21221962690513668
4268.0,0.25410427735875385
4277.0,0.18234729573577324
4283.0,0.19065074539176335
4291.0,0.2167364763496245
4299.0,0.18387590190845812
4304.0,0.20078011055330233
4312.0,0.1798582324836352
4316.0,0.19713775943201173
4323.0,0.15637861871249392
4331.0,0.19500840208466902
4339.0,0.2221408591782475
4351.0,0.23397112578010637
4359.0,0.23546002747527298
4367.0,0.17181537225036297
4376.0,0.190583355661505
4383.0,0.21217569813989862
4392.0,0.22513206698014415
4403.0,0.22831758141184205
4410.0,0.22399307374869282
4418.0,0.23123538289317763
4425.0,0.16122754711322768
4433.0,0.2143466549780199
4438.0,0.17326679801205344
4447.0,0.11527614745341228
4455.0,0.17592502616517747
4461.0,0.17307830785239908
4472.0,0.20285402871643168
4483.0,0.20783046973364488
4487.0,0.20438786690502575
4497.0,0.195367710890031
4502.0,0.23566207473644982
4512.0,0.19093561037285958
4520.0,0.1922836597446416
4524.0,0.15461027713637962
4531.0,0.2068234707038302
4535.0,0.16613922436230408
4543.0,0.174450030903928
4550.0,0.20752141770322458
4562.0,0.19413238845246766
4569.0,0.19517536025593726
4576.0,0.20194058755798075
4580.0,0.19567752789938997
4591.0,0.2424045917181086
4598.0,0.20583511050656841
4604.0,0.2596334238962675
4615.0,0.23925712618021608
4623.0,0.21345656886149963
4633.0,0.23087683396937753
4640.0,0.1845925025896213
4649.0,0.19958704385340817
4660.0,0.18790406319107247
4667.0,0.22262024922388743
4674.0,0.16789405365790636
4680.0,0.21600024060002926
4691.0,0.18223084015876212
4697.0,0.1935075422639453
4703.0,0.22230840990074982
4707.0,0.20524928029944314
4715.0,0.1507747365583346
4722.0,0.1855160999906402
4730.0,0.1711619094267279
4738.0,0.22204264765497156
4745.0,0.22102389510845227
4752.0,0.19290645607080242
4761.0,0.1762169762322807
4768.0,0.2041089643772586
4776.0,0.18683715175465115
4782.0,0.18342876034456568
4793.0,0.2445162682166345
4798.0,0.2198664645965248
4803.0,0.1815348548737954
4808.0,0.21448735060956534
4817.0,0.23610762854513473
4826.0,0.2080286146070063
4834.0,0.20962021576470008
4845.0,0.19863806519806845
4849.0,0.21476971868559896
4857.0,0.21617345788852207
4865.0,0.17724750804523443
4874.0,0.15824513790933448
4878.0,0.17627071205625378
4886.0,0.19923047916097744
4892.0,0.19768491850388722
4899.0,0.23779512244003076
4905.0,0.18871086665696524
4913.0,0.18554012214477011
4927.0,0.1942479290213761
4936.0,0.22339535057091806
4943.0,0.1731057142843119
4951.0,0.2278668402937341
4957.0,0.20527569873039694
4964.0,0.1587707836942032
4970.0,0.18360999204630996
4981.0,0.19425315329356613
4989.0,0.19478812195127354
4996.0,0.2263528205907693
5003.0,0.15661682007887245
5009.0,0.17889979333065126
5018.0,0.2019883238272973
5024.0,0.18825882071156896
5033.0,0.22406656470194525
5041.0,0.18666149761738812
5048.0,0.23377634169720837
5057.0,0.18891137747792489
5065.0,0.1817152095451393
5072.0,0.1920394422781459
5079.0,0.21845366887260084
5085.0,0.22598921514963283
5093.0,0.20392726341596654
5100.0,0.20538667069286948
5108.0,0.15993796571175506
5117.0,0.15877315109061504
5126.0,0.1833274957499272
5134.0,0.2172620804074869
5143.0,0.17178723289291023
5151.0,0.20883968153463495
5159.0,0.1666084665545553
5167.0,0.234216938774319
5175.0,0.18248247989561134
5186.0,0.16625599887337542
5190.0,0.12571768942238673
5197.0,0.17569837219847456
5205.0,0.22720779785885828
5214.0,0.21836980375001971
5218.0,0.1976463699152521
5229.0,0.20151627523849847
5236.0,0.22736243159802505
5245.0,0.21285966341497034
5252.0,0.22136742551044525
5260.0,0.21249677911332981
5270.0,0.1903032347226311
5282.0,0.22877440004507615
5289.0,0.18738262290181545
5296.0,0.19846742091301572
5303.0,0.1402932345698893
5307.0,0.17809743722683055
5312.0,0.21410972546350446
5321.0,0.16656727091940332
5332.0,0.22292128147520737
5340.0,0.18992401082729327
5345.0,0.22123279038695587
5359.0,0.1728517989280149
5363.0,0.20057890633148964
5370.0,0.23405156367417884
5374.0,0.1769897714784057
5379.0,0.19926661589661007
5384.0,0.1374474046156794
5393.0,0.1877466451073569
5399.0,0.2055818192429052
5403.0,0.23642498336748086
5410.0,0.19650523828637942
5414.0,0.2260496415013348
5421.0,0.19219211745553821
5426.0,0.21260215022688966
5434.0,0.20780697609363022
5442.0,0.20598459994236146
5450.0,0.20510863577986224
5459.0,0.21417157923444416
5467.0,0.1713714882778445
5472.0,0.21512585345608243
5481.0,0.18561954606444203
5489.0,0.22525244165647504
5500.0,0.22361275637892516
5506.0,0.1838356321699496
5514.0,0.20893652376404395
5522.0,0.1867772176885713
5529.0,0.1955562903978857
5537.0,0.18020792209689696
5546.0,0.20075268135690513
5554.0,0.17984387390398407
5558.0,0.1894634757861819
5569.0,0.22715478111074197
5578.0,0.14105025615034625
5585.0,0.21700162807808132
5591.0,0.18138658162465165
5602.0,0.2123713219086006
5608.0,0.18768411443162153
5616.0,0.2035453622336178
5624.0,0.1873692377011543
5635.0,0.1965598046736449
5640.0,0.2022732990556586
5646.0,0.19887753653589435
5660.0,0.17959718614969414
5666.0,0.19398195167559892
5671.0,0.20978543665025456
5675.0,0.19414138471280337
5683.0,0.20003414446892723
5694.0,0.16772166696698243
5698.0,0.23380202793785185
5704.0,0.21873827213784994
5711.0,0.23109502727252357
5715.0,0.21874908321876627
5720.0,0.23796708180805437
5727.0,0.1824008172342054
5736.0,0.17919661252383065
5750.0,0.17664051715710086
5758.0,0.17366663030854185
5767.0,0.1876832747860837
5771.0,0.2058991261045294
5783.0,0.2171110020285769
5791.0,0.1999642393681925
5797.0,0.1877109927190116
5803.0,0.24471611738973092
5811.0,0.16558693687143103
5821.0,0.16697278492627426
5829.0,0.17189480218617056
5838.0,0.18356547150890234
5843.0,0.23284312075939897
5854.0,0.2107637585622713
5861.0,0.203028895219236
5873.0,0.1832536743466366
5881.0,0.19245217921113844
5889.0,0.18048854195073785
5897.0,0.21834878953205641
5905.0,0.16304619895120923
5914.0,0.21786384219586838
5919.0,0.1655290968698172
5926.0,0.21941057328005692
5934.0,0.1979549838981201
5938.0,0.2502904047350742
5945.0,0.2367202805254276
5951.0,0.2096301883108898
5959.0,0.18286959034936953
5970.0,0.1827141844230637
5979.0,0.20172936146877474
5986.0,0.21876703504147063
5992.0,0.14689015934479713
5997.0,0.19118730989636623
6003.0,0.2029555710094055
6010.0,0.2005499227513848
6018.0,0.1710822536050483
6026.0,0.22038577591256517
6038.0,0.16383222786055043
6045.0,0.1813691822007917
6053.0,0.1922922504381746
6061.0,0.18765360165685321
6070.0,0.23176674123825852
6079.0,0.20733675040374175
6086.0,0.20751603077228092
6094.0,0.21495942630625567
6103.0,0.17115813818152528
6111.0,0.20099726044270935
6118.0,0.16695181339436624
6127.0,0.20983214918511872
6137.0,0.21472440129909218
6144.0,0.22932227168931718
6151.0,0.22320791762159006
6158.0,0.2459155306203422
6162.0,0.19577100245556453
6171.0,0.1737082953290415
6182.0,0.19362806356897183
6190.0,0.2098706829500057
6202.0,0.204616898093178
6211.0,0.16349864514354454
6219.0,0.20596308229642232
6225.0,0.20129157745135903
6233.0,0.19870676944392432
6247.0,0.22162313255053204
6252.0,0.2411527089319017
6258.0,0.21426250406977618
6267.0,0.2005783822806171
6274.0,0.17310406236863038
6283.0,0.1597749350524412
6292.0,0.20077406672810627
6300.0,0.19823128668567558
6307.0,0.22064801402689294
6315.0,0.21393491696108138
6323.0,0.223863432824473
6331.0,0.19800481639726075
6336.0,0.18162422485097673
6341.0,0.20146343611544568
6352.0,0.24312474652584698
6359.0,0.1854323701062434
6370.0,0.19826916168131067
6378.0,0.19989249059123781
6383.0,0.19708867545609549
6395.0,0.22029788066485823
6401.0,0.19406427905063528
6405.0,0.18853267940379853
6413.0,0.19729718039939492
6420.0,0.19600832119522127
6425.0,0.20076165490589604
6432.0,0.20396682220513027
6438.0,0.17983687853878233
6449.0,0.20240206568776156
6455.0,0.19157023637961748
6466.0,0.216480498133187
6472.0,0.19073677294868038
6481.0,0.20021128694055418
6489.0,0.24504339890848467
6496.0,0.1783302260499543
6504.0,0.1728685858741733
6516.0,0.17837818775009248
6523.0,0.18746105359133877
6535.0,0.2200716195156195
6543.0,0.17514308492315292
6547.0,0.1845415126011513
6554.0,0.2083163320399569
6561.0,0.19118141271662994
6569.0,0.2124587696086684
6577.0,0.206459058451368
6584.0,0.19147465222011023
6596.0,0.1586029374898812
6605.0,0.20140036357283242
6614.0,0.1714647372769207
6622.0,0.20398858036598627
6630.0,0.1620182008085313
6639.0,0.18310241467503366
6650.0,0.1661072742134279
6658.0,0.171208067934572
6665.0,0.22684731379412698
6674.0,0.18468838540937516
6682.0,0.17727641765844385
6690.0,0.1873753386614921
6699.0,0.1910119949324792
6706.0,0.22986490835375756
6711.0,0.16085702113002093
6722.0,0.2500130477868496
6727.0,0.1900381260746893
6732.0,0.1936894651694064
6737.0,0.18536154704878208
6746.0,0.21999077526915548
6753.0,0.22718130049494004
6758.0,0.20235283757617878
6762.0,0.18172433516166325
6771.0,0.2265730525318717
6782.0,0.19869038478690632
6789.0,0.18447654562173546
6797.0,0.1849571685690259
6806.0,0.2107699632682911
6814.0,0.21116535244282675
6821.0,0.1992974126388993
6831.0,0.19148062052126347
6839.0,0.22614936925729853
6846.0,0.1587552485319602
6855.0,0.1930969626772462
6863.0,0.2118559870280842
6871.0,0.19712430505887624
6879.0,0.1854873439121144
6887.0,0.20835312344020981
6899.0,0.19316579741364212
6908.0,0.2090880302269847
6919.0,0.2203802765712962
6931.0,0.2357487477430142
6939.0,0.17435011002545125
6945.0,0.1964280390371261
6954.0,0.19049148769987626
6962.0,0.25463851461276793
6970.0,0.2172126994483077
6976.0,0.22612574561095802
6987.0,0.22443634504650903
6994.0,0.19171164584151487
7005.0,0.1983863661083672
7013.0,0.2215808537072473
7021.0,0.17216031334457604
7029.0,0.1907876125829854
7038.0,0.20143733837798944
7050.0,0.24518615971343893
7061.0,0.19029510723093335
7066.0,0.15996714624260594
7074.0,0.20806727325624608
7082.0,0.17680365197377948
7091.0,0.17633114223382637
7100.0,0.22538532969978523
7108.0,0.2164776394952351
7112.0,0.22076330330924981
7120.0,0.2523474128891782
7126.0,0.17037677175121735
7134.0,0.2093850414029259
7143.0,0.19191022957531412
7157.0,0.11353084929849155
7165.0,0.21301782062157779
7177.0,0.22232101154912992
7183.0,0.2200822792671447
7188.0,0.20337088894841848
7199.0,0.16827758451950883
7203.0,0.19325582032779537
7211.0,0.20509897642706235
7222.0,0.19528984085210882
7233.0,0.22448461961993812
7244.0,0.2425888298339657
7249.0,0.20254526946646192
7256.0,0.2319393438405675
7262.0,0.22644075723282223
7273.0,0.2015922983880888
7281.0,0.20566589698004353
7288.0,0.2411985532806974
7295.0,0.20302219841148147
7303.0,0.2259213957277456
7314.0,0.18318437449038547
7318.0,0.1720095281317375
7326.0,0.19831351400546343
7331.0,0.21214596286115622
7340.0,0.2045772252858582
7349.0,0.21184945735413593
7356.0,0.22966007925562462
7364.0,0.20996771295879438
7375.0,0.20579475248767418
7386.0,0.18534459573187068
7393.0,0.19799832737677872
7401.0,0.23100889102759092
7410.0,0.17047502603110648
7419.0,0.23031134429375108
7427.0,0.19326363533215168
7435.0,0.20174643837260295
7443.0,0.16553829989841282
7454.0,0.1967134563333638
7461.0,0.21492441602673823
7469.0,0.19473174112311054
7480.0,0.2237941465668356
7487.0,0.22236332413598164
7496.0,0.19242359522855426
7508.0,0.20966491589727665
7518.0,0.18333691654290585
7529.0,0.19893051721538657
7537.0,0.20317963809697515
7543.0,0.20312943909141634
7550.0,0.21575615565280323
7562.0,0.1829770597523203
7569.0,0.1857989802079355
7575.0,0.21890333503235263
7582.0,0.18741111020708046
7591.0,0.15056607785549941
7600.0,0.20797136881804423
7606.0,0.18374943394406223
7613.0,0.21386057513282652
7624.0,0.2085739718161876
7635.0,0.20761213166417164
7645.0,0.20316325455930156
7652.0,0.182265080762702
7663.0,0.18128112588059206
7677.0,0.19452576588586284
7681.0,0.18283059463795054
7687.0,0.2185777662973802
7691.0,0.18285158652992536
7697.0,0.20551286930853563
7707.0,0.16312069700692972
7714.0,0.22789242888031702
7722.0,0.19898770080514472
7729.0,0.1941282952658713
7734.0,0.22231022523636151
7742.0,0.2373303702149602
7750.0,0.21514478958402186
7759.0,0.17358869800903506
7767.0,0.2320228597374098
7775.0,0.17366556697002794
7784.0,0.21497906051275692
7792.0,0.22716209490337472
7803.0,0.2168862745386239
7812.0,0.16272311043253992
7821.0,0.19557927503732528
7829.0,0.1755897867270183
7837.0,0.17849612621460612
7841.0,0.2199291536709013
7846.0,0.20825423841332863
7857.0,0.17754109533814083
7865.0,0.21350071772050794
7874.0,0.17630700227480497
7881.0,0.20583485764403217
7889.0,0.2080161273687829
7900.0,0.22125164310043127
7911.0,0.21663566061952863
7919.0,0.20844720068314262
7928.0,0.1671067642291011
7936.0,0.17384207153191752
7941.0,0.21164540101482474
7949.0,0.22590693741530124
7954.0,0.21598857642166372
7961.0,0.22201657643940556
7975.0,0.21532412980260132
7982.0,0.20536540645708062
7990.0,0.19637166755533264
7999.0,0.2578876118536152
8003.0,0.1570636734520432
8008.0,0.18132855618018323
8013.0,0.208257760791037
8021.0,0.19728605686856265
8026.0,0.19302559324572174
8034.0,0.2133762012631195
8040.0,0.20880883838061418
8044.0,0.174364931274637
8052.0,0.24183610664381053
8059.0,0.23409113429316253
8073.0,0.158188574637524
8081.0,0.1947848593535082
11155.0,0.20744886321486272
11163.0,0.2041187476982341
11175.0,0.18475364385058812
11189.0,0.17161430258989674
11197.0,0.19873334419906905
11205.0,0.2115177855668099
11213.0,0.23460756651451128
11222.0,0.24905338895805174
11233.0,0.21586296675888264
11242.0,0.16238247747091608
11250.0,0.23518180375282507
11256.0,0.20562772893994796
11265.0,0.20873056313650085
11274.0,0.22167620596967955
11282.0,0.2074605955012872
11290.0,0.22090653947790964
11296.0,0.21406355290265355
11303.0,0.1870942807611342
11311.0,0.18350690077565682
11322.0,0.19699608098047827
11329.0,0.22042109597321918
11335.0,0.1352067117154655
11342.0,0.23244991061517223
11350.0,0.11359068592312592
11359.0,0.21158980886735634
11367.0,0.176019863926276
11375.0,0.20732035758717549
11383.0,0.1843339337259929
11392.0,0.2054946815888131
11400.0,0.21814665058231233
11406.0,0.18558905502644943
11418.0,0.17588523947468016
11425.0,0.22586843558814224
11432.0,0.1873553073113451
11443.0,0.2048852618644905
11452.0,0.18868837624318885
11457.0,0.22103945527137714
11461.0,0.21149426963577722
11467.0,0.17925418200121562
11476.0,0.21100238768778568
11485.0,0.21377487556699787
11493.0,0.2144700176925377
11502.0,0.20829912497305966
11510.0,0.1728725804233842
11518.0,0.23098069189893314
11523.0,0.23328070522615119
11531.0,0.21026777292367194
11543.0,0.22258411009349782
11550.0,0.20647274084353961
11559.0,0.2343413332442551
11567.0,0.205932682650323
11576.0,0.2194159373767842
11587.0,0.1740779217138773
11598.0,0.21518554570554452
11607.0,0.1730056957547547
11618.0,0.22219666252525183
11627.0,0.2114494216597335
11635.0,0.2229273835880879
11641.0,0.17705092582945672
11650.0,0.2164690010038924
11657.0,0.22247464138691814
11671.0,0.18894872019500866
11682.0,0.19816708421380352
11690.0,0.19893420034032297
11699.0,0.20931171226696427
11709.0,0.18111426651386894
11720.0,0.18069219173115939
11727.0,0.19967905314041545
11736.0,0.18185288359450205
11744.0,0.18368120730418638
11753.0,0.21375439394220125
11760.0,0.21172709958748606
11769.0,0.17398561188866224
11777.0,0.22739685257450812
11783.0,0.1812844432149357
11788.0,0.16717890101716942
11797.0,0.23906156905716047
11805.0,0.2078278031854538
11811.0,0.1612451674407629
11818.0,0.17748716091969052
11826.0,0.17187054123439638
11834.0,0.21198930119372303
11841.0,0.1985198723814405
11849.0,0.16605533237856565
11858.0,0.1999752916748574
11866.0,0.25804934138370816
11870.0,0.16423564449176295
11881.0,0.17373945324690074
11889.0,0.21452379864760432
11896.0,0.19330976149811868
11908.0,0.22909026173551952
11916.0,0.21268782051139243
11923.0,0.16778639186241992
11932.0,0.19293962364937617
11940.0,0.23365882248449363
11947.0,0.2085660569873358
11951.0,0.1736909826712038
11955.0,0.19543415992430027
11967.0,0.20431646296942063
11974.0,0.22065811330691593
11979.0,0.2190081554088119
11991.0,0.19093235409074277
11997.0,0.21646292082385174
12006.0,0.21041861443830998
12011.0,0.164154092402551
12016.0,0.1878333131566562
12023.0,0.1985000872093296
12030.0,0.2245043591215639
12037.0,0.09929634818857203
12041.0,0.18868373525395776
12050.0,0.08279100620326399
12058.0,0.17534228015404443
12065.0,0.19930090270614495
12075.0,0.18291797270404753
12080.0,0.19124217399165988
12088.0,0.24461789813772097
12099.0,0.20697541456904464
12103.0,0.22369384026678377
12110.0,0.2154322383573257
12119.0,0.2179254627654929
12128.0,0.22978291180059796
12136.0,0.16664024087452098
12147.0,0.20422519017683793
12156.0,0.2026956247105177
12164.0,0.23212381966896847
12172.0,0.22915840954196204
12184.0,0.20275092871311381
12191.0,0.1693222944520939
12198.0,0.21176509380074168
12205.0,0.21848539258570202
12213.0,0.2153290659692748
12217.0,0.21684117732455443
12223.0,0.17774130239141417
12231.0,0.22069076200300192
12238.0,0.21031757719661845
12246.0,0.17344161606782088
12253.0,0.20179994760328934
12264.0,0.1926018732989991
12269.0,0.1307240537143963
12273.0,0.18340202181657167
12282.0,0.2254423310814219
12290.0,0.19959453148254191
12297.0,0.20975625459938055
12308.0,0.16202365503173788
12313.0,0.20923791954761237
12322.0,0.17328731486254595
12331.0,0.21088178702985994
12338.0,0.20388293909014368
12343.0,0.22664455818633383
12351.0,0.16150904943602143
12356.0,0.2157839524007338
12365.0,0.21204342049011984
12371.0,0.18234213905392443
12379.0,0.1583702559046726
12387.0,0.2101776275534947
12392.0,0.1630435178514308
12400.0,0.1800350693879163
12404.0,0.17441875483419655
12411.0,0.17939979035035114
12419.0,0.17243855726342913
12427.0,0.19504934418331943
12439.0,0.18691146463077318
12447.0,0.1822617375615428
12455.0,0.1836986636861612
12464.0,0.217890148259452
12471.0,0.23859125816018711
12480.0,0.2135844771611356
12491.0,0.20195596476504402
12498.0,0.23190011055820878
12506.0,0.1916676269726584
12513.0,0.15882347883826387
12521.0,0.19141154428402968
12526.0,0.1830535441099517
12535.0,0.1835644300038182
12543.0,0.1871101362922277
12549.0,0.20319065617442947
12560.0,0.19652756450968697
12571.0,0.22853877840140752
12575.0,0.18775325414494867
12585.0,0.16571607380542905
12590.0,0.16546334462708795
12600.0,0.2112868236449819
12608.0,0.1519516304568653
12612.0,0.2148961435607292
12619.0,0.22216836968417572
12623.0,0.14913019684421053
12631.0,0.1578926803662925
12638.0,0.19975952201361993
12650.0,0.19559523478490726
12657.0,0.19864248250408784
12664.0,0.2276943997844536
12668.0,0.21188437102034235
12679.0,0.24120626037266005
12686.0,0.21249143926252576
12692.0,0.09563157073414653
12703.0,0.22717482938767408
12711.0,0.19306481428221114
12721.0,0.2218892618188931
12728.0,0.2057660607830001
12737.0,0.20646014394649648
12748.0,0.20822538294694995
12755.0,0.22103730358225926
12762.0,0.16415116943732175
12768.0,0.1711522686413583
12779.0,0.19658105614310392
12785.0,0.1776486457943345
12791.0,0.19949437112329696
12795.0,0.2103394221654701
12803.0,0.18626888590428944
12810.0,0.19335464880316736
12818.0,0.1466017005710165
12826.0,0.21686718458915655
12833.0,0.19005306152610424
12840.0,0.2174639860039935
12849.0,0.1572081520387834
12856.0,0.20462479433122607
12864.0,0.181518785710996
12870.0,0.19907017321166268
12881.0,0.21654143307446855
12886.0,0.1859820252826277
12891.0,0.15342418697656984
12896.0,0.2125309188194502
12905.0,0.19396398556147418
12914.0,0.21381400914872079
12922.0,0.2004317388487934
12933.0,0.20283475919229343
12937.0,0.1795390549487181
12945.0,0.19400145200529187
12953.0,0.2155497633326125
12962.0,0.14763512141798502
12966.0,0.1886773757140665
12974.0,0.20194982543545945
12980.0,0.18875242133447956
12987.0,0.2581970011975482
12993.0,0.1886276673788815
13001.0,0.20773450338018917
13015.0,0.21284278202485804
13024.0,0.2254211181706314
13031.0,0.16637497744515303
13039.0,0.24979977969614564
13045.0,0.19015286475723522
13052.0,0.1903156450996652
13058.0,0.1957875359800707
13069.0,0.19304512023822776
13077.0,0.1952111308614751
13084.0,0.2064746539265168
13091.0,0.19262267884206666
13097.0,0.1430048975252745
13106.0,0.19208165349170164
13112.0,0.17288239010995596
13121.0,0.18550403547458286
13129.0,0.21435958012486675
13136.0,0.1768993940711741
13145.0,0.1862923941258947
13153.0,0.19955615980441063
13160.0,0.16841225467846516
13167.0,0.19561077511249464
13173.0,0.19809935384883962
13181.0,0.16684804520362745
13188.0,0.20285880812299384
13196.0,0.19103383902522972
13205.0,0.17719870487096348
13214.0,0.21287601607355147
13222.0,0.22057378134253217
13231.0,0.184656496087069
13239.0,0.21131809530086598
13247.0,0.21014981342873001
13255.0,0.22373798580070886
13263.0,0.15348911125687714
13274.0,0.2151059982352239
13278.0,0.21784442457856953
13285.0,0.1870587940229916
13293.0,0.23243348395769348
13302.0,0.16746667904608845
13306.0,0.21869260181561995
13317.0,0.14285122615081855
13324.0,0.1754645857934315
13333.0,0.17539068233648664
13340.0,0.16248187536818262
13348.0,0.18882637172060174
13358.0,0.19867440380032644
13370.0,0.19161050300104457
13377.0,0.1678469585489556
13384.0,0.1999426255840076
13391.0,0.18841366959152372
13395.0,0.18817842459994655
13400.0,0.18218182151567264
13409.0,0.21472046794148797
13420.0,0.1639747604405453
13428.0,0.19937475379704717
13433.0,0.21819648409848064
13447.0,0.15939956209774805
13451.0,0.18708924113203354
13458.0,0.2117875771469332
13462.0,0.20587546823340777
13467.0,0.19749596006764195
13472.0,0.17168894007339502
13481.0,0.19953436074060152
13487.0,0.20493507145098405
13491.0,0.16399001551395612
13498.0,0.19554319195797706
13502.0,0.20236051470570893
13509.0,0.21450161683768074
13514.0,0.20153351083450086
13522.0,0.20751006518164503
13530.0,0.1972845989501206
13538.0,0.18773354040340945
13547.0,0.2116167456512643
13555.0,0.17150201036411553
13560.0,0.11765149738661601
13569.0,0.21856593497229101
13577.0,0.21350572222834893
13588.0,0.2004093885888464
13594.0,0.2255153406851719
13602.0,0.20160945497109412
13610.0,0.19407075548254815
13617.0,0.18674608579576768
13625.0,0.2210218657387775
13634.0,0.18263105868655177
13642.0,0.18232548089127987
13646.0,0.1226245658634429
13657.0,0.1517424675721154
13666.0,0.18289786353534687
13673.0,0.20634837828322306
13679.0,0.187677266823976
13690.0,0.21520256195922724
13696.0,0.188842624198591
13704.0,0.20984761193684873
13712.0,0.17025240809817208
13723.0,0.17007548971733635
13728.0,0.2114134985623427
13734.0,0.21214769491576244
13748.0,0.19076200459845527
13754.0,0.2126542447155464
13759.0,0.19143823425682038
13763.0,0.19740735288161504
13771.0,0.21421934271746568
13782.0,0.1485337058591821
13786.0,0.23785146494457693
13792.0,0.1765248987561184
13799.0,0.217755588705912
13803.0,0.18634573462870072
13808.0,0.18656070019351514
13815.0,0.18533323052577577
13824.0,0.1788490668852339
13838.0,0.189599787636591
13846.0,0.20232742131786058
13855.0,0.20161842478767134
13859.0,0.17276205026573319
13871.0,0.2049219985486578
13879.0,0.15722037499355335
13885.0,0.23542179496904886
13891.0,0.17986693682887536
13899.0,0.21144778645261822
13909.0,0.22225640834279825
13917.0,0.18825056730539758
13926.0,0.20721831959066958
13931.0,0.19773028917201294
13942.0,0.1951856599454076
13949.0,0.21312483716380895
13961.0,0.18872553945968393
13969.0,0.22122915281299385
13977.0,0.17480574845322583
13985.0,0.222199023943071
13993.0,0.21738487123836958
14002.0,0.20776958660769648
14007.0,0.19388485575739287
14014.0,0.20663938232563117
14022.0,0.23048419533944994
14026.0,0.23040175901721405
14033.0,0.234985943082475
14039.0,0.15786141269409013
14047.0,0.17275917032925692
14058.0,0.20426559600830527
14067.0,0.18764023878389313
14074.0,0.18179438459835573
14080.0,0.17544673653415072
14085.0,0.1937977852668269
14091.0,0.166827882086444
14098.0,0.23036492601573683
14106.0,0.20904749506581038
14114.0,0.23680965570912535
14126.0,0.20496671378143788
14133.0,0.19838567385056216
14141.0,0.19908746841421546
14149.0,0.1905720499181491
14158.0,0.17591403966264846
14167.0,0.22011290446402268
14174.0,0.23102947502410773
14182.0,0.1702830652627332
14191.0,0.17267235120013422
14199.0,0.20153206527936726
14206.0,0.23842859216889054
14215.0,0.2325829081294071
14225.0,0.22572958805315824
14232.0,0.20837020414300805
14239.0,0.17938121902524162
14246.0,0.2354535351382272
14250.0,0.20402951836821945
14259.0,0.22251169903734827
14270.0,0.1718005268523912
14278.0,0.18171952620707812
14290.0,0.16891358346079835
14299.0,0.17130310565693022
14307.0,0.18655186798084675
14313.0,0.1714025752773618
14321.0,0.20435649461944788
14335.0,0.20938848663639542
14340.0,0.20693444150090934
14346.0,0.21426321035619972
14355.0,0.21243930904771838
14362.0,0.1756315969651448
14371.0,0.18847156519897776
14380.0,0.17979116344824725
14388.0,0.18267307593824986
14395.0,0.19331463721351846
14403.0,0.20694025170624858
14411.0,0.23514663797589502
14419.0,0.21605209480313484
14424.0,0.1827768397128053
14429.0,0.17879901295632397
14440.0,0.22001825601419536
14447.0,0.17885433378367607
14458.0,0.2003521317872925
14466.0,0.18592585629619576
14471.0,0.17096050265882565
14483.0,0.2339107399561298
14489.0,0.20918104099414872
14493.0,0.20111565423199723
14501.0,0.19025947539390925
14508.0,0.20006220388629034
14513.0,0.20214134514072052
14520.0,0.25210417990463563
14526.0,0.18165486588208546
14537.0,0.22891844652244803
14543.0,0.2147676488898592
14554.0,0.20835150586706802
14560.0,0.20568083154266387
14569.0,0.17586331973045602
14577.0,0.1735420006964922
14584.0,0.17336119716397666
14592.0,0.1725584252322603
14604.0,0.1941687996597507
14611.0,0.23502158137327142
14623.0,0.2103935971262348
14631.0,0.173639575018256
14635.0,0.1660264933180942
14642.0,0.22416706618952276
14649.0,0.16946675306194095
14657.0,0.178443241855049
14665.0,0.1988921087912839
14672.0,0.18011441211251122
14684.0,0.19661102592822546
14693.0,0.20134227484707795
14702.0,0.17951147775722323
14710.0,0.19448658159537308
14718.0,0.125304985022414
14727.0,0.16790851037792015
14738.0,0.16541967360963042
14746.0,0.19238751202335497
14753.0,0.22252154804718205
14762.0,0.22290259348485425
14770.0,0.23003828216905298
14778.0,0.18837210459766873
14787.0,0.15430707767263135
14794.0,0.2343196549936531
14799.0,0.17999721646984282
14810.0,0.21335721675900154
14815.0,0.22689667947903283
14820.0,0.1932949118848085
14825.0,0.1849330757755522
14834.0,0.2337984556633449
14841.0,0.22934716562450796
14846.0,0.22733964219753328
14850.0,0.1813278137852746
14859.0,0.22431585607150675
14870.0,0.19221891281815698
14877.0,0.19695759663860712
14885.0,0.19486016807400475
14894.0,0.2094367094149236
14902.0,0.1881803959614853
14909.0,0.2067083329182562
14919.0,0.15402581275043703
14927.0,0.24153245271021306
14934.0,0.1562802542310907
14943.0,0.16748202540462945
14951.0,0.19434483588122595
14959.0,0.18599499318545779
14967.0,0.1737727320444262
14975.0,0.22027312459787632
14987.0,0.16395509106452083
14996.0,0.21951425504058528
15007.0,0.17779158425311437
15019.0,0.19437811301099245
15027.0,0.22038156175158222
15033.0,0.19156393463874594
15042.0,0.19261338255013624
15050.0,0.18810905311073683
15058.0,0.2134681214276614
15064.0,0.1961983372972231
15075.0,0.16839108674367997
15082.0,0.23574426191425052
15093.0,0.19904915607772475
15101.0,0.22371611146700465
15109.0,0.19330313214603925
15117.0,0.19088547666919126
15126.0,0.15852876262597504
15138.0,0.2275702778195511
15149.0,0.22581271635872022
15154.0,0.18758672517701255
15162.0,0.21647062026080557
15170.0,0.2088707696233818
15179.0,0.21642234217778808
15188.0,0.20159060892538497
15196.0,0.2652905567895113
15200.0,0.2375227634689571
15208.0,0.21431033607376537
15214.0,0.17281594152556654
15222.0,0.196602266253767
15231.0,0.21898668849785397
15245.0,0.19716032728948232
15253.0,0.19478116859904637
15265.0,0.1775436854286279
15271.0,0.21968833177256256
15276.0,0.2182720191668559
15287.0,0.19168396956556885
15291.0,0.21827817453015327
15299.0,0.20929143458015786
15310.0,0.1987491875615994
15321.0,0.2099397068892487
15332.0,0.20772023091999556
15337.0,0.18875451711083888
15344.0,0.2020798772372092
15350.0,0.19426407893503045
15361.0,0.1885272845815507
15369.0,0.18601160204565026
15376.0,0.20719618664453224
15383.0,0.18401249639237943
15391.0,0.1896384849918019
15402.0,0.2033631562232045
15406.0,0.23198170752318423
15414.0,0.2146433798154211
15419.0,0.21352464784708258
15428.0,0.20271602723437923
15437.0,0.20758474729756596
15444.0,0.18691119859955962
15452.0,0.20565971203907427
15463.0,0.1976379514129508
15474.0,0.18226507690080682
15481.0,0.22278523211522028
15489.0,0.18676883956859838
15498.0,0.19151523198002024
15507.0,0.1792394400323068
15515.0,0.2016119525617855
15523.0,0.22649483245290122
15531.0,0.16803334651615146
15542.0,0.2027456853802758
15549.0,0.20992147463674943
15557.0,0.1844972533669676
15568.0,0.2224931704137276
15575.0,0.21728495669396156
15584.0,0.1838522797853015
15596.0,0.18770751463334578
15606.0,0.1770431408669335
15617.0,0.18811398946720337
15625.0,0.1558884390074366
15631.0,0.22835335911670618
15638.0,0.21875941456165068
15650.0,0.17871348744186535
15657.0,0.19428096739399456
15663.0,0.22273631847344885
15670.0,0.16879873860647723
15679.0,0.17567729329101528
15688.0,0.2400351457427184
15694.0,0.17894720710979348
15701.0,0.21172142798370716
15712.0,0.1872527774406827
15723.0,0.20514692201828771
15733.0,0.20032680139726847
15740.0,0.16880709059856522
15751.0,0.1987514712173882
15765.0,0.2171255833465397
15769.0,0.2171287302279927
15775.0,0.18767120852964944
15779.0,0.24323779890845687
15785.0,0.23407515722734784
15795.0,0.17286922961183282
15802.0,0.20946978620554174
15810.0,0.19264173675980897
15817.0,0.23710281172063696
15822.0,0.22181828418571642
15830.0,0.2210414790592643
15838.0,0.2349530630530822
15847.0,0.18543109514531841
15855.0,0.22912401730376097
15863.0,0.16337055928184382
15872.0,0.18146161900731264
15880.0,0.212660615575436
15891.0,0.20410503993768614
15900.0,0.17163535474115296
15909.0,0.22099178560126087
15917.0,0.16516573488984643
15925.0,0.1803555074285921
15929.0,0.21530093677101103
15934.0,0.2230853718439019
15945.0,0.17006883880154613
15953.0,0.21186761994170075
15962.0,0.1997473909996445
15969.0,0.19189887877600897
15977.0,0.19444065200418414
15988.0,0.21885589707726044
15999.0,0.17287812205414116
16007.0,0.1953275707549259
16016.0,0.18809347590083358
16024.0,0.17015488502360837
16029.0,0.19316933640675246
16037.0,0.23475681025666595
16042.0,0.21473102145749376
16049.0,0.2235688477944304
16063.0,0.2148505690720195
16070.0,0.20557854174480725
16078.0,0.19039481389241492
16087.0,0.22502354009849054
16091.0,0.1522618466460207
16096.0,0.18477456675457865
16101.0,0.21549225840927846
16109.0,0.1909031309118734
16114.0,0.2068627860060104
16122.0,0.21273216442406295
16128.0,0.19659004117445633
16132.0,0.15812662664030397
16140.0,0.17881008557324654
16147.0,0.2245489708998393
16161.0,0.16653804199305
16169.0,0.23099909344836425
