,8
0,0.1707381546516402
1,0.16536266048420298
2,0.16071937570642159
3,0.14935387905886133
4,0.1395545853039033
5,0.15377360540876558
6,0.14374806038851176
7,0.15675041933203676
8,0.15036507557394052
9,0.15054700773755006
10,0.16824984537993007
11,0.1831452184260366
12,0.18690461397489888
13,0.1578917733056081
14,0.19802500758642538
15,0.18646989571786027
16,0.16734679207052702
17,0.20824841312698736
18,0.18592496654791987
19,0.16082446121882205
20,0.1580551161661736
21,0.15783535721076453
22,0.16001068837354826
23,0.148778133132733
24,0.14842184507355233
25,0.1449434672358112
26,0.14561680344170067
27,0.1475913709369912
28,0.16899929507095593
29,0.17684965998939942
30,0.1808764423081676
31,0.17728040586685434
32,0.1513086669693611
33,0.15465755815474747
34,0.13859285325638035
35,0.1465099742024532
36,0.17595822647034712
37,0.18101652004415678
38,0.16136365105204714
39,0.16841742593800182
40,0.1535904640638747
41,0.1485059817721424
42,0.15153404796718933
43,0.17115071677314805
44,0.1643782342624366
45,0.16502241531231668
46,0.17990036236675483
47,0.1777491270688843
48,0.15899596557921492
49,0.14385694741618202
50,0.1780550645352879
51,0.15600327881388334
52,0.16783197576334535
53,0.16568062387127566
54,0.15683973089261302
55,0.17130739260964467
56,0.16023259156119268
57,0.17254628207549633
58,0.17788706702011173
59,0.17229195246032414
60,0.1809749806425568
61,0.1755087056888666
62,0.15412378795983772
63,0.17427967848510229
64,0.15599342395536084
65,0.15488858255920412
66,0.1699067778530701
67,0.1758249538297607
68,0.15907582016561275
69,0.13708885666289225
70,0.16374533119087548
71,0.14163210853679584
72,0.15647749332708352
73,0.16229344796945905
74,0.16369237317430066
75,0.1568347635698636
76,0.1489393424943649
77,0.18037313567887334
78,0.16691594822821285
79,0.15431008174407823
80,0.17240848164186273
81,0.16195703189245098
82,0.17682269663827646
83,0.1658170762246731
84,0.18940475540072774
85,0.16896989170807705
86,0.20171375671874534
87,0.18674220291295573
88,0.17067280343461055
89,0.16389496104610266
90,0.18684592728235005
91,0.18466366506120685
92,0.15160416049249473
93,0.14264621411413023
94,0.14334352106311404
95,0.14231256353927116
96,0.1456225799647417
97,0.143709606356748
98,0.1469224373816224
99,0.14947288746313833
100,0.16557708760302528
101,0.1676062515534388
102,0.18761946359814796
103,0.1609367881425145
104,0.17616116059323622
105,0.17418981731095173
106,0.18112067425035366
107,0.1953867479919408
108,0.1718733161536778
109,0.18287442330596473
110,0.15836814223386322
111,0.16562749389592193
112,0.15747945577609726
113,0.15450537035435702
114,0.15214075415538694
115,0.17259436741270867
116,0.1621842744332521
117,0.1604909608652999
118,0.157250686167989
119,0.16072205230833586
120,0.15850694268718463
121,0.1569781822414181
122,0.14679458489608158
123,0.17231435298354805
124,0.1687160299033073
125,0.15901211217783015
126,0.16753739016496444
127,0.1467782095789723
128,0.1684656848784739
129,0.1535302470095784
130,0.16742371126827832
131,0.15352648946888972
132,0.17290486988649645
133,0.16614086943289408
134,0.1686441766757574
135,0.1571826384617971
136,0.16587557123842817
137,0.15990198916746218
138,0.15470352777161467
139,0.15297993925714037
140,0.15207777014931784
141,0.16020041637569743
142,0.17101128714231273
143,0.1647433926874228
144,0.1729265443175767
145,0.20691008721294973
146,0.16923145558914882
147,0.1823319395902983
148,0.16607693606643908
149,0.17077128490679927
150,0.16149843000891356
151,0.17120336879914935
152,0.16309670690647593
153,0.1621667116834616
154,0.16498224310482337
155,0.17831669711875794
156,0.16570268499310303
157,0.16108847604051502
158,0.16203712233598713
159,0.16455284334035974
160,0.14928712862813887
161,0.1550675118049765
162,0.16574342898919203
163,0.16949878742998112
164,0.1574328160388361
165,0.15329713488768223
166,0.18299331791260656
167,0.1753823526015441
168,0.1652522068695204
169,0.18082278593585824
170,0.15683176789914519
171,0.17762015892945573
172,0.1745828279338195
173,0.18444898267603213
174,0.14725908931677495
175,0.17930983139802015
176,0.17147556688115295
177,0.2004172600972449
178,0.157528670070709
179,0.15776178550112238
180,0.16938932829137185
181,0.16035008996802133
182,0.16892051710485234
183,0.17503821372802783
184,0.16291174104884107
185,0.18474618650540378
186,0.16594950527381663
187,0.1669683601054274
188,0.1489509654228289
189,0.16979429051183015
190,0.15119703879601593
191,0.1687135239633949
192,0.19098952854660656
193,0.1865528182914201
194,0.17782268604802456
195,0.15556314514857741
196,0.1502216021322497
197,0.15069707413860436
198,0.153835368817264
199,0.16273599187781568
200,0.16424083168607184
201,0.15465003697389962
202,0.1630186646242937
203,0.16322517185385116
204,0.15831706276377128
205,0.15857510701280608
206,0.17774165538303563
207,0.17195943884634898
208,0.15022314290492
209,0.1669030506519963
210,0.17069914230531588
211,0.16266473987312133
212,0.17803452871276124
213,0.15657884231342156
214,0.14936766311119562
215,0.15957437186051507
216,0.1766080016694411
217,0.17897215106006842
218,0.16188696005471864
219,0.16558216907577372
220,0.17440603515196465
221,0.17239186078024915
222,0.18160183817093656
223,0.17571913179993676
224,0.14541457687144801
225,0.17934694998874914
226,0.17738705557059548
227,0.16730913705562692
228,0.17334002729523776
229,0.17258134497795521
230,0.16887975098630326
231,0.15518183709269714
232,0.16286761820013912
233,0.16001044114510396
234,0.16765482777874488
235,0.1800049720339844
236,0.20882726612927052
237,0.1577305647688002
238,0.16263831513686863
239,0.1467782620395449
240,0.15528443317758273
241,0.1561817197608269
242,0.16373337137249036
243,0.1778454816334124
244,0.17238937446746597
245,0.1743582311927264
246,0.16835923239737113
247,0.16112012893028463
248,0.15264365769710625
249,0.1509393969295601
250,0.16187157095581695
251,0.1659909636234795
252,0.1502816561982093
253,0.17467990625444077
254,0.1594989136480334
255,0.17446906577086607
256,0.1516482473247885
257,0.14834265241101127
258,0.14281059792650136
259,0.14931651707102345
260,0.15382242344237368
261,0.16283282380182273
262,0.1599273200369921
263,0.17026255618552777
264,0.1855188792473095
265,0.17630362124386745
266,0.17061666814801144
267,0.17898223405528899
268,0.15473164375432352
269,0.17926136370662413
270,0.17965620402532287
271,0.20251983596457226
272,0.18862121905431128
273,0.17453684194232089
274,0.15674385258814272
275,0.13873423498979598
276,0.14019819937064923
277,0.17236097069465442
278,0.1652240614832901
279,0.15257322784394015
280,0.15333751449674946
281,0.158746455854003
282,0.14753189343578824
283,0.16650219308954883
284,0.18460814787294283
285,0.1750136506155778
286,0.16330506327092434
287,0.19780891335618456
288,0.19387735844152576
289,0.16700005187167669
290,0.18752111755192463
291,0.17080466851402823
292,0.16901863460461147
293,0.16651180858324002
294,0.16597587109149362
295,0.1570818040619445
296,0.14984738717715004
297,0.1521169371289016
298,0.15290568671031127
299,0.19682133123656137
300,0.17781881369082367
301,0.16019196467219549
302,0.16231725910866404
303,0.18864598970526703
304,0.18226116224205605
305,0.18895448008341204
306,0.16777904077039246
307,0.17233266453199092
308,0.14944018573114254
309,0.16850711582845013
310,0.15217023877709257
311,0.1635120897265997
312,0.17239870602332424
313,0.17808212148762123
314,0.17670377441108873
315,0.15745313605002192
316,0.175262115892916
317,0.15405649908865837
318,0.18867198244775718
319,0.1753337396595483
320,0.18858353362459845
321,0.1618996929730953
322,0.16960611385013796
323,0.20920131188607538
324,0.17929729965709398
325,0.18025272298072442
326,0.16625016779275736
327,0.16206927590136458
328,0.17452053351368524
329,0.19646771473271815
330,0.16202834125408774
331,0.15318995362063476
332,0.1512536854607019
333,0.1603007546661811
334,0.16698477675815881
335,0.15198557159844353
336,0.15887603649486184
337,0.15671841558223745
338,0.15378346533568096
339,0.15695806261558742
340,0.15808630611833374
341,0.17478418894822415
342,0.17657572536201505
343,0.1675317437832672
344,0.1867793817905835
345,0.17236014282396558
346,0.17722870966842813
347,0.16251949727338819
348,0.18273656996938253
349,0.14072579036271582
350,0.1584444847254736
351,0.16093347540751443
352,0.16092352827648695
353,0.16262827490832726
354,0.1677598583878773
355,0.17528754866646495
356,0.1824018879161925
357,0.1966970890154409
358,0.1919572106139196
359,0.18930089164769687
360,0.15967671055104066
361,0.20076434899302
362,0.1595758594504904
363,0.1737595558172596
364,0.1622377549131265
365,0.18550033741117983
366,0.1796655713026266
367,0.16589504970762364
368,0.21225708552472805
369,0.17808288522044446
370,0.15525258906900788
