,4
957.0,0.19627059221165283
965.0,0.12765406015112066
973.0,0.1682643247103401
981.0,0.22405103364913953
989.0,0.1844154479180343
997.0,0.19743801721089865
1007.0,0.15620343322294736
1013.0,0.164558476078214
1022.0,0.17260151981450045
1031.0,0.18927996194348806
1039.0,0.15201161780106612
1045.0,0.21640992029653255
1053.0,0.222324141306801
1058.0,0.17951039537352098
1069.0,0.23621553401936513
1083.0,0.19072673663085019
1090.0,0.18828285151846944
1099.0,0.19891477156748194
1107.0,0.17858268434813862
1115.0,0.1678931144284445
1122.0,0.182800375071805
1130.0,0.20939584350978005
1138.0,0.18694421845191964
1147.0,0.1558783198339171
1156.0,0.22415821742679728
1168.0,0.15075692057522708
1177.0,0.20030613886659482
1184.0,0.21015771189746232
1191.0,0.19260067939443437
1202.0,0.18416957528555208
1210.0,0.11807349147408953
1218.0,0.2203945730135217
1226.0,0.1875705011905839
1232.0,0.13433938473743343
1236.0,0.17884125209586463
1244.0,0.1745803477633828
1251.0,0.2027251083389371
1260.0,0.19313197646766667
1269.0,0.1637840115469596
1279.0,0.21978897898903313
1285.0,0.1806106413050828
1294.0,0.1875931008524465
1302.0,0.1772129450049626
1310.0,0.17562534164181065
1314.0,0.1822290247970537
1320.0,0.1521550838749846
1325.0,0.17945094344850415
1333.0,0.1888616031868667
1344.0,0.17962736849760533
1349.0,0.22909736948978235
1357.0,0.21951234910664894
1364.0,0.19259427336594057
1370.0,0.17257694481828495
1378.0,0.23871849183455082
1385.0,0.1729954287413136
1394.0,0.19845962429965974
1402.0,0.16434043201293957
1408.0,0.13739749473884758
1416.0,0.1757566930433731
1427.0,0.1527726574502783
1434.0,0.11990781760692394
1442.0,0.16435956028761625
1451.0,0.21813493106257753
1459.0,0.22655544569224714
1463.0,0.1677316702125248
1471.0,0.14686478707288309
1476.0,0.20064691931159703
1480.0,0.20418808390121013
1487.0,0.22505966205354339
1497.0,0.17757694346899472
1505.0,0.21948321876024632
1512.0,0.21359575610195788
1520.0,0.23461439937403705
1529.0,0.18567710254633094
1533.0,0.233719704972794
1541.0,0.18406251662338982
1550.0,0.1689918867441088
1556.0,0.24814619641791066
1563.0,0.2124523201418572
1570.0,0.2031141731506315
1576.0,0.19111542456553174
1585.0,0.19520742012961415
1593.0,0.24836616074155649
1602.0,0.20380466197103808
1611.0,0.2062500246793921
1619.0,0.1318565007787451
1625.0,0.2017942184269953
1633.0,0.1950406671756882
1642.0,0.21814475910745085
1650.0,0.19293998534926127
1656.0,0.21771925983121088
1662.0,0.17773697983294212
1670.0,0.1670687737119078
1677.0,0.1984166219562928
1686.0,0.1535255046731678
1691.0,0.19569497741698222
1695.0,0.23505875625311956
1701.0,0.15319395511180922
1705.0,0.19155494548277532
1712.0,0.16734405927211396
1720.0,0.21436025373307416
1727.0,0.16843673866148565
1733.0,0.18478672445651242
1740.0,0.20159256824058583
1748.0,0.2350871800769468
1759.0,0.20234029811932544
1765.0,0.18734347074561614
1773.0,0.20585287701078978
1780.0,0.21891077161581562
1787.0,0.23518868531750964
1795.0,0.19630774202238332
1806.0,0.128431294798866
1815.0,0.16963903316093412
1823.0,0.23230080646998105
1833.0,0.19214290732309866
1841.0,0.18747243577280817
1847.0,0.1754975082935172
1855.0,0.14025110186093107
1863.0,0.18797709205668997
1870.0,0.22521369946335076
1878.0,0.20013486885068843
1882.0,0.17794666097629944
1890.0,0.2051724382611408
1895.0,0.16154599752895693
1899.0,0.18085996177392252
1907.0,0.1989608510722556
1918.0,0.1861423460536259
1926.0,0.1891035312753493
1934.0,0.21078537338943698
1940.0,0.17517500195918714
1949.0,0.1722019426971394
1953.0,0.1817596783083155
1961.0,0.19024706832831947
1969.0,0.18016143375066968
1977.0,0.21779373288368006
1984.0,0.21072246905046757
1993.0,0.22705258823803037
1999.0,0.19156592322287808
2009.0,0.19018713727682324
2017.0,0.18888808711467933
2026.0,0.1531623578070358
2035.0,0.19157368971259203
2043.0,0.19068584068488867
2052.0,0.1928043242112687
2060.0,0.20595945696727172
2069.0,0.1852469025027837
2081.0,0.2160988097707862
2087.0,0.178996094330945
2098.0,0.20047012254623492
2106.0,0.19464159877336118
2113.0,0.2006202416570631
2118.0,0.20615801394841488
2123.0,0.21384925985065117
2129.0,0.23356579106608413
2135.0,0.2027932134930507
2144.0,0.19757927493842573
2151.0,0.16177113682577213
2159.0,0.16988425592428572
2164.0,0.19339386511718146
2170.0,0.20255684526224987
2177.0,0.1943988421702672
2185.0,0.23802103350523934
2196.0,0.2051377476358413
2201.0,0.19674463991508925
2208.0,0.17027133608002137
2219.0,0.23698832161463593
2224.0,0.19791397473912978
2232.0,0.15027214804526454
2241.0,0.16733490536668882
2250.0,0.14323699668044315
2258.0,0.23744348212791164
2265.0,0.2581260307592805
2272.0,0.2126198265883316
2278.0,0.16979850330079083
2286.0,0.18214122122952459
2294.0,0.12385402725642011
2302.0,0.20623096495241905
2310.0,0.2212886500482384
2314.0,0.18562732692939407
2323.0,0.16775543592450304
2328.0,0.24620206453603688
2332.0,0.1579346981563138
2337.0,0.17950005105061034
2348.0,0.19753811833950402
2355.0,0.2007737036332207
2363.0,0.17422263188923331
2367.0,0.209056766793652
2376.0,0.18731951580055775
2380.0,0.2207796936881221
2388.0,0.2084471170091051
2393.0,0.20570509872001239
2401.0,0.20337468860805327
2407.0,0.23137669079653206
2412.0,0.16442411510704832
2418.0,0.2032265664696201
2427.0,0.1520423058873236
2435.0,0.19420743634063733
2444.0,0.16002528649796416
2451.0,0.17403157475655184
2459.0,0.1673929374224978
2470.0,0.18990135074960574
2478.0,0.20556415134958875
2487.0,0.22526589678482242
2495.0,0.2120000676893967
2501.0,0.23031890377278377
2505.0,0.20244493176727263
2513.0,0.21149921969039354
2520.0,0.20825960119704148
2527.0,0.21694671731293091
2532.0,0.2190553350979775
2540.0,0.18151051956787856
2546.0,0.2306634723621143
2555.0,0.21277366256325533
2563.0,0.18485048629487832
2571.0,0.19503317987742302
2577.0,0.1365766369168592
2581.0,0.2092760983819772
2589.0,0.21950178904101725
2596.0,0.20041873001438706
2601.0,0.20121203943941926
2607.0,0.20733778133726066
2616.0,0.1835019591424452
2621.0,0.2309420139446295
2627.0,0.17318779210486868
2635.0,0.15417898804772526
2646.0,0.20242956852533395
2655.0,0.18617026701099984
2663.0,0.22737089040999509
2671.0,0.1852720225353231
2679.0,0.20095319324605682
2683.0,0.1742062142530875
2689.0,0.1634221648140807
2697.0,0.17041954858140593
2701.0,0.19792660738670473
2709.0,0.16611673368704746
2713.0,0.17777421122088527
2721.0,0.21164755628617374
2726.0,0.21022731637566763
2730.0,0.22177034964546596
2738.0,0.2273918666887213
2743.0,0.17483523283042193
2752.0,0.2260189820627652
2760.0,0.16673581824204647
2766.0,0.2191631994164879
2773.0,0.22438153364561522
2777.0,0.17000153786012528
2785.0,0.21923525778321273
2793.0,0.17465934044255962
2799.0,0.15456737319597028
2806.0,0.20312230970589323
2811.0,0.18639390242002743
2817.0,0.11318696950190159
2828.0,0.2065970697534379
2836.0,0.1642259800656914
2845.0,0.18221353335469764
2852.0,0.1145459058985329
2860.0,0.1960569520394396
2874.0,0.20372323100224293
2882.0,0.20217146400617322
2896.0,0.21241637752405196
2905.0,0.18648126845157703
2911.0,0.18778927642549037
2919.0,0.18377043177401922
2927.0,0.1763501119988696
2934.0,0.20575791028485682
2939.0,0.16919421485462025
2945.0,0.20544960516979693
2949.0,0.16793913023171184
2955.0,0.19878588613496315
2966.0,0.17800010838164795
2974.0,0.20176687425089218
2982.0,0.19686348809258822
2988.0,0.22256642479778863
2999.0,0.19787878527729935
3006.0,0.18009647144298838
3014.0,0.2319788130397896
3023.0,0.20826321636112405
3028.0,0.19593159331116897
3037.0,0.20082374693039576
3046.0,0.2146556431144848
3053.0,0.2034354512251839
3061.0,0.16789426145435232
3070.0,0.19720632590338838
3079.0,0.19121650565702084
3087.0,0.24947612652459256
3093.0,0.18958833733955965
3101.0,0.1886307802847973
3106.0,0.1798371411880274
3110.0,0.1986208417162211
3118.0,0.1810912993300965
3127.0,0.18370431347921673
3135.0,0.19890094376788525
3139.0,0.19531410061193688
3147.0,0.2006737804661532
3156.0,0.23035226290339433
3160.0,0.20395354466940951
3165.0,0.2070867775471886
3176.0,0.21454709282141687
3184.0,0.20010400819032262
3192.0,0.21714823277176876
3198.0,0.1883125099753281
3207.0,0.22834948229863727
3213.0,0.17252313820621315
3221.0,0.20665803779580397
3229.0,0.1980435999649206
3238.0,0.17078009603907976
3245.0,0.2141332141481383
3249.0,0.18635874551331058
3255.0,0.18469891114017348
3264.0,0.23208848109926541
3272.0,0.1707934304774799
3281.0,0.18860234558190705
3287.0,0.16717305449634756
3295.0,0.22374693359449915
3309.0,0.19005592611255595
3316.0,0.22069668864578534
3325.0,0.22094648397824285
3331.0,0.22196609253369454
3337.0,0.14436095003329866
3343.0,0.22402301068135164
3351.0,0.18976186562823674
3358.0,0.2148319033053605
3363.0,0.22030740695536397
3368.0,0.2271463402853894
3374.0,0.1937246683715142
3380.0,0.204131409883522
3389.0,0.18214641875507445
3399.0,0.2278041853446081
3406.0,0.17121580253343457
3412.0,0.21871842827827648
3420.0,0.2281124532619174
3428.0,0.17512617631733107
3436.0,0.197426153589525
3443.0,0.20506869045725026
3452.0,0.22715295376112984
3460.0,0.1962949889028282
3469.0,0.1727324563474546
3479.0,0.17962763175202526
3487.0,0.20018136823639238
3495.0,0.20898416791274843
3504.0,0.18377024825994448
3512.0,0.19516125993568825
3521.0,0.21090686997633543
3529.0,0.2067817992822317
3535.0,0.1997955111869515
3541.0,0.1737392540698167
3549.0,0.2008504683213665
3558.0,0.1846141108312741
3566.0,0.18936480286823024
3570.0,0.1725358495282363
3578.0,0.19310466875832194
3584.0,0.2046750321028659
3588.0,0.1837921732065881
3596.0,0.19399647681572116
3605.0,0.19991643750809723
3614.0,0.19280613050660156
3622.0,0.21168401506283616
3628.0,0.2216744233068841
3637.0,0.19228675000049839
3642.0,0.22725348439455456
3650.0,0.19141383251209065
3656.0,0.22348842195544708
3665.0,0.2345102786653717
3672.0,0.1974294862929795
3676.0,0.1798130582927322
3683.0,0.22368438794669157
3690.0,0.20421278721085545
3698.0,0.1746891064351812
3709.0,0.1917238293304045
3716.0,0.15210919718391364
3724.0,0.16344091021948406
3730.0,0.172023313410267
3738.0,0.2126774835198636
3742.0,0.22330806006548615
3750.0,0.1947861355123844
3756.0,0.11881939552637823
3765.0,0.20074532111824026
3772.0,0.16795392217484956
3779.0,0.18762399897865656
3787.0,0.19359714920783966
3793.0,0.15591683059636527
3797.0,0.17890819365529503
3803.0,0.18251614204707722
3809.0,0.18453211240907483
3815.0,0.21791505496444152
3823.0,0.20880540287010835
3828.0,0.19727921405482884
3834.0,0.1683709110761916
3842.0,0.2314364635453253
3850.0,0.23455574443728358
3858.0,0.22413898380358216
3863.0,0.2116269097825473
3871.0,0.20229974595601527
3882.0,0.18975226455144162
3888.0,0.1956166196677389
3896.0,0.18493813572827564
3907.0,0.15251474560893535
3916.0,0.20306127093951548
3924.0,0.16201432405909943
3932.0,0.22696622203700617
3940.0,0.2142771870313224
3946.0,0.1741069760759587
3954.0,0.17668837754160796
3962.0,0.1456181297530034
3968.0,0.2088002662217495
3975.0,0.1508784757000508
3979.0,0.15043438185246286
3987.0,0.2361153815132286
3994.0,0.20668404320539127
3998.0,0.19103969289008974
4005.0,0.19420217352467814
4013.0,0.17603374054061852
4022.0,0.15090278483346056
4030.0,0.19731186745090926
4038.0,0.15393871936109513
4042.0,0.16407924795601514
4048.0,0.20132059667366242
4056.0,0.17981309662713232
4065.0,0.2002748758760821
4074.0,0.22485412344720024
4081.0,0.1574624932061147
4085.0,0.20415139556305176
4091.0,0.18670055990674186
4096.0,0.19584426778508338
4104.0,0.13557499976550164
4113.0,0.18312411766128733
4122.0,0.16057261663216502
4130.0,0.1600039348833049
4137.0,0.20269246319522535
4145.0,0.15655950039500882
4157.0,0.16721637910584541
4165.0,0.1631703290134373
4172.0,0.1853292618854036
4184.0,0.18489662512275304
4198.0,0.17887478658943537
4205.0,0.20225453965068002
4214.0,0.1528142103360376
4223.0,0.18745666930184718
4230.0,0.20852367780392345
4239.0,0.20690609900338522
4247.0,0.17797668708917316
4258.0,0.1760718036340558
4266.0,0.20549572809675837
4275.0,0.18300511128674093
4280.0,0.2209946422485737
4288.0,0.21194803123570513
4297.0,0.2054022542430932
4301.0,0.22749408881190256
4307.0,0.16595708315687965
4316.0,0.13571982699633947
4323.0,0.2083690089521174
4327.0,0.19252849987239606
4335.0,0.16341243806481967
4346.0,0.22988742954214283
4353.0,0.14273931794083833
4361.0,0.17796660754566296
