,6
957.0,0.20103886249176434
965.0,0.16439539436182038
973.0,0.1813895039544436
981.0,0.18807426171812575
989.0,0.17603720279537266
997.0,0.18043581643947668
1007.0,0.16958238517809418
1013.0,0.16400990626481923
1022.0,0.18358004348650137
1031.0,0.2015241654150842
1039.0,0.16776822587299872
1045.0,0.2063164198722319
1053.0,0.17287857007722046
1058.0,0.1645298552075729
1069.0,0.169873312839001
1083.0,0.1677741846265315
1090.0,0.17336020345916558
1099.0,0.17678088414726845
1107.0,0.19145171994532012
1115.0,0.14788614160780736
1122.0,0.17787438149281537
1130.0,0.18549402934209405
1138.0,0.18089851737144527
1147.0,0.16936262884106473
1156.0,0.18442109052714054
1168.0,0.18121290371815357
1177.0,0.1762472619717366
1184.0,0.17979956402440633
1191.0,0.19632299592287003
1202.0,0.16896680978397777
1210.0,0.1595218162480021
1218.0,0.17614611580339876
1226.0,0.18305665113536446
1232.0,0.18309185218279814
1236.0,0.18184117158735003
1244.0,0.17728791952470394
1251.0,0.17047168123610149
1260.0,0.17697284726657814
1269.0,0.17309263601835148
1279.0,0.1689484301978475
1285.0,0.17879856227988283
1294.0,0.16861211520865188
1302.0,0.18413037933032403
1310.0,0.1757666420682967
1314.0,0.16004708153098637
1320.0,0.18356757379898367
1325.0,0.17903379582709397
1333.0,0.17624127515702617
1344.0,0.19801131077367884
1349.0,0.18629176236368883
1357.0,0.18928682865212587
1364.0,0.18816991147755904
1370.0,0.1882538360234587
1378.0,0.19262307499378237
1385.0,0.16395236700791035
1394.0,0.18719978018823866
1402.0,0.18126454621775825
1408.0,0.17642345795108183
1416.0,0.15822853440917856
1427.0,0.1667425670243112
1434.0,0.15543306966085738
1442.0,0.17658027203737955
1451.0,0.19313576578915906
1459.0,0.18547251862530978
1463.0,0.16625900282809858
1471.0,0.1875791117883806
1476.0,0.18455014167513376
1480.0,0.1942227516866917
1487.0,0.1404812307073998
1497.0,0.17372513466194495
1505.0,0.17580410364891166
1512.0,0.17660115687866068
1520.0,0.20937900428532846
1529.0,0.17202841038797792
1533.0,0.18180394987132642
1541.0,0.1904043950785447
1550.0,0.18322328377556232
1556.0,0.18769293466768197
1563.0,0.20562538856432214
1570.0,0.18246002218881463
1576.0,0.1624908827793965
1585.0,0.17752751787812432
1593.0,0.16331767940658165
1602.0,0.19287479613700093
1611.0,0.18743205884811917
1619.0,0.18786989483146244
1625.0,0.1727445228643638
1633.0,0.19247849679603057
1642.0,0.1831289580065274
1650.0,0.16996611193113942
1656.0,0.1839988599350442
1662.0,0.17945838860614613
1670.0,0.15921848949703846
1677.0,0.16806717992074469
1686.0,0.19795704851647444
1691.0,0.18078773254816008
1695.0,0.17511347959720944
1701.0,0.20574518794359994
1705.0,0.19890763523506663
1712.0,0.18695586854623428
1720.0,0.18921116898225954
1727.0,0.18568494920499556
1733.0,0.15715890802733215
1740.0,0.1812986314322052
1748.0,0.19554641198285447
1759.0,0.16919539430267239
1765.0,0.2032588229118549
1773.0,0.1957201949066787
1780.0,0.2164049830711662
1787.0,0.19273529012512733
1795.0,0.20202659067192966
1806.0,0.17325819455617567
1815.0,0.17670379031830288
1823.0,0.17337273001850814
1833.0,0.1804828479030925
1841.0,0.18679475939570944
1847.0,0.18849213254423508
1855.0,0.1695523870351203
1863.0,0.17711978733934028
1870.0,0.17148293278638635
1878.0,0.18445657041462185
1882.0,0.18496138058708192
1890.0,0.17855217700224077
1895.0,0.17603118155715378
1899.0,0.18812889037759162
1907.0,0.15818884881895273
1918.0,0.16360794531658976
1926.0,0.1759673891906095
1934.0,0.17084015287769264
1940.0,0.18498855892953123
1949.0,0.18635873822634955
1953.0,0.15864893394730697
1961.0,0.18879615848869788
1969.0,0.17592729273570049
1977.0,0.1914092938170972
1984.0,0.19319402918429723
1993.0,0.1829206672338872
1999.0,0.1697201457480012
2009.0,0.19207335819306237
2017.0,0.1858007692463319
2026.0,0.16715964608035394
2035.0,0.16564760746160176
2043.0,0.19593650546801525
2052.0,0.1760409530414735
2060.0,0.16640883093053968
2069.0,0.18913602987737144
2081.0,0.16247380524766428
2087.0,0.188242987120127
2098.0,0.1844385671039858
2106.0,0.179215361320879
2113.0,0.18087194109427335
2118.0,0.18145149087267812
2123.0,0.18406566479924755
2129.0,0.1788653177998136
2135.0,0.20100766530735667
2144.0,0.18637548313350305
2151.0,0.1680887798560136
2159.0,0.16290600118304613
2164.0,0.1671816771921949
2170.0,0.18824504799414918
2177.0,0.1752459090840779
2185.0,0.1588946502785012
2196.0,0.18826045694258428
2201.0,0.17770494644888538
2208.0,0.1906438061234297
2219.0,0.178428516625076
2224.0,0.176638843736832
2232.0,0.17219941009779094
2241.0,0.18160272697614102
2250.0,0.18520281061758698
2258.0,0.16145891922207747
2265.0,0.16867524145854518
2272.0,0.18245960614940118
2278.0,0.15608738977793202
2286.0,0.16091454687987802
2294.0,0.16603113893208932
2302.0,0.17278511131619745
2310.0,0.16102568879172327
2314.0,0.20731848651308182
2323.0,0.19739598227196423
2328.0,0.18233174764648272
2332.0,0.1606129611043098
2337.0,0.1855151630360313
2348.0,0.18623890880246688
2355.0,0.1858021663548831
2363.0,0.17444970725104508
2367.0,0.1870820956998874
2376.0,0.16103241495176673
2380.0,0.2018547719902481
2388.0,0.20583822159529885
2393.0,0.17143444175154376
2401.0,0.1793785014626472
2407.0,0.1539920678621634
2412.0,0.17672493198049252
2418.0,0.18375408350053907
2427.0,0.18040043952651286
2435.0,0.167697203190025
2444.0,0.1460644451780986
2451.0,0.1735049835768818
2459.0,0.1741120824028646
2470.0,0.17277711482700547
2478.0,0.17807995820682712
2487.0,0.16780891406195889
2495.0,0.1963323750885386
2501.0,0.17967285218720477
2505.0,0.1863590898900415
2513.0,0.185943723948753
2520.0,0.19588941854096997
2527.0,0.18877124127117215
2532.0,0.20457333234573397
2540.0,0.17946062001320148
2546.0,0.18083397767179607
2555.0,0.17300314168529168
2563.0,0.1630708371889932
2571.0,0.16691847591096423
2577.0,0.1692742986992496
2581.0,0.14991745612857443
2589.0,0.17791046388309603
2596.0,0.1603637800220917
2601.0,0.18452186952195138
2607.0,0.18809090835495457
2616.0,0.18610527618246298
2621.0,0.19251423484142066
2627.0,0.18284598788818732
2635.0,0.16728914457918248
2646.0,0.15280729471606716
2655.0,0.13268307413432823
2663.0,0.16555720710944882
2671.0,0.18670990375694663
2679.0,0.17142303592641503
2683.0,0.1424330968145339
2689.0,0.17219678038443587
2697.0,0.19816824945129438
2701.0,0.17143156374163282
2709.0,0.1688062118390471
2713.0,0.18017949663280908
2721.0,0.17088585341961832
2726.0,0.18240963656557418
2730.0,0.17413300092767353
2738.0,0.18427406224466533
2743.0,0.196206687104368
2752.0,0.18659037689092348
2760.0,0.18568413667292727
2766.0,0.18238236322076998
2773.0,0.16647909179953654
2777.0,0.1845832773173657
2785.0,0.17326648661089197
2793.0,0.1685916673589004
2799.0,0.2149317982919583
2806.0,0.18635162831334762
2811.0,0.1884262741401741
2817.0,0.1969224026117833
2828.0,0.181760087293545
2836.0,0.1465728551199742
2845.0,0.16923257625697968
2852.0,0.1781055329589027
2860.0,0.16490595173340467
2874.0,0.16900461747499274
2882.0,0.16674123952175643
2896.0,0.1765542758231419
2905.0,0.17035467342934882
2911.0,0.18597277469758047
2919.0,0.1931096983933042
2927.0,0.17638728105023538
2934.0,0.19490351009252968
2939.0,0.18218388203594651
2945.0,0.1754554457913092
2949.0,0.1948424635449513
2955.0,0.17749167450192413
2966.0,0.19165177638015593
2974.0,0.17939738397442062
2982.0,0.18069928816711636
2988.0,0.16664770678977436
2999.0,0.19341684734928405
3006.0,0.17526384429938266
3014.0,0.1702446060000919
3023.0,0.16812458991135767
3028.0,0.19531243655309605
3037.0,0.17844683387496438
3046.0,0.16917449403596013
3053.0,0.1690418084832972
3061.0,0.17669733191251377
3070.0,0.18209101172416908
3079.0,0.18919739284630377
3087.0,0.18089767430945142
3093.0,0.1705686795578619
3101.0,0.17154673920868663
3106.0,0.1890128619910816
3110.0,0.19503233613244034
3118.0,0.1907660667879871
3127.0,0.17890738799147438
3135.0,0.18838427623710655
3139.0,0.18111605876602982
3147.0,0.15079943729289877
3156.0,0.1855655187154031
3160.0,0.13496321758581767
3165.0,0.17946968134831753
3176.0,0.18573510132460194
3184.0,0.17962085759037885
3192.0,0.1728363302694427
3198.0,0.17753518520014444
3207.0,0.18556136070410223
3213.0,0.18950896909607928
3221.0,0.18915277211870055
3229.0,0.1949374722591643
3238.0,0.17948843996840175
3245.0,0.16728972060441097
3249.0,0.19437419243207368
3255.0,0.17945138301653013
3264.0,0.18503509268223678
3272.0,0.17091472850110478
3281.0,0.18044142036788594
3287.0,0.15824244384648187
3295.0,0.1890923599477095
3309.0,0.17512276070748095
3316.0,0.17273504603144532
3325.0,0.16729218670772117
3331.0,0.16303544532823241
3337.0,0.150579642039782
3343.0,0.17106293276577605
3351.0,0.17229365684680026
3358.0,0.17832288699889826
3363.0,0.17874710035303604
3368.0,0.2036850586601614
3374.0,0.16367584985792374
3380.0,0.17485373992430991
3389.0,0.18708183275134388
3399.0,0.15939259090916924
3406.0,0.19445268896784007
3412.0,0.16288749665988442
3420.0,0.20196134394338133
3428.0,0.18497005741399983
3436.0,0.21968129214300514
3443.0,0.19033931715684932
3452.0,0.1848031330803078
3460.0,0.1898404702693741
3469.0,0.17386691347493602
3479.0,0.19055104046379448
3487.0,0.1801540160079939
3495.0,0.17259784630649833
3504.0,0.18308701144754724
3512.0,0.1846147486709251
3521.0,0.17115807799059163
3529.0,0.1727494798923782
3535.0,0.1846730362083534
3541.0,0.187165031556735
3549.0,0.17741093347782907
3558.0,0.16742984734436128
3566.0,0.20515847416736907
3570.0,0.16525036624869413
3578.0,0.21016672973250586
3584.0,0.18130355589948888
3588.0,0.1892687230581468
3596.0,0.17293951166515667
3605.0,0.17035103944217744
3614.0,0.17479860751263057
3622.0,0.16444162539364898
3628.0,0.20117670088985054
3637.0,0.19592132732333542
3642.0,0.19330632933549607
3650.0,0.16991485139688464
3656.0,0.16790606029637112
3665.0,0.1843297336648503
3672.0,0.17821851683505152
3676.0,0.18536355808054003
3683.0,0.20050396562809267
3690.0,0.17157246129944956
3698.0,0.18893656003673603
3709.0,0.1854957519734259
3716.0,0.17578432097283547
3724.0,0.18803787562535026
3730.0,0.16077313672218121
3738.0,0.17573032356220963
3742.0,0.1843535901477365
3750.0,0.2001902273575663
3756.0,0.13972277022421806
3765.0,0.18069650838530632
3772.0,0.16756132238509763
3779.0,0.19508317745841136
3787.0,0.2049435540082003
3793.0,0.19250579062517137
3797.0,0.1634397764172907
3803.0,0.1719716954614457
3809.0,0.17287676827979065
3815.0,0.18219703423642342
3823.0,0.17686531937504726
3828.0,0.16260319970042145
3834.0,0.1719182668835306
3842.0,0.18024480182320685
3850.0,0.17656200015805504
3858.0,0.15799885843620395
3863.0,0.17892232566572946
3871.0,0.190133204709079
3882.0,0.18408588615663327
3888.0,0.1843766346343289
3896.0,0.17798735003972155
3907.0,0.1701276346653585
3916.0,0.16642129687231483
3924.0,0.1799880725041483
3932.0,0.1647152886414141
3940.0,0.17746571107977982
3946.0,0.17929217833111016
3954.0,0.1671299802691027
3962.0,0.16871422953972362
3968.0,0.17514736872157372
3975.0,0.16040326660908802
3979.0,0.16890595001265296
3987.0,0.18899554913249408
3994.0,0.18199909146590934
3998.0,0.18698137342168672
4005.0,0.15953585739920903
4013.0,0.17595342030769037
4022.0,0.1866202557270899
4030.0,0.18183222411135563
4038.0,0.19576537922799406
4042.0,0.1900530456512716
4048.0,0.15989823530647862
4056.0,0.17695426509667508
4065.0,0.17488719517263832
4074.0,0.19092012928175967
4081.0,0.17867988298939025
4085.0,0.207832211445724
4091.0,0.19614377646079126
4096.0,0.19661825183769396
4104.0,0.1916757706282454
4113.0,0.18792500314169608
4122.0,0.17864956977122942
4130.0,0.19302413844052163
4137.0,0.15577291413847835
4145.0,0.17943290997116398
4157.0,0.1755374918869392
4165.0,0.179443389858107
4172.0,0.19896611548507065
4184.0,0.19593991832150515
4198.0,0.18924970273187713
4205.0,0.1800474609349412
4214.0,0.1868403069504085
4223.0,0.18560370616714447
4230.0,0.18486960614982886
4239.0,0.15927796577655534
4247.0,0.183365229488614
4258.0,0.17754346794377587
4266.0,0.17285973507226488
4275.0,0.16391923950146445
4280.0,0.17401301872529243
4288.0,0.180789553548345
4297.0,0.17015367644568183
4301.0,0.1924296101447528
4307.0,0.18740045769407573
4316.0,0.1640735100435555
4323.0,0.19664175444837095
4327.0,0.19230852788726607
4335.0,0.17835038850055462
4346.0,0.18593413996853075
4353.0,0.1910146863379859
4361.0,0.16597736801305005
