,5
2.0,0.13751213206402033
11.0,0.2085387038833059
20.0,0.17832218829938823
27.0,0.17620326839821157
32.0,0.16040546691800298
37.0,0.1844769499031827
42.0,0.184044315605228
51.0,0.1876712590261306
62.0,0.19293865630068494
71.0,0.16383638786675989
82.0,0.1944330945732114
91.0,0.1864985299281769
101.0,0.20439500923795245
109.0,0.16899859852465704
117.0,0.1833493556459272
123.0,0.15287836568995478
129.0,0.18134562127851553
136.0,0.17269304234963215
142.0,0.17609116153398918
147.0,0.19678470018769104
152.0,0.17031879130860175
158.0,0.1916113786239569
164.0,0.19678724516370177
170.0,0.19948613101739496
178.0,0.17575600596320098
190.0,0.1874622383811909
196.0,0.18257933132593207
204.0,0.1919142011241124
213.0,0.2010013571625317
221.0,0.20072680672762774
229.0,0.1754010972513346
238.0,0.17077289737101997
244.0,0.15165215723028688
255.0,0.18208497653515435
263.0,0.187747976163666
271.0,0.18233343206532468
278.0,0.1510370184185099
287.0,0.2145472052573191
295.0,0.18968623302188298
306.0,0.1953355375900868
312.0,0.19652486711972358
321.0,0.19092155893852147
328.0,0.19905176381944087
335.0,0.21308893864476103
343.0,0.21523488739040073
350.0,0.20224281913814318
361.0,0.1914569358472196
368.0,0.1949485671379865
378.0,0.18606726040109453
387.0,0.20076883271118323
393.0,0.1812261318086123
401.0,0.15518331805871582
406.0,0.18397171762355607
414.0,0.17909446348865857
421.0,0.1674860644535759
430.0,0.19437385428339202
435.0,0.1772132490449567
442.0,0.1805363095172978
448.0,0.1861621147831011
454.0,0.1810411967976341
463.0,0.1615856234363196
472.0,0.18782315343851422
480.0,0.18564120314780105
487.0,0.21153766461782636
492.0,0.19825667308566253
498.0,0.18213970128925588
507.0,0.17696926490881604
515.0,0.1916895825059733
519.0,0.22223707511163798
528.0,0.18879576407778567
535.0,0.20652304159901907
543.0,0.19175338116928436
549.0,0.18407281256566252
561.0,0.1857822727941045
570.0,0.1866796492816659
576.0,0.19360518268084376
588.0,0.19175507176551948
594.0,0.17805639286452715
601.0,0.1987367095647825
609.0,0.21675763944873475
615.0,0.1789983462586606
623.0,0.17724884030957785
630.0,0.19429050644887244
638.0,0.16922824879076973
644.0,0.16935177264410392
655.0,0.19963022760102714
664.0,0.15969859697691752
671.0,0.21581186230204222
675.0,0.2109231584744559
681.0,0.16984838484858253
687.0,0.17847416582795372
696.0,0.19133912447577514
708.0,0.16862732124519925
715.0,0.1843541006466259
723.0,0.18676301254843217
729.0,0.20021631046205618
734.0,0.17695067825573296
746.0,0.19983895579237976
755.0,0.1945480604588878
762.0,0.18820515772011664
769.0,0.18332690615643396
778.0,0.17322405986874007
783.0,0.17854154375675668
791.0,0.20336981078870162
800.0,0.1959558222028286
810.0,0.19587218372164464
818.0,0.1652482485497393
826.0,0.18428614171975385
833.0,0.2084960325604832
838.0,0.18499508406301582
844.0,0.20035117013092482
853.0,0.16881751719989524
857.0,0.19980000731896264
865.0,0.1716640794961603
872.0,0.18680552853833735
884.0,0.17378578335416092
891.0,0.18015648131570675
898.0,0.1772178411333514
905.0,0.19112915461825136
915.0,0.18014581597506193
926.0,0.19803108987723492
934.0,0.15965260974213952
939.0,0.16684625673219922
945.0,0.21273378132597193
