,8
0,0.17976127977294895
1,0.15275717390956708
2,0.1554261193946509
3,0.16506213762165678
4,0.16324578931675315
5,0.16711111579234036
6,0.1680262651970486
7,0.16484750059267764
8,0.15477335761660346
9,0.1619039679437046
10,0.1668077894079081
11,0.17212387155981135
12,0.15467294548437796
13,0.16766135417400246
14,0.16565815557359784
15,0.16851398345149712
16,0.13973160926670225
17,0.14137331281291907
18,0.17226868134666373
19,0.13382020538643313
20,0.16086999958255305
21,0.1405986192230591
22,0.15544574696279656
23,0.16380936028339427
24,0.1689484353249845
25,0.1651637439702357
26,0.1483968934067028
27,0.14870702464279498
28,0.1492275838891454
29,0.14142073602621028
30,0.1714375817506474
31,0.14972608842929547
32,0.15132089025508305
33,0.18054540732500893
34,0.1509469622168098
35,0.1508251774191646
36,0.14163362407596855
37,0.1694907207790428
38,0.16497207626014668
39,0.15170180548802403
40,0.17804160562615184
41,0.16703392556761482
42,0.15352709613844515
43,0.16452174405950148
44,0.14695660999881174
45,0.1620648604369946
46,0.15540750059026315
47,0.149905515152461
48,0.16443883562426087
49,0.14805855439358112
50,0.13090063916355357
51,0.1643529056004387
52,0.13889704848556766
53,0.18702911510724868
54,0.1679224527084006
55,0.14458600772477442
56,0.15824575478695302
57,0.1499173459161177
58,0.1559450467313832
59,0.15987002871049494
60,0.14017081264167372
61,0.1560894003587759
62,0.14428535635675938
63,0.14417110979609432
64,0.15675173373662663
65,0.1701436163551932
66,0.1610421131400188
67,0.16350717252600594
68,0.14660754549408075
69,0.17317520913038748
70,0.1557535101971789
71,0.16283848967015624
72,0.1656827322953131
73,0.14287963839576867
74,0.15523913732635033
75,0.16769206855905092
76,0.17563421515748093
77,0.192726391561391
78,0.17738921497306878
79,0.1475600039962941
80,0.16461552501289528
81,0.15092512844757022
82,0.1599618789521613
83,0.1492551098458258
84,0.15715797255529076
85,0.15278795608247311
86,0.15818417742725022
87,0.16004338262904855
88,0.16083223320316636
89,0.1608346342191305
90,0.16492502601668005
91,0.15416614510496884
92,0.14298837781232782
93,0.14878743870791408
94,0.1454308371891347
95,0.14147875856869502
96,0.15237949759282404
97,0.16742886656982614
98,0.1582633497077061
99,0.16789018542443984
100,0.15483386446187475
101,0.16913049465293095
102,0.15993361507686735
103,0.15860839046556333
104,0.17157825791027695
105,0.17472221290265347
106,0.15462393755679144
107,0.15939289156497144
108,0.16146919179876454
109,0.15725113719646996
110,0.13656984326159874
111,0.1441637736931542
112,0.1624392264438586
113,0.15142623066071118
114,0.14955013050779248
115,0.1624966281775971
116,0.16167680020832098
117,0.14997247695004196
118,0.16954100580008338
119,0.1483025710599546
120,0.16652251618886965
121,0.15636100923060914
122,0.17153665760633627
123,0.15116946096964864
124,0.15423315615118854
125,0.15919746227596618
126,0.15616213684506658
127,0.1505515349022574
128,0.15264998333252663
129,0.15230284374224098
130,0.15899389829535915
131,0.17400905429117589
132,0.15650449426231788
133,0.159783065147502
134,0.1570653488797683
135,0.1567503912160008
136,0.15576932529480958
137,0.17427032515863514
138,0.15997176219115208
139,0.17505374176584035
140,0.1413358327454661
141,0.14059251733364417
142,0.15189763211285331
143,0.1486575450428245
144,0.1679809948346581
145,0.19458036664800704
146,0.1507850608031344
147,0.14986559467533314
148,0.16969842631772095
149,0.15807982367674867
150,0.1591912056248294
151,0.16993046994361508
152,0.1678960920805111
153,0.14813214862566068
154,0.17164267571258485
155,0.15669583731697467
156,0.17210418551270684
157,0.14980787955172867
158,0.14254171167702306
159,0.16881316714040054
160,0.14940720975412894
161,0.13732120158864342
162,0.15587917654618294
163,0.16048610923572024
164,0.17274137797118155
165,0.1785095725716994
166,0.17358577191018548
167,0.1473073467179033
168,0.1450424332591182
169,0.15191975296160554
170,0.1510478276610607
171,0.1517521887873449
172,0.16262547546487008
173,0.15674533590035186
174,0.14547260627335268
175,0.14388030287506895
176,0.15133715485038696
177,0.1632372064455385
178,0.14727939458531772
179,0.164752167663636
180,0.1761439066795686
181,0.17263866720846205
182,0.16082380667162238
183,0.1765977083864671
184,0.15106160361063084
185,0.15757730380351473
186,0.17572907923512726
187,0.1522431304450965
188,0.1619711136889809
189,0.14600483441721382
190,0.1542209039479297
191,0.14754833372389226
192,0.16875141921761302
193,0.17038489523137154
194,0.1586569575200091
195,0.1558759651132249
196,0.15976755099078127
197,0.15643998817848132
198,0.15472676313712133
199,0.14216982571655923
200,0.15626888738909978
201,0.14966237241315006
202,0.15201041829186088
203,0.16415501463685367
204,0.17476973746583768
205,0.1484123202962673
206,0.14719805481294887
207,0.1508502674312965
208,0.15941362012306506
209,0.16850563569038352
210,0.15154172628482615
211,0.16038803431144516
212,0.15926284455762998
213,0.1660902541903231
214,0.14813291257045816
215,0.1558286283562122
216,0.1634046433284966
217,0.15262214565758275
218,0.1469813026328627
219,0.14123482701644463
220,0.1774148134862664
221,0.16921177239554483
222,0.16016758321977306
223,0.1536352598318806
224,0.146299935944744
225,0.14244122794551733
226,0.14285360246045872
227,0.14826828733746433
228,0.15430210174986952
229,0.14989274036873754
230,0.15778861324549084
231,0.15598849172195992
232,0.1634630692127937
233,0.16976455673983612
234,0.14499156926469997
235,0.15778242604821244
236,0.16628714219452972
237,0.16642264147126773
238,0.15632077403225714
239,0.1756822570494429
240,0.14815725372889108
241,0.1501954301629093
242,0.16294136351604452
243,0.1605299286512925
244,0.14762015723854882
245,0.1550032500664942
246,0.1674895854628235
247,0.16008155184611036
248,0.14750857189429997
249,0.1528723494059398
250,0.15946843816674647
251,0.17382581451822257
252,0.14574153351388633
253,0.1625396839951387
254,0.14981672364458262
255,0.15449039321643687
256,0.1536329093364126
257,0.14120148767869717
258,0.15213329664743433
259,0.15438297728147055
260,0.1470540654080333
261,0.15426509423170606
262,0.1515336616993804
263,0.14939867148896466
264,0.14880636823910817
265,0.16711346722721762
266,0.1505317404705214
267,0.1562289099201501
268,0.16007790958182355
269,0.15466565836028814
270,0.16384200636320992
271,0.15761455029692223
272,0.1603130029782418
273,0.15063444610373036
274,0.15855223711272168
275,0.14973889910409893
276,0.15244353864282398
277,0.1650328167657571
278,0.16516238402027572
279,0.17260793536305802
280,0.15538339381719063
281,0.14358511814167726
282,0.15506318538787697
283,0.15195801943291465
284,0.14938771269458517
285,0.1467579691344786
286,0.15467052923684396
287,0.17561374932110213
288,0.17570150927137312
289,0.1667639201343142
290,0.15783297697895074
291,0.1519030446177483
292,0.18012280915085485
293,0.14477714730504831
294,0.16779093615063728
295,0.16334826600685673
296,0.18144374150984643
297,0.1500089169587301
298,0.16827415397683765
299,0.15547323816639413
300,0.1612515751705028
301,0.16563060134842603
302,0.15345999499232216
303,0.15930567206851004
304,0.14990796948343885
305,0.1538518302261797
306,0.15720063493173206
307,0.15119932013889673
308,0.16179235054275123
309,0.1575045518344745
310,0.16096126265225494
311,0.15873622537225315
312,0.15740568780256592
313,0.16005930026182483
314,0.15228500547127508
315,0.14920861598672114
316,0.16295289325519857
317,0.16125014937588047
318,0.16440115436538008
319,0.16533588744800787
320,0.1555825570164185
321,0.14719074222961387
322,0.16133925334891216
323,0.17003910100112757
324,0.16736721556907413
325,0.15445705301130516
326,0.15434092793157975
327,0.177350113871214
328,0.15703700379045832
329,0.1736693779830245
330,0.1638411206414454
331,0.16037442047413583
332,0.16577034222625087
333,0.15277598332447653
334,0.16582577343389804
335,0.18285134643052794
336,0.1658072728140309
337,0.16164988256715898
338,0.15933384723577462
339,0.15400212934708535
340,0.14856994674223847
341,0.15930034641716467
342,0.15165193883227668
343,0.1592981540800656
344,0.16961187020694798
345,0.1540630777915537
346,0.18390406811697718
347,0.15775645999854482
348,0.15856597763028235
349,0.1724558582457516
350,0.15889079211750776
351,0.1615022300656659
352,0.14877482291862182
353,0.16011996747707924
354,0.16205173647157883
355,0.14536401689953118
356,0.16977826541196858
357,0.1870705597219364
358,0.15823918540779955
359,0.15674429828000122
360,0.1746705770210125
361,0.1723337393738266
362,0.17386704981096762
363,0.1688669093526701
364,0.15963227968684812
365,0.16349132744218506
366,0.1539597926497656
367,0.16893344981225983
368,0.1384844407323961
369,0.14493348827054017
370,0.16412068489912635
371,0.1448414694645191
372,0.15722596667654634
373,0.16434273921339962
374,0.15707114557899768
375,0.17836318855586955
376,0.16393032388727857
377,0.15801384646905403
378,0.1530151466856745
379,0.16184332305005777
380,0.15331207657859316
381,0.14874313888708213
382,0.17294503528639793
383,0.17548848353163704
384,0.15987998786739233
385,0.14928350382106093
386,0.17919147686821604
387,0.16550554001702678
388,0.1575670141995073
389,0.1788384526185558
390,0.15532728664941622
391,0.16523815411068749
392,0.16145641196878285
393,0.1656249328925976
394,0.1539945286999467
395,0.1679196340319583
396,0.14732476077605616
397,0.14537612557785667
398,0.15693384190293277
399,0.146185569815925
400,0.155223074475077
401,0.17065288033763992
402,0.16774018996990575
403,0.16856291146112304
404,0.1562780719528443
405,0.18878301343635873
406,0.15778716852714295
407,0.1383708006036902
408,0.1597765329287028
409,0.15350124294852238
410,0.15586036227570363
411,0.14371463567353943
412,0.15854802726532793
413,0.15489388196082599
414,0.16482325853573224
415,0.16364694646026795
416,0.15098527531504452
417,0.15741582548523375
418,0.1726351928588035
419,0.19971751437565535
420,0.18205243270699223
421,0.17501359464995267
422,0.17348767113956515
423,0.16251025033706407
424,0.1620909450049872
425,0.1533897545534041
426,0.15135790626341858
427,0.14409324105828855
428,0.15415386444531987
429,0.15370578884501795
430,0.1678743569708797
431,0.1639535598285515
432,0.171687907493618
433,0.17256575527667403
434,0.14869245657108268
435,0.16026981790634984
436,0.16053601513516225
437,0.15796951165497405
438,0.16316322918784507
439,0.16101328389215525
440,0.1684687913465779
441,0.17249877945845019
442,0.1643501369644646
443,0.17748891403919448
444,0.14613817554348826
445,0.15379201193041747
446,0.16174650581816558
447,0.16839403493040025
448,0.19358928649248994
449,0.1457430240034737
450,0.18155550969468723
451,0.17966637810209435
452,0.17641219907498776
453,0.1628645523476233
454,0.15232236823431083
455,0.15598311711232207
