,6
2.0,0.16177399105814097
11.0,0.18486985280150978
20.0,0.18084875369559028
27.0,0.1924376986255171
32.0,0.18365310761633596
37.0,0.17690650524025606
42.0,0.19045325191117998
51.0,0.1790811472439086
62.0,0.1593308161096899
71.0,0.180075155288606
82.0,0.16577986772484107
91.0,0.17296546561211423
101.0,0.17974617143088595
109.0,0.17509961438027344
117.0,0.17391977605579037
123.0,0.16141718391084514
129.0,0.18472806371323192
136.0,0.1819327078253908
142.0,0.17322569419528341
147.0,0.18507598681049733
152.0,0.1762995334089967
158.0,0.14648002221731743
164.0,0.20220010270669792
170.0,0.1656729036216281
178.0,0.14853288921921357
190.0,0.17542940929716638
196.0,0.20305436084034545
204.0,0.18959036988549818
213.0,0.1652808266947883
221.0,0.17598512703215133
229.0,0.18830765980723324
238.0,0.15679454395820264
244.0,0.17214000581700675
255.0,0.17769472787254809
263.0,0.190685646784214
271.0,0.18203539004932123
278.0,0.18465110733352402
287.0,0.19779317568928215
295.0,0.17240971838208174
306.0,0.18515029360341156
312.0,0.19628637634592241
321.0,0.17596446107495525
328.0,0.1577316059055574
335.0,0.1754946679413115
343.0,0.1786438195388937
350.0,0.16376640779831753
361.0,0.16780159375930767
368.0,0.17571794845760996
378.0,0.17020300514378933
387.0,0.1724786563733734
393.0,0.15905807511747871
401.0,0.13211666194388705
406.0,0.17473830776495536
414.0,0.17428976132277058
421.0,0.17229804583539307
430.0,0.15878128038172165
435.0,0.16802446839589244
442.0,0.17097258918007516
448.0,0.1638103954262251
454.0,0.16936566926560817
463.0,0.17925725731420605
472.0,0.17144196126947264
480.0,0.17168148129724867
487.0,0.17570467094970937
492.0,0.19225424070357164
498.0,0.17828044179772798
507.0,0.1787366131061929
515.0,0.19732786906221564
519.0,0.19287184953260225
528.0,0.16721473390396777
535.0,0.1934522643592161
543.0,0.17386961626192257
549.0,0.15076236712208926
561.0,0.16883384788256883
570.0,0.18479839916370921
576.0,0.17803375253238246
588.0,0.17952407031739948
594.0,0.17268644330103763
601.0,0.1793989883571093
609.0,0.15335181315619154
615.0,0.16693390153368523
623.0,0.16479502446963543
630.0,0.16744414521107007
638.0,0.17784802315488957
644.0,0.1854093622954724
655.0,0.1824754022417015
664.0,0.15945417921046967
671.0,0.18721580649209588
675.0,0.21033722092934268
681.0,0.1678137218244937
687.0,0.18894511708483233
696.0,0.17112988669634585
708.0,0.19244486734463834
715.0,0.19648538990733652
723.0,0.1671333490484171
729.0,0.16014664153526786
734.0,0.16339636177309244
746.0,0.19088446106944665
755.0,0.17062772016080832
762.0,0.17753172612637483
769.0,0.1531092783714793
778.0,0.1926209474644245
783.0,0.17585424520589452
791.0,0.15940262099881125
800.0,0.15656093439791852
810.0,0.1715706613387352
818.0,0.16313529029812648
826.0,0.18286649208944597
833.0,0.1754706119677253
838.0,0.16181267903631644
844.0,0.16861302346014284
853.0,0.16001639834101433
857.0,0.19407132527709686
865.0,0.17749214448176986
872.0,0.1588575446926089
884.0,0.17491708307770937
891.0,0.17832688146591966
898.0,0.1866017593258889
905.0,0.18823596599550063
915.0,0.17361519748306106
926.0,0.18140879823304773
934.0,0.197679087772568
939.0,0.17507936741230737
945.0,0.18705745492005926
