,5
3.0,0.1534906029083494
18.0,0.21129277850819922
26.0,0.15219112833009166
33.0,0.19183311021721602
41.0,0.1457059828022837
48.0,0.19161433441052284
57.0,0.18240288191281795
63.0,0.19277265996209472
70.0,0.1837020762770414
75.0,0.1885776979704905
82.0,0.1951353946020507
90.0,0.1925666253122291
96.0,0.19344414119307882
103.0,0.204114903952274
110.0,0.20198324030633766
117.0,0.2041570110963129
121.0,0.2013303642923274
129.0,0.18201891785684216
135.0,0.18827536851363294
142.0,0.18830075032411828
148.0,0.1788215439587632
156.0,0.23162188261518118
162.0,0.17692731455040966
168.0,0.21082892551972607
179.0,0.20425241941444394
184.0,0.17788425038844094
190.0,0.20793590124676684
199.0,0.18185148611284804
205.0,0.18176615392415385
213.0,0.1980952195195767
219.0,0.20063611861662914
227.0,0.18404468672643842
235.0,0.1943749784272135
243.0,0.18909057406693264
253.0,0.20977923785363595
267.0,0.20646000423587652
279.0,0.1993854303858523
288.0,0.21413879114497056
297.0,0.2240366289455961
306.0,0.17754771087878926
312.0,0.1589209388031683
322.0,0.1792772999713916
331.0,0.19375992775465017
337.0,0.20145338823311354
344.0,0.20865643795905053
355.0,0.198401753565344
363.0,0.20009174587628287
371.0,0.1760785203694768
379.0,0.199855341006892
388.0,0.18703286680805803
400.0,0.2032840385587514
405.0,0.18667458309676405
411.0,0.18809607374481566
420.0,0.18551591148024357
426.0,0.20387276453727712
434.0,0.1734532619669843
440.0,0.17093081879363087
444.0,0.19761727452598607
452.0,0.18950452533383544
459.0,0.22169252924262833
465.0,0.18007004527732104
476.0,0.1971555209309412
487.0,0.20407276444688618
493.0,0.18360110932873555
497.0,0.2012590100553328
503.0,0.18516838835855176
508.0,0.18112096742864972
519.0,0.1952537260570242
523.0,0.18909029334596317
530.0,0.19657924083638678
538.0,0.19710272200709128
549.0,0.17758359377150448
556.0,0.18006274208869139
564.0,0.20618870739671247
570.0,0.22943396132888222
578.0,0.19475331544777433
586.0,0.19126278040134181
592.0,0.19969479453752276
599.0,0.199882817754811
608.0,0.19357649286185014
615.0,0.22155307599465818
624.0,0.21251350985956735
632.0,0.17010439915486228
643.0,0.21036527182422757
648.0,0.18425472097751505
663.0,0.21672556802474738
675.0,0.2086238485101314
686.0,0.17877599193272312
692.0,0.18539688538990556
701.0,0.19334697622016003
710.0,0.18717008304304525
716.0,0.19449182956376798
724.0,0.19222547753529703
730.0,0.21175586244156114
744.0,0.17474059924839794
751.0,0.1893563115580011
763.0,0.2030081982312986
770.0,0.1737007134978737
781.0,0.18783367741629017
785.0,0.13312641207409184
789.0,0.19127523275914488
793.0,0.1878233664476711
800.0,0.20080394908600305
809.0,0.1970605630927213
817.0,0.19267555561113078
826.0,0.2093513485490167
834.0,0.19081904731776791
843.0,0.18708864050241938
854.0,0.18696219887457527
859.0,0.18320418847164216
867.0,0.1845047311251997
872.0,0.19617422601198817
877.0,0.1809311361199859
884.0,0.18098475508584932
891.0,0.2242066540613897
898.0,0.21551085963698893
904.0,0.15634317107632
912.0,0.2173917997143308
923.0,0.207331141152232
930.0,0.19882179785012963
937.0,0.17947206963925297
943.0,0.18102796332762147
949.0,0.18724462450672283
958.0,0.20488267079446218
967.0,0.1782434127699149
975.0,0.18171844336011925
982.0,0.16922480043734558
988.0,0.1681142855562043
992.0,0.1868650989965349
996.0,0.21284968283251293
1001.0,0.18705417218391363
1007.0,0.2075574618364445
1014.0,0.19201393954163162
1021.0,0.2062147438991233
1027.0,0.21153846603464993
1038.0,0.19057471876514015
1046.0,0.19733418997916502
1054.0,0.18155945676318114
1062.0,0.19753634722011634
1073.0,0.18996196443214267
1085.0,0.19648844260097773
1092.0,0.18164633049290385
1101.0,0.17801876530663402
1109.0,0.1959066163528413
1117.0,0.17240926433936438
1125.0,0.1695016092781963
1132.0,0.185184817785831
1141.0,0.177811934172547
1155.0,0.18841698107657745
1164.0,0.16571733961267485
1172.0,0.1934287478092217
1180.0,0.17507737614210594
1184.0,0.16139106516607135
1190.0,0.16007016049107126
1199.0,0.20202017889546
1210.0,0.1710882974037916
1219.0,0.18796837812386583
1227.0,0.16849516918952107
1231.0,0.17687404773869092
1238.0,0.17527077770615995
1246.0,0.18670927715451385
1254.0,0.2035628689180814
1260.0,0.20631092883410715
1274.0,0.19757250053781164
1281.0,0.1597806845289382
1289.0,0.20101874062285838
1298.0,0.20485068815322982
1306.0,0.16178630288734266
1312.0,0.16034204095869692
1321.0,0.1757018600032696
1329.0,0.15230710374620052
1335.0,0.17009735605226933
1342.0,0.21004108695861587
1354.0,0.19441468398152034
1360.0,0.20989672980904384
1369.0,0.19861180728370698
1380.0,0.20699498776763087
1386.0,0.18346356172017506
1393.0,0.18386909455514455
1401.0,0.18819837910478462
1408.0,0.2135560552963406
1416.0,0.1619228095291233
1423.0,0.19990563307800932
1432.0,0.21097825630757355
1440.0,0.18810780900793678
1449.0,0.18075915946070692
1461.0,0.19704049288851452
1470.0,0.1716595614541
1481.0,0.19584472082782875
1491.0,0.22595805856323503
1499.0,0.18841381269478258
1505.0,0.18331465469808253
1517.0,0.18333051907748266
1524.0,0.20047939793734046
1531.0,0.17735693180774753
1548.0,0.19608618708178976
1553.0,0.19140035850319137
1560.0,0.20779491953361756
1570.0,0.15554864186833559
1579.0,0.18512620191099854
1586.0,0.1776206741905854
1592.0,0.22542694594869114
1599.0,0.18110356760035592
1605.0,0.18747290448672171
1612.0,0.19998339295973175
1620.0,0.1900791618705213
1627.0,0.2058894225226
1636.0,0.1749700703771841
1642.0,0.18171747251780937
1653.0,0.18068932303462018
1661.0,0.19312918950706479
1672.0,0.1914751576436552
1680.0,0.18822750363371366
1689.0,0.20611766812354848
1697.0,0.17011956477039686
1706.0,0.18674754834480328
1713.0,0.16321588869231743
1722.0,0.20806844885623188
1730.0,0.19486616208774785
1739.0,0.20845560816516684
1748.0,0.172142258712869
1754.0,0.17526790849210896
1758.0,0.16824433506189704
1765.0,0.16175875479274823
1771.0,0.18151917615561394
1779.0,0.19166690526987784
1786.0,0.1804213894910674
1795.0,0.18319244582225844
1802.0,0.18119225880682177
1808.0,0.1672734066186397
1817.0,0.1932046480118055
1824.0,0.16289371910017142
1832.0,0.16691714425979326
1838.0,0.18332354021406363
1846.0,0.16478464634895082
1853.0,0.18464965211394274
1859.0,0.21827371200158854
1865.0,0.1512928069648718
1872.0,0.1956173424876816
1879.0,0.20132851401601506
1883.0,0.2000367138068188
1891.0,0.17016082472182037
1897.0,0.1992258930546524
1904.0,0.20149839524697996
1911.0,0.17488395756818592
1917.0,0.17271626894369407
1925.0,0.214295771526045
1937.0,0.1852234520690928
1952.0,0.18802915400714232
1963.0,0.20116556355390655
1977.0,0.16697429074134595
1985.0,0.18722229054393574
1996.0,0.1899541748631216
2005.0,0.20578736531070851
2016.0,0.21233990558214352
2023.0,0.20076004685381915
2027.0,0.18429154535865117
2035.0,0.1990381329193136
2044.0,0.20537006344896705
2052.0,0.2018015299811034
2061.0,0.19044543730116567
2073.0,0.21505366773156487
2081.0,0.1691175006146813
2085.0,0.1856856800133608
2097.0,0.19464109265607057
2105.0,0.18796301847219532
2111.0,0.2094701335776152
2123.0,0.18149756738353673
2129.0,0.1711290978702442
2133.0,0.1409083767254443
2139.0,0.21123909650767275
2146.0,0.20790880134779247
2158.0,0.19252931375041288
2170.0,0.19672657092757373
2180.0,0.17920306668591676
2187.0,0.1524628167026703
2193.0,0.17770722989247936
2201.0,0.19522228575666398
2210.0,0.20900956335399196
2216.0,0.189146425671151
2227.0,0.20165004849293536
2235.0,0.21117725405372706
2241.0,0.1978562065144162
2249.0,0.20119814185416182
2256.0,0.1806636597742095
2267.0,0.2218220781688996
2275.0,0.1927645175558306
2282.0,0.17095721842990225
2288.0,0.17332538437140108
2297.0,0.20735216691371205
2305.0,0.20836838305632407
2314.0,0.19438643313561402
2326.0,0.20233166045918569
2338.0,0.1843963627366535
2346.0,0.2110291767103776
2355.0,0.1514235803393065
2363.0,0.1825188130613216
2371.0,0.1797509346749682
2377.0,0.19771945322352077
2384.0,0.1759525346080306
2391.0,0.15706806872762744
2398.0,0.18131255130944776
2407.0,0.20838307388653549
2415.0,0.1591974046964206
2422.0,0.20031019124726382
2427.0,0.1954205681019869
2434.0,0.20447290228167245
2446.0,0.19859572584153062
2458.0,0.19425724883701262
2464.0,0.17455794606835437
2469.0,0.18930853636422781
2475.0,0.17522561486067337
2489.0,0.19355797314713633
2493.0,0.1926288821225533
2498.0,0.15809249974077735
2513.0,0.16484847237088301
2520.0,0.1754925596834317
2534.0,0.21280615806046346
2538.0,0.20542139593892916
2543.0,0.2055415289278827
2547.0,0.2017598904911198
2554.0,0.19847579925851563
2561.0,0.20244580144875102
2568.0,0.18664223844046413
2575.0,0.19163473513044602
2582.0,0.19010162858556887
2588.0,0.21609172277217692
2594.0,0.17212613048202122
2599.0,0.1797089859180117
2608.0,0.21370183493240902
2615.0,0.17757799917906064
2622.0,0.15196635627970534
2627.0,0.20177321056417225
2634.0,0.1736003449026348
2640.0,0.16016311472829886
2647.0,0.2050418478120732
2659.0,0.20236164219887498
2666.0,0.2101565421529513
2674.0,0.2040345527170776
2679.0,0.18679262796945428
2686.0,0.19037957916393156
2693.0,0.20745872276125968
2699.0,0.1923331232166528
2703.0,0.20398300954988918
2711.0,0.18266488976202364
2718.0,0.22538709060976628
2725.0,0.17806882258928103
2729.0,0.2014787317790617
2735.0,0.16779399055605815
2741.0,0.1547474642875938
2748.0,0.21720321206055498
2756.0,0.17469767781079848
2771.0,0.19026006378192206
2775.0,0.20343206578752945
2781.0,0.1911004479825755
2789.0,0.16772316846913324
2796.0,0.14750223898194853
2805.0,0.20504653690259173
2809.0,0.204716385916659
2821.0,0.19475050184922116
2832.0,0.18928305357869069
2840.0,0.16342351776656264
2857.0,0.19935099995045863
2864.0,0.19660133982764008
2871.0,0.21350897623322004
2878.0,0.20470961774547133
2886.0,0.19999932196068965
2893.0,0.2118192702688313
2907.0,0.19709871898676765
2915.0,0.18641641579304036
2921.0,0.19331317655850888
2925.0,0.20326287685531116
2931.0,0.19761222538848547
2939.0,0.20743065561868204
2945.0,0.1750005561084699
2951.0,0.21255112971670323
2955.0,0.21293354475792317
2962.0,0.20082211081892204
2972.0,0.17983431115021967
2979.0,0.20424790774048093
2990.0,0.15392086803092503
2997.0,0.18662938725266587
3002.0,0.1758634628947465
3009.0,0.17255805454911372
3017.0,0.22458108345067798
3026.0,0.1664946996679025
3032.0,0.18817254707155473
3040.0,0.1794205028536947
3048.0,0.1983827713345343
3060.0,0.16045585917163413
3067.0,0.16866776243940132
3075.0,0.210071979988238
3081.0,0.19671973904956036
3087.0,0.19088803503009286
3093.0,0.20526886056130098
3100.0,0.18832412391259631
3107.0,0.212828042541274
3115.0,0.1830594293449795
3128.0,0.1997712832383899
3134.0,0.18546512023204828
3140.0,0.18867143594764307
3147.0,0.19665671047839214
3161.0,0.18853407855763232
3168.0,0.18596604822875834
3174.0,0.21236813455877632
3183.0,0.197214057312967
3189.0,0.2051084025729323
3197.0,0.2047721474084295
3204.0,0.1867812380915765
3210.0,0.17246278150718902
3218.0,0.16329077570499664
3225.0,0.1955664386521051
3230.0,0.1942732720475823
3240.0,0.19097398006987318
3247.0,0.16072383900535034
3252.0,0.17318962432769086
3258.0,0.21455014554612026
3264.0,0.19182838182614775
3271.0,0.16980063332895168
3280.0,0.1392272238705042
3287.0,0.17471921716845665
3295.0,0.1790096315072366
3304.0,0.18508466398639417
3313.0,0.20168354568279728
