,5
3323.0,0.1816792103473861
3332.0,0.20031333434674198
3339.0,0.20944825764817598
3350.0,0.1880337385487428
3354.0,0.19534002378760867
3365.0,0.1714250671347659
3371.0,0.20838967909298292
3380.0,0.16949807120290108
3388.0,0.18768127315408772
3393.0,0.17482000702222208
3398.0,0.18830066475888907
3403.0,0.18536605083899216
3411.0,0.20794811092591167
3420.0,0.18644519186032107
3431.0,0.16696720000493762
3441.0,0.17597706173262462
3445.0,0.20533908486317004
3453.0,0.19146919582983352
3461.0,0.19620399272122024
3469.0,0.19230326905110506
3481.0,0.16654428856443312
3492.0,0.18344818777842256
3496.0,0.20244500591950923
3508.0,0.18676955014936897
3514.0,0.2044245710402116
3522.0,0.19763151863258907
3526.0,0.17939607116176676
3534.0,0.20119099189311765
3548.0,0.19024851934885867
3555.0,0.1903410401052906
3561.0,0.1752575833750637
3566.0,0.184157402918518
3571.0,0.17849845188492477
3580.0,0.20394413954606266
3591.0,0.18886815353689443
3600.0,0.2012486093743723
3606.0,0.20657837424206604
3614.0,0.18098161504230856
3625.0,0.1997706818623427
3633.0,0.18479861135695314
3640.0,0.177143976047124
3649.0,0.21912908299008504
3654.0,0.18205520029269687
3661.0,0.20616146031120908
3669.0,0.22094077124633066
3680.0,0.18540802159810169
3688.0,0.20044262676906557
3695.0,0.17290669634142292
3703.0,0.20011959855587083
3707.0,0.19306743018339403
3713.0,0.18386415363667388
3720.0,0.17943829039169246
3728.0,0.20065524695114897
3740.0,0.19607365751437428
3744.0,0.20724848032286675
3752.0,0.2036275662177851
3760.0,0.2098871925178173
3769.0,0.19738113043959915
3777.0,0.20968805527509787
3785.0,0.17354095643475892
3791.0,0.21832645167356143
3802.0,0.17858477723623464
3816.0,0.20170790783437662
3830.0,0.1888871570504017
3836.0,0.17843962645067357
3844.0,0.18012396376369472
3852.0,0.18833515073335846
3856.0,0.17784880037303397
3867.0,0.14112163682665518
3874.0,0.19813556563043289
3881.0,0.18892181142908657
3886.0,0.19556172891153817
3897.0,0.18084667570826443
3908.0,0.16789504194507593
3916.0,0.1968993117081926
3924.0,0.17766519438847145
3930.0,0.1999491011587036
3938.0,0.172917496556239
3946.0,0.18034162588642158
3953.0,0.19864552219561654
3959.0,0.18007264699463407
3965.0,0.1938376918127514
3970.0,0.20206305460961727
3978.0,0.19818442307179332
3986.0,0.18244478754302026
3992.0,0.17252645029749994
3998.0,0.18779529659319422
4006.0,0.24251634360135443
4014.0,0.1777361251690687
4021.0,0.1982705753534038
4026.0,0.18449698964695296
4032.0,0.17791989797290939
4039.0,0.19191561744666527
4047.0,0.18467346357375378
4053.0,0.1853103005164245
4058.0,0.17731158377109463
4067.0,0.20942636911139967
4076.0,0.1703126768573373
4084.0,0.18348399901451448
4091.0,0.20915166813112523
4097.0,0.15460249799665024
4105.0,0.19769669329655373
4109.0,0.20784804132682122
4117.0,0.1661132043590917
4121.0,0.19256063957153524
4129.0,0.17534524241254082
4137.0,0.203702788014733
4142.0,0.2056711976178419
4156.0,0.19748629508609514
4163.0,0.21305949955203451
4168.0,0.19636034887763826
4182.0,0.20921350141507863
4193.0,0.1902674627019777
4201.0,0.1924476303825026
4212.0,0.1860744407377575
4218.0,0.19799277911535823
4227.0,0.15975185957329252
4231.0,0.16006600763558118
4238.0,0.1739947492400087
4246.0,0.18699232395822724
4253.0,0.18883545733081447
4262.0,0.1793759616222337
4267.0,0.17509423619084608
4281.0,0.18159275522410456
4289.0,0.1562731243412552
4300.0,0.20159360751370872
4304.0,0.1711226436976137
4310.0,0.18351775031347806
4321.0,0.16164183884168412
