,3
2.0,0.18427371031104398
8.0,0.16736172801911878
15.0,0.15790183625007972
20.0,0.2331154677714465
27.0,0.22663971664619145
36.0,0.23785374908547552
44.0,0.2292670943973353
52.0,0.16586054978147427
56.0,0.24202379351655207
60.0,0.18702096429176673
67.0,0.19183753641424944
73.0,0.14958941326478475
80.0,0.16974407914105127
91.0,0.23185576345229195
99.0,0.22050870417762422
110.0,0.18678057945499987
117.0,0.2006086947199027
124.0,0.2605800441596722
133.0,0.1760365041690701
140.0,0.18431058299091682
149.0,0.20894302758549305
157.0,0.23768396903893274
164.0,0.16906707964790577
172.0,0.16236907236299758
180.0,0.21018343455222233
188.0,0.21184685030424383
194.0,0.17081051340842968
205.0,0.15346343276410362
212.0,0.21451126905070153
219.0,0.22058938855469024
228.0,0.21081475306649688
235.0,0.19639034058078023
242.0,0.1933144224389432
248.0,0.2582097644790431
255.0,0.18665328522405503
262.0,0.23887107659576648
269.0,0.17848582640673732
277.0,0.1536775629468783
284.0,0.21441775506355948
290.0,0.21180025029672506
300.0,0.24529942798343804
309.0,0.18065334655428508
317.0,0.21993840418902202
324.0,0.21011868469184725
333.0,0.24299560958774188
340.0,0.1876358715334972
349.0,0.16716749866709002
360.0,0.20814350603552062
368.0,0.2763418612804597
382.0,0.21123514952952405
394.0,0.16648586852438196
401.0,0.21583923212223394
409.0,0.1963573160848803
413.0,0.2267936310663351
420.0,0.20746129613725608
429.0,0.23103475829661196
436.0,0.1949137384817222
446.0,0.21425347610380271
454.0,0.19951825391118722
459.0,0.23997649732081816
468.0,0.23605060165751596
475.0,0.23563955117008853
484.0,0.20092472354793844
491.0,0.18239832328606534
502.0,0.20869032829953788
511.0,0.2512915578361964
520.0,0.1947254947420363
529.0,0.21465102480727505
541.0,0.21635293927103127
549.0,0.1959474466281095
555.0,0.23748786028190103
562.0,0.2279298967811338
574.0,0.2404023764347747
585.0,0.2190238139158891
592.0,0.21520313630736146
599.0,0.1915363712050854
605.0,0.17290637814481544
612.0,0.25829632059148566
620.0,0.15570642384625022
627.0,0.22377005930466842
634.0,0.196844381213554
642.0,0.19479806879528166
652.0,0.17298184706324105
661.0,0.21740260876228665
669.0,0.19468617785267675
683.0,0.22797333929626676
691.0,0.22382207165794055
699.0,0.1814245429404905
703.0,0.1996347472206681
712.0,0.2195485495271936
721.0,0.2160249439019192
733.0,0.22781803983711738
742.0,0.20827605483994943
748.0,0.1692791101493483
757.0,0.1832275100870914
764.0,0.1769054422935632
770.0,0.15649464948632413
778.0,0.2076868703937339
787.0,0.20725492707594992
792.0,0.18136611042073586
800.0,0.21124067607568028
807.0,0.16596124818631686
812.0,0.21896858592478363
819.0,0.22999446418724578
827.0,0.16375558908659044
836.0,0.15742836177792952
845.0,0.1851555539305748
852.0,0.21948785662762232
860.0,0.14855364347622713
866.0,0.19438871714380013
875.0,0.19473303853109364
880.0,0.23668296695935484
889.0,0.19853177267112376
893.0,0.2313215727135757
902.0,0.23718593942578264
909.0,0.25946507138075453
920.0,0.1762705673277464
929.0,0.23438933586644758
936.0,0.18719135008872226
945.0,0.24662349119345262
952.0,0.1747022938984579
964.0,0.0826275442201693
971.0,0.1275921461131514
979.0,0.203659561026848
986.0,0.23620620800392245
993.0,0.12110206627013638
999.0,0.20315318406250085
1010.0,0.197889865106586
1019.0,0.13640448087370807
1028.0,0.23038042133753997
1036.0,0.207401592135107
1043.0,0.20157934476981273
1052.0,0.22245435380802633
1060.0,0.12251730676520814
1069.0,0.21807889398250369
1076.0,0.22714292934664135
1082.0,0.24599419046540588
1090.0,0.21210976139105686
1097.0,0.1824828360262055
1103.0,0.18095526788343758
1111.0,0.232419901552262
1118.0,0.21163723070529333
1127.0,0.2160239054342711
1131.0,0.1698486102266818
1142.0,0.18738019463781952
1154.0,0.192076405370943
1161.0,0.2373457688601647
1167.0,0.19429007111976757
1175.0,0.22617928201334422
1183.0,0.23990135831733692
1188.0,0.2580064759750025
1195.0,0.18584015841471105
1204.0,0.23194025866758408
1218.0,0.1759893270012399
1227.0,0.1723676796027684
1233.0,0.2396167356991606
1241.0,0.2292377126221822
1245.0,0.22173647148093928
1254.0,0.16531886300217333
1261.0,0.18642226313109625
1270.0,0.23077921608111612
1278.0,0.2183257866714872
1286.0,0.1981619913601599
1298.0,0.22683552471707616
1307.0,0.25276189643892016
1314.0,0.238688125225292
1321.0,0.1522602118914448
1328.0,0.2165864505980815
1335.0,0.18501976405838236
1342.0,0.2489098310079672
1350.0,0.18025500272030184
1358.0,0.22333106689481114
1364.0,0.19807149866833054
1372.0,0.20518052177159066
1376.0,0.20581112304572638
1382.0,0.2128489942560252
1393.0,0.1887365863364583
1404.0,0.19547915235379157
1412.0,0.2163822579575525
1424.0,0.15589191957312112
1430.0,0.20516037038041582
1439.0,0.12087122478495357
1447.0,0.1751252992012193
1454.0,0.23599451783801645
1461.0,0.2024369176569752
1469.0,0.11461709309998495
1478.0,0.21767697157378363
1484.0,0.19685682403483454
1495.0,0.1311659918877199
1509.0,0.1999035202144505
1518.0,0.13616411109669008
1527.0,0.2082854326678196
1531.0,0.16972737774746652
1539.0,0.2154455289359929
1546.0,0.2057144166624156
1557.0,0.1826086948838595
1563.0,0.2602906749639161
1569.0,0.1507405105626593
1575.0,0.25321329999723535
1582.0,0.22664646782209086
1590.0,0.20229423375646174
1600.0,0.2128406676351458
1609.0,0.16514056595416332
1614.0,0.1844352022239013
1622.0,0.19631958539318897
1632.0,0.20548650381765507
1640.0,0.2136608187045269
1650.0,0.18451510690998435
1662.0,0.21712432927742664
1669.0,0.16484160980383591
1678.0,0.14764830810286597
1687.0,0.2181206088402653
1693.0,0.19946059919391887
1701.0,0.16349394961247882
1707.0,0.19509626646398395
1715.0,0.2399582556310177
1722.0,0.24905369450206882
1728.0,0.18514134593277415
1735.0,0.19257918120507422
1740.0,0.20953419691535508
1747.0,0.13381587728671532
1756.0,0.2141650611640952
1764.0,0.21760845842635032
1772.0,0.27656021548572335
1776.0,0.1874533434153617
1780.0,0.19599183877723053
1787.0,0.1793888737427671
1793.0,0.2395612493565751
1800.0,0.2074095380743498
1811.0,0.2385453368444994
1819.0,0.2210871330246249
1830.0,0.20336586416221492
1837.0,0.21562038061736044
1844.0,0.21111196274489802
1853.0,0.2035094438614903
1860.0,0.18921256063255562
1869.0,0.16519662666012744
1877.0,0.20438671469280897
1884.0,0.21952814395754977
1892.0,0.2343605428522403
1900.0,0.19998547000021605
1908.0,0.20067352416789164
1914.0,0.17478481905641352
1925.0,0.19036534978665026
1932.0,0.21883555516663997
1939.0,0.14420946734556683
1948.0,0.21168974464317902
1955.0,0.2451707793966632
1962.0,0.11379193102032825
1968.0,0.16058720219853617
1975.0,0.22158185496474694
1982.0,0.23508515127743204
1989.0,0.2258285354211724
1997.0,0.22021900019685597
2004.0,0.17050054142367393
2010.0,0.20379499062980855
2020.0,0.18623179387627437
2029.0,0.22317908547097512
2037.0,0.226388026337369
2044.0,0.16536663443799332
2053.0,0.24355505700354765
2060.0,0.19520708622224037
2069.0,0.20841285806924825
2080.0,0.16553780904108306
2088.0,0.15287313348650713
2102.0,0.22735596903231373
2114.0,0.18754385987310818
2121.0,0.21331121977584186
2129.0,0.2865580813952168
2133.0,0.16471732506972145
2140.0,0.2371523176878993
2149.0,0.1569352470120522
2156.0,0.25663436791825606
2166.0,0.18753400235883788
2174.0,0.135658536693268
2179.0,0.2533109663094001
2188.0,0.21441664496276994
2195.0,0.24205059913422053
2204.0,0.20645074664755422
2211.0,0.2107574116755607
2222.0,0.1800612760090905
2231.0,0.14382405021177355
2240.0,0.18179786917732418
2249.0,0.22002903804981325
2261.0,0.1628047194175276
2269.0,0.22248587606397477
2275.0,0.21568964592403517
2282.0,0.2102231133198115
2294.0,0.2207437063929056
2305.0,0.24463199553621814
2312.0,0.23856865676127118
2319.0,0.20214426225632187
2325.0,0.1622276462244865
2332.0,0.22286309309085225
2340.0,0.1793330471292196
2347.0,0.1838078717093534
2354.0,0.24093302066988762
2362.0,0.1969791034683932
2372.0,0.23189999298672037
2381.0,0.2097846597194962
2389.0,0.21779772617575965
2403.0,0.15208436559519678
2411.0,0.2076943779478777
2419.0,0.22435478470823428
2423.0,0.23272650307114034
2432.0,0.16630293266984086
2441.0,0.17474585547765886
2453.0,0.13830098843319538
2462.0,0.2171877600094036
2468.0,0.12418491899423174
2477.0,0.23609116445437706
2484.0,0.15630579383545856
2490.0,0.19334391001709014
2498.0,0.1896534973480648
2507.0,0.22137305692478262
2512.0,0.21579360243280013
2520.0,0.2336017424689348
2527.0,0.26345821011822196
2532.0,0.22291793836184828
2539.0,0.19177899827250539
2547.0,0.17322887826650696
2556.0,0.2379931796400409
2565.0,0.1620081481992432
2572.0,0.18369138966888157
2580.0,0.23402397698620434
2586.0,0.22036044415518272
2595.0,0.16499336234937192
2600.0,0.22976038831503265
2609.0,0.20309424893976158
2613.0,0.21677857939365258
2622.0,0.20330259740436324
2629.0,0.12410682404477623
2640.0,0.1415824979407281
2649.0,0.21143305589898004
2656.0,0.18536047681974047
2665.0,0.23468266574379334
2672.0,0.18319944913138972
2684.0,0.1882537060101895
2691.0,0.14035721148495928
2699.0,0.16446943348093243
2706.0,0.22803991505181023
2713.0,0.12023754733682115
2719.0,0.19924377393821766
2730.0,0.22084781960560476
2739.0,0.1802111584308586
2748.0,0.2002351823775708
2756.0,0.20372194931589951
2763.0,0.18863478894309077
2772.0,0.19604387089951114
2780.0,0.16157007501096612
2789.0,0.23399361992294632
2796.0,0.22460035533550773
2802.0,0.20070701857855278
2810.0,0.20750433170276938
2817.0,0.1999337052171992
2823.0,0.13916844899275782
2831.0,0.24551060625788193
2838.0,0.18573845029470265
2847.0,0.19025801580650226
2851.0,0.15922904379366773
2862.0,0.21432303231092287
2874.0,0.22261191016770407
2881.0,0.22752565187160143
2887.0,0.19684618656446573
2895.0,0.21710997945352045
2903.0,0.2380562605994165
2908.0,0.24712903863226587
2915.0,0.22652658018728322
2924.0,0.21544477278636662
2938.0,0.2254005405766668
2947.0,0.21906842854283157
2953.0,0.1853520389228208
2961.0,0.19431371867829125
2965.0,0.18785692406666535
2974.0,0.21602567734491265
2981.0,0.15836523041011336
2990.0,0.15166910753668628
2998.0,0.1800415308746388
3006.0,0.21769338077041836
3018.0,0.1734465227106674
3027.0,0.23107818495641394
3034.0,0.24444842693287058
3041.0,0.175644116160727
3048.0,0.21449718664963446
3055.0,0.18479041144598338
3062.0,0.2246127013646241
3070.0,0.22188742554387897
3078.0,0.17624777727531846
3084.0,0.18693585545218935
3092.0,0.20283948792599266
3096.0,0.1885515942214971
3102.0,0.22606857162816382
3113.0,0.2197806990217595
3124.0,0.19786462513354458
3132.0,0.22260200664291924
3144.0,0.25039517561466595
3150.0,0.20079167227585978
3159.0,0.14764281790641576
3167.0,0.1874827459854682
3174.0,0.21287372589579973
3181.0,0.192897048590132
3189.0,0.19259248009032384
3198.0,0.20276431322870078
3204.0,0.2054568825556519
3215.0,0.19592423405716985
3229.0,0.23472732425181755
3238.0,0.2079895385223131
3247.0,0.1774735341834067
3251.0,0.13743384719753257
3259.0,0.1925075581232838
3266.0,0.10124433756899595
3277.0,0.16571121656546647
3283.0,0.15540185247682375
3289.0,0.23086055691987312
3295.0,0.1715294550669819
3302.0,0.2372222805965912
3310.0,0.1880586130995672
3320.0,0.227317410155298
3329.0,0.1735059156381932
3334.0,0.1885964621651495
3342.0,0.11771728236521213
3352.0,0.18875717366107478
3360.0,0.21163947093563698
3370.0,0.21194468993151466
3382.0,0.2259390826058983
3389.0,0.2067095453799051
3398.0,0.16580413526994386
3407.0,0.24089053786213557
3413.0,0.18968420453201393
3421.0,0.1882377598008608
3427.0,0.1752399743946984
3435.0,0.16609462768943148
