,5
3442.0,0.21786474427175415
3450.0,0.1693664810495461
3458.0,0.2122234726985061
3465.0,0.19088414265639042
3474.0,0.14831665283107903
3479.0,0.2012535302294811
3486.0,0.19957371146830336
3493.0,0.1883199047274846
3504.0,0.1856644869228071
3512.0,0.18050607151292367
3521.0,0.15931813221148086
3528.0,0.1823745460395744
3537.0,0.21955755435733063
3551.0,0.217765007952262
3563.0,0.20993784305944171
3569.0,0.21325686842900154
3576.0,0.17717672813020183
3584.0,0.20285338859778687
3593.0,0.18273215572815737
3602.0,0.19492678122616583
3610.0,0.190327094484283
3616.0,0.18233143460379134
3623.0,0.1922216579829023
3630.0,0.17510882338179076
3638.0,0.16338418923069556
3647.0,0.20236838266267537
3653.0,0.23001902114067302
3662.0,0.2213049484868282
3666.0,0.17945867519408124
3671.0,0.21167941955267688
3683.0,0.20824094302634652
3689.0,0.17328361014557978
3696.0,0.18779301062931616
3705.0,0.17235130523117123
3713.0,0.18398422874873196
3721.0,0.19841529014787776
3727.0,0.19225769528221026
3734.0,0.1791396804822005
3743.0,0.21790243143214044
3757.0,0.17886615282699123
3768.0,0.17895561738147386
3778.0,0.16473649650153915
3786.0,0.20540626836152104
3795.0,0.1999937585507496
3801.0,0.19407870235992009
3809.0,0.19784463163098745
3817.0,0.2035891038935606
3823.0,0.21391324296093986
3829.0,0.22939301727585057
3838.0,0.2051299685502746
3843.0,0.19396896788907825
3849.0,0.1996666620863364
3855.0,0.1912271658267938
3867.0,0.1888818399543246
3878.0,0.19098918336057188
3886.0,0.16728480978143828
3894.0,0.18311886989185666
3899.0,0.19514576946521142
3904.0,0.20974142444192792
3911.0,0.17879443427899872
3918.0,0.1856897757748152
3926.0,0.19079388582211704
3934.0,0.1791320189235512
3940.0,0.19326622132719107
3944.0,0.22705667088143885
3953.0,0.2220371478950831
3965.0,0.20460488332765928
3976.0,0.2083811280746412
3982.0,0.2014446580036999
3991.0,0.19196044826631867
3998.0,0.19323127553539968
4006.0,0.18943186135636025
4014.0,0.20938553586009542
4020.0,0.16650846342566125
4027.0,0.19519876374761155
4035.0,0.20575883230493527
4041.0,0.17741863094438806
4049.0,0.18578833126955924
4056.0,0.1780609801184995
4063.0,0.184856410856977
4072.0,0.19306804059254085
4080.0,0.2090445768575493
4089.0,0.1868601641353964
4096.0,0.1777607332794137
4106.0,0.21674698391370012
4114.0,0.19387388049822116
4118.0,0.21323652901335136
4132.0,0.1757339894187905
4140.0,0.18905560612401748
4148.0,0.20774342050379027
4156.0,0.2092060385515031
4165.0,0.20331884000471417
4170.0,0.1888877776432726
4177.0,0.218854766952047
4188.0,0.19661479299429888
4202.0,0.16800326495865325
4209.0,0.19607157182811172
4220.0,0.20327225309359293
4229.0,0.21446073906365445
4238.0,0.15978274936368705
4247.0,0.1891367247792197
4255.0,0.2056974815136729
4262.0,0.18004611834357245
4270.0,0.19495414240958409
4280.0,0.178947056568698
4288.0,0.20611887929483327
4299.0,0.17691923368892035
4305.0,0.21586224068071952
4315.0,0.2473282720310459
4321.0,0.16395872965323274
4335.0,0.16820867406540638
4344.0,0.1810016896244781
4352.0,0.17276635718070654
4359.0,0.1809283820696724
4364.0,0.21058448613337916
4372.0,0.1774369212331217
4382.0,0.19903289131216345
4391.0,0.13849479881118323
4398.0,0.19797744619701602
4405.0,0.18576480841702572
4417.0,0.1786194982343566
4425.0,0.18600622493629698
4434.0,0.18794392699210896
4442.0,0.1917512952595804
4446.0,0.22164312602258365
4455.0,0.18125001808594876
4463.0,0.1659336626118176
4474.0,0.18644551410132373
4483.0,0.2005430999747561
4495.0,0.177306136263313
4506.0,0.1451511150091391
4516.0,0.20359917957139262
4526.0,0.1995164524277628
4534.0,0.1849209578430313
4540.0,0.1791909721517176
4548.0,0.1935001787421671
4559.0,0.23858705002306782
4569.0,0.18901590454019107
4577.0,0.18175118825541656
4584.0,0.1858323894812774
4593.0,0.20538418195963842
4598.0,0.18046327725215944
4605.0,0.1983458576579785
4613.0,0.1754136504765103
4622.0,0.1951654983985853
4630.0,0.2039812102999373
4636.0,0.19159407930428224
4640.0,0.20171833201332107
4646.0,0.21043231757951017
4658.0,0.20503919185273087
4669.0,0.1865322868782362
4675.0,0.18272283188299637
4686.0,0.2085005036041292
4690.0,0.1987926163084405
4698.0,0.20321179714213616
4705.0,0.1942297859631885
4709.0,0.23903935184422526
4715.0,0.1910011201632746
4724.0,0.2190884086549885
4732.0,0.16938675776184461
4739.0,0.18056746573286053
4745.0,0.15827240611434323
4751.0,0.16868386953507522
4760.0,0.19267824773698894
4767.0,0.18311375306334063
4774.0,0.20511515658553098
4782.0,0.20324206417087584
4790.0,0.19949361909512542
4797.0,0.22313196260790927
4805.0,0.16544971753066667
4812.0,0.18035201157489866
4821.0,0.20678128581979247
