,8
0,0.20491546886854964
1,0.17286950828210068
2,0.17806203670089157
3,0.17445791458982043
4,0.16242813957303312
5,0.1682726011102386
6,0.15922658297775097
7,0.17072337053532738
8,0.16749194922833133
9,0.17221675642133893
10,0.1860274203023046
11,0.19058804757067124
12,0.1687164446607468
13,0.16943830883255745
14,0.1595374435358486
15,0.15752524981839042
16,0.15252297428390754
17,0.17505600793078738
18,0.15627682701217976
19,0.17281798641339602
20,0.16746820246416055
21,0.14788004254230727
22,0.15997209755767736
23,0.16112180363750345
24,0.1475232829436164
25,0.15648791117255775
26,0.1767224315791317
27,0.18713389574099343
28,0.17593880213563262
29,0.16362947607695552
30,0.17967249804281865
31,0.1767075691890094
32,0.17340230412455737
33,0.1773494015481655
34,0.15347923750499748
35,0.1759521906399612
36,0.1657314621010269
37,0.15641641743988002
38,0.14641049292286423
39,0.1597010214485089
40,0.15313069225066148
41,0.15921596690530898
42,0.16181208924297566
43,0.1585382397854523
44,0.1766791891947123
45,0.16435259758491239
46,0.1749114291741117
47,0.19113997494771787
48,0.18682946546703988
49,0.14478560188964712
50,0.16474745455553222
51,0.16265433192113282
52,0.14883264469624297
53,0.16068984661056387
54,0.16654170386308687
55,0.1650602984205891
56,0.1806592126338225
57,0.16611770090299607
58,0.18993025819575352
59,0.17739950296215845
60,0.14955592889100033
61,0.18010834886721963
62,0.17492348174180505
63,0.17320326766092878
64,0.169727440823867
65,0.1476155843352513
66,0.14997999886595856
67,0.14543919669170283
68,0.14682537965437187
69,0.1512243338428958
70,0.16806733865695062
71,0.1914604523930527
72,0.16306807076039087
73,0.15818553495407287
74,0.1501431789807941
75,0.1642459982802802
76,0.1805674278184574
77,0.1639063933576815
78,0.16032818055577908
79,0.14095382513629467
80,0.14539324246708177
81,0.16902582366014418
82,0.15848265652904203
83,0.16277269589885
84,0.16322288176855776
85,0.16710992942098488
86,0.17710209183295347
87,0.16874939799287436
88,0.15599674290012117
89,0.1500067776667304
90,0.15220880004912596
91,0.17073347446102102
92,0.19753822756623482
93,0.1433026557318516
94,0.17376819368410829
95,0.1730840639904776
96,0.1545441623535767
97,0.17851559976835626
98,0.16018360954762648
99,0.16659598438773668
100,0.1508697027055037
101,0.15823260989310065
102,0.166590834057221
103,0.158503178559428
104,0.1540645696814151
105,0.15760270269374632
106,0.16325174748227456
107,0.16352464974853967
108,0.16511237093347902
109,0.16324346859952352
110,0.1519907383822989
111,0.14666807747618432
112,0.1571300671053024
113,0.18795913346360266
114,0.17144111737491713
115,0.14846645348459933
116,0.1761190534941169
117,0.15663579537157613
118,0.17203441957170257
119,0.15497649342154857
120,0.14928601353410523
121,0.16076671303916415
122,0.15733621782530605
123,0.15409747397254064
124,0.16904800557853492
125,0.15565916855678338
126,0.17322819638373343
127,0.1665555474481145
128,0.1655553557874054
129,0.14602220834441915
130,0.13928103021106034
131,0.14267267864946115
132,0.15620415251349665
133,0.154131629404712
134,0.16941036774274762
135,0.1719664180884811
136,0.15844205384967316
137,0.18987476030365744
138,0.16118128997043227
139,0.15310576715515414
140,0.16614815028326735
141,0.1759448111122156
142,0.15281930500868002
143,0.15059961700249822
144,0.1828241402459278
145,0.16263228868182436
146,0.15591549448393394
147,0.1716039572928162
148,0.15711073775739692
149,0.16421686092056892
150,0.15225763984229573
151,0.15915474873436858
152,0.1627668005551208
153,0.16422512066102354
154,0.14966726618530846
155,0.19291054774210883
156,0.1623004172318829
157,0.15415445324939558
158,0.151836493390825
159,0.165428263624154
160,0.17072550567021202
161,0.1711120114330174
162,0.1795769187563267
163,0.17022552643315175
164,0.17221225107954383
165,0.16461892883953783
166,0.1522620500010886
167,0.17104338081354317
168,0.15879841816827336
169,0.16603081688579083
170,0.19186800820058117
171,0.17201558196916897
