,8
0,0.21463338396302636
1,0.19413201363534696
2,0.16530705978842378
3,0.20358008714535336
4,0.1675436320130045
5,0.19238477310867655
6,0.18135311596434045
7,0.19735942953230562
8,0.18027743974639743
9,0.16021990266493014
10,0.17991723757633668
11,0.15449931222747118
12,0.17214980244885317
13,0.16731304323582005
14,0.15925776135160935
15,0.1770008489942409
16,0.1527572108918386
17,0.18045899703341883
18,0.1808396503222942
19,0.15305402645691393
20,0.1650551094885139
21,0.1713352637224263
22,0.15846075042206437
23,0.1660422548230811
24,0.16730988966535618
25,0.17922958355808113
26,0.17760303159619997
27,0.1528477479033555
28,0.1586306291774425
29,0.15631020343327856
30,0.15026933164643608
31,0.16005520743369703
32,0.1595009215146583
33,0.1639213405101312
34,0.15236748041267323
35,0.16025822538202647
36,0.172533527022323
37,0.16137370906380666
38,0.16155603598536922
39,0.17091964507301818
40,0.16528589813704883
41,0.17221907928370017
42,0.16637921260912725
43,0.1563619964624031
44,0.1697938614550259
45,0.19287173561233859
46,0.17525598549145832
47,0.14762246949707303
48,0.1555063504301757
49,0.1663683666245782
50,0.15820433431174769
51,0.17322998739457862
52,0.15693838026238294
53,0.1570385654946293
54,0.16282868799231026
55,0.1800304953223306
56,0.15879226077141964
57,0.17703233617335146
58,0.1730263948338364
59,0.19172990569371945
60,0.16992026789234083
61,0.16845532282132955
62,0.18148985952131672
63,0.1675840455212725
64,0.16211517757687013
65,0.18189149585373454
66,0.15068846377023454
67,0.1866708727839922
68,0.17652589507740152
69,0.18861148805860345
70,0.16681739342260143
71,0.15319382033628756
72,0.14569518720166152
73,0.15510642871426342
74,0.16100547971409807
75,0.15856830133110073
76,0.15114718695048812
77,0.15964965092417713
78,0.16407689781714518
79,0.16731750416301513
80,0.18732435037817796
81,0.14581081133146032
82,0.1591420563853547
83,0.1580390441262835
84,0.16193599675864045
85,0.1618296942137167
86,0.1607532705588034
87,0.16007227733433826
88,0.18026483071252022
89,0.1692749554654498
90,0.15164526621303825
91,0.15256235631931941
92,0.1538973724683548
93,0.14982481895746905
94,0.147880586444942
95,0.1550463497646687
96,0.15516707389299522
97,0.18058569081333015
98,0.1710282012512681
99,0.19089506567785158
100,0.18241626124197194
101,0.18011293293157474
102,0.17788906403338
103,0.1508198387348191
104,0.1702733798814564
105,0.15603628144585768
106,0.15784168148038524
107,0.15484297210788997
108,0.17011333608647355
109,0.18001047272590803
110,0.18162449911933087
111,0.1911252248623264
112,0.16302067047471877
113,0.17538658401494786
114,0.16183848014683624
115,0.1717368302696726
116,0.1694510845830301
117,0.15403124609935875
118,0.1614075969367974
119,0.16134162770758625
120,0.1504656227461197
121,0.1544145051328285
122,0.16893432968152
123,0.17943981231903436
124,0.16844604715421121
125,0.15875177149608388
126,0.15441406450449024
127,0.18720970433239306
128,0.17907326480079458
129,0.16332382498768852
130,0.1554675925045166
131,0.16856249935366324
132,0.13950743161911378
133,0.14650458834469907
134,0.14844562313386891
135,0.15571315999184135
136,0.14811488947541968
137,0.1456423134164168
138,0.1461459054083478
139,0.15728788244154815
140,0.15233510446688323
141,0.1472230364758446
142,0.16248131603917423
143,0.16028890238946616
144,0.15939632304669102
145,0.15934285147227134
146,0.16007530912570536
147,0.18690781396146666
148,0.1668718565621026
149,0.16474928927740964
150,0.16498866894831704
151,0.15992541479481712
152,0.1613722056558845
153,0.16243335562794176
154,0.16587436624386526
155,0.1562088355111145
156,0.14968887847828166
157,0.1858103008977258
158,0.18639396805443428
159,0.1782698798288243
160,0.17022670215889263
161,0.16784670577208619
162,0.1578607827689086
163,0.15958325089611525
164,0.16175779367949086
165,0.1536492533810426
166,0.17149209577904134
167,0.16626736540970138
168,0.14761131288468177
169,0.15225440555235198
170,0.15157415125808713
171,0.1658823054343116
172,0.1710618545169458
173,0.16692122248161304
174,0.15382675650584238
175,0.14977303091585295
176,0.1545838574186461
177,0.1501161635025575
178,0.1544360106552334
179,0.14535540682443196
180,0.15470406191451014
181,0.15410420057556973
182,0.15650231503646422
183,0.1586610764749182
184,0.17185548960461933
185,0.14277254671418768
186,0.17618446173426136
187,0.1566523130409336
188,0.1591219043433427
189,0.17498409688392827
190,0.15446409745089704
191,0.16639740671276457
192,0.16368768849415472
193,0.16582532911738854
194,0.15457688022377594
195,0.15620263883610347
196,0.15747744772843464
197,0.15015807678911613
198,0.1603027814015836
199,0.16719766188809254
200,0.15154475552467506
201,0.1545194777571678
202,0.14080413420715687
203,0.1664533623300543
204,0.19078259396956
205,0.19014215309198723
206,0.18165759705871887
207,0.16278547646254954
208,0.17653356957149732
209,0.16067739943383966
210,0.16894608650988338
211,0.18749373942919229
212,0.14514002211531749
213,0.14510501335941275
214,0.18655695867768257
215,0.1486327306179473
216,0.17302862067842817
217,0.20199219806778926
218,0.18844717359635488
219,0.18605800395013383
220,0.1898636906614874
221,0.17978534701164273
222,0.20756327103557207
223,0.18288569628617146
224,0.14513616873666735
225,0.16380211540275388
226,0.1846229245941343
227,0.1732329917979918
228,0.16678714529144606
229,0.15823528642748524
230,0.18187734000580638
231,0.16953832774065955
232,0.15745872676382758
233,0.16389213346107365
234,0.211173327799883
235,0.16291526546142943
236,0.1713895684405993
237,0.1488463794482275
238,0.15013727332450752
239,0.1769380349341785
240,0.1668028301804154
241,0.16687093198776018
242,0.16727817282100016
243,0.16190408935544184
244,0.16342517237151807
245,0.15190241384650913
246,0.1425572882559664
247,0.142794512401819
248,0.14707004120188544
249,0.15362514956314985
250,0.15629565412021265
251,0.16281864195188037
252,0.17219844781541402
253,0.15829455274900744
254,0.16857802828148635
255,0.16895022658179704
256,0.16787494012325235
257,0.16390761361648434
258,0.16829417511196063
259,0.1730466291547727
260,0.1719134115476168
261,0.19192615651534406
262,0.14384069730660373
263,0.16398674039837605
264,0.15814031014177424
265,0.1670899505754018
266,0.15736862209437552
267,0.1561277953702509
268,0.16679917086922696
269,0.1272943583654205
270,0.15850123544016284
271,0.15380765687436576
272,0.17175010118214454
273,0.1582091785311253
274,0.1753247011721589
275,0.16410219025595596
276,0.1757892005715273
277,0.16766597545199427
278,0.1656115155893079
279,0.13811213278525128
280,0.18379678380761705
281,0.1741394018740052
282,0.15195087899390738
283,0.16384859287274753
284,0.17071742533825576
285,0.15470552813189556
286,0.17400205217338935
287,0.16395221354147166
288,0.1501786551538368
289,0.15540795608199023
290,0.1539458166630754
291,0.15590913485806324
292,0.1516719020363756
293,0.16547125224215317
294,0.18763430240534734
295,0.16974392937718905
296,0.16168359552504993
297,0.17352137604629334
298,0.16359182138231387
299,0.1589544311268301
300,0.14724438493463013
301,0.1752339329913234
302,0.14781364932768326
303,0.14686451945570034
304,0.15090318809420014
305,0.1635181834482038
306,0.15384168095114156
307,0.15134388389412307
308,0.15694202646809424
309,0.15471713550770685
310,0.15747012627710066
311,0.17102722996424252
312,0.1618286810005957
313,0.17994838289985698
314,0.17582053068807113
315,0.15724595641486558
316,0.1664429099825041
317,0.1752982833109606
318,0.14709063147514775
319,0.18340973417521453
320,0.14391963852589176
321,0.15481392057293533
322,0.17022785203960386
323,0.1517433783138236
324,0.18776237304306592
325,0.18789954242003618
326,0.15643443179626765
327,0.1816794429123694
328,0.16629506184606907
329,0.1865396599313575
330,0.16485381015058564
331,0.1679581710566138
332,0.13995924595923256
333,0.15261035962465655
334,0.18101608042386721
335,0.15908602323059184
336,0.1763173955385834
337,0.16771328762738963
338,0.1690898131081844
339,0.1554463864192151
340,0.15460977503765408
341,0.1670160665275135
342,0.1844380296368638
343,0.17996017140302312
344,0.17473893039343627
345,0.18557623266302983
346,0.17322574206070054
347,0.18490616155501832
348,0.1415011221166275
349,0.17066819897771723
350,0.1544169566861048
351,0.14419667347855109
352,0.1417763184906489
353,0.15159850044222167
354,0.1509401869310403
355,0.14903214756353536
356,0.14585762007460187
357,0.1476290843551916
358,0.14915448572511278
359,0.15875163194921085
360,0.14369969990741024
361,0.16468531428084868
362,0.1651708890429233
363,0.17085922350857474
364,0.16538170943280173
365,0.18824785084203297
366,0.1666806947963626
367,0.15650409301482762
368,0.15543734410606327
369,0.15437840936354177
370,0.16296728490783896
371,0.17206876514596145
372,0.13495030751218143
373,0.1858973603816403
374,0.1762035502988585
375,0.1589341200909373
376,0.18422234522543277
377,0.1723495583976864
378,0.16770308625448657
379,0.16409628652644148
380,0.15365141961616618
381,0.1551115392897653
382,0.1688073220595988
383,0.1647293499069921
384,0.14456430071957044
385,0.16151738188792267
386,0.15608336114284693
387,0.17607137524182154
388,0.14855080547829325
389,0.1811261542127842
390,0.16627521113864158
391,0.13976618112486489
392,0.15142442738463793
393,0.1451238862829901
394,0.15028602497599797
395,0.15426776849778684
396,0.15278981464509
397,0.16288768569800155
398,0.15923709810736497
399,0.13973113585001629
400,0.15599056609523723
401,0.16643824095580317
402,0.15449374004613137
403,0.15863122586743747
404,0.1544058298482059
405,0.16520778078556142
406,0.17900274715727835
407,0.14875450497136705
408,0.16419640486806839
409,0.15570799575405364
410,0.16333155691115936
411,0.15774223897321574
412,0.15564127737040326
413,0.1576224442898386
414,0.15923932165192195
415,0.17293607609326436
416,0.15794915462753892
417,0.17857315805194876
418,0.15739684000385187
419,0.1645945203703807
420,0.18554432279405944
421,0.17082380334105338
422,0.1706320204591497
423,0.17502080756429947
424,0.1818587306226112
425,0.1634177716335152
426,0.1665133525074402
427,0.1853521212058949
428,0.17018969734315526
429,0.16158336983959948
430,0.19132352547221756
431,0.19917302017559327
