,4
3521.0,0.18843242594999618
3525.0,0.15009266497394838
3534.0,0.18145343736595057
3542.0,0.18796313131442066
3549.0,0.17381936245182342
3556.0,0.18715099521157666
3566.0,0.17239520315073706
3577.0,0.20509475687320097
3585.0,0.1951002982659032
3593.0,0.20752639301468545
3604.0,0.1805726772950254
3612.0,0.20982535753823786
3616.0,0.18699245677759216
3625.0,0.17325265483842422
3632.0,0.15498964408592383
3640.0,0.16445264766115636
3647.0,0.17638649145326193
3654.0,0.2015914827401141
3663.0,0.18416607693988754
3667.0,0.20409994407665732
3676.0,0.20359200390398244
3684.0,0.24207008194667098
3688.0,0.20701516656630253
3696.0,0.19260565934711457
3702.0,0.20824286270398543
3710.0,0.18918682447394403
3718.0,0.2137625213056313
3726.0,0.20077991755854874
3733.0,0.20582164289936986
3740.0,0.22790234309944332
3747.0,0.18225761017132447
3756.0,0.23870541592607888
3764.0,0.15677723489024292
3772.0,0.165492629306361
3780.0,0.24675458840326892
3787.0,0.17099069700864264
3795.0,0.18435707945182814
3803.0,0.1560908325358541
3807.0,0.19067838046457908
3818.0,0.21903336467195494
3822.0,0.2538273326888706
3827.0,0.21282337177333968
3833.0,0.22457480533362964
3842.0,0.15218078951036917
3846.0,0.21458793940101017
3853.0,0.1624893089232041
3861.0,0.22235019452693738
3866.0,0.17718592769814237
3872.0,0.2280095111373123
3878.0,0.19535855637045046
3885.0,0.17737206087385216
3891.0,0.08003772802638232
3901.0,0.20899572268754926
3909.0,0.2359033870570857
3917.0,0.2396056138036401
3928.0,0.15297683290306396
3937.0,0.17797545129318126
3946.0,0.17958878520355245
3956.0,0.2026351906631184
3964.0,0.20820227596897015
3975.0,0.20391378018579914
3984.0,0.2049257437193379
3993.0,0.16314794852032186
4001.0,0.19291828246944998
4010.0,0.18070045498725848
4015.0,0.1508922201932376
4023.0,0.19870273077372425
4030.0,0.22769716575638696
4038.0,0.16478945845348272
4047.0,0.19993205815621648
4056.0,0.21293293695266552
4064.0,0.2026310661083481
4072.0,0.21880199481695192
4080.0,0.22581430575013325
4088.0,0.21484295067416587
4096.0,0.19308552688001113
4104.0,0.25191404186286465
4109.0,0.1987578091114501
4121.0,0.18656911917677774
4125.0,0.18938770182670547
4133.0,0.17412180650539677
4140.0,0.18025929182565026
4148.0,0.200450924988177
4159.0,0.19558349446691767
4165.0,0.17814229918296373
4176.0,0.2219157089846492
4184.0,0.23476595781375031
4188.0,0.18636469841058534
4194.0,0.16188968599256898
4203.0,0.2019067639162813
4211.0,0.2018128758946046
4217.0,0.19305303932745677
4225.0,0.1989081227920592
4232.0,0.18606404397582244
4241.0,0.20703859063277252
4246.0,0.18612640289711788
4254.0,0.20529203480340183
4262.0,0.17049269729527353
4270.0,0.19259020789448134
4278.0,0.1899651279340891
4285.0,0.18480348614522654
4292.0,0.16116774833078965
4303.0,0.17184760300689875
4310.0,0.15890989976813055
4317.0,0.15896586511810917
4322.0,0.16174740575975066
4327.0,0.21673657016458545
4334.0,0.19218301028572182
4340.0,0.20587673215402597
4348.0,0.216391432020222
4353.0,0.1815171532931246
4364.0,0.20171720373082463
4373.0,0.2077878329318173
