,6
3521.0,0.17980135284800994
3525.0,0.1647880198786052
3534.0,0.1716007244813952
3542.0,0.18754742813990324
3549.0,0.19395918310031718
3556.0,0.19356147189037518
3566.0,0.1897621878961371
3577.0,0.19712283641018893
3585.0,0.19475212508306283
3593.0,0.15811141961229697
3604.0,0.17641370281615287
3612.0,0.14635044864359964
3616.0,0.16083799305714377
3625.0,0.21153453332296202
3632.0,0.194409630284524
3640.0,0.18623606392958908
3647.0,0.1988113700992549
3654.0,0.20662504459402897
3663.0,0.17741087440620218
3667.0,0.18738634467272872
3676.0,0.15726009296507476
3684.0,0.1728679686872469
3688.0,0.18672691731171337
3696.0,0.171648766746689
3702.0,0.18250089844414874
3710.0,0.19802452868638068
3718.0,0.19052605600919215
3726.0,0.16014755184074914
3733.0,0.19130247014710472
3740.0,0.18490284646390817
3747.0,0.17424909185303045
3756.0,0.1787867443915218
3764.0,0.1756145470811043
3772.0,0.1815085610332774
3780.0,0.20277392733197347
3787.0,0.2060357786016757
3795.0,0.16666737415978092
3803.0,0.14703256752215038
3807.0,0.1934982211094521
3818.0,0.1890346071874827
3822.0,0.18111029981038157
3827.0,0.18384028073119785
3833.0,0.1925211408233525
3842.0,0.19980624168352898
3846.0,0.17148484045491333
3853.0,0.1755135163542794
3861.0,0.16790207188261028
3866.0,0.1616469832294893
3872.0,0.18639074027106553
3878.0,0.20350006720153507
3885.0,0.1734124029176151
3891.0,0.17443576553999598
3901.0,0.18132521349751526
3909.0,0.18558907505707145
3917.0,0.1882599009281575
3928.0,0.1965737742744036
3937.0,0.1699120025946246
3946.0,0.18439592011905118
3956.0,0.17614661109817245
3964.0,0.17643364490315222
3975.0,0.1754049798893817
3984.0,0.18112343527232147
3993.0,0.17742829895338497
4001.0,0.2148884804969232
4010.0,0.1857106398267251
4015.0,0.19293683728624214
4023.0,0.183338384046916
4030.0,0.1800472015107421
4038.0,0.16759660184744674
4047.0,0.17991773455725582
4056.0,0.18412730476635067
4064.0,0.18180419829163152
4072.0,0.16955654864273711
4080.0,0.1743252020474526
4088.0,0.18155613852829217
4096.0,0.16629851052308833
4104.0,0.17612640757043557
4109.0,0.18870998340715575
4121.0,0.2318407918577441
4125.0,0.1677767832295449
4133.0,0.1866040017782077
4140.0,0.19219208057380607
4148.0,0.1635598608436746
4159.0,0.18194097014046004
4165.0,0.16833851509747796
4176.0,0.18041345738084283
4184.0,0.16626511338102754
4188.0,0.16939567933512847
4194.0,0.18507882147454624
4203.0,0.19212930320871507
4211.0,0.17143209098806086
4217.0,0.16814165553574623
4225.0,0.1540241997017968
4232.0,0.16409322296844767
4241.0,0.19669789049643904
4246.0,0.1830105132514192
4254.0,0.18139522111203293
4262.0,0.1784444803812829
4270.0,0.20285336214004004
4278.0,0.17946948941329338
4285.0,0.18899613999087184
4292.0,0.17890055094415344
4303.0,0.18738910724539404
4310.0,0.17682230646244834
4317.0,0.1780236439750821
4322.0,0.14328875985675893
4327.0,0.19173092611778345
4334.0,0.18901255959026864
4340.0,0.18842444306960704
4348.0,0.1892667536655094
4353.0,0.17138133020830906
4364.0,0.17970328866316357
4373.0,0.19819517183552607
