,6
2.0,0.17816890583883108
6.0,0.19423779939955416
15.0,0.1724077735109853
22.0,0.19145349341465354
29.0,0.17443170190468454
38.0,0.186335056560699
46.0,0.1781967763817569
52.0,0.18232683714084982
59.0,0.203037840592712
66.0,0.1857830672512006
70.0,0.18619648796019636
76.0,0.18750673297351841
80.0,0.19173294897961377
87.0,0.1764491056234176
92.0,0.19084539958672878
96.0,0.16841197006820996
107.0,0.1726625484090637
119.0,0.172563672466478
126.0,0.1636476641751995
131.0,0.18563680232607466
140.0,0.19428539788350532
150.0,0.17800358235084823
158.0,0.18042535291852718
166.0,0.2043873076163787
175.0,0.1620679567127427
185.0,0.17485403975237276
195.0,0.14212316091434218
201.0,0.19841024748291258
212.0,0.18842987856804658
217.0,0.19699029068005497
227.0,0.18456066953885578
234.0,0.16470601759285156
242.0,0.17022598744396977
250.0,0.18442944855176474
262.0,0.17749584007442618
271.0,0.2083746967467895
280.0,0.1714435134863506
289.0,0.17101312292916296
297.0,0.18331135421105893
304.0,0.17806357684165827
311.0,0.17937485141934084
322.0,0.19529715243880913
326.0,0.1759953306477479
334.0,0.18157756276672646
341.0,0.18601274826640454
352.0,0.19092765473171894
363.0,0.16906467021499486
367.0,0.1869238576586031
374.0,0.17902085017174157
379.0,0.18866079846614794
386.0,0.19686794106325364
394.0,0.17983339803377962
404.0,0.16425817637978457
411.0,0.1794481280345058
420.0,0.20559083881496149
427.0,0.1752503011949067
436.0,0.19278812374486737
444.0,0.16446019829206457
451.0,0.1784504385167194
459.0,0.1623475590461621
467.0,0.17340240008172328
474.0,0.16927463751740365
485.0,0.179752333618074
492.0,0.20123739543315133
501.0,0.1632726012113783
508.0,0.17167718932273157
513.0,0.1713698357795778
524.0,0.19040622423717551
530.0,0.22815174743150404
538.0,0.18026101734736602
549.0,0.20278061948542844
555.0,0.19379340737682557
560.0,0.19757753625505084
571.0,0.17628274837334004
583.0,0.1758385284461092
587.0,0.1814908108879411
595.0,0.1893659415046583
602.0,0.2067435420973392
611.0,0.1765709375121911
618.0,0.19253269639340978
622.0,0.16243342626929191
633.0,0.1836225827143671
641.0,0.1858560233742449
648.0,0.17930386025255562
655.0,0.1809832709818368
662.0,0.17295070074239527
671.0,0.1813253217654778
680.0,0.16385862507932414
688.0,0.1765636276169248
697.0,0.18384222181314389
705.0,0.17407128898378266
710.0,0.17807699598612722
722.0,0.2034783620879569
732.0,0.17333095374928056
737.0,0.16907913126355356
744.0,0.18500240216921468
751.0,0.17929638967482517
759.0,0.16418550415230151
765.0,0.17550336610669426
777.0,0.1951672155822538
781.0,0.18447669682096704
786.0,0.18929613167799592
795.0,0.19669737596368103
803.0,0.1907639454938796
813.0,0.18831088062509996
822.0,0.1746994025098817
827.0,0.18724114248147167
835.0,0.14547487609275472
843.0,0.1738376601955322
851.0,0.16709383651657372
858.0,0.1802486600017187
862.0,0.20304422580510612
871.0,0.16865282247738955
880.0,0.189447790660701
888.0,0.19962119626013658
895.0,0.17262502361949905
899.0,0.20939429210487215
906.0,0.19659373209261644
917.0,0.211612748774951
923.0,0.1761274608035862
928.0,0.17952567634232983
939.0,0.17784163227055405
944.0,0.16212131581642
955.0,0.17848024492803452
962.0,0.15356625662765996
966.0,0.17734646402567017
980.0,0.18342209219164166
992.0,0.17584004180408688
1000.0,0.21663662910489473
1004.0,0.20253331267819522
1012.0,0.21546178849103834
1019.0,0.18680226985405338
1028.0,0.18123064663597258
1036.0,0.2002681418727878
1047.0,0.20851440456839293
1056.0,0.17469367241113856
1064.0,0.16469574213632138
1069.0,0.18799142038976763
1076.0,0.17626335816052294
1084.0,0.20146264656793433
1092.0,0.2019543401117282
1098.0,0.172826011819726
1104.0,0.16363560521005274
1112.0,0.19067920135526056
1119.0,0.18098320438130056
1124.0,0.18423055778206465
1131.0,0.18239867179110028
1139.0,0.1891557828506439
1147.0,0.19351038949872706
1151.0,0.19935240888156705
1160.0,0.17537526004291887
1164.0,0.1706183266928094
1172.0,0.18629429043243362
1179.0,0.1717162537237517
1184.0,0.18269076628693362
1192.0,0.16455138579157597
1200.0,0.18409374780169727
1207.0,0.18806509556109488
1212.0,0.16839958148522818
1223.0,0.20082193276289106
1231.0,0.18805391222926096
1239.0,0.16702477679094757
1247.0,0.18426792302349285
1254.0,0.18401413277005105
1261.0,0.19331538433674147
1268.0,0.19204435149787497
1276.0,0.17944126313702446
1286.0,0.19822988380902415
1294.0,0.1681392372730034
1303.0,0.18524968236385128
1312.0,0.19952639915139694
1319.0,0.1827041271036277
1327.0,0.17092644218028244
1335.0,0.17517070589375283
1342.0,0.18685355163676487
1351.0,0.15612118520811144
1356.0,0.1837912820822651
1361.0,0.1852528263270419
1369.0,0.17946367332428648
1373.0,0.17311891087663267
1378.0,0.17174712956110075
1386.0,0.14956909903187454
1397.0,0.14672615952455703
1406.0,0.19658944824203511
1412.0,0.1873964529360482
1423.0,0.19849992194456997
1430.0,0.18444068810787306
1439.0,0.1600019430100355
1446.0,0.18154171515064732
1453.0,0.17984860877160466
1467.0,0.17993232028960157
1475.0,0.17289118632270553
1482.0,0.17075246100148672
1486.0,0.17616073247224517
1497.0,0.17890524084422282
1508.0,0.20236798578463025
1512.0,0.18118694442629152
1519.0,0.16772711370998253
1527.0,0.17417285264649274
1536.0,0.1916262299382459
1543.0,0.1923010863710251
1548.0,0.1708252114570942
1559.0,0.17195335621761476
1566.0,0.18306817955326124
1574.0,0.20610398587836484
1583.0,0.18551305136096954
1592.0,0.1793561360738573
1600.0,0.19829388504402493
1611.0,0.21964818054871316
1620.0,0.17916974894372517
1628.0,0.18021769932040574
1636.0,0.16582658576013024
1645.0,0.17902111957084332
1653.0,0.17831787760766749
1660.0,0.19723316105494257
1664.0,0.21885504906960587
1671.0,0.175212056218821
1682.0,0.19698966072757584
1689.0,0.1826524991283183
1697.0,0.18843260396483089
1705.0,0.19619022547488432
1713.0,0.16340180275997548
1720.0,0.20997693034808065
1725.0,0.15831715229573337
1733.0,0.18581686601863828
1744.0,0.16366320791096034
1752.0,0.17938448722099068
1756.0,0.17334933441539724
1764.0,0.18580657164762862
1773.0,0.1599375028411701
1781.0,0.18022013165510933
1792.0,0.20096540985746117
1800.0,0.1721719297928948
1809.0,0.17406080898372445
1818.0,0.19863602696633126
1823.0,0.17891395861322648
1828.0,0.1943061538031274
1839.0,0.188552160440209
1846.0,0.17746101649687354
1857.0,0.17334264163482427
1866.0,0.18189722315782839
1877.0,0.2009461669417645
1885.0,0.16117061968562338
1893.0,0.177658948874482
1902.0,0.19444376033415398
1910.0,0.18502648060870255
1918.0,0.1876323628808109
1926.0,0.18525409515492616
1937.0,0.1928853846583674
1944.0,0.17380447549944264
1949.0,0.18328758073601475
1956.0,0.179795982535599
1965.0,0.21574611477508654
1974.0,0.18916553055420796
1981.0,0.2046353353168322
1985.0,0.19389860124535352
1992.0,0.17855727442058084
2001.0,0.1677513321723504
2010.0,0.17844113950994486
2015.0,0.14791289330041446
2020.0,0.18251636175258243
2031.0,0.16707660999853147
2042.0,0.18723813380592913
2047.0,0.18084621080679703
2053.0,0.19444696521506835
2058.0,0.17494656295985528
2064.0,0.18880752821826718
2075.0,0.1779645329013023
2080.0,0.18537174853206723
2094.0,0.1846850899537839
2098.0,0.1787508933401021
2106.0,0.18191929278509056
2117.0,0.18995855012361257
2128.0,0.17437738608890505
2139.0,0.17716440891254603
2150.0,0.1911248103680469
2156.0,0.17078849670149532
2163.0,0.1679612532022251
2172.0,0.17859714223170514
2181.0,0.1835479480664004
2188.0,0.17172291778864718
2196.0,0.16546428344891517
2203.0,0.17730319065128486
2209.0,0.2050936767656806
2216.0,0.16838975149678034
2224.0,0.19330806106227533
2228.0,0.1964144526011537
2239.0,0.16725219183379159
2250.0,0.19119419195659348
2255.0,0.1741602275255686
2260.0,0.1717020708598235
2264.0,0.16897624423350388
2272.0,0.1790416870263678
2283.0,0.18091535063298092
2291.0,0.19323845709067966
2296.0,0.17576701278999937
2303.0,0.1826274347716164
2310.0,0.19388097354040407
2321.0,0.1662304832953614
2329.0,0.17759171736846943
2338.0,0.17027850145603893
2342.0,0.15794330798608375
2350.0,0.1679920396745492
2354.0,0.11083397707195027
2363.0,0.16778405960050335
2368.0,0.20251370714000919
2375.0,0.20168971860124793
2386.0,0.19664532511668872
2391.0,0.18422625172512627
2398.0,0.16880976498075428
2405.0,0.17891966556014455
2412.0,0.17316919744221712
2416.0,0.19308685612568807
2424.0,0.19426752243062714
2431.0,0.19554470628872211
2440.0,0.18020766863108026
2448.0,0.1909898273399974
2456.0,0.16851695991916318
2463.0,0.1867995650037847
2469.0,0.1875924706648436
2473.0,0.19843578204994644
2481.0,0.18826002997247426
2488.0,0.1966024640219785
2496.0,0.18501641583403114
2502.0,0.18055556826486205
2508.0,0.18466777545281382
2516.0,0.19046431884957135
2520.0,0.18525987864118454
2532.0,0.21282972662456218
2541.0,0.17883549666658458
2547.0,0.1792045634992757
2558.0,0.21078691175063122
2565.0,0.21151496014227572
2573.0,0.17970195087719973
2581.0,0.21883496794812893
2588.0,0.16388870973791977
2594.0,0.1945658583131167
2601.0,0.1864490565417032
2608.0,0.1869898423541634
2619.0,0.17287179434175212
2627.0,0.16765653259225038
2634.0,0.2016238332248788
2643.0,0.18816778286824923
2651.0,0.16460122344719022
2655.0,0.17572366359845984
2662.0,0.1846375343744836
2669.0,0.1831824081736752
2676.0,0.16556973212056833
2684.0,0.17469497721296987
2692.0,0.17844885425870524
2701.0,0.16905168700066142
2705.0,0.1837197400208471
2716.0,0.16909718675433702
2723.0,0.199182532837103
2730.0,0.19210162444327034
2738.0,0.2093276391370142
2745.0,0.1873111415086172
2752.0,0.18656253958514799
2756.0,0.17816387468530692
2764.0,0.1927021984508075
2776.0,0.1863715324700676
2782.0,0.17619686990656988
2788.0,0.1820838157457486
2792.0,0.1773570547233424
2806.0,0.16674613293970958
2813.0,0.1657828913137756
2822.0,0.17459125654538754
2833.0,0.18891729369453622
2837.0,0.1802663401507357
2844.0,0.1783354957738339
2851.0,0.15790418427474578
2855.0,0.18997583436944498
2862.0,0.18823928839040416
2870.0,0.1612284953198587
2877.0,0.15603186059308508
2884.0,0.17372103654518797
2891.0,0.18632356391922383
2899.0,0.17562449058210475
2906.0,0.17216144197806918
2914.0,0.16748351926245542
2920.0,0.17422893287275862
2931.0,0.15127030704398464
2939.0,0.17947203260437183
2946.0,0.18623840019494017
2950.0,0.18449760793622147
2959.0,0.19242424989242007
2967.0,0.17412552091805295
2975.0,0.16690922618054047
2983.0,0.17880145453859703
2992.0,0.18922305242726378
3000.0,0.19350460807354442
3008.0,0.18725073292881636
3017.0,0.15979923904690155
3022.0,0.1795308328935795
3026.0,0.17321677591648868
3036.0,0.2101897736980939
3044.0,0.1655849492521925
3051.0,0.21161139245335858
3057.0,0.19703144257714356
3061.0,0.1540256796056576
3068.0,0.17341637272322177
3079.0,0.16610014574393175
3086.0,0.17262892764210033
3090.0,0.197172862223
3096.0,0.15192775109866594
3101.0,0.18255512818625502
3112.0,0.1755250299575851
3120.0,0.17736308572375667
3129.0,0.15817311843559448
3134.0,0.19580734734767322
3142.0,0.1771795165790324
3150.0,0.17800829668305626
3158.0,0.1969488290869121
3164.0,0.17923023392870036
3175.0,0.173729517546683
3179.0,0.21455679362649108
3186.0,0.20831483553404434
3200.0,0.17904316260711114
3207.0,0.17644151163327684
3214.0,0.1738832553910415
3220.0,0.1754697897251421
3231.0,0.1569992753235752
3237.0,0.18588973878253984
3245.0,0.16937641861383385
3259.0,0.16927006874210596
3268.0,0.1938993633551117
3277.0,0.17377485869693016
3285.0,0.16824725073297953
3293.0,0.16226036797496518
3298.0,0.1743174320722247
3307.0,0.16752495861527897
3316.0,0.18027129145408627
3323.0,0.17091244894511187
3329.0,0.20440389612572762
3340.0,0.16863295831352199
3344.0,0.17311806028531054
3353.0,0.19530640105387884
3358.0,0.1982058093986937
3364.0,0.2095780942377543
3368.0,0.1915699857207433
3377.0,0.1675492027841624
3384.0,0.17793744623243363
3395.0,0.18726955430810446
3404.0,0.17280304709419078
3413.0,0.18687636892692663
3421.0,0.1870139249711812
3429.0,0.1794188807319699
3437.0,0.16352908681098735
3444.0,0.1823050289519552
3453.0,0.18531583439438779
3462.0,0.1765504634628961
3470.0,0.17527026542274726
3478.0,0.17368801827277436
3489.0,0.15606067786152794
3497.0,0.1851741728417724
3505.0,0.17113810642634508
3509.0,0.15875886416224314
