,3
3317.0,0.20926776169022773
3324.0,0.15539452462749867
3334.0,0.19483317967311656
3345.0,0.2649841392078091
3350.0,0.19970174226021156
3358.0,0.1252344260948032
3364.0,0.21590501446138957
3371.0,0.1741527300961982
3382.0,0.1712988293870493
3389.0,0.16651836109656173
3397.0,0.2237084968476848
3405.0,0.18269841732932696
3410.0,0.1157716794975946
3424.0,0.18651158029077916
3431.0,0.2295913953796016
3440.0,0.21574519757300709
3447.0,0.17162915948423874
3454.0,0.16505601775680828
3463.0,0.14167963404874528
3472.0,0.2202103484022804
3481.0,0.18002686019701158
3486.0,0.12025354639514202
3497.0,0.2071171170924022
3503.0,0.18626939964367611
3510.0,0.16756351045979043
3519.0,0.15852706936341843
3526.0,0.15252803880539437
3534.0,0.213194600523418
3541.0,0.1690957171350683
3549.0,0.12283591013200214
3560.0,0.19166647933178016
3566.0,0.20470922791961527
3571.0,0.17776069852844106
3579.0,0.12303001135860563
3585.0,0.12725560099340966
3594.0,0.2083750585384161
3598.0,0.21786423253666085
3603.0,0.23889282068890558
3610.0,0.19931875917156722
3617.0,0.12980147078758109
3628.0,0.16276712070386862
3636.0,0.21693656662543498
3644.0,0.20261083253061166
3652.0,0.17497666498746425
3659.0,0.13999197000321278
3667.0,0.15848037474908155
3675.0,0.20560663286136854
3683.0,0.2199490824572304
3690.0,0.13503530850007336
3697.0,0.17356923115298178
3701.0,0.20633456604116632
3705.0,0.2049341745428644
3715.0,0.17049722185994398
3726.0,0.20571984730576418
3731.0,0.2650903762783037
3736.0,0.17393904263023502
3744.0,0.19062362988476936
3755.0,0.19192163501970924
3763.0,0.15707357671788158
3771.0,0.15353094006049778
3780.0,0.15972716573112658
3789.0,0.19151708437094286
3796.0,0.18312911528375378
3804.0,0.2276999507611479
3812.0,0.2036909727376878
3821.0,0.16481103180174006
3830.0,0.1779036478570473
3835.0,0.1851986484780594
3840.0,0.15922985549229485
3849.0,0.12642143213268095
3863.0,0.23487141259774894
3871.0,0.11924696832602154
3882.0,0.21485348896467227
3889.0,0.18326358708725515
3899.0,0.24367599944618504
3906.0,0.17186942146759135
3913.0,0.19619062834333037
3923.0,0.22430729052236242
3928.0,0.20244733676473106
3932.0,0.2280072085996611
3939.0,0.22112379798430107
3947.0,0.2205723640420027
3952.0,0.1808607231835273
3959.0,0.15444607867970142
3963.0,0.20126300163761227
3974.0,0.16701955498991838
3982.0,0.1604735588730151
3993.0,0.17327912459390146
4002.0,0.2041401110286536
4009.0,0.23668379070645593
4020.0,0.22537668558561408
4024.0,0.2368112069388719
4030.0,0.15896675135703833
4038.0,0.16862884667969602
4046.0,0.20188480133148762
4051.0,0.1819429178445497
4055.0,0.14845070281553688
4062.0,0.18497058816643538
4069.0,0.14810085870951134
4075.0,0.18134369359751343
4082.0,0.1439208319929177
4090.0,0.16624088179201763
4101.0,0.17322311602329574
4110.0,0.19520642051792333
4121.0,0.21654315211025482
4129.0,0.27323258502421266
4133.0,0.23870161651347857
4147.0,0.20793899400220311
4155.0,0.1650937045967892
4162.0,0.16404131426529495
4170.0,0.19951682493378894
4178.0,0.21545766004270545
4185.0,0.24677549794307088
4192.0,0.21605065486594954
4200.0,0.2204208716134019
4207.0,0.22741795391277372
4214.0,0.20213880459106212
4218.0,0.13044833295357947
4227.0,0.20942436694197786
4235.0,0.13372191743903192
4247.0,0.1493346430212366
4256.0,0.17883131540517702
4267.0,0.16376647565957855
4281.0,0.16039065694637833
4289.0,0.2157818254360672
4297.0,0.19978765520865638
4305.0,0.19303230060023865
4309.0,0.15945722138188384
4317.0,0.18239608218342948
4325.0,0.17055258346247387
4334.0,0.1608157894341745
4342.0,0.16030752708876686
4349.0,0.11666588772535443
4360.0,0.22080308905700918
4368.0,0.18719835194395223
4380.0,0.20721337495101935
4386.0,0.16705614174480046
4393.0,0.21653050260929999
4400.0,0.12171415738758501
4406.0,0.22197554120137356
4414.0,0.1974537521620992
4422.0,0.21253773974390852
4430.0,0.1514092189559244
4438.0,0.19700144873945727
4449.0,0.16666879748930968
4460.0,0.19073267011902184
4464.0,0.19954334050217018
4471.0,0.17653923300300506
4480.0,0.19589517792727126
4489.0,0.20418494869775008
4496.0,0.14047266676995826
4507.0,0.2129844511770437
4518.0,0.14950473654403537
4526.0,0.11745774008681588
4538.0,0.20850337723383588
4545.0,0.16615425150090335
4553.0,0.23463381152207322
4564.0,0.11665151408012155
4575.0,0.2320152337302049
4587.0,0.11828108727966233
4596.0,0.22253047388790853
4603.0,0.21352335906594613
4611.0,0.21365505231941798
4622.0,0.14647570058797563
4627.0,0.1278680146404947
4636.0,0.16691565429900804
4647.0,0.16860988422844594
4652.0,0.19321268773626704
4658.0,0.17406794257032593
4669.0,0.16610188910791737
4678.0,0.1885055335066453
4685.0,0.191170882181136
4694.0,0.22302559073433012
4702.0,0.2158839218247328
4716.0,0.1728907217617346
4724.0,0.14020487107903648
4731.0,0.18326467074435793
4740.0,0.2033066741476976
4747.0,0.17278115384981566
4755.0,0.19770810238137143
4763.0,0.19828194592773551
4770.0,0.21545919780499956
4781.0,0.19194165461394713
4789.0,0.19892090144888996
4794.0,0.19221566530218123
4802.0,0.2212654358344652
4809.0,0.22319411927824515
4817.0,0.22199830696282477
4823.0,0.16842262443855588
4832.0,0.17848460271259128
4839.0,0.20216046351858052
4847.0,0.20606526957335056
4855.0,0.20489959215275466
4864.0,0.2701512976106668
4869.0,0.21967091138893777
4877.0,0.22605152743341733
4881.0,0.20105179340993928
4888.0,0.18062899439285632
4893.0,0.18466633643727118
4898.0,0.23832210543541915
4905.0,0.2128227510540081
4913.0,0.15847237724521024
4922.0,0.2069885859734819
4931.0,0.17197683938264116
4939.0,0.18152387429864242
4947.0,0.21680882336793347
4954.0,0.21630832647576603
4959.0,0.18194507915714705
4965.0,0.19685263760138824
4976.0,0.12908560302641775
