,6
3317.0,0.22885344555577278
3324.0,0.19303036561585343
3334.0,0.15178114454270486
3345.0,0.17474713323672922
3350.0,0.15849283944871262
3358.0,0.17155554965070002
3364.0,0.1482955729698235
3371.0,0.2009259956012886
3382.0,0.1831083925525915
3389.0,0.1748048313534675
3397.0,0.16447734527247546
3405.0,0.16062665888634142
3410.0,0.19576460020466827
3424.0,0.18252160947162824
3431.0,0.16581945570564566
3440.0,0.18306578597654422
3447.0,0.17032640647731567
3454.0,0.2003858679476615
3463.0,0.15851338362453773
3472.0,0.18110239334274528
3481.0,0.18893272998693067
3486.0,0.19515400558527016
3497.0,0.1784186683202559
3503.0,0.17569433783657554
3510.0,0.1688624779647427
3519.0,0.18153233396530608
3526.0,0.17292824059588421
3534.0,0.14345651541722226
3541.0,0.18140203493039905
3549.0,0.17014409002479733
3560.0,0.1770627926006842
3566.0,0.18416729633142323
3571.0,0.18726813265375336
3579.0,0.18836518890075257
3585.0,0.1783514359358593
3594.0,0.19756149107610813
3598.0,0.17825220600930175
3603.0,0.16685083748992274
3610.0,0.163402202998176
3617.0,0.1715167368508325
3628.0,0.17556902516927642
3636.0,0.13904646139861976
3644.0,0.17485409646537756
3652.0,0.16961508947271517
3659.0,0.18042249404639518
3667.0,0.1750390543651899
3675.0,0.1559914994524948
3683.0,0.1665714705964731
3690.0,0.19479420583958335
3697.0,0.17077429170859137
3701.0,0.1616815186053633
3705.0,0.20306324089780958
3715.0,0.17334436775414094
3726.0,0.16817065069192522
3731.0,0.16934363587069617
3736.0,0.17685040720194561
3744.0,0.16472181154000953
3755.0,0.19293980625493506
3763.0,0.17839781134112206
3771.0,0.1529462344314806
3780.0,0.18053149820913303
3789.0,0.18245114478459967
3796.0,0.19554228433270668
3804.0,0.16207875562028076
3812.0,0.16739585474869226
3821.0,0.16171123108897636
3830.0,0.19200377611214692
3835.0,0.14496146161952037
3840.0,0.18663631898856795
3849.0,0.17317508574512078
3863.0,0.15907973575652432
3871.0,0.17617225462665528
3882.0,0.17488971481448715
3889.0,0.17450375091041492
3899.0,0.14504335907531485
3906.0,0.14965041285539285
3913.0,0.15723168591769138
3923.0,0.21203120954078777
3928.0,0.1480972586524925
3932.0,0.19033269089085575
3939.0,0.15672146546502919
3947.0,0.16016243968274896
3952.0,0.17113402625550458
3959.0,0.1302940040762122
3963.0,0.16755723211488494
3974.0,0.16448630110315965
3982.0,0.16633305402783294
3993.0,0.19547140727381287
4002.0,0.19223810731734262
4009.0,0.1783680477012121
4020.0,0.18375264420641607
4024.0,0.17213437572794668
4030.0,0.16511112910520162
4038.0,0.1695928365007395
4046.0,0.16330514891148706
4051.0,0.20158652519604953
4055.0,0.15815861960604627
4062.0,0.1660185166800101
4069.0,0.19455440547964326
4075.0,0.1469452391371765
4082.0,0.18109109054369416
4090.0,0.20025879352548673
4101.0,0.15102142846818684
4110.0,0.1571332520947054
4121.0,0.1750862943927028
4129.0,0.14940321250824182
4133.0,0.18674230887011314
4147.0,0.19428193957864462
4155.0,0.1671328307866961
4162.0,0.1678368101614251
4170.0,0.2167841674757245
4178.0,0.15565067033112692
4185.0,0.18023027540347042
4192.0,0.16669358390736697
4200.0,0.1664189442875727
4207.0,0.17212672178614158
4214.0,0.18736524782701702
4218.0,0.1962866091735613
4227.0,0.17348475826211132
4235.0,0.16103573025888232
4247.0,0.18544499784991636
4256.0,0.17401276426552004
4267.0,0.16447947990342263
4281.0,0.1778663711442534
4289.0,0.17244140970752192
4297.0,0.18644430137287857
4305.0,0.17308566829594724
4309.0,0.17167224704772407
4317.0,0.1708338165692768
4325.0,0.196323527757392
4334.0,0.1519510615247026
4342.0,0.17017628511286906
4349.0,0.16997882508612386
4360.0,0.1554008344997685
4368.0,0.17634540544489172
4380.0,0.13924162113656233
4386.0,0.16320677782141388
4393.0,0.17631743303683833
4400.0,0.1602607205186058
4406.0,0.16889773801605362
4414.0,0.16864492094512695
4422.0,0.1656742799122335
4430.0,0.17483578720328688
4438.0,0.18585125730397473
4449.0,0.1687037369847071
4460.0,0.17403896087652912
4464.0,0.16661061050853868
4471.0,0.1924033973579071
4480.0,0.17164504146138015
4489.0,0.186701096323508
4496.0,0.17190645036383087
4507.0,0.17656564527364513
4518.0,0.16064717514896443
4526.0,0.15651175159792347
4538.0,0.17205026342091315
4545.0,0.17316575545862142
4553.0,0.20511001967373363
4564.0,0.17509267835655934
4575.0,0.16827366932760252
4587.0,0.16716329835689686
4596.0,0.16704721871423195
4603.0,0.15544807511976794
4611.0,0.18669635761346212
4622.0,0.18133279403554883
4627.0,0.1881616575685443
4636.0,0.16555513050851978
4647.0,0.17208840601035627
4652.0,0.1672166354672068
4658.0,0.16297991386032792
4669.0,0.18776180557744954
4678.0,0.15539820361181927
4685.0,0.1765394106080495
4694.0,0.17058228262968217
4702.0,0.1797223998754295
4716.0,0.15181698295295362
4724.0,0.16316116299145958
4731.0,0.16386558967959544
4740.0,0.14084454505585678
4747.0,0.1651988563176046
4755.0,0.16791906348649277
4763.0,0.1894917436229397
4770.0,0.18699868167887673
4781.0,0.18950671341916014
4789.0,0.16697766297692734
4794.0,0.18852723743381086
4802.0,0.19875887350302932
4809.0,0.1704241722709254
4817.0,0.16419474994857308
4823.0,0.17390871540989739
4832.0,0.1500688576895373
4839.0,0.1683699612668772
4847.0,0.18322192310636398
4855.0,0.15742925868922442
4864.0,0.17524673671633414
4869.0,0.17333397636977863
4877.0,0.17473538802150199
4881.0,0.22428553953236519
4888.0,0.15910260269938298
4893.0,0.19566775687088492
4898.0,0.1866594695206529
4905.0,0.1761397598905473
4913.0,0.18185393509769132
4922.0,0.15445928640544399
4931.0,0.19101217337998586
4939.0,0.1732672226759365
4947.0,0.18557519983870382
4954.0,0.16531276751427607
4959.0,0.190554188084613
4965.0,0.204043183842696
4976.0,0.17526964688175728
