,3
2.0,0.1637074199235987
11.0,0.17437386664256305
18.0,0.17994012761885983
29.0,0.23979123618590978
37.0,0.1813942741044536
48.0,0.18465258841526974
59.0,0.19854532724302323
65.0,0.20815112874067357
69.0,0.22247291931437221
74.0,0.17440466527670043
83.0,0.17728151220622843
91.0,0.15025969551222448
96.0,0.18538412085662395
107.0,0.22123589074841007
114.0,0.18690738000399898
118.0,0.2545621409749736
123.0,0.18950921096959109
129.0,0.25051273417348724
136.0,0.17856598857039588
145.0,0.1981803896925462
153.0,0.13957446844022897
159.0,0.20969626786056758
165.0,0.18142309288291153
174.0,0.24436661960025843
179.0,0.1559959471456296
185.0,0.20567105939288108
189.0,0.20500566468845718
201.0,0.2217557750618713
208.0,0.1171728218104989
219.0,0.22937083184446458
226.0,0.21679090994934863
232.0,0.238440292718892
244.0,0.2560237754870283
251.0,0.18640759465764356
259.0,0.23829131481061566
269.0,0.18351203796329396
283.0,0.2435216322284495
290.0,0.18074635038381648
299.0,0.1759683057071742
310.0,0.16645041229661225
321.0,0.23965089846820753
328.0,0.1857073152077941
332.0,0.18899777834579892
343.0,0.16498700833311444
347.0,0.19619892035852868
355.0,0.13418331759120544
364.0,0.17614201306998845
378.0,0.18514284590501348
386.0,0.0604114143738694
390.0,0.1822997538290548
402.0,0.19349996089114196
410.0,0.18418455480347437
418.0,0.19770138315047214
425.0,0.173850787716267
431.0,0.22341713505404223
437.0,0.22326430786981086
441.0,0.17079374740705938
453.0,0.20774439210378565
459.0,0.12921472565410305
467.0,0.22478957336539132
479.0,0.21705489182713109
487.0,0.20375938820106795
498.0,0.1865814175264168
507.0,0.22925723608523266
518.0,0.22963736588503766
527.0,0.23853005150766668
535.0,0.2135642526229534
544.0,0.248147245148211
549.0,0.20222225607557623
556.0,0.2360452649974084
564.0,0.21876332584378097
571.0,0.14022584328980575
576.0,0.17739768736206632
584.0,0.13759811265068164
593.0,0.1667257647228428
599.0,0.19635452315833257
605.0,0.13945904738222906
611.0,0.20162052045898812
618.0,0.14393793860487794
623.0,0.1740302446672149
635.0,0.15112282024202234
643.0,0.13584492208810667
654.0,0.2503681431978251
662.0,0.16087893446263074
668.0,0.21855842788406857
674.0,0.20294133643302797
682.0,0.19575375322212588
689.0,0.2362925579771039
695.0,0.2355786725240535
704.0,0.1896994782748154
712.0,0.1701564578624519
718.0,0.13792441417804577
723.0,0.17539711736430463
730.0,0.18160048350832983
742.0,0.21527429085157604
754.0,0.1574380980464046
760.0,0.22267896914312454
766.0,0.14963448578175317
777.0,0.2706781413920167
784.0,0.24320381751630946
791.0,0.18574571701858134
798.0,0.16627977377578232
809.0,0.21246944111055935
817.0,0.13770233626475223
821.0,0.21606118649565864
833.0,0.20543634838204264
841.0,0.2292438504234202
852.0,0.23500965897332352
860.0,0.17427121183045047
872.0,0.22885756539018506
886.0,0.20244116808221632
890.0,0.19585148283925038
901.0,0.182094926529491
905.0,0.17148164310998223
911.0,0.1801387573797353
918.0,0.20214417934733284
926.0,0.19295073619686673
933.0,0.2061296518454187
940.0,0.19293746876988507
946.0,0.23610944470155815
952.0,0.26103890765325166
957.0,0.23684023243035782
966.0,0.14997564232877642
973.0,0.26693173936607884
980.0,0.2191940035133907
987.0,0.17974754523319986
994.0,0.20688826382318304
1000.0,0.20809767445032656
1007.0,0.2535482397829985
1019.0,0.23552309727744905
1026.0,0.23859293164894926
1034.0,0.19113105019766505
1039.0,0.2234938847535491
1046.0,0.20105427635583892
1050.0,0.22046946743234352
1056.0,0.25382832213521306
1061.0,0.18886585568683117
1066.0,0.2397959705762287
1077.0,0.1776539682771958
1084.0,0.23133551093359517
1092.0,0.206557514493476
1098.0,0.2735422847938979
1106.0,0.17010710259007836
1113.0,0.2297165790505524
1120.0,0.20183370941316486
1128.0,0.16842761719811183
1132.0,0.2121820461236117
1138.0,0.1378084418460464
1146.0,0.23032338408855818
1153.0,0.22344485079270338
1162.0,0.23654345167417315
1166.0,0.16901500734051936
1178.0,0.23870716978817622
1189.0,0.25582836731038966
1196.0,0.22783538381561333
1205.0,0.21873365116153934
1212.0,0.19224069278967906
1219.0,0.1848693876626023
1226.0,0.2449111619156491
1233.0,0.20958705646214568
1240.0,0.20283049350006804
1254.0,0.17202644935883232
1262.0,0.2345959580813297
1268.0,0.19001552807925126
1272.0,0.1692228783294977
1278.0,0.25669801971075584
1286.0,0.1917551522875072
1292.0,0.23054355786925054
1298.0,0.1968041442415441
1302.0,0.2502182606655551
1309.0,0.12230026836461885
1319.0,0.2217381027616679
1326.0,0.25525452657757647
1337.0,0.2336283142787394
1344.0,0.20792982434055154
1349.0,0.13470937991355356
1356.0,0.22035570697768406
1364.0,0.1710302510130494
1375.0,0.2184663590376651
1381.0,0.18684649607407522
1389.0,0.1830759437530184
1397.0,0.20087438442662026
1409.0,0.2654791864926326
1416.0,0.20692555416573502
1424.0,0.20042070703799492
1430.0,0.20722871982382085
1436.0,0.14751805489067107
1442.0,0.20892062215885432
1449.0,0.24285884980160252
1456.0,0.24476396958435945
1463.0,0.234012799317533
1470.0,0.18036156330136674
1476.0,0.229746803488035
1482.0,0.23657319120015377
1489.0,0.22439152177022204
1503.0,0.22473493837296296
1510.0,0.21891738968599314
1516.0,0.19771992238382255
1525.0,0.19735066261835704
1532.0,0.25762246557394575
1539.0,0.21396893652654073
1546.0,0.19811213191725854
1552.0,0.2274754656326931
1560.0,0.22895530572386777
1567.0,0.16677267583736605
1572.0,0.24913314255599792
1582.0,0.24768267554339998
1589.0,0.236508153595072
1594.0,0.206006897504927
1600.0,0.23144752254713344
1606.0,0.20858438670206214
1613.0,0.18919865506116257
1622.0,0.21392387665626755
1629.0,0.17172593125510124
1637.0,0.2278711636139188
1646.0,0.19290692638581683
1655.0,0.21998625307036615
1663.0,0.23849794812665073
1670.0,0.22274247164146194
1678.0,0.17960769919991312
1687.0,0.16513032834890867
1695.0,0.1865467942913628
1702.0,0.1966347878503215
1710.0,0.23773574572781536
1717.0,0.1780893405415559
1728.0,0.23164878328394375
1734.0,0.25103443473683873
1741.0,0.19177927123167132
1746.0,0.16866788170744998
1754.0,0.23932609438880872
1761.0,0.194869091983584
1766.0,0.25499770703536884
1771.0,0.2724594865865651
1777.0,0.19833230356166975
1785.0,0.2348040727090472
1789.0,0.17167950465755832
1800.0,0.20866154257410213
1809.0,0.20745176044467856
1816.0,0.22867311203260762
1823.0,0.18571831349777773
1831.0,0.2327441191965371
1838.0,0.17859147444898338
1844.0,0.15455976939628657
1850.0,0.2558669957954241
1855.0,0.21575033635281113
1861.0,0.17605876248107746
1867.0,0.2078439789475787
1873.0,0.15091354691304923
1880.0,0.18860395122465778
1886.0,0.22093514196596917
1898.0,0.20816175382041913
1906.0,0.23915798275815137
1916.0,0.1846531584152907
1930.0,0.20084490231249477
1942.0,0.21420947449419794
1953.0,0.19594394034874327
1964.0,0.24470577704582588
1973.0,0.23488401718879137
1979.0,0.27060620224176735
1983.0,0.18750048566942853
1990.0,0.22004445882111234
1996.0,0.24699846220292243
2003.0,0.23884311716547302
2012.0,0.19809248471540142
2019.0,0.15153949785045845
2033.0,0.17719253549902428
2041.0,0.23457230339264312
2053.0,0.22799476029805144
2062.0,0.22616100962131433
2070.0,0.16550169259721578
2076.0,0.17636705131776872
2085.0,0.18750061437862262
2093.0,0.24081228136891392
2098.0,0.1954302701555949
2104.0,0.18946781478782243
2108.0,0.23550560692784087
2115.0,0.23839274619396983
2122.0,0.24379006148931057
2127.0,0.21388237171890534
2138.0,0.19732626260315916
2149.0,0.22748916201019187
2155.0,0.1774153829305286
2159.0,0.19661825962469853
2165.0,0.17070724984070632
2169.0,0.22110756946895724
2175.0,0.19362703399595038
2179.0,0.24512606922657088
2186.0,0.18360646322753302
2192.0,0.20378333295165094
2204.0,0.24913535583237678
2210.0,0.17433541532681618
2218.0,0.23561354567515447
2225.0,0.2552371124577957
2233.0,0.1821096382611604
2239.0,0.21728022245230774
2245.0,0.12293760915356791
2253.0,0.165508483918074
2262.0,0.12783531525779485
2267.0,0.20079553507857556
2276.0,0.20016104633446188
2284.0,0.22794827591206968
2289.0,0.21645525165850646
2294.0,0.2060710395114669
2302.0,0.16833114245758507
2314.0,0.1923708294864141
2326.0,0.19090321574121455
2332.0,0.20457180689152013
2343.0,0.1493222391924591
2354.0,0.21952554769126026
2368.0,0.15999369592682827
2376.0,0.2104477223714652
2388.0,0.22056550615304177
2395.0,0.20619751403249972
2406.0,0.1679330236768348
2413.0,0.24248448632137048
2424.0,0.1838040092344643
2428.0,0.16738032822515989
2434.0,0.19260287002955828
2438.0,0.23447345144596704
2445.0,0.19611035213207367
2454.0,0.1432534992121918
2462.0,0.22935029770935414
2471.0,0.19203357017195063
2479.0,0.20140534460372353
2488.0,0.21263565421783281
2499.0,0.2437486090912492
2504.0,0.2052956460688803
2512.0,0.17025222102277562
2517.0,0.21269751844875476
2522.0,0.2416682951358257
2529.0,0.1891290801631546
2536.0,0.21601007063021643
2543.0,0.14470157313112295
2549.0,0.15685680174897645
2557.0,0.2359475492476038
2568.0,0.21589123004438185
2575.0,0.16555739162794028
2582.0,0.2029989042598497
2588.0,0.2302565254867378
2594.0,0.1820250659232215
2603.0,0.20875246053116667
2614.0,0.16413445353039052
2622.0,0.18651660698250563
2629.0,0.23320142707130484
2635.0,0.1882509906088915
2639.0,0.19765450314545427
2643.0,0.18766298312615606
2648.0,0.17246850686896156
2654.0,0.19218147569809058
2661.0,0.140439928524806
2668.0,0.22202719054799752
2674.0,0.2122908136713556
2685.0,0.17812818596330568
2693.0,0.2183574868164115
2701.0,0.17415617794503957
2709.0,0.2503426724789478
2720.0,0.17413918088805
2732.0,0.25417475196613143
2739.0,0.17043846105256663
2748.0,0.18370351860483033
2756.0,0.15079923943557016
2764.0,0.2289687825615716
2772.0,0.19784839789312028
2779.0,0.2083195250942604
2788.0,0.21285598778023934
2802.0,0.17948051444907323
2811.0,0.2068847683784776
2819.0,0.20210955615587683
2827.0,0.21579850669867148
2831.0,0.1803794238398088
2837.0,0.17184284347211903
2846.0,0.1596349094831812
2857.0,0.2872152989253866
2868.0,0.24346372015931664
2876.0,0.1717534038513236
2880.0,0.18064521767578304
2887.0,0.2047408119332828
2895.0,0.19465467641541007
2903.0,0.19821592442561548
2909.0,0.2500059192774873
2923.0,0.23672490338530652
2930.0,0.2256450278171509
2938.0,0.11672068672188297
2949.0,0.21301898358646779
2957.0,0.21878663272173493
2963.0,0.17873788590034045
2972.0,0.22765808155541725
2980.0,0.21975701016328547
2986.0,0.2218303394361566
2993.0,0.2386097930065471
3005.0,0.1728506295122828
3011.0,0.16166197103847874
3019.0,0.18750194025449546
3025.0,0.16311622016076538
3031.0,0.19482103028219783
3038.0,0.2026726570347636
3046.0,0.16642415571315036
3053.0,0.19178185594661906
3061.0,0.21581143452188614
3068.0,0.2153337675141094
3077.0,0.19729727472304695
3085.0,0.20757715504379892
3094.0,0.116548082638
3106.0,0.2207526059437593
3115.0,0.21308371119146327
3126.0,0.16380486176512474
3136.0,0.14848540994706633
3144.0,0.1225090698064889
3150.0,0.20074167345136743
3162.0,0.20549104166781412
3169.0,0.23033166880187728
3175.0,0.2027398835424123
3184.0,0.18423376544619582
3189.0,0.21070836410837043
3196.0,0.19951700632023253
3206.0,0.19939396635477574
3215.0,0.20088264216666965
3222.0,0.18101054458236854
3228.0,0.1997626983498798
3235.0,0.18722522354053148
3241.0,0.21295728709423323
3248.0,0.18287075747807338
3256.0,0.22777165923241166
3263.0,0.17264757480952636
3272.0,0.22782549883906641
3278.0,0.21201747437786095
3289.0,0.1829280841125093
3297.0,0.19786297407821438
3308.0,0.21648309949915867
