,8
0,0.15388737175831507
1,0.20336698141773604
2,0.17523337630872585
3,0.1773883043013191
4,0.1758161351524429
5,0.15097038295664983
6,0.14927498537335307
7,0.18786866754980297
8,0.15800698257210818
9,0.14730625612515894
10,0.1660264695278198
11,0.15623455268676964
12,0.14784461790626216
13,0.15937075333161782
14,0.19195472977412056
15,0.15399928303921942
16,0.16484913407226756
17,0.1545053475242099
18,0.15594572525961892
19,0.16305560629316576
20,0.15106501284755103
21,0.1652572442396022
22,0.15389433789890125
23,0.15541158771175362
24,0.15181790283554228
25,0.15061940667743523
26,0.1629395536493565
27,0.15256240742556773
28,0.16237799013375645
29,0.15481001278912435
30,0.16367147559810535
31,0.16501941704130055
32,0.16023074350679054
33,0.16118364805342883
34,0.1732821873315724
35,0.19156227703620432
36,0.1454391197083275
37,0.15654246843346334
38,0.13638125538162954
39,0.15120205419506147
40,0.15702232372126135
41,0.14622815092371672
42,0.1762818904849716
43,0.14738852159370636
44,0.15854957848612589
45,0.14888097250917112
46,0.16748964953425277
47,0.1661425222000594
48,0.1693461203088219
49,0.18565502117618488
50,0.1526654998183499
51,0.17477407594587321
52,0.15357431879547828
53,0.15818335031681954
54,0.1598830407324365
55,0.18901854685742528
56,0.1608757201977111
57,0.14818291841118242
58,0.1537609319722907
59,0.17441855462364173
60,0.166184161160144
61,0.163138658093993
62,0.14215921122686617
63,0.16534207463563722
64,0.17616721928431056
65,0.16578551464149974
66,0.15243565727778643
67,0.17686131314619907
68,0.15185178968959828
69,0.16186923755533023
70,0.1723045702498105
71,0.15205918845011704
72,0.15479191968393968
73,0.14635585390775593
74,0.18087224106448543
75,0.1827002323934945
76,0.16740731686300944
77,0.19062119263346372
78,0.19240699139023984
79,0.17984577514675804
80,0.12918187157439218
81,0.13538597434760552
82,0.12882098550938675
83,0.15634896503242685
84,0.13074684326438205
85,0.15872889016957872
86,0.17508684998801866
87,0.18455253297593288
88,0.17317946072401805
89,0.15847030387771335
90,0.17888523712831403
91,0.1519621947441029
92,0.14586035507787792
93,0.14650886367307084
94,0.15498121213318164
95,0.1642789793361617
96,0.14821113786572013
97,0.17422976662281336
98,0.1687186680557661
99,0.14819013834646166
100,0.15379335288556517
101,0.16007585109000178
102,0.1497372573016649
103,0.13455080127248786
104,0.16394556862672469
105,0.15889112470584787
106,0.15489343520594717
107,0.1513597918688859
108,0.15548929122826258
109,0.18272446344883722
110,0.1854525430288943
111,0.1767929265055955
112,0.15987893812675744
113,0.15567707570141714
114,0.15407353657153672
115,0.15511973231802034
116,0.15738533645942526
117,0.15591309982713014
118,0.13393737071571324
119,0.14516254767926537
120,0.15622095749649778
121,0.16200243459008062
122,0.14592747395691627
123,0.15417556263000315
124,0.14958319862040315
125,0.1589859045563223
126,0.14654531804113619
127,0.15701515021129833
128,0.16990907988174012
129,0.17647028217089233
130,0.15680393559458855
131,0.1512832452512375
132,0.157242309631754
133,0.15658671811594324
134,0.1622191694315716
135,0.17635668054246498
136,0.15575024655085962
137,0.15275140498019363
138,0.17288794145201106
139,0.15098695337388676
140,0.1723950204676845
141,0.15543827115685513
142,0.1461614413655047
143,0.15078634161108012
144,0.15988081389481146
145,0.1601721574490538
146,0.18934648355367037
147,0.15746685459619067
148,0.15461730587426079
149,0.1535508610330856
150,0.16613378560089573
151,0.169397654630819
152,0.1523094170116044
153,0.13452860611635065
154,0.14356506439872982
155,0.15655216872456607
156,0.14389130088140767
157,0.15389192703891139
158,0.14903529556550504
159,0.1570146004695314
160,0.13814536767176394
161,0.15995073400797488
162,0.1477456309886566
163,0.17804669320487104
164,0.17467473056602428
165,0.1753588700146525
166,0.16695209226179974
167,0.1626397615345643
168,0.15579324307629724
169,0.16805193841133395
170,0.17226372272433546
171,0.1470065352815133
172,0.1577075805078952
173,0.15133404348599408
174,0.1676153642998133
175,0.13905110650568847
176,0.1697907421418729
177,0.14521989949063194
178,0.15260785669742083
179,0.14771746319625062
180,0.15995987596844935
181,0.16888055895939583
182,0.14912893050886644
183,0.15398899508408692
184,0.1760630992894308
185,0.16189192780230108
186,0.15741854969867156
187,0.15782948364946853
188,0.15509573447933264
189,0.1631718329273335
190,0.13444576272407444
191,0.14639991329689397
192,0.16880940878133688
193,0.15132679358244408
194,0.15280276253879355
195,0.19041784473575035
196,0.16515628384463382
197,0.18112095567183192
198,0.1656909277402587
199,0.15874171813439242
200,0.16889656283270071
201,0.17183992655554498
202,0.15228975101220368
203,0.164126114394325
204,0.16639936424836713
205,0.17825354892255002
206,0.16046788082435257
207,0.1677945290618222
208,0.18090472171750002
209,0.19579402016425862
