,8
0,0.20074725370538582
1,0.17201729902246507
2,0.13205687303949837
3,0.16020760087662617
4,0.1396888103392602
5,0.13465628490339146
6,0.1630183648441857
7,0.17463194280854244
8,0.14745152930909386
9,0.15927222542529015
10,0.1546697753719806
11,0.16360767878209997
12,0.1653236498714573
13,0.16090393458529548
14,0.14838987155795524
15,0.16118607441910332
16,0.16338280948395623
17,0.1659967235704129
18,0.16736072854430287
19,0.16540950161713525
20,0.15093550527058777
21,0.14799453732389684
22,0.17458816906424884
23,0.16468159084291406
24,0.16857242118563484
25,0.15031560828258392
26,0.1435530145232166
27,0.15347665845632608
28,0.17083288937837648
29,0.1839662194169985
30,0.15716727369318279
31,0.16406379399186297
32,0.1669933334353892
33,0.16032967413427135
34,0.15602553799716817
35,0.14434502908188784
36,0.14825832526867164
37,0.14466358498692705
38,0.15268972315443538
39,0.15262409474290087
40,0.14943449678363743
41,0.16732124187568906
42,0.19905300875317697
43,0.17081975115740283
44,0.15060390418946418
45,0.16019852978610208
46,0.15503016366039515
47,0.1522230662398312
48,0.15595871105314071
49,0.14734171681612895
50,0.15194192808547247
51,0.15004514846808845
52,0.1652002996934055
53,0.16384002976425152
54,0.15012545262137092
55,0.13329293899716743
56,0.1580033681761461
57,0.16123013272552356
58,0.16753411025637469
59,0.15510495784327666
60,0.16923808198040902
61,0.17817723557884485
62,0.17950234226165085
63,0.1596476059894081
64,0.15583513283907996
65,0.1652219520370638
66,0.16400104052095085
67,0.15458184312686823
68,0.16037787870326883
69,0.14931796381643708
70,0.1490229362868915
71,0.17377686734660114
72,0.17246411841607107
73,0.16132250160044476
74,0.16109240184757104
75,0.1564898033163318
76,0.16155165781208583
77,0.16569502965925628
78,0.14982478444118164
79,0.1505710985344854
80,0.1512820765286056
81,0.16846845000399235
82,0.1495329595688056
83,0.14834011643144712
84,0.15810384805899508
85,0.15370167844076027
86,0.14842765389555643
87,0.16999085700881184
88,0.16947888338488543
89,0.15804822278808944
90,0.1411260890961989
91,0.13849776214704435
92,0.13967992215957328
93,0.15398189992693087
94,0.142473866706252
95,0.15129309726443688
96,0.1500092392997528
97,0.14941468504294866
98,0.14764982099192073
99,0.14660745953915097
100,0.14818601423855293
101,0.15906472752142042
102,0.17100105433490673
103,0.1541644161040267
104,0.14416214696666557
105,0.1555172456128717
106,0.1548925961504027
107,0.15998396451574046
108,0.16483663422338682
109,0.15302755705869403
110,0.15932484313262982
111,0.1599748508885323
112,0.15174338910665514
113,0.14029693006683633
114,0.14185866324751667
115,0.1496024639592644
116,0.15649276546341928
117,0.14231169627086246
118,0.16176276519520866
119,0.18050225363979494
120,0.18652332893261986
121,0.17449012437150094
122,0.1710574294680423
123,0.15887272768839142
124,0.15909232116779565
125,0.15091868320037674
126,0.18579320513793493
127,0.16069684571115825
128,0.16073718947742552
129,0.17142487864545153
130,0.16357576153898076
131,0.16858969401576945
132,0.18533754490912877
133,0.1698854922111224
134,0.19833767687676082
135,0.14609247162760539
136,0.17485206031454034
137,0.21232178955431755
138,0.18807118664908903
139,0.20841028408243317
140,0.1970722845075083
141,0.18765544511062796
142,0.19139521879123886
143,0.16931770829907478
144,0.14930469725631446
145,0.15402970800233914
146,0.13627109385524802
147,0.15391396163073076
148,0.15673548374375373
149,0.15992703944407147
150,0.1439049044788211
151,0.14581595369528977
152,0.14588542476220093
153,0.1473434012738574
154,0.1502126254066367
155,0.15994074754221432
156,0.16495663287519596
157,0.19268215450117218
158,0.16786869042954097
159,0.174573257112282
160,0.16026569364515453
161,0.1493097870822386
162,0.14715217236332068
163,0.1689112451396292
164,0.15121755465203424
165,0.1484771784843564
166,0.15877729819417188
167,0.18769231148136614
168,0.16560038004043776
169,0.1690654331734902
170,0.17088365093896454
171,0.16329874729783755
172,0.1686408558180949
173,0.1836021091503417
174,0.1786436317908617
175,0.17200860648266175
176,0.1610456959908899
177,0.17924914325978
178,0.16534899828135913
179,0.1790751889864755
180,0.1559173906709236
181,0.15473623601699174
182,0.16067735722460683
183,0.17319844561741732
184,0.1555147348900634
185,0.15788179734267616
186,0.1523173201514626
187,0.15171750808394963
188,0.1610691369673997
189,0.17634132346504822
190,0.1536428776965546
191,0.17135930003769406
192,0.14799790599622423
193,0.14645988637284324
194,0.16295256442591471
195,0.16740719320454808
196,0.1491317703761803
197,0.16934706328704996
198,0.16468935919890923
199,0.15445652126958578
200,0.15774982495108814
201,0.15785716404377548
202,0.1600345392181286
203,0.16738437133581507
204,0.17743393880637193
205,0.16680803858410492
206,0.15439833900082847
207,0.16441811100991416
208,0.1449317332019722
209,0.146404380444309
210,0.16421616382444545
211,0.173387022558366
212,0.16042307917723073
213,0.15998462191163276
214,0.16320668515081604
215,0.15333415148937227
216,0.15753969303378842
217,0.16312790601099378
218,0.19649720331102805
219,0.16576263157218415
220,0.17152597863055638
221,0.14804142284155689
222,0.15581150216928685
223,0.16553089237072702
224,0.15947476683941667
225,0.1728979444791665
226,0.17041913120818772
227,0.17383939649833977
228,0.14272870829809287
229,0.15908767194993667
230,0.17218731103377916
231,0.16795760761712925
232,0.14319055255757016
233,0.13156593563327995
234,0.17034131309396158
235,0.163651311690387
236,0.16772936289931265
237,0.16214498440828468
238,0.2013577673531123
239,0.14699744767984974
240,0.1496212223388614
241,0.14064615792577564
242,0.1432302609384558
243,0.16219034173911367
244,0.16859461971624184
245,0.17055756193222624
246,0.15236258870008715
247,0.15399737437717162
248,0.16068034768339087
249,0.17140362133559445
250,0.1479552849296928
251,0.1594538320155719
252,0.15569839767404553
253,0.14933372460068758
254,0.15198894968956564
255,0.16572011157349784
256,0.18370466880801614
257,0.20805029113210033
258,0.1863741627218221
259,0.18246606350568578
260,0.19136509257959716
261,0.1581560952691847
262,0.15596536559355484
263,0.15664786788388213
264,0.14998111989295254
265,0.15478346471552332
266,0.1377632799114785
267,0.1477134505238439
268,0.15228776849974732
269,0.15785807901187027
270,0.16139709310343547
271,0.16775567008746176
272,0.16449332280368742
273,0.1563279746349202
274,0.1777753235195551
275,0.14784946319883785
276,0.18740109917601677
277,0.15346533392664571
278,0.15430017101016488
279,0.15402978181095217
280,0.161416189038294
281,0.1664249300876803
282,0.16673429816389174
283,0.17458293711979642
284,0.1568889318662961
285,0.1869579656519807
286,0.16016366586759487
287,0.1551162439895776
288,0.16406249145416113
289,0.13979069319910217
290,0.16750184427111514
291,0.16335657677197882
292,0.16052594893668057
293,0.1807947787442345
294,0.16963081064307378
295,0.15525198778660698
296,0.14540765613304585
297,0.18474219367633232
298,0.17803802331585236
299,0.1680532070833209
300,0.18263608817801844
301,0.17939625386876257
302,0.17966358779107605
303,0.15765380792960268
304,0.1433963648147053
305,0.14238542731341536
306,0.14907335849846082
307,0.14651351406660718
308,0.13667513138031775
309,0.15430822726103596
310,0.15803415475240531
311,0.17852733802006865
312,0.1524162516001223
313,0.15709243793582459
314,0.1649452528557978
315,0.14490243318654084
316,0.1903208158617227
317,0.16751993846258237
318,0.153187648949756
319,0.15571227028128937
320,0.15186842156918814
321,0.17108340461265267
322,0.16815472298422987
323,0.17218195135208192
324,0.1591500781538082
325,0.16658135337521543
326,0.17670329215971098
327,0.16727710640167018
328,0.18842505356293893
329,0.17190713735964638
330,0.1719829874390148
331,0.15001959977088175
332,0.1708103401777312
333,0.15966010308515297
334,0.1644038760142537
335,0.17044066143205103
336,0.16378754192858272
337,0.17452276303911868
338,0.13976206158270607
339,0.15784724920910165
340,0.1742136084247566
341,0.15382730732257927
342,0.15453201928640603
343,0.14170048190878792
344,0.15791898661791234
345,0.1381369481126701
346,0.15737064232371617
347,0.15737162592599985
348,0.1484365824970978
349,0.15581336847603916
350,0.14183992382163
351,0.1499405167386261
352,0.13887358934912322
353,0.14939835836634807
354,0.17052904013482323
355,0.1573202316769134
356,0.1527467423602309
357,0.16590741027539266
358,0.17222456394896407
359,0.164034287335511
360,0.16336440833117608
361,0.16202685810408518
362,0.17144988281443901
363,0.1577169579333574
364,0.14920040882386432
365,0.13925773537141428
366,0.15444299462244399
367,0.17308486874610574
368,0.16864379680325411
369,0.18073831060795498
370,0.17622816109734743
371,0.18538273031507432
372,0.1852703452629524
373,0.16951003808706652
374,0.16946127462928526
375,0.17506887519868752
376,0.1793015533038147
377,0.18159511102796966
378,0.17209613457600337
379,0.16990625349918195
380,0.16313268575919565
381,0.17771021480060586
382,0.1683319575497766
383,0.19054327804252333
384,0.16870839638501717
385,0.16432424973747903
386,0.15903709710329184
387,0.17060375852880638
388,0.1401986429175623
389,0.14540097970273372
390,0.14778487402665905
391,0.15057962759021365
392,0.15628951229936386
393,0.14990553397935477
394,0.16987270475506272
395,0.14930115941280606
396,0.170431542389605
397,0.1467963207260525
398,0.1511892313531139
399,0.1659005303774538
400,0.15771341936565805
401,0.1684151813661504
402,0.14879506806529388
403,0.15075964958282503
404,0.15576254271457934
405,0.14559707933588267
406,0.13712854845082725
407,0.1632772156126939
408,0.1507694882975933
409,0.14492729867306636
410,0.151861857821218
411,0.1507759163100117
412,0.15717263794013062
413,0.17034452724301158
414,0.16293302270712004
415,0.1837112914400116
416,0.19709539178465285
417,0.18905860016131545
418,0.194333213291284
419,0.16374401883256243
420,0.14686445263141262
421,0.18670787173075268
422,0.1450527345634483
423,0.1684572431890818
424,0.1598650030811415
425,0.18242339412622108
426,0.16342858569009247
427,0.14482352299006138
428,0.17701500511988205
