,5
2.0,0.15642789306137492
11.0,0.16812331787128817
18.0,0.14541840337805143
29.0,0.1734988958326961
37.0,0.21919960498906185
48.0,0.1967171888214843
59.0,0.17581218632916834
65.0,0.12866556372883928
69.0,0.17934014586333563
74.0,0.16473558097472413
83.0,0.16418747912064718
91.0,0.14539500101438602
96.0,0.17398828331419278
107.0,0.18864622799203268
114.0,0.19094487905699667
118.0,0.1925425331813458
123.0,0.19691469202786585
129.0,0.15130975891950585
136.0,0.18601910168670688
145.0,0.19901334300556936
153.0,0.1699576348018485
159.0,0.1931555300365352
165.0,0.1974119658255704
174.0,0.199999450731904
179.0,0.12280571765602834
185.0,0.19328894594739224
189.0,0.17274785722614636
201.0,0.19463798691194883
208.0,0.1738592688731386
219.0,0.19812594179234966
226.0,0.19376769612231806
232.0,0.16529226956006268
244.0,0.16472852925636433
251.0,0.17907560663846553
259.0,0.1976067602045366
269.0,0.20162101854126954
283.0,0.19398029054465835
290.0,0.19609514701742267
299.0,0.1678687972341913
310.0,0.16214485480665689
321.0,0.19242607033040396
328.0,0.12178695427552101
332.0,0.148597385700372
343.0,0.19821804317892244
347.0,0.17996228401744205
355.0,0.18518884535926416
364.0,0.20550909834872988
378.0,0.20280551813771314
386.0,0.19218787655429265
390.0,0.19638781531954785
402.0,0.19189067482301775
410.0,0.1806537647536287
418.0,0.21577629902587786
425.0,0.18138265230442266
431.0,0.17575373338643047
437.0,0.186151336404081
441.0,0.15936527759600352
453.0,0.20370478228021777
459.0,0.13859226505845829
467.0,0.18975654309490947
479.0,0.19717457912755734
487.0,0.19979876665779137
498.0,0.20472291506273546
507.0,0.19367862738016595
518.0,0.20312199219189675
527.0,0.1905739906183092
535.0,0.1745980989652848
544.0,0.1866494305125209
549.0,0.17328164165449897
556.0,0.18589345114263106
564.0,0.13973999539441748
571.0,0.18302309220846016
576.0,0.16644911890861938
584.0,0.19668879345424112
593.0,0.15646137994485318
599.0,0.17370560965947887
605.0,0.20280516222157222
611.0,0.1768903654507494
618.0,0.20111033939377207
623.0,0.15856512419944746
635.0,0.18409817507286333
643.0,0.16531545392527722
654.0,0.2016281878080795
662.0,0.19763713524153545
668.0,0.18285329242194745
674.0,0.19404096550175698
682.0,0.1724083270857974
689.0,0.15586299781421056
695.0,0.1867398540858945
704.0,0.18192281992089504
712.0,0.18400818261779636
718.0,0.1451028133621368
723.0,0.20156373989159215
730.0,0.20515415049894453
742.0,0.17432786098910263
754.0,0.18535385346439462
760.0,0.19935251153355682
766.0,0.20937161817303546
777.0,0.2094665804170651
784.0,0.18619031328844546
791.0,0.20832352250449165
798.0,0.1742163261375664
809.0,0.17721183919450798
817.0,0.18133042685007736
821.0,0.17381171705923046
833.0,0.20665223084648288
841.0,0.18621507793582032
852.0,0.20894180226737483
860.0,0.20087018603331866
872.0,0.19358238846030035
886.0,0.20151647443156417
890.0,0.19815660731596768
901.0,0.18745452671215562
905.0,0.21785404160648375
911.0,0.1909693010042161
918.0,0.187958317135766
926.0,0.20514930003145435
933.0,0.19345640243877946
940.0,0.19466408335951527
946.0,0.1840394242833291
952.0,0.16854453974300582
957.0,0.21406326587324775
966.0,0.1886160869730457
973.0,0.1936953945706875
980.0,0.1980864689711264
987.0,0.18879184619436148
994.0,0.18351831885206535
1000.0,0.20477953381778405
1007.0,0.1914262600240197
1019.0,0.2043861858928932
1026.0,0.20167359218508102
1034.0,0.21214579084444612
1039.0,0.20968211672891351
1046.0,0.17683791103331428
1050.0,0.1548134923868672
1056.0,0.1556642283859377
1061.0,0.18446782426510674
1066.0,0.23769731182978546
1077.0,0.1858201825505522
1084.0,0.1767433245684591
1092.0,0.17576477061026058
1098.0,0.1889564779310385
1106.0,0.18308871274851019
1113.0,0.17193189191394134
1120.0,0.18427568559553403
1128.0,0.1963379055633536
1132.0,0.1913552208019503
1138.0,0.18234534012183642
1146.0,0.18179670873178486
1153.0,0.20884349641378525
1162.0,0.19016717101629652
1166.0,0.1890680083052507
1178.0,0.19544175817003853
1189.0,0.19181345717152373
1196.0,0.1811855492300183
1205.0,0.1782833613440364
1212.0,0.2023163050963642
1219.0,0.15998130314765174
1226.0,0.16090373515280787
1233.0,0.20531820407740373
1240.0,0.18986163712604787
1254.0,0.21222817726288057
1262.0,0.21280817734057533
1268.0,0.1805492033551374
1272.0,0.18379736955798068
1278.0,0.21332635401291597
1286.0,0.15977987718134476
1292.0,0.19461731527568485
1298.0,0.21753460365272284
1302.0,0.20474330087962025
1309.0,0.18728153266918773
1319.0,0.17593607357613203
1326.0,0.19847359947899418
1337.0,0.16296498770970286
1344.0,0.20812412761087742
1349.0,0.19389002021627746
1356.0,0.18448188337240803
1364.0,0.16263628351762682
1375.0,0.18380815553439453
1381.0,0.1886863598879051
1389.0,0.19677801552664428
1397.0,0.2195159696693072
1409.0,0.20269674142019242
1416.0,0.21121637341379199
1424.0,0.21519807693661577
1430.0,0.20249780874962306
1436.0,0.16569829965876728
1442.0,0.1959024395151218
1449.0,0.17379832492741934
1456.0,0.15857241763095678
1463.0,0.17390086695579776
1470.0,0.19883949650271798
1476.0,0.16772874326107365
1482.0,0.19579288616283605
1489.0,0.1713016741024063
1503.0,0.17457492923403095
1510.0,0.17494184670521515
1516.0,0.16932605982981078
1525.0,0.19894238988072932
1532.0,0.17828363111108267
1539.0,0.1865412820316468
1546.0,0.20763008733755156
1552.0,0.17711958333776828
1560.0,0.1942735614916268
1567.0,0.2244224602031327
1572.0,0.18890818769034465
1582.0,0.22954144460221093
1589.0,0.1902934596400649
1594.0,0.19783634387223506
1600.0,0.21128145208361276
1606.0,0.15698341056098822
1613.0,0.18860319284500493
1622.0,0.1640479095283665
1629.0,0.16332675361487115
1637.0,0.18561631120535627
1646.0,0.19194983772471277
1655.0,0.2068099366547439
1663.0,0.165014227981618
1670.0,0.18592677003860836
1678.0,0.2086396503397252
1687.0,0.1915335421442125
1695.0,0.1691956752399153
1702.0,0.1799974656719599
1710.0,0.18867495324875466
1717.0,0.21213477361666833
1728.0,0.17816447782807013
1734.0,0.18756588194445273
1741.0,0.21093186582914797
1746.0,0.18345173431130643
1754.0,0.16013756924555908
1761.0,0.2110851655223422
1766.0,0.195936574414177
1771.0,0.2093174105284506
1777.0,0.2114802450203917
1785.0,0.18997815554683395
1789.0,0.20762868130069803
1800.0,0.19086466874033914
1809.0,0.1586550035313884
1816.0,0.19395212571581694
1823.0,0.21453515859618547
1831.0,0.18401501364718575
1838.0,0.18457933246868852
1844.0,0.17508128071067683
1850.0,0.18003172899354306
1855.0,0.2260894739960747
1861.0,0.17228055221919555
1867.0,0.16439521892764125
1873.0,0.1809078509071292
1880.0,0.1631831152355266
1886.0,0.16575984082588646
1898.0,0.17881193173102705
1906.0,0.2040185882861372
1916.0,0.18414446380707328
1930.0,0.2232659181180332
1942.0,0.18913595554412174
1953.0,0.22344222762182886
1964.0,0.21089951118246833
1973.0,0.17948435793718948
1979.0,0.15518706609285124
1983.0,0.1419503129314147
1990.0,0.1688200958072697
1996.0,0.197580302888152
2003.0,0.18934299602689764
2012.0,0.19765570495859525
2019.0,0.16412974579230502
2033.0,0.17486719218030938
2041.0,0.20496234438735683
2053.0,0.20423779211994178
2062.0,0.19504685122448576
2070.0,0.19594094368686674
2076.0,0.20723868942016854
2085.0,0.17006818002844867
2093.0,0.20919999279587084
2098.0,0.19639000401217796
2104.0,0.20336153948678523
2108.0,0.20252972704063335
2115.0,0.20680852692043922
2122.0,0.16704444598851556
2127.0,0.1728598683776946
2138.0,0.19968682597734141
2149.0,0.18648913916905227
2155.0,0.21200818320922535
2159.0,0.17983667677630372
2165.0,0.18835397611136762
2169.0,0.1985250601561323
2175.0,0.22019773629605183
2179.0,0.20389817974186866
2186.0,0.19234498137054726
2192.0,0.2034529877519769
2204.0,0.21045339191189338
2210.0,0.20736039745486148
2218.0,0.19922990012575192
2225.0,0.20926864522502234
2233.0,0.19319647229910886
2239.0,0.1748151443568361
2245.0,0.19058659880288426
2253.0,0.212412943103677
2262.0,0.2023606837043226
2267.0,0.18615032130600317
2276.0,0.19412148928248132
2284.0,0.21013884594112034
2289.0,0.22648772763090327
2294.0,0.18652138452205064
2302.0,0.22391230794305422
2314.0,0.1950490324844641
2326.0,0.20237748215860338
2332.0,0.1845030783591909
2343.0,0.18933571159967386
2354.0,0.17511744616543196
2368.0,0.19087342559439824
2376.0,0.19026679276391947
2388.0,0.17430875776902485
2395.0,0.1719232493819355
2406.0,0.15902704722284813
2413.0,0.1945496918442167
2424.0,0.20563694033780205
2428.0,0.17650218413047217
2434.0,0.19356328605411544
2438.0,0.16899720687756672
2445.0,0.18966093669743575
2454.0,0.20091670000461845
2462.0,0.20970947381569688
2471.0,0.17954287540489344
2479.0,0.19757018086617542
2488.0,0.18488012466643958
2499.0,0.20584113009652244
2504.0,0.19649046607066223
2512.0,0.1983657824028509
2517.0,0.18708079211270362
2522.0,0.20430699719124631
2529.0,0.18060508248893278
2536.0,0.17940503604938302
2543.0,0.18525685235484285
2549.0,0.16279997866118218
2557.0,0.2003224797945956
2568.0,0.20180441782438108
2575.0,0.18690925541790826
2582.0,0.21154724093433297
2588.0,0.17772640443138563
2594.0,0.20024423565413613
2603.0,0.1957156593178656
2614.0,0.1886797216529594
2622.0,0.18451055564661126
2629.0,0.1808769389616859
2635.0,0.17450533391093498
2639.0,0.15397115604843586
2643.0,0.19615193516833704
2648.0,0.19126654437620438
2654.0,0.19839859623379213
2661.0,0.19079876723006017
2668.0,0.1706325411532636
2674.0,0.1870123615087825
2685.0,0.1986228836806814
2693.0,0.17789117982561753
2701.0,0.19562470187460834
2709.0,0.2064117664752521
2720.0,0.20848136124215888
2732.0,0.18916582882976585
2739.0,0.19311695989438907
2748.0,0.20385334457847223
2756.0,0.22405485627424235
2764.0,0.1983058117918938
2772.0,0.18722431239861456
2779.0,0.20683836182289903
2788.0,0.2159977975826242
2802.0,0.19306411659452266
2811.0,0.21320372088400177
2819.0,0.18002401323408937
2827.0,0.1865671876488959
2831.0,0.19413436419577287
2837.0,0.1895160485681345
2846.0,0.18167208945925273
2857.0,0.17174485312940474
2868.0,0.1778539506080653
2876.0,0.17969239525529956
2880.0,0.2062647166139494
2887.0,0.20442724585242864
2895.0,0.19930649676579387
2903.0,0.18345489039328897
2909.0,0.20814807690469198
2923.0,0.16637365831495712
2930.0,0.17403596674395871
2938.0,0.17707596987466176
2949.0,0.20443896366593536
2957.0,0.21157989450473652
2963.0,0.16939181350250873
2972.0,0.19222299542667143
2980.0,0.169698577227238
2986.0,0.18886034478403851
2993.0,0.2077056966485074
3005.0,0.18416124738772943
3011.0,0.1841367100890471
3019.0,0.2218864808509832
3025.0,0.20416237730881406
3031.0,0.18049315208074332
3038.0,0.19186416089208194
3046.0,0.1852598948293654
3053.0,0.18691220304850864
3061.0,0.17846976017768346
3068.0,0.18846159038463836
3077.0,0.18392664572284664
3085.0,0.19294969395249656
3094.0,0.19568441564587605
3106.0,0.19727096483529227
3115.0,0.19388497845397326
3126.0,0.19598795563247484
3136.0,0.19276641879230244
3144.0,0.19963990178627442
3150.0,0.18121816167732313
3162.0,0.19033097471050991
3169.0,0.20849644876395523
3175.0,0.20577464619202762
3184.0,0.22529863059287913
3189.0,0.17904481922151896
3196.0,0.22203702273321907
3206.0,0.1951813350083204
3215.0,0.16213923719751216
3222.0,0.17161239595673136
3228.0,0.20817987661086437
3235.0,0.16790273180166296
3241.0,0.22517536563601845
3248.0,0.19443560143545457
3256.0,0.18335142958609496
3263.0,0.18552631846541934
3272.0,0.18412609549084366
3278.0,0.18495000950751136
3289.0,0.22221909716623942
3297.0,0.16128323786180024
3308.0,0.17795662272436252
