,5
3317.0,0.18998962877063907
3324.0,0.20201631164730682
3334.0,0.17738327363884643
3345.0,0.22902502902184074
3350.0,0.1642067690999254
3358.0,0.19776889502603479
3364.0,0.19177146100610173
3371.0,0.18087069533165367
3382.0,0.17464276663507464
3389.0,0.19097594790216313
3397.0,0.17882257698044918
3405.0,0.160230307207202
3410.0,0.18649797314321487
3424.0,0.1856300838680073
3431.0,0.16568896185436072
3440.0,0.1704574047545268
3447.0,0.1777289017498822
3454.0,0.17812360680827324
3463.0,0.18940053681310778
3472.0,0.19107346441900724
3481.0,0.20790023279906347
3486.0,0.1743545194928981
3497.0,0.16707392973107466
3503.0,0.1683447366490945
3510.0,0.1766397541967678
3519.0,0.17226913582860573
3526.0,0.16946748192463265
3534.0,0.1790933408553614
3541.0,0.1885761182072067
3549.0,0.17110236206459592
3560.0,0.1850365510965957
3566.0,0.15925633262113217
3571.0,0.18929801833169785
3579.0,0.1885965011067471
3585.0,0.1820039758907386
3594.0,0.2166499525064775
3598.0,0.1619389347186476
3603.0,0.18060810758773724
3610.0,0.18156199784508034
3617.0,0.19396916193306454
3628.0,0.1836150250667052
3636.0,0.1700693639015697
3644.0,0.18427966090849174
3652.0,0.18282374871747753
3659.0,0.19037410433955426
3667.0,0.18007721576577487
3675.0,0.19288988903644635
3683.0,0.17460165417864468
3690.0,0.18412363911115465
3697.0,0.16691924263617758
3701.0,0.17706439539616536
3705.0,0.1531344276885013
3715.0,0.14733483905740175
3726.0,0.17388498834456298
3731.0,0.19704684659598298
3736.0,0.15915058839502133
3744.0,0.2017538680008219
3755.0,0.18494567024208491
3763.0,0.17555889938649286
3771.0,0.17727540892856763
3780.0,0.17691435187968785
3789.0,0.181626723373982
3796.0,0.17179395689921256
3804.0,0.17518607699316494
3812.0,0.19311211308174836
3821.0,0.19040285895854217
3830.0,0.19097475971748185
3835.0,0.17278527449502115
3840.0,0.15294956560933076
3849.0,0.1792774936261028
3863.0,0.17790522954224988
3871.0,0.19030018368859383
3882.0,0.19282329472397552
3889.0,0.1841503055434205
3899.0,0.15932988258002115
3906.0,0.17021664714004217
3913.0,0.18745479632981094
3923.0,0.20572834628462355
3928.0,0.1852898524082909
3932.0,0.1801068660815227
3939.0,0.17210623735527497
3947.0,0.17518939182843107
3952.0,0.17597125868160696
3959.0,0.147291865895486
3963.0,0.1924172877117294
3974.0,0.16994877510443265
3982.0,0.18291295207169683
3993.0,0.19479437684467116
4002.0,0.19852413770664698
4009.0,0.18612642832269002
4020.0,0.18440513162173297
4024.0,0.18020442070945644
4030.0,0.18502394088932178
4038.0,0.16617666360923766
4046.0,0.1944840585709891
4051.0,0.15916765753603293
4055.0,0.15133209259403257
4062.0,0.18795805886929226
4069.0,0.21039199406994977
4075.0,0.17340386550779377
4082.0,0.20139618691692202
4090.0,0.1752594078099826
4101.0,0.18557669408627336
4110.0,0.17211435450500367
4121.0,0.17377680546393345
4129.0,0.1833033832495153
4133.0,0.19059102473516076
4147.0,0.2063407327545163
4155.0,0.18419347100093036
4162.0,0.17973106733938368
4170.0,0.1824469797029376
4178.0,0.154035006999034
4185.0,0.18425744176369058
4192.0,0.16689138568771406
4200.0,0.19437902263362017
4207.0,0.18104663402518617
4214.0,0.21453262681251994
4218.0,0.17713048202234508
4227.0,0.18055968737100772
4235.0,0.17796483584318004
4247.0,0.16058832814450164
4256.0,0.17635428115408636
4267.0,0.20616472499833643
4281.0,0.2049998948928092
4289.0,0.17890505573375964
4297.0,0.18087879436368537
4305.0,0.19538559446992157
4309.0,0.18997858066398662
4317.0,0.18784942845370584
4325.0,0.1906028702695241
4334.0,0.18288352868558336
4342.0,0.2024398772722859
4349.0,0.16535096445956352
4360.0,0.17468478045686672
4368.0,0.17623562915472266
4380.0,0.13956676491420447
4386.0,0.1621789223593427
4393.0,0.15877531407845014
4400.0,0.18025822870025443
4406.0,0.18720802510182333
4414.0,0.18131784911116167
4422.0,0.1774458415043281
4430.0,0.18960069740094243
4438.0,0.19694003207172392
4449.0,0.16551782501804005
4460.0,0.18639197507670477
4464.0,0.16810943077692728
4471.0,0.19235425272425183
4480.0,0.19152555602242727
4489.0,0.17957655778743273
4496.0,0.1455136956943087
4507.0,0.17026353738054092
4518.0,0.18220148070354197
4526.0,0.18769968819422603
4538.0,0.19354669599573535
4545.0,0.15728775876255546
4553.0,0.20577643055555847
4564.0,0.17888546329997546
4575.0,0.18598684706310745
4587.0,0.18338789394806881
4596.0,0.1781544947760353
4603.0,0.18124077105343497
4611.0,0.17917094400366393
4622.0,0.1762398696685474
4627.0,0.17034109990053758
4636.0,0.15282722717878053
4647.0,0.14593021053938307
4652.0,0.17697138558821793
4658.0,0.1822916919196645
4669.0,0.16193477870593745
4678.0,0.18418756834129074
4685.0,0.20241330080819483
4694.0,0.1806238914483796
4702.0,0.18552108831290096
4716.0,0.17924234989374882
4724.0,0.20519630839858233
4731.0,0.18464346302759435
4740.0,0.1727325493024246
4747.0,0.1661289859158638
4755.0,0.19522634434323158
4763.0,0.18483923921704723
4770.0,0.18500211342719908
4781.0,0.18965230706797598
4789.0,0.20052203633740534
4794.0,0.19802617194404212
4802.0,0.17158923276957416
4809.0,0.18653185826775534
4817.0,0.18975663078823715
4823.0,0.18213312219760627
4832.0,0.17556233836878365
4839.0,0.18296802594393458
4847.0,0.19764629829393712
4855.0,0.1815170005909311
4864.0,0.16116705936798234
4869.0,0.17572696335861654
4877.0,0.1576202607620785
4881.0,0.1810089880800029
4888.0,0.19766166119890682
4893.0,0.2289522197595685
4898.0,0.16768750388782988
4905.0,0.1936828041253611
4913.0,0.17627541996094037
4922.0,0.18014728076640427
4931.0,0.1724127466124576
4939.0,0.1933223254906596
4947.0,0.186438485763258
4954.0,0.17285634653725626
4959.0,0.18376832464197204
4965.0,0.17951073935203182
4976.0,0.1885517563818832
