,6
2.0,0.1653301251076139
11.0,0.18264841767627188
18.0,0.18625923508934708
29.0,0.17813123704149783
37.0,0.16008995769364387
48.0,0.18647433494274238
59.0,0.18312905531984636
65.0,0.19311810360377102
69.0,0.1604472412841913
74.0,0.17464021764692486
83.0,0.17885247872790563
91.0,0.20551503017286435
96.0,0.15946433170547228
107.0,0.17247457166269856
114.0,0.16921149692152446
118.0,0.17252968403631216
123.0,0.17454830809564567
129.0,0.18415359638667292
136.0,0.1456473194746357
145.0,0.18927445396531065
153.0,0.17875617848203076
159.0,0.16042628146995955
165.0,0.17810145554074525
174.0,0.1778249197658583
179.0,0.20539026188023232
185.0,0.15862793261816763
189.0,0.18636664389309746
201.0,0.17037477887406224
208.0,0.1743991339564583
219.0,0.1855380329574935
226.0,0.19141188965773936
232.0,0.17933208059541775
244.0,0.19666297184044657
251.0,0.15974800228789157
259.0,0.18274076113069437
269.0,0.197942343533992
283.0,0.192790290981174
290.0,0.1789537698230771
299.0,0.1793000735830838
310.0,0.16634337144781852
321.0,0.16445097978657558
328.0,0.1751862976119029
332.0,0.1650865395581551
343.0,0.19272292674010036
347.0,0.188064389513527
355.0,0.17834011622106583
364.0,0.17394342344300548
378.0,0.18085264841941562
386.0,0.1766662962278206
390.0,0.16677032242612197
402.0,0.18764173980126075
410.0,0.16249771631545118
418.0,0.18556154185836368
425.0,0.17415068450121626
431.0,0.1791200912537833
437.0,0.16069720862149234
441.0,0.1692427006635785
453.0,0.16470973259484864
459.0,0.18009154601170443
467.0,0.2063936924786291
479.0,0.18656927145513583
487.0,0.17749404637268495
498.0,0.17907459743748588
507.0,0.19293986219929055
518.0,0.18464282918551025
527.0,0.13027957672959875
535.0,0.18915793820758486
544.0,0.19826429093671996
549.0,0.18514287130566798
556.0,0.16687746389381075
564.0,0.1666770083906316
571.0,0.17204890136631912
576.0,0.16456819233151895
584.0,0.18512352848024857
593.0,0.15415496728949477
599.0,0.1592510499170827
605.0,0.1703159149354083
611.0,0.18482010270661584
618.0,0.1835440100431181
623.0,0.18041102047422436
635.0,0.18131138794106552
643.0,0.18651891685456182
654.0,0.1747372078241579
662.0,0.19799121602929312
668.0,0.17812460667290994
674.0,0.17845527437192285
682.0,0.16663713050295603
689.0,0.17546556595148782
695.0,0.18639596751027904
704.0,0.16980018620561044
712.0,0.1648859722789198
718.0,0.1589289991024958
723.0,0.18355701769648614
730.0,0.1750161203386292
742.0,0.17382701384789287
754.0,0.17977204507189234
760.0,0.16933526929372805
766.0,0.17158039963763727
777.0,0.17456721680015277
784.0,0.18212524146548736
791.0,0.18564611750080817
798.0,0.16395787256512173
809.0,0.19120591277150276
817.0,0.15875060275430292
821.0,0.17589454759379963
833.0,0.1694329786454383
841.0,0.17780744775816276
852.0,0.1838080327606262
860.0,0.18853425806384436
872.0,0.18319343775863411
886.0,0.18630885390803295
890.0,0.18301615301935675
901.0,0.16606577052590574
905.0,0.20611553254342524
911.0,0.16978745135741777
918.0,0.18238177866777927
926.0,0.1629861409747485
933.0,0.1778242155539777
940.0,0.1760914334796069
946.0,0.18910406689484674
952.0,0.22907064011312084
957.0,0.19243243539938437
966.0,0.18608987315232545
973.0,0.1833881012652581
980.0,0.19277789400578915
987.0,0.180704390415588
994.0,0.1424009439294407
1000.0,0.17492698752771088
1007.0,0.18071182752157802
1019.0,0.18887966212037613
1026.0,0.16748751451740718
1034.0,0.17788805695459503
1039.0,0.17553805084300564
1046.0,0.1837011279850308
1050.0,0.1499249180100923
1056.0,0.15551491660938407
1061.0,0.20607026405601683
1066.0,0.21648240701449004
1077.0,0.16599327112007622
1084.0,0.18355484061521726
1092.0,0.1817298257032292
1098.0,0.1632469865739048
1106.0,0.16566468017688232
1113.0,0.2118652333515977
1120.0,0.1681870970971134
1128.0,0.17618747362744508
1132.0,0.18527405766318403
1138.0,0.17256686934245902
1146.0,0.1885695627372428
1153.0,0.16908984605611124
1162.0,0.17358186333397138
1166.0,0.1747527467278963
1178.0,0.16171575842030778
1189.0,0.17388990158573459
1196.0,0.1817121514771791
1205.0,0.18819796428599384
1212.0,0.18536029814480132
1219.0,0.17675154301061313
1226.0,0.18443609261567992
1233.0,0.16703360567799228
1240.0,0.1719346570904644
1254.0,0.184053575054025
1262.0,0.18564768000676404
1268.0,0.18608654117382217
1272.0,0.18605204558781038
1278.0,0.14887746910858435
1286.0,0.19339222144103801
1292.0,0.18979363963751977
1298.0,0.1997424260832488
1302.0,0.17942450767540524
1309.0,0.15991389601182415
1319.0,0.18031293441595586
1326.0,0.18544535590733197
1337.0,0.1969100779461646
1344.0,0.18249598757643412
1349.0,0.18759983270623565
1356.0,0.188006795372847
1364.0,0.15515107495048616
1375.0,0.18301333663222866
1381.0,0.1959272360070326
1389.0,0.1728226492161427
1397.0,0.16683986495809483
1409.0,0.18000198984002233
1416.0,0.19208622272642634
1424.0,0.20637522860821395
1430.0,0.17953481523681294
1436.0,0.17886198564072725
1442.0,0.19191951283880282
1449.0,0.18092589705418763
1456.0,0.16833831411576636
1463.0,0.17844845684884464
1470.0,0.1709421136867107
1476.0,0.1700016057034851
1482.0,0.2034877799553842
1489.0,0.17090518346337144
1503.0,0.1691449866613614
1510.0,0.16182952859808233
1516.0,0.17250592200451142
1525.0,0.20700343507572752
1532.0,0.18234226480202956
1539.0,0.1500094955379966
1546.0,0.18010675421893887
1552.0,0.16569137736839545
1560.0,0.15803482278371198
1567.0,0.20573356913377092
1572.0,0.16829825791506092
1582.0,0.16779250554241426
1589.0,0.17556158566450245
1594.0,0.1890238251043907
1600.0,0.1571403443096554
1606.0,0.19085016057077364
1613.0,0.17936505528851276
1622.0,0.18273513563427973
1629.0,0.18849191104728902
1637.0,0.18187979975796362
1646.0,0.1651665414251988
1655.0,0.20349818154355245
1663.0,0.18920047251542235
1670.0,0.18164792886114425
1678.0,0.16017240960616339
1687.0,0.1846910593125422
1695.0,0.16784528380898964
1702.0,0.17345416220266704
1710.0,0.1818028378484331
1717.0,0.19071690432780428
1728.0,0.16374974277524015
1734.0,0.19529750073097166
1741.0,0.18504934993819075
1746.0,0.17626727521926397
1754.0,0.18694437486934645
1761.0,0.18452121376990904
1766.0,0.20400404254957843
1771.0,0.1779408502982852
1777.0,0.18157139261480457
1785.0,0.19044946226563791
1789.0,0.18053244415440795
1800.0,0.17893604399149962
1809.0,0.17950239890603698
1816.0,0.18783191007127056
1823.0,0.19014557996805193
1831.0,0.19682000302855515
1838.0,0.1706662069843781
1844.0,0.1955361373064677
1850.0,0.16936273635207785
1855.0,0.1652855115935841
1861.0,0.18287502328570182
1867.0,0.16618159093332227
1873.0,0.1853117357874602
1880.0,0.16707538138971975
1886.0,0.1699877266249157
1898.0,0.14707687769813557
1906.0,0.1772708589035522
1916.0,0.16115174650109912
1930.0,0.18059834279882309
1942.0,0.19233519535150095
1953.0,0.18487101920714233
1964.0,0.22758757039206354
1973.0,0.20209819379028893
1979.0,0.17986978642931914
1983.0,0.1734346062079196
1990.0,0.1743118731081811
1996.0,0.21154454480570686
2003.0,0.1806481578086465
2012.0,0.1966285762813512
2019.0,0.17196671964791616
2033.0,0.18203263064540803
2041.0,0.1754632983168118
2053.0,0.1796047693554965
2062.0,0.19192318757061688
2070.0,0.19981435422624014
2076.0,0.2071232370162332
2085.0,0.19129903024615313
2093.0,0.17483339845682655
2098.0,0.16660890776925982
2104.0,0.1440295497106557
2108.0,0.16985852791795372
2115.0,0.20244436010034841
2122.0,0.19724301291689794
2127.0,0.2095142330969669
2138.0,0.18583325853713778
2149.0,0.19127798676164054
2155.0,0.19756200781328112
2159.0,0.17801495903640818
2165.0,0.19752019510630756
2169.0,0.19519514692366582
2175.0,0.1980072568817526
2179.0,0.17936151033395079
2186.0,0.1861402445397228
2192.0,0.17130089984632424
2204.0,0.18544755648352174
2210.0,0.19623551038120582
2218.0,0.19227105060550495
2225.0,0.17910221864083
2233.0,0.17121175606614555
2239.0,0.1866383312370244
2245.0,0.17466330754223647
2253.0,0.1911015670159134
2262.0,0.19048498385098472
2267.0,0.19450753205205024
2276.0,0.17503364826483458
2284.0,0.16762943348021972
2289.0,0.1735642589741105
2294.0,0.18765742753614134
2302.0,0.18402871920052963
2314.0,0.17593615699473
2326.0,0.17618093421047884
2332.0,0.1613642442919048
2343.0,0.1725001237364654
2354.0,0.16917883806299636
2368.0,0.17071800123675937
2376.0,0.1649921522969487
2388.0,0.1816193546661276
2395.0,0.1666773204563163
2406.0,0.17724875292600126
2413.0,0.1653876842023528
2424.0,0.1718611948574822
2428.0,0.17316762545108097
2434.0,0.17765069337506417
2438.0,0.18771219827025
2445.0,0.18268764413539543
2454.0,0.18821487234150613
2462.0,0.18168189004005297
2471.0,0.18499113675606987
2479.0,0.2074514600837225
2488.0,0.1924710546143683
2499.0,0.19397434797191512
2504.0,0.1894743603860767
2512.0,0.1866354401505279
2517.0,0.19992830308829793
2522.0,0.1844159171725212
2529.0,0.18532232719875405
2536.0,0.16612557179006193
2543.0,0.18214522413092835
2549.0,0.18298423322545307
2557.0,0.20039842385393142
2568.0,0.17244318306186437
2575.0,0.17632226873773413
2582.0,0.19408159779966905
2588.0,0.18467610029988257
2594.0,0.17150478679087944
2603.0,0.19041892518454975
2614.0,0.1776121901356497
2622.0,0.19601823628363954
2629.0,0.18457691768800283
2635.0,0.16792335763822497
2639.0,0.15223885294829653
2643.0,0.1866490534403289
2648.0,0.18509534540894285
2654.0,0.16636887188613056
2661.0,0.1835619950017238
2668.0,0.1699145162526425
2674.0,0.17627772251207297
2685.0,0.16933423517510668
2693.0,0.18515811051472628
2701.0,0.17796110730166342
2709.0,0.18741352623155505
2720.0,0.177841446350994
2732.0,0.17280206926988112
2739.0,0.18296473366752686
2748.0,0.17787164161412744
2756.0,0.21351687687288792
2764.0,0.17515486776858155
2772.0,0.16733529096998018
2779.0,0.19027080725139459
2788.0,0.16825203097381336
2802.0,0.19175842143746022
2811.0,0.18697458834232877
2819.0,0.15552388597241962
2827.0,0.184876035283315
2831.0,0.1898628077552327
2837.0,0.19672858156737616
2846.0,0.20602578613084155
2857.0,0.1937259352785214
2868.0,0.20414267957103543
2876.0,0.210834391328524
2880.0,0.17755793748645549
2887.0,0.17733098045538753
2895.0,0.20414957277908918
2903.0,0.17908073648365236
2909.0,0.1790756384029861
2923.0,0.17120726149804852
2930.0,0.18142121271561096
2938.0,0.1932461974063133
2949.0,0.17707061733448282
2957.0,0.1915374991607845
2963.0,0.16055132269429795
2972.0,0.1750281722820138
2980.0,0.18586535742697002
2986.0,0.184351127553277
2993.0,0.17559492931979542
3005.0,0.1704729551829996
3011.0,0.1804827059191916
3019.0,0.1876165628741714
3025.0,0.1825581252256176
3031.0,0.1902898741373131
3038.0,0.17441203183757611
3046.0,0.16575212473967585
3053.0,0.1871073118297633
3061.0,0.18045945615980738
3068.0,0.1898258615852101
3077.0,0.16228468374463276
3085.0,0.184614422813287
3094.0,0.17295552027027825
3106.0,0.1765782870077711
3115.0,0.18150354894639018
3126.0,0.174190911992523
3136.0,0.16196119353682736
3144.0,0.18373190121704044
3150.0,0.18530766214949113
3162.0,0.16886062241563823
3169.0,0.18280392240692697
3175.0,0.1802463654307622
3184.0,0.18482758700902727
3189.0,0.20199262205819882
3196.0,0.20541384521317768
3206.0,0.19899505932870643
3215.0,0.20247780568275547
3222.0,0.15781629131604566
3228.0,0.20015456941079682
3235.0,0.16551278614819176
3241.0,0.1916745178798132
3248.0,0.18193777743809691
3256.0,0.18802784153879443
3263.0,0.1765039743272346
3272.0,0.1773075153503806
3278.0,0.18745748424136618
3289.0,0.19304805223172103
3297.0,0.14976125550154132
3308.0,0.16664923851941674
