,5
2.0,0.19462136962198698
9.0,0.1937788901991788
18.0,0.1893198636678201
23.0,0.1889238385468516
31.0,0.20544201645587823
40.0,0.17595126373382697
46.0,0.19051557810026362
53.0,0.17831609081111496
60.0,0.19610260259026205
67.0,0.18314057540683548
71.0,0.17588213036183997
79.0,0.2063708967829942
83.0,0.16580319518606365
88.0,0.22592133658275027
95.0,0.2078664826769631
99.0,0.18042867644539157
108.0,0.1796774484260037
115.0,0.1745407482142974
121.0,0.18754560093885173
129.0,0.20460843775841966
137.0,0.16427753519806734
145.0,0.17861601313722159
151.0,0.1963895663726131
163.0,0.17383615115514003
170.0,0.1817967119398849
177.0,0.19205791386766205
185.0,0.17065727653760215
190.0,0.21031133031816046
201.0,0.17818751830942073
208.0,0.19260275559574436
212.0,0.18637358532760245
221.0,0.18729549231163792
233.0,0.17157707748753448
241.0,0.19887908376518298
248.0,0.14761800840913122
255.0,0.18724287508025136
262.0,0.22019120939576145
273.0,0.2010307653820883
281.0,0.19533151736363105
289.0,0.19345282144702416
301.0,0.1815680548726041
307.0,0.18209202005466585
312.0,0.20305912009650728
320.0,0.16939117549615823
327.0,0.19457817457182347
335.0,0.2074806045775426
342.0,0.18383147238331782
350.0,0.17217592964737358
354.0,0.16338393062618575
363.0,0.19801059445805852
370.0,0.192983653987057
377.0,0.16851010318203802
385.0,0.17618802983201914
393.0,0.2054338906771817
397.0,0.20389024367246822
405.0,0.14218802779038178
419.0,0.1860325613748765
427.0,0.19524484304046316
434.0,0.20720885329333721
439.0,0.21558477070804813
443.0,0.19588768529914483
451.0,0.16632265330793358
460.0,0.19565196684393407
468.0,0.2006494516297986
480.0,0.21858109396042816
488.0,0.21204405603709847
499.0,0.20548828438439987
507.0,0.20545383387825056
518.0,0.16913994851406108
525.0,0.18413003605780331
533.0,0.21687177767109803
539.0,0.17725425309740678
551.0,0.17677971108748824
558.0,0.17754088418834754
567.0,0.21929223612339313
574.0,0.1471614756873064
582.0,0.17676636575599478
589.0,0.20617393929127617
600.0,0.1827345810801525
608.0,0.18212277701687077
616.0,0.19932779032816475
622.0,0.19152497173388205
633.0,0.19031727039094187
639.0,0.18612082149129877
647.0,0.19897809046081508
654.0,0.16301943531409446
660.0,0.19750322714731694
667.0,0.18472876909081712
672.0,0.19018060775187287
678.0,0.19977631437992144
689.0,0.16503694764953017
698.0,0.18273901805400825
706.0,0.18540040563397586
713.0,0.18593354504570145
724.0,0.17847186705002008
729.0,0.18162602835656572
738.0,0.18166850190648837
752.0,0.18343569899444984
764.0,0.16706023428010944
771.0,0.17431014901477035
780.0,0.1887922933691079
787.0,0.1696313134666724
798.0,0.18578325828098752
808.0,0.19213867634131893
818.0,0.19772030505294977
824.0,0.16210882752525657
831.0,0.21725341704332343
839.0,0.17647627581420394
846.0,0.21760649405088406
853.0,0.17459706736846775
861.0,0.14434752600567097
869.0,0.1885590304157039
877.0,0.19771535333583196
884.0,0.1549226971997776
888.0,0.18352414107531154
895.0,0.2090761983775729
904.0,0.19177076677615076
912.0,0.19375170929444174
920.0,0.1987089030161848
928.0,0.1960753308724874
939.0,0.20632988557082704
947.0,0.1963139579552623
955.0,0.18036170199988247
964.0,0.1811669952243033
972.0,0.18615484254692513
979.0,0.18228098091468642
987.0,0.19098023804229852
996.0,0.19542637139284033
1005.0,0.1986573278866657
1013.0,0.19921739637327093
1022.0,0.18509919195790098
1031.0,0.18455039889819355
1040.0,0.18662082798283192
1049.0,0.17409464822070786
1057.0,0.18043240594480867
1064.0,0.186369986798938
1071.0,0.17945760417075976
1079.0,0.16967085779959476
1086.0,0.18876835048952928
1098.0,0.15940121131232857
1105.0,0.1965774482151785
1114.0,0.17091957290494317
1118.0,0.17895332331079045
1126.0,0.1645283933790816
1131.0,0.2065337028636796
1139.0,0.17827461616526455
1144.0,0.17760343210255036
1153.0,0.1965452686607508
1162.0,0.18130985692028354
1170.0,0.19004199536721111
1174.0,0.20102972552457185
1179.0,0.16907462906114598
1186.0,0.1619667406194425
1195.0,0.19936164584027488
1207.0,0.19794446881441374
1215.0,0.16724766316267375
1224.0,0.19054167723292703
1230.0,0.22593715162407996
1236.0,0.19249341165574593
1241.0,0.19536082952853817
1249.0,0.18992538938316936
1256.0,0.1900993384686289
1265.0,0.2095275383965466
1276.0,0.20039538749022587
1280.0,0.1762516561238531
1288.0,0.19224898282235384
1297.0,0.1789042093158127
1304.0,0.18114322068651334
1311.0,0.19155820925182365
1322.0,0.19303774886791952
1330.0,0.19931652651970239
1339.0,0.1792297094040176
1344.0,0.1833017008713447
1352.0,0.19171787732157525
1363.0,0.16231909894422858
1368.0,0.21082210500149764
1375.0,0.19592216719563807
1383.0,0.2062511970598244
