,4
1390.0,0.20521689652146383
1395.0,0.17863158151688308
1403.0,0.2387865250184092
1410.0,0.19865078527455404
1419.0,0.20937553598548495
1424.0,0.18737127807000842
1432.0,0.18300461565792228
1438.0,0.20826516959729804
1446.0,0.22579275221085798
1460.0,0.16652081492271223
1468.0,0.21300305272487255
1477.0,0.20157322808559425
1481.0,0.21930564805521213
1488.0,0.2349967034406593
1496.0,0.21241155471104856
1501.0,0.228783654128275
1506.0,0.19326499452958215
1514.0,0.19991187872345645
1523.0,0.19389316578737328
1532.0,0.20423402926307038
1540.0,0.18917607879877496
1554.0,0.1899382949579973
1563.0,0.24380270073396462
1567.0,0.20967017953159042
1572.0,0.21652996757310972
1580.0,0.1894987286113443
1588.0,0.2169442965756235
1593.0,0.20111306747964333
1604.0,0.2170393874769305
1610.0,0.2078298337047987
1615.0,0.1781736074769151
1622.0,0.1823996892717032
1631.0,0.1828291287339265
1639.0,0.19149455005716287
1646.0,0.19822543886555002
1656.0,0.15659304370158078
1662.0,0.21525727353202684
1673.0,0.2112235181857535
1681.0,0.197011357839976
1687.0,0.22339561527827256
1698.0,0.19718242001038538
1706.0,0.21667357104605245
1714.0,0.18486426430406025
1718.0,0.2207376237573986
1724.0,0.204525538887241
1732.0,0.1925756748756949
1744.0,0.17863238313779206
1751.0,0.21175976410739364
1759.0,0.19031947825195972
1767.0,0.21692245064164375
1776.0,0.1930029821991368
1784.0,0.20278146498975289
1792.0,0.19685393684096508
1799.0,0.20470020961827826
1808.0,0.20912548986551957
1813.0,0.15355376353388436
1822.0,0.2082230687981721
1831.0,0.17622077713683237
1836.0,0.1856448288690182
1847.0,0.20530070249640325
1854.0,0.19483087112518924
1865.0,0.20256756082770297
1871.0,0.17392483353362137
1879.0,0.22603255680020945
1887.0,0.17938371145520587
1898.0,0.17837144250777906
1906.0,0.22293893158742434
1915.0,0.1908813666724149
1925.0,0.20248297306331953
1933.0,0.24909035466310453
1938.0,0.1702759844300232
1945.0,0.21161621194338293
1950.0,0.18134888742983526
1962.0,0.19362260848974797
1973.0,0.19406908353305408
1982.0,0.21434497320990897
1993.0,0.22047882013769182
1997.0,0.16690962630323855
2005.0,0.17081778724281266
2013.0,0.20594046449980122
2025.0,0.20382410995689448
2037.0,0.20124985600884657
2046.0,0.19433764455260852
2053.0,0.2031210215581084
2062.0,0.17749995788634354
2071.0,0.21187760350622672
2083.0,0.1972787546041584
2091.0,0.18249680181051486
2099.0,0.20577158206987242
2104.0,0.2098066224117697
2112.0,0.11017059456768216
2121.0,0.2242254989244386
2129.0,0.20780722220992678
2137.0,0.17783208445599158
2146.0,0.16492910055920978
2155.0,0.1985048585840948
2160.0,0.2195659211111111
2168.0,0.19090064119202368
2176.0,0.2053987865406411
2185.0,0.19865005486133774
2193.0,0.16524227183774137
2204.0,0.2047446282913834
2208.0,0.17758759305942015
2216.0,0.17944125609034958
2225.0,0.19175927117386904
2233.0,0.14623076538682592
2241.0,0.1770405511678393
2249.0,0.19160915904600412
2261.0,0.19304077163630853
2270.0,0.19038186530787948
2278.0,0.2063629995883359
2286.0,0.20482189632866613
2290.0,0.1746043386145162
2298.0,0.18645497274776393
2307.0,0.1946720776517713
2318.0,0.22802647706994722
2327.0,0.185464133174185
2335.0,0.13346038176201652
2346.0,0.2119511670153214
2351.0,0.22811648403206652
2357.0,0.17472184929131224
2366.0,0.17750122541031677
2373.0,0.19437219617343493
2381.0,0.212215882903921
2393.0,0.21859629860517812
2401.0,0.21194806047340248
2409.0,0.1970643453014704
2414.0,0.18830854154117965
2425.0,0.1764075962102759
2433.0,0.14547526925241183
2445.0,0.17039964482085496
2450.0,0.22043515402448374
2459.0,0.23048038891709877
2468.0,0.19547686378172605
2477.0,0.12461111774265086
2486.0,0.2166827199034927
2500.0,0.20867995012530324
2509.0,0.1838921965800547
2518.0,0.20794191611785534
2523.0,0.1677958512993047
2532.0,0.18408922612436746
2541.0,0.1695541989072919
2550.0,0.20483600570514365
2558.0,0.1767661186225335
2563.0,0.17904930347476103
2571.0,0.1971366684471617
2576.0,0.18914875818446994
2583.0,0.17162900006780696
2589.0,0.20120058123833023
2597.0,0.20446922573264678
2606.0,0.14661399112249482
2612.0,0.16169153214360396
2621.0,0.23913431558042497
2628.0,0.18380333792652032
2639.0,0.19585586887394785
2649.0,0.24543819629455887
2655.0,0.21421771212592963
2664.0,0.16498428155654551
2672.0,0.18336438729332427
2680.0,0.20003712657114123
2689.0,0.21047934264206408
2694.0,0.2138574061889767
2702.0,0.21901517747337626
2711.0,0.20918954168591852
2717.0,0.23259628747577665
2724.0,0.20246514429643378
2738.0,0.1567583803583841
2747.0,0.1837663549802379
2756.0,0.1987383394692695
2765.0,0.18232871084547378
2773.0,0.16763278674308202
2785.0,0.22059549060551578
2794.0,0.20757321379367125
2801.0,0.2230928351890771
2808.0,0.21398291325503532
2815.0,0.1825506659762281
2823.0,0.13340105515206255
2830.0,0.21918685298709514
2837.0,0.1557013940513746
2841.0,0.21587788466872015
2850.0,0.1706151182565159
2858.0,0.1792863464488108
2869.0,0.17701498473625937
2880.0,0.20723604748711963
2887.0,0.17528406913812553
