,8
0,0.13513083982506507
1,0.18333589863448618
2,0.1582292412787474
3,0.19321050609970597
4,0.19943936976880713
5,0.17271404589990516
6,0.17454951224938853
7,0.1638080430838223
8,0.14917313896228301
9,0.1616589220042211
10,0.16663225110565785
11,0.15881088005702843
12,0.15464013720260203
13,0.1715036292632584
14,0.16293771456739833
15,0.15677609894472053
16,0.17124871429872934
17,0.18212171161570395
18,0.14187385373378425
19,0.1583403180037601
20,0.1515526619189372
21,0.17118421616921758
22,0.16716392156798504
23,0.15851030768948782
24,0.16202673760407257
25,0.15399369698203422
26,0.15897645657465584
27,0.15376167382308004
28,0.1987202137107384
29,0.165474540945034
30,0.18572464169528494
31,0.15334418248065293
32,0.20243702148159137
33,0.17123968052580088
34,0.16795498646208984
35,0.16518540036993482
36,0.14392229774356896
37,0.13798115732186356
38,0.16361391337226514
39,0.14783667577615095
40,0.16106238804189724
41,0.1480739098004296
42,0.15425130012005975
43,0.14992875633315877
44,0.15565340982415363
45,0.14545087322508715
46,0.17134481264303106
47,0.19540596393043919
48,0.1768830364621614
49,0.1739083430905391
50,0.15793187360468874
51,0.17105629285529586
52,0.18144644455568287
53,0.15071258519442057
54,0.15117702872199032
55,0.1525035390526356
56,0.16774206792686785
57,0.17762500986314073
58,0.13968475111112277
59,0.1793942885988674
60,0.1914828510291395
61,0.15256682700823163
62,0.16166773165157425
63,0.14400376172860996
64,0.1717966473015797
65,0.14673547647914156
66,0.1819394935866146
67,0.16323322345813085
68,0.14852655681794547
69,0.14714323208701224
70,0.15249064562970832
71,0.14595435474401067
72,0.14727956762405847
73,0.1471830277376615
74,0.16579903340282867
75,0.14350857850929077
76,0.1563969594618881
77,0.1463052981144361
78,0.15490073225210138
79,0.15776641546430795
80,0.1534362934284516
81,0.16070723865139547
82,0.13649531577023116
83,0.13804344064335697
84,0.15960849588400008
85,0.1478923622621204
86,0.16089750711900752
87,0.1780659259777956
88,0.14757483981517663
89,0.1610024123872169
90,0.16467783223156532
91,0.15916008240194982
92,0.14258873241707004
93,0.16358186902053676
94,0.16861491480016352
95,0.14067372509902498
96,0.15670217778646406
97,0.149354214459334
98,0.1627189987519882
99,0.15944223217202314
100,0.1608585926685712
101,0.16601213649339133
102,0.14833109117307625
103,0.1562513139799322
104,0.17096059813196565
105,0.14770094385481533
106,0.1497244761939024
107,0.15248696445187265
108,0.18580432513728437
109,0.16828662796673832
110,0.16759267726065624
111,0.18092932687761057
112,0.16468459294222718
113,0.1807349638176771
114,0.17108268097920554
115,0.1712849427122715
116,0.15894663091004735
117,0.1662037078157504
118,0.16504043559516832
119,0.15085237440345603
120,0.16502237284172566
121,0.15716737121973215
122,0.14917103752227048
123,0.14584857968892745
124,0.15082635322086238
125,0.1509780362358399
126,0.15271592622129687
127,0.15432918061324952
128,0.1508544829615038
129,0.16217513012592819
130,0.14331779711673792
131,0.16711783069195338
132,0.17018012544805697
133,0.1796405030587262
134,0.1710827843927094
135,0.1677676477804921
136,0.17502891923064243
137,0.16789720268399771
138,0.1473612844560733
139,0.16625797242782292
140,0.15519834162649737
141,0.15623642064020607
142,0.14290355350697276
143,0.1661989026055267
144,0.1714145965546159
145,0.1429759484487041
146,0.1371600674084498
147,0.1513430418177702
148,0.15355699639038115
149,0.1564276547172655
150,0.1814285404555218
151,0.1694301930458919
152,0.1805842862331638
153,0.14129702431911925
154,0.15802536579905227
155,0.16147062746493648
156,0.18791178597159072
157,0.15586220720986024
158,0.17899782989092355
159,0.1719025174798883
160,0.17406229519363403
161,0.17544970788260641
162,0.16206249036525588
163,0.17578308751423188
164,0.1557045089092557
165,0.15933428684783893
166,0.18545594954412978
167,0.17280365434374684
168,0.18673596937642578
169,0.1557181673769386
170,0.1856994264342342
171,0.16722863824633216
172,0.17027341627612014
173,0.17392544782754507
174,0.15867703399677988
175,0.17434905719055155
176,0.20013569888841545
177,0.1745979267181146
178,0.189008866239369
179,0.17513259158060296
180,0.16481780608597252
181,0.15719373869173037
182,0.16107630385497868
183,0.17182978308365407
184,0.19008509844052457
