,4
2.0,0.1969552139151984
9.0,0.16806408631484143
18.0,0.203255948633294
23.0,0.19630256626038028
31.0,0.2013857549523204
40.0,0.2178015225666246
46.0,0.1909899466663767
53.0,0.1857082062385026
60.0,0.2164289552404185
67.0,0.21513078218888432
71.0,0.1832498255906436
79.0,0.15794578959167765
83.0,0.21364716971478914
88.0,0.25437308791760593
95.0,0.18141936558061741
99.0,0.1684781799935859
108.0,0.15746146258185068
115.0,0.17839461200690318
121.0,0.18096364021610836
129.0,0.19872104126951823
137.0,0.2091470804025901
145.0,0.20117285154741923
151.0,0.18948131555072956
163.0,0.18423974055199338
170.0,0.1854948381088364
177.0,0.22829966500808255
185.0,0.18832867137627277
190.0,0.22288128129758694
201.0,0.1803559108883505
208.0,0.19023722319639233
212.0,0.15443268071171745
221.0,0.17252748925081263
233.0,0.13316984401137533
241.0,0.14865518264495234
248.0,0.15495201401451833
255.0,0.1540542796941874
262.0,0.17916769733401636
273.0,0.19789591099005727
281.0,0.15592385731789163
289.0,0.18680532342468303
301.0,0.1703170473162783
307.0,0.18853030706249083
312.0,0.0875461882252355
320.0,0.1647283558663844
327.0,0.19022952766608028
335.0,0.171778491836368
342.0,0.1494661568356286
350.0,0.16662373379062753
354.0,0.1625265236249194
363.0,0.19156080971879813
370.0,0.19298715512637177
377.0,0.17591172827741738
385.0,0.23069956375113854
393.0,0.1667375910170191
397.0,0.16292102323392116
405.0,0.1704334207719697
419.0,0.13997729315747925
427.0,0.1620429123881547
434.0,0.17785204671562332
439.0,0.16494556356408333
443.0,0.2096442743068567
451.0,0.13240034285937677
460.0,0.1749140420387957
468.0,0.17226759288566745
480.0,0.2237322597471637
488.0,0.17936101065701862
499.0,0.1938145133737276
507.0,0.192154052617876
518.0,0.17622536767486413
525.0,0.1809863463114568
533.0,0.243025469041413
539.0,0.21175997920416365
551.0,0.17787857422053752
558.0,0.17610151354768486
567.0,0.18561537761024488
574.0,0.174112085194584
582.0,0.19102920496694953
589.0,0.15675679218783128
600.0,0.15025579482720255
608.0,0.1912383633975258
616.0,0.22140687693372502
622.0,0.17731213333823423
633.0,0.17496767240321198
639.0,0.20943602762279886
647.0,0.22082028867706988
654.0,0.20626912133302952
660.0,0.1468674563371559
667.0,0.23886362023751706
672.0,0.17647106704045962
678.0,0.17929932640615895
689.0,0.19486628202391815
698.0,0.21288006745522448
706.0,0.2044965188347279
713.0,0.18977654354963125
724.0,0.2189758476390325
729.0,0.16089253551853044
738.0,0.2188580217008804
752.0,0.17183712055713196
764.0,0.2317758033938273
771.0,0.1859629987253132
780.0,0.21136260626944153
787.0,0.22023959164482718
798.0,0.21292646277147734
808.0,0.18563853222294485
818.0,0.220829631176441
824.0,0.13404046581966123
831.0,0.14949388791833376
839.0,0.16877049336903507
846.0,0.14968720729569623
853.0,0.19447340102738142
861.0,0.1735635153020173
869.0,0.1894662835026438
877.0,0.205006323859923
884.0,0.2083754435368189
888.0,0.20734215381682494
895.0,0.1639425589288957
904.0,0.2368063532863718
912.0,0.20939209966495162
920.0,0.21913544042081115
928.0,0.16816722153590188
939.0,0.17849589536898516
947.0,0.19770181565917158
955.0,0.19411734793010602
964.0,0.20656508234416554
972.0,0.19392093032703916
979.0,0.20780511866452267
987.0,0.1953917283414328
996.0,0.2048232455006905
1005.0,0.20350286232644163
1013.0,0.1800630454713727
1022.0,0.194157857141794
1031.0,0.18539566625318948
1040.0,0.18919628204113695
1049.0,0.16811032901262693
1057.0,0.16955895119316272
1064.0,0.14616761832424952
1071.0,0.19323035311862802
1079.0,0.2188129900938827
1086.0,0.17309471742407267
1098.0,0.1814695936058061
1105.0,0.16221205365889535
1114.0,0.16316046593629058
1118.0,0.19614499786219522
1126.0,0.17296081880777636
1131.0,0.21471577475110246
1139.0,0.2083262636706232
1144.0,0.20332078958724478
1153.0,0.1836795357972236
1162.0,0.19640395762038848
1170.0,0.20408247986950828
1174.0,0.1796146020646016
1179.0,0.19896099575799855
1186.0,0.1779994844138256
1195.0,0.14359844624687654
1207.0,0.23637878278140634
1215.0,0.13583269163826567
1224.0,0.19229583200523861
1230.0,0.15406309906978144
1236.0,0.18505070453394878
1241.0,0.16977855718849041
1249.0,0.19416599212382094
1256.0,0.16478737270642319
1265.0,0.1548084247260639
1276.0,0.1840386265584084
1280.0,0.20586519963344968
1288.0,0.17122570915783114
1297.0,0.21487191362305205
1304.0,0.18113548908863025
1311.0,0.1498645061462351
1322.0,0.1930404574010435
1330.0,0.20847835799231504
1339.0,0.16277624733049106
1344.0,0.18848573227249854
1352.0,0.19566005245526166
1363.0,0.16101931458308985
1368.0,0.24115907847947393
1375.0,0.24190405718890323
1383.0,0.11267727809482418
