,6
1390.0,0.15472633442042902
1395.0,0.1660160147908305
1403.0,0.17595990043241516
1410.0,0.16382695726757265
1419.0,0.1946922111381811
1424.0,0.17098200083062648
1432.0,0.16017758704486576
1438.0,0.1747355687742051
1446.0,0.18090853176861632
1460.0,0.16600542271134083
1468.0,0.18820644143175666
1477.0,0.1736994338527533
1481.0,0.18220393615674946
1488.0,0.19239638480959323
1496.0,0.19529975126025587
1501.0,0.18579822304068294
1506.0,0.1717431693609124
1514.0,0.17944206339844823
1523.0,0.18821285534392276
1532.0,0.16473336145045733
1540.0,0.17679044214321146
1554.0,0.15701603475455927
1563.0,0.18104599030548604
1567.0,0.18100212281357328
1572.0,0.17874266569788086
1580.0,0.15934519091130048
1588.0,0.1841902434735652
1593.0,0.1744453502998726
1604.0,0.1637146376589846
1610.0,0.17928529289029488
1615.0,0.21196670043387003
1622.0,0.18308630816811863
1631.0,0.19744388349720052
1639.0,0.19981861534767437
1646.0,0.1937504916355702
1656.0,0.18429024679846662
1662.0,0.1797920627416282
1673.0,0.17369903233948192
1681.0,0.17390639393608812
1687.0,0.16836809793450375
1698.0,0.1781573487262226
1706.0,0.1729499522967199
1714.0,0.16819142735831308
1718.0,0.18192393702291002
1724.0,0.17076412566567867
1732.0,0.17367670834692758
1744.0,0.19299282916473504
1751.0,0.18119833717705708
1759.0,0.19188471134197954
1767.0,0.20877379021720027
1776.0,0.15991521794803104
1784.0,0.19235157393686705
1792.0,0.15460227182749406
1799.0,0.16795059019991895
1808.0,0.17161106708213217
1813.0,0.17754674935797268
1822.0,0.16973115148723597
1831.0,0.18225753573892214
1836.0,0.17234273437515912
1847.0,0.16208046853156477
1854.0,0.16986850346661472
1865.0,0.16510668549955596
1871.0,0.19598278431380142
1879.0,0.1742389631388906
1887.0,0.16627132906746658
1898.0,0.1638701822869063
1906.0,0.1803970232017908
1915.0,0.19389072585392333
1925.0,0.1775905620130452
1933.0,0.17742065722612924
1938.0,0.15778704922294876
1945.0,0.17537404415958502
1950.0,0.17548228444968172
1962.0,0.1793294741705032
1973.0,0.1577430395328665
1982.0,0.190762869015453
1993.0,0.17593842662765943
1997.0,0.18696675218588454
2005.0,0.1840753063984065
2013.0,0.17964563732578187
2025.0,0.17962439633905364
2037.0,0.19970505767693875
2046.0,0.16458467295090004
2053.0,0.18232767744029524
2062.0,0.18951717568601087
2071.0,0.184651179546895
2083.0,0.1780906477169175
2091.0,0.1674058171372932
2099.0,0.16843108066406268
2104.0,0.17722463700805316
2112.0,0.18889590464947206
2121.0,0.17484620738502632
2129.0,0.17315019438733206
2137.0,0.16414295895067757
2146.0,0.16293878394211186
2155.0,0.17009271275564566
2160.0,0.1814471880313557
2168.0,0.1668341053114454
2176.0,0.19312177746341794
2185.0,0.18297274787306597
2193.0,0.18238274881935768
2204.0,0.18375639855371687
2208.0,0.18569131817965964
2216.0,0.18704979504406272
2225.0,0.18724854114018166
2233.0,0.1710728943415197
2241.0,0.16233762449714786
2249.0,0.1691948643464917
2261.0,0.1993889981861509
2270.0,0.18782213828812963
2278.0,0.1798024259573157
2286.0,0.19367931863497603
2290.0,0.18259890055333192
2298.0,0.19728565212257987
2307.0,0.20075664595898485
2318.0,0.16803450928985628
2327.0,0.17875363663068702
2335.0,0.17283176698213448
2346.0,0.2003914546994824
2351.0,0.1916268079608266
2357.0,0.18182185175193943
2366.0,0.19801179173174102
2373.0,0.16964484124369433
2381.0,0.17402163331706763
2393.0,0.17416309181426634
2401.0,0.16853913520265565
2409.0,0.17839868814888257
2414.0,0.18902955538912916
2425.0,0.17237644454691017
2433.0,0.17078467748699147
2445.0,0.17733625281559254
2450.0,0.1689323223518546
2459.0,0.2038209337743958
2468.0,0.1910302472215685
2477.0,0.17617390763923546
2486.0,0.1828255084067371
2500.0,0.18461773344622404
2509.0,0.19283591549105392
2518.0,0.16620105331332363
2523.0,0.1841197474823465
2532.0,0.20253075264770293
2541.0,0.17522516546966432
2550.0,0.1814683142171939
2558.0,0.20395814751923902
2563.0,0.1556754762771145
2571.0,0.1518103658441127
2576.0,0.18868422505958807
2583.0,0.1763597572921979
2589.0,0.17408097914125548
2597.0,0.18681983102365912
2606.0,0.1732240546455091
2612.0,0.19273011187330022
2621.0,0.18412092064665886
2628.0,0.17303778363325184
2639.0,0.16908505267747662
2649.0,0.18864846688090106
2655.0,0.18899773872936348
2664.0,0.16779131175667858
2672.0,0.18755180422777334
2680.0,0.19029238752744052
2689.0,0.1707032878940259
2694.0,0.1771302422870709
2702.0,0.1953808625751408
2711.0,0.20362937315619384
2717.0,0.18332138602890546
2724.0,0.14927510105619118
2738.0,0.20103892224166064
2747.0,0.19830379753063518
2756.0,0.20800570634196966
2765.0,0.15869758087829522
2773.0,0.2154887777088657
2785.0,0.19418590346663056
2794.0,0.16941332179035123
2801.0,0.17065376058729553
2808.0,0.20066353243300145
2815.0,0.20560446792826237
2823.0,0.21951825172880335
2830.0,0.18937446391449297
2837.0,0.19193033987943434
2841.0,0.16051629892708452
2850.0,0.1787880679533357
2858.0,0.1857226280946812
2869.0,0.17203585379719494
2880.0,0.14546364077553495
2887.0,0.2139842158279377
