,3
2.0,0.08824840269967774
9.0,0.22115787117425345
18.0,0.24371658861861145
23.0,0.14752274167075893
31.0,0.2272278316567431
40.0,0.22031239481540923
46.0,0.16821531119190197
53.0,0.1841344868297488
60.0,0.23962875300534844
67.0,0.15506543677945217
71.0,0.22412288368191657
79.0,0.21474140497317132
83.0,0.24076631237260676
88.0,0.22049867589350094
95.0,0.17042339859143887
99.0,0.16528574767554283
108.0,0.1782338602805074
115.0,0.19818796643073727
121.0,0.20829131963355801
129.0,0.24203968469643175
137.0,0.22826256189833297
145.0,0.23030696536976522
151.0,0.2130957204062766
163.0,0.20256491807710217
170.0,0.18746058034383295
177.0,0.22730415601274204
185.0,0.2578971457718148
190.0,0.19003763987924951
201.0,0.2144756788288304
208.0,0.2638790459336373
212.0,0.17747718627214865
221.0,0.22175906875943527
233.0,0.16210234313168362
241.0,0.17559105523464538
248.0,0.2112760767031129
255.0,0.1981255671086147
262.0,0.14422611233867152
273.0,0.23637125869641268
281.0,0.1386586539655403
289.0,0.24402191630796735
301.0,0.18095251572226323
307.0,0.2158587377693363
312.0,0.1047457841482711
320.0,0.1331108100772843
327.0,0.18694920705548052
335.0,0.23220406776372257
342.0,0.23333996671273718
350.0,0.17885422836612277
354.0,0.22098520055589238
363.0,0.244959628282167
370.0,0.19751099199884753
377.0,0.18847027014275983
385.0,0.22173843768945664
393.0,0.16171455722609768
397.0,0.21419069505331315
405.0,0.1655772938856634
419.0,0.19940306022328266
427.0,0.18004614533061097
434.0,0.2401316331443165
439.0,0.17777042447888544
443.0,0.2349485557038453
451.0,0.14185737189792114
460.0,0.2054593058584133
468.0,0.22376804056231053
480.0,0.22173027050076238
488.0,0.23186577631108493
499.0,0.2244151309733412
507.0,0.1809441036303528
518.0,0.1911224122895187
525.0,0.21011025539433761
533.0,0.21063921692468063
539.0,0.20649130948759933
551.0,0.22141747954307095
558.0,0.20367741252170482
567.0,0.23322859865761403
574.0,0.1974229575351007
582.0,0.1853757978124333
589.0,0.18847835723901818
600.0,0.19421513455192943
608.0,0.1267303434493994
616.0,0.23276069286926981
622.0,0.14520280164717275
633.0,0.16869856301558725
639.0,0.2266742234051065
647.0,0.2364007436186573
654.0,0.2524455719740497
660.0,0.2143106763772176
667.0,0.2189602219427579
672.0,0.1980342616863139
678.0,0.21074306730135178
689.0,0.2050725551187877
698.0,0.21540098670656257
706.0,0.23065801971600533
713.0,0.21161045746474624
724.0,0.18521955520114816
729.0,0.20692694690333316
738.0,0.1742219833196082
752.0,0.15851056201361996
764.0,0.2550731657347154
771.0,0.21139620754900526
780.0,0.20121079737535508
787.0,0.21320175201626446
798.0,0.19981916884008896
808.0,0.21055323667814035
818.0,0.18606286751828394
824.0,0.1719929553726734
831.0,0.1779934235496489
839.0,0.1779616835065489
846.0,0.1889844256650375
853.0,0.17527372957560217
861.0,0.1894253172241008
869.0,0.14620025263510444
877.0,0.23189820406451273
884.0,0.21243043381773133
888.0,0.2340554431619119
895.0,0.22278631751496172
904.0,0.2116303664071986
912.0,0.20895637940975054
920.0,0.2140205502924005
928.0,0.19703551130021663
939.0,0.2321938496451125
947.0,0.21073372694861034
955.0,0.21367327083212118
964.0,0.2240862008749893
972.0,0.24054441330786927
979.0,0.21685476696115577
987.0,0.21924025246083287
996.0,0.17136195804165308
1005.0,0.1594683737783933
1013.0,0.1661671459009481
1022.0,0.19578960441959858
1031.0,0.21441304275724912
1040.0,0.18579117960633332
1049.0,0.21567284057332856
1057.0,0.23788810862951662
1064.0,0.17119153885480382
1071.0,0.1883567244709712
1079.0,0.1851895123236592
1086.0,0.1962793305422128
1098.0,0.2233716335889135
1105.0,0.18709166182668305
1114.0,0.21868408251957125
1118.0,0.19598955814166466
1126.0,0.19180932612307683
1131.0,0.17277544092992264
1139.0,0.18370682571101737
1144.0,0.16694665476968099
1153.0,0.1297699521220113
1162.0,0.24944220874216108
1170.0,0.19279142361480048
1174.0,0.2534061526656112
1179.0,0.22158709513721966
1186.0,0.23089090683972843
1195.0,0.17824253397132955
1207.0,0.22700041936905477
1215.0,0.18456894652880296
1224.0,0.19077435866682063
1230.0,0.2099096342861471
1236.0,0.189827335193459
1241.0,0.21398996547756732
1249.0,0.2205388867228235
1256.0,0.16017386002896633
1265.0,0.20231256768120054
1276.0,0.184311658258193
1280.0,0.2035087549653133
1288.0,0.1640077239460702
1297.0,0.21757848172975525
1304.0,0.2262516157586676
1311.0,0.20796278624703537
1322.0,0.1822715160247396
1330.0,0.21567840336518967
1339.0,0.19957053323708185
1344.0,0.1848670891862857
1352.0,0.1644236760187141
1363.0,0.21184486745224534
1368.0,0.20313388809621422
1375.0,0.20939195207798134
1383.0,0.11568029768753248
