,6
2.0,0.17825601473923713
9.0,0.1770025620867791
18.0,0.19346339774877422
23.0,0.18276405825530334
31.0,0.18354185805262632
40.0,0.19215641421983323
46.0,0.19087441018242562
53.0,0.17027323102617756
60.0,0.18320838336572576
67.0,0.1983134547330757
71.0,0.1807626040559083
79.0,0.20421546966802262
83.0,0.1609950461116563
88.0,0.16047208579301483
95.0,0.22936553559804712
99.0,0.17978094517804172
108.0,0.18673450133976705
115.0,0.19371752623931926
121.0,0.16913174724250507
129.0,0.17450375384068761
137.0,0.1654805818731265
145.0,0.17681290684086265
151.0,0.18644964124980976
163.0,0.17552631540262015
170.0,0.17386643177348932
177.0,0.1643345623376572
185.0,0.17270968832618183
190.0,0.1816483975611012
201.0,0.16442562123409152
208.0,0.17196636235097912
212.0,0.21298829020631765
221.0,0.20332805871656887
233.0,0.1665131959839465
241.0,0.18661525005559126
248.0,0.2007460304283873
255.0,0.15364732925927452
262.0,0.1986837700061643
273.0,0.20601612826510282
281.0,0.16898949263244767
289.0,0.19321996107466322
301.0,0.1884042785050054
307.0,0.20755337765023615
312.0,0.1695216260139502
320.0,0.19095873784711415
327.0,0.16735837195916947
335.0,0.20874616203082635
342.0,0.1560817071881754
350.0,0.15785525997343164
354.0,0.18949009697306982
363.0,0.19436860930856098
370.0,0.17707181026370458
377.0,0.16783926245270625
385.0,0.1903544524161574
393.0,0.18027550632163236
397.0,0.17186660606574428
405.0,0.19116782721523545
419.0,0.17901456218299017
427.0,0.1618781320088225
434.0,0.17608309912546846
439.0,0.20032899179542207
443.0,0.16543365640750057
451.0,0.17936746904263381
460.0,0.1698638243476401
468.0,0.18945445827487561
480.0,0.21272838033027927
488.0,0.19707410444466372
499.0,0.18775008084789963
507.0,0.1883110771381508
518.0,0.19211884732020706
525.0,0.1950580332447356
533.0,0.17364744058261722
539.0,0.18879164210904031
551.0,0.19962846445232152
558.0,0.18445868122529632
567.0,0.19099859555269613
574.0,0.18031146239627846
582.0,0.17578400877543945
589.0,0.16818403457201497
600.0,0.16387080936926943
608.0,0.18218656658822094
616.0,0.1724628715859851
622.0,0.17663312679291637
633.0,0.17576328213313225
639.0,0.18007905283968054
647.0,0.19531352254983791
654.0,0.16465546302615577
660.0,0.2014385100906355
667.0,0.15990002965118558
672.0,0.17596354212840687
678.0,0.17847247994076007
689.0,0.1732237825672205
698.0,0.16899709615700986
706.0,0.16636282397036453
713.0,0.19012033763058964
724.0,0.18115142453872715
729.0,0.18235270650964563
738.0,0.18531058061113317
752.0,0.17962397418439693
764.0,0.15776899194703864
771.0,0.18623868488531153
780.0,0.1842995147725645
787.0,0.1972925616750526
798.0,0.14979646375886344
808.0,0.1831981407262911
818.0,0.18202426605896913
824.0,0.15681631357915587
831.0,0.1727210415068561
839.0,0.20515296013141218
846.0,0.19856884654401002
853.0,0.16238739658989607
861.0,0.16458555114518866
869.0,0.18191832857529835
877.0,0.1803408490273473
884.0,0.17166772978300293
888.0,0.17144240136760808
895.0,0.18443266280269885
904.0,0.16873989396015646
912.0,0.19544484229829553
920.0,0.18682209965379928
928.0,0.16988446657155265
939.0,0.15800973910582725
947.0,0.1857067997147067
955.0,0.16178737787521802
964.0,0.17765812979358087
972.0,0.15514167662388154
979.0,0.20176263565039124
987.0,0.1728836728366601
996.0,0.18039432733396626
1005.0,0.18844799909336965
1013.0,0.1825062356453831
1022.0,0.20386075025694736
1031.0,0.1854855633089088
1040.0,0.1618806410603103
1049.0,0.19566165042056607
1057.0,0.18912313256053312
1064.0,0.18426012584571622
1071.0,0.16981171657820315
1079.0,0.17118283511826266
1086.0,0.1778000254581559
1098.0,0.18303795981352602
1105.0,0.18741574314132728
1114.0,0.17383394311463837
1118.0,0.16210996720693285
1126.0,0.16813924179166087
1131.0,0.17610018312944925
1139.0,0.1652096841354964
1144.0,0.15505776014910477
1153.0,0.1730575666766662
1162.0,0.15921743436929495
1170.0,0.193535357206484
1174.0,0.1693319319612547
1179.0,0.15523326907532475
1186.0,0.1562867545146607
1195.0,0.1730159442462487
1207.0,0.18520700886307306
1215.0,0.13530827507022924
1224.0,0.16854029541176518
1230.0,0.17980939143462102
1236.0,0.18959812376373775
1241.0,0.18779406446038985
1249.0,0.16997120813165179
1256.0,0.1865190754722895
1265.0,0.19440975867766788
1276.0,0.20001358752233475
1280.0,0.18984182199168584
1288.0,0.19125241068231622
1297.0,0.17798869984668492
1304.0,0.18298617468950515
1311.0,0.16710701416149054
1322.0,0.17330551698471947
1330.0,0.1672161060206861
1339.0,0.1622297565884236
1344.0,0.17664864280908618
1352.0,0.17885758002195923
1363.0,0.19298135965977176
1368.0,0.1817483306658019
1375.0,0.18898014693866402
1383.0,0.2139680616789904
