,6
1867.0,0.15041358592212892
1878.0,0.18188124870939787
1885.0,0.15158931173249895
1893.0,0.17859008353349942
1904.0,0.1702973406327001
1910.0,0.18363031486932505
1918.0,0.17620703935092277
1927.0,0.1946172736998989
1934.0,0.1656873902427004
1941.0,0.20704601969346206
1953.0,0.15786309296731607
1960.0,0.1644329510158523
1964.0,0.12827050201773935
1971.0,0.15359579193461753
1977.0,0.15294112601544252
1986.0,0.1312313700272136
1991.0,0.19582975067739092
2002.0,0.16631646885615176
2010.0,0.18685242887185396
2018.0,0.1757788374780791
2029.0,0.16574422259801522
2041.0,0.1595224420146418
2052.0,0.16720209669497413
2064.0,0.1647189475899865
2072.0,0.1905566756078481
2077.0,0.17266293724729861
2086.0,0.15468281783461735
2091.0,0.1621375945061363
2095.0,0.1722988961106775
2103.0,0.16414548866474654
2109.0,0.16526713054910874
2118.0,0.17002424794867757
2125.0,0.1663545941228652
2136.0,0.1716075896620239
2143.0,0.14953558285906304
2155.0,0.15889119534592527
2159.0,0.17561055557839794
2163.0,0.15961698162971505
2169.0,0.18152513996824904
2180.0,0.160967554717987
2185.0,0.2055979506162742
2194.0,0.16480090216291082
2205.0,0.19230332127623118
2213.0,0.16790057280319864
2221.0,0.16917204143549017
2232.0,0.16909313785644514
2241.0,0.17879133939028058
2247.0,0.17560566336226718
2252.0,0.169342686749881
2261.0,0.17292273268099653
2269.0,0.1784106546122144
2275.0,0.19029376176997057
2283.0,0.17380844162349954
2294.0,0.16154300692056606
2301.0,0.15766611089807264
2307.0,0.1695006060742407
