,4
1867.0,0.20087920154402236
1878.0,0.1950649007590319
1885.0,0.1996537745675534
1893.0,0.2144438073865678
1904.0,0.18132116626811282
1910.0,0.1901202515714301
1918.0,0.2315742052879381
1927.0,0.14449183721402095
1934.0,0.1633764651054575
1941.0,0.1616223702810742
1953.0,0.1932297959615873
1960.0,0.15989741239890742
1964.0,0.1479468999681468
1971.0,0.1987848640373315
1977.0,0.11925547027296714
1986.0,0.1577958215479265
1991.0,0.12064395715901183
2002.0,0.16057667275634696
2010.0,0.1977318955326811
2018.0,0.18931750801840705
2029.0,0.12802798986979178
2041.0,0.1832308239782725
2052.0,0.18766591452498024
2064.0,0.2157246051338241
2072.0,0.18258263619043189
2077.0,0.17050438512449492
2086.0,0.20105778052953882
2091.0,0.18022186876072374
2095.0,0.16430220951072935
2103.0,0.17630770969433304
2109.0,0.17320574826385052
2118.0,0.19331084510081795
2125.0,0.14207348376008005
2136.0,0.17307106325686
2143.0,0.14255353966158799
2155.0,0.18620293809979546
2159.0,0.19818054266578655
2163.0,0.16179178344461476
2169.0,0.13293828267304397
2180.0,0.17504806204075152
2185.0,0.16617457173671035
2194.0,0.1733015538462951
2205.0,0.177302884275462
2213.0,0.17761811094727595
2221.0,0.17303076127925893
2232.0,0.15351337529670225
2241.0,0.17688692439936549
2247.0,0.15891274599468957
2252.0,0.16561913174095155
2261.0,0.21090154670244687
2269.0,0.18474672874887185
2275.0,0.16125996166997125
2283.0,0.1708835443059268
2294.0,0.19938362600408355
2301.0,0.15843723384620276
2307.0,0.18065381966284663
