,5
1294.0,0.20486173848806688
1302.0,0.19344981753941193
1309.0,0.24369413708500956
1318.0,0.1978969710078025
1329.0,0.19450398961954585
1338.0,0.17273306135840472
1344.0,0.19954440654260705
1353.0,0.20636773904753525
1358.0,0.2035451137317708
1363.0,0.1788633467626392
1371.0,0.16370129015860138
1379.0,0.17260622237070034
1384.0,0.20052228299131625
1389.0,0.18767917541303913
1400.0,0.21097540795793426
1404.0,0.19540978707209367
1411.0,0.19732363879556733
1420.0,0.19955522876962425
1429.0,0.18930116882038117
1437.0,0.21215519530110472
1445.0,0.20661179427457607
1451.0,0.19856288593263574
1462.0,0.1849984567218425
1469.0,0.22659407709460527
1478.0,0.17953983393042458
1489.0,0.17908909724227665
1497.0,0.17289569080268177
1506.0,0.19725698586427537
1514.0,0.21047016357995427
1522.0,0.1926556314982607
1529.0,0.21548601485059737
1535.0,0.212910407918725
1546.0,0.2204740241807572
1560.0,0.19947335468685815
1569.0,0.20810703775964584
1578.0,0.18387257845924648
1583.0,0.1663124450391833
1588.0,0.20893006102306408
1594.0,0.1635801491382858
1599.0,0.17838380871929815
1603.0,0.1770828976835549
1610.0,0.17228594455168364
1614.0,0.1420680994061437
1621.0,0.17748014755659372
1625.0,0.22012508068659348
1634.0,0.19482148206762023
1646.0,0.19157202551214628
1652.0,0.20156806944868974
1663.0,0.20302409442221006
1669.0,0.20515861752746023
1681.0,0.17389398867680586
1690.0,0.18655728775982666
1698.0,0.19381522748502722
1707.0,0.1577573109887668
1715.0,0.176243615013062
1724.0,0.1793071900319079
1731.0,0.1814885923414427
1745.0,0.16276856267941114
1754.0,0.19339047006147964
1762.0,0.21397474952541218
1768.0,0.16189059109431658
1779.0,0.1888211209995761
1787.0,0.18775051661504857
1797.0,0.1815640560334302
1806.0,0.18558567420661445
1811.0,0.20132740125947843
1818.0,0.18459489894821615
1825.0,0.1655771157890231
1830.0,0.20671802649776794
1841.0,0.1910018406041796
1845.0,0.19548661282147803
1850.0,0.17311948221643714
1857.0,0.1865780526942228
1868.0,0.195438346223731
1879.0,0.1848515874517406
1893.0,0.1969091615842315
1899.0,0.19638112446541597
1905.0,0.1910635996745506
1913.0,0.21063526236068167
1920.0,0.18030107294032457
1927.0,0.1627952826766442
1932.0,0.19306115200769366
1940.0,0.16334450927050823
1947.0,0.16298487834634803
1953.0,0.18831935570447433
1959.0,0.2031389171354993
1970.0,0.19785312269173785
1977.0,0.20303647705845707
1984.0,0.18287927079083943
1992.0,0.2145908001143671
2001.0,0.19936579815168234
2009.0,0.23109372599260153
2020.0,0.22559908671603082
2027.0,0.18166431553344392
2034.0,0.21132013544963166
2039.0,0.1875823702828284
2044.0,0.1996081026506729
2050.0,0.18638701615455616
2054.0,0.16888622462657982
2059.0,0.19875230727192983
2066.0,0.21264371595777562
2077.0,0.19331386518910187
2089.0,0.18058232496831528
2099.0,0.2293072846312858
2110.0,0.18862789694921217
2117.0,0.20274429274590214
2125.0,0.18382468277020145
2135.0,0.15402649437546417
2143.0,0.19278661668958563
2151.0,0.2006375028111772
2160.0,0.18369310486188847
2167.0,0.21523935462819682
2174.0,0.19733628814778953
2182.0,0.1786829918132211
2190.0,0.22300858780856192
2198.0,0.19409858200739516
2203.0,0.2074623488887202
2210.0,0.17860783942825254
2217.0,0.18548083694265916
2221.0,0.20047846403821565
2229.0,0.20470806705299957
2236.0,0.196610880552107
2241.0,0.2074533327949154
2252.0,0.21129393441929
2260.0,0.17512444366277452
2265.0,0.17606767856875544
2273.0,0.20707128326940685
2282.0,0.2030842944926966
2288.0,0.2088659335386877
2292.0,0.18648267398240775
2302.0,0.16139565218489296
2309.0,0.19088572150400135
2316.0,0.17489132041826594
2324.0,0.1865721605993289
2335.0,0.21055032576662908
2349.0,0.19243125135356767
2357.0,0.22851312632976775
2364.0,0.208009720238413
2371.0,0.18252124342735787
2378.0,0.205435894624802
2387.0,0.169810632319418
2394.0,0.19529846605938034
2401.0,0.2069290429683139
2409.0,0.15380339681470714
2416.0,0.2028687906852694
2422.0,0.20022182911761852
2432.0,0.19922985982930647
2440.0,0.2058131493365444
2451.0,0.1875813242548215
2463.0,0.1933371871239136
2472.0,0.1931075127409998
2479.0,0.18439668784730467
2487.0,0.20315145704964788
2494.0,0.17143717433837724
2500.0,0.23237294509714795
2505.0,0.20459666058894532
2509.0,0.15626137006664922
2518.0,0.20509770552219406
2522.0,0.1889577102825896
2527.0,0.22057747571823044
2531.0,0.20485122988968912
2537.0,0.21314098617135294
2544.0,0.1530401799310867
2553.0,0.1777739487451328
2564.0,0.2026337388498025
2571.0,0.18042924855654777
2580.0,0.17694544085657674
2588.0,0.1984953148675172
2596.0,0.21861498449800187
2605.0,0.1952649630112593
2609.0,0.1832973229865555
2620.0,0.1861294114357248
2627.0,0.1973199222092168
2636.0,0.20273406152480505
2642.0,0.18945555850610407
2649.0,0.19708403090064266
2657.0,0.1927285328127767
2663.0,0.1940542581961059
2671.0,0.1815676315524239
2679.0,0.20129151590283276
2690.0,0.19074754293797908
2694.0,0.20094346531837318
2705.0,0.17917499656186459
2712.0,0.1933014665394891
2723.0,0.2023953975547039
2735.0,0.20387170259901247
2742.0,0.21895565862602573
2753.0,0.18735384952197762
2758.0,0.20060921256269312
2765.0,0.177620506657746
2776.0,0.1884329846949359
2781.0,0.19720546659735264
2792.0,0.1885441851833977
2800.0,0.1709190045376291
2805.0,0.17364633617138078
2814.0,0.20479220911950125
2821.0,0.17439694651702667
2827.0,0.19932136731132427
2838.0,0.21865040974870742
2842.0,0.20312277330996115
2846.0,0.19705953557022196
2857.0,0.1981335365278449
2871.0,0.2001311608804761
2877.0,0.25825804310013445
2886.0,0.19415942041247652
2900.0,0.22276331398356863
2906.0,0.21507492196737196
2915.0,0.22295066468938735
2922.0,0.18750320544892854
2929.0,0.16842807285591926
2935.0,0.1918199166978308
2943.0,0.21462903806164715
2951.0,0.20104133780854433
2959.0,0.17878458737937905
2967.0,0.17441444052997232
2974.0,0.18988444055309822
2983.0,0.17826785915416227
2994.0,0.19058664150090412
3003.0,0.17747162766939464
3009.0,0.1836648318286532
3018.0,0.20039585238555105
3023.0,0.1703631379346275
3028.0,0.2033824373792482
3036.0,0.19553942805596827
3044.0,0.16781112916161037
3049.0,0.1877241381861495
3054.0,0.1776705795293189
3065.0,0.19126072004203917
3069.0,0.15153517573270184
3076.0,0.1488998952582007
3085.0,0.17693861674832
3094.0,0.19601818908110033
3102.0,0.18570470786618687
3110.0,0.21214511554970553
3116.0,0.19605493978157953
3127.0,0.18488385615506692
3134.0,0.12826910800682934
3143.0,0.20408449355647845
3154.0,0.19001781840919274
3162.0,0.19093005101507313
3171.0,0.1603496734828379
3179.0,0.18902245535885118
3187.0,0.20221082810185664
3194.0,0.19677897008600753
3200.0,0.1954269817424813
3211.0,0.17886986984016853
3225.0,0.2017975099940562
3234.0,0.19741727459849487
3243.0,0.21468128944826
3248.0,0.2185594534542436
3253.0,0.1662796907000467
3259.0,0.16928527740987628
3264.0,0.17062879548042867
3268.0,0.19002872689773706
3275.0,0.2066594650358558
3279.0,0.20345449934376847
3286.0,0.1711135408144077
3290.0,0.20120387842323098
3299.0,0.1853191923815365
3311.0,0.17129775040701972
3317.0,0.16721604053281866
3328.0,0.20475486658871397
3334.0,0.19964610365968127
3346.0,0.20203966967341971
3355.0,0.1977570851468008
3363.0,0.2013074039092576
3372.0,0.19911930649554385
3380.0,0.2209748728119435
3389.0,0.1876781489181578
3396.0,0.1944306051725171
3410.0,0.20846412539311662
3419.0,0.18942242774556567
3427.0,0.22536917955886893
3433.0,0.17417068486059692
3444.0,0.19125365198624736
3452.0,0.17181492944541485
3462.0,0.18968939262694431
3471.0,0.16343019953994167
3476.0,0.18944752319120936
3483.0,0.21679245543496672
3490.0,0.15976817896944054
3495.0,0.16651265706638801
3506.0,0.1872311703837358
3510.0,0.17872250047041
3515.0,0.21006050625402325
3522.0,0.197523315713301
3533.0,0.20641429451637747
3544.0,0.18956165655774213
3558.0,0.18454929995501584
3564.0,0.19576694484234958
3570.0,0.20919591640891166
3578.0,0.19764036326895323
3585.0,0.1861276894870189
3592.0,0.19655761346982276
3597.0,0.18198148269346512
3605.0,0.17601018751685527
3612.0,0.19202781188853874
3618.0,0.21690461038925998
3624.0,0.19214551597404433
3635.0,0.1918566274184598
3642.0,0.17166527585250346
3649.0,0.19697264629561764
3657.0,0.1946983060984613
3666.0,0.19815871216390496
3674.0,0.17853917378414408
3685.0,0.21433062742204878
3692.0,0.2200170613578881
3699.0,0.20026897206494945
3704.0,0.17887248755321145
3709.0,0.16950576563487574
3715.0,0.2105251937828896
3719.0,0.1805487463792111
3724.0,0.19422045435834936
3731.0,0.22550703386714133
3742.0,0.19650770312923824
3754.0,0.13891738704284176
3764.0,0.2244555930904319
3775.0,0.16963194420941693
3782.0,0.20515267026634676
3790.0,0.19181717968497747
3800.0,0.2108540578717151
3808.0,0.1738779473315492
3816.0,0.2045701645011307
3825.0,0.19212558356826148
3832.0,0.19508006208983592
3839.0,0.19782451483304792
3847.0,0.1949342557661634
3855.0,0.21913867457510905
3863.0,0.22293053424916145
3868.0,0.20872422477161265
3875.0,0.20111118116854318
3882.0,0.1890625735916717
3886.0,0.19094969441709275
3894.0,0.18711348679654402
3901.0,0.19315456432905018
3906.0,0.17987001728769073
3917.0,0.18879392841834527
3925.0,0.19222761245348524
3930.0,0.19922135179031436
3938.0,0.15104389128257123
3947.0,0.14962748664941583
3953.0,0.2085853896126253
3957.0,0.19761508259972277
3967.0,0.19280353143026654
3974.0,0.1975586788365955
3981.0,0.19311394903765003
3989.0,0.19495383437898545
4000.0,0.18822801185149377
4014.0,0.17832875702821635
4022.0,0.2139956379635771
4029.0,0.17946452090323625
4036.0,0.16623378799849312
4043.0,0.17393304384933614
4052.0,0.20661771994779884
4059.0,0.16530656961512044
4066.0,0.17889188950400162
4074.0,0.2045042864497113
4081.0,0.1922605791583709
4087.0,0.1733485299235862
4097.0,0.18042328523463952
4105.0,0.20041562114524558
4116.0,0.17479594759759812
4128.0,0.20620888134910823
4137.0,0.19987242497329255
4144.0,0.20557323828546317
4152.0,0.20778429613627816
4159.0,0.21022053408975994
4165.0,0.2114536378072347
4170.0,0.16501122521926787
4174.0,0.18056731702421303
4183.0,0.17105232272621929
4187.0,0.20878897269906274
4192.0,0.18517095682105242
4196.0,0.1778685166443952
4202.0,0.18803053963336694
4209.0,0.19633496630516548
4218.0,0.17613393302834826
4229.0,0.20184801720808132
4236.0,0.18574915133761924
4245.0,0.206825341596337
4253.0,0.20295235180409804
4261.0,0.18692821324342007
4270.0,0.19047751385879613
4274.0,0.17157443820538082
4285.0,0.181822877088293
4292.0,0.17478253220444798
4301.0,0.19340973566384229
4307.0,0.1641069878547839
4314.0,0.1675339804466332
4322.0,0.21874387764073694
4328.0,0.18013849815081773
4336.0,0.21676044101524383
4344.0,0.19749453071867165
4355.0,0.19111354451533644
4359.0,0.18946008302884618
4370.0,0.19090974357701543
4377.0,0.20712129330049248
4388.0,0.1954668806457239
4400.0,0.19957586513355718
4407.0,0.2092523480699389
4418.0,0.1745576207992317
4423.0,0.18139164353251613
4430.0,0.1817597985508535
4441.0,0.20210225454423855
4446.0,0.19175162540747187
4457.0,0.18061058256132034
4465.0,0.19805152768935183
4470.0,0.19452628238174807
4479.0,0.19080292401041976
4486.0,0.16038788342630417
4492.0,0.19919822168210044
4503.0,0.20536424632464848
4507.0,0.17734491603749974
4511.0,0.22133440326138165
4522.0,0.20054223501057933
4536.0,0.1792593657164869
4542.0,0.14844219206197318
4551.0,0.21820443367523737
4565.0,0.21247794383172358
4571.0,0.16877513186702356
4580.0,0.19258044070316602
4587.0,0.16665871373485983
4594.0,0.19443469081186102
4600.0,0.18531102445317538
4608.0,0.20677220057043638
4616.0,0.1996587188683066
