,6
2.0,0.2283722818006733
7.0,0.20265914303177485
14.0,0.21776573549235897
21.0,0.1428726172768579
32.0,0.19628453531629578
40.0,0.17361022201380438
48.0,0.19658092792009718
54.0,0.1709635432149398
62.0,0.1484947362244356
68.0,0.1975764430098319
79.0,0.17108371823163915
86.0,0.1728888608528086
94.0,0.19530093011574806
103.0,0.20386063138937405
114.0,0.1636785153476483
126.0,0.17057987728072377
134.0,0.19650983309521375
142.0,0.17155944368964163
151.0,0.1871031823115111
156.0,0.15171741347030762
165.0,0.1647636684464927
174.0,0.168020991580324
179.0,0.1756955823807898
188.0,0.16632716299884936
197.0,0.17645145503229764
205.0,0.19170073187865816
212.0,0.18180171972035603
219.0,0.1526003382062554
223.0,0.15944079483361737
229.0,0.19286883507122862
234.0,0.1666913121703827
243.0,0.1584413600474815
253.0,0.16849255758689868
259.0,0.16523068641632954
265.0,0.16691385624526672
273.0,0.15886176610966804
281.0,0.1769833721732175
290.0,0.19321023815832775
299.0,0.1892721512858918
307.0,0.17677471213954904
314.0,0.19520351656306084
321.0,0.16945464759978973
328.0,0.2109572007100744
336.0,0.1839554479228859
343.0,0.16493341198234995
352.0,0.17181615956287918
359.0,0.20520849239339753
367.0,0.1991599611496235
378.0,0.18457805730163582
390.0,0.20014540887927357
395.0,0.1984839373418426
409.0,0.20053017167892961
418.0,0.16909234088876157
429.0,0.1777886755954237
437.0,0.16816795103384696
446.0,0.16026573495910235
453.0,0.1862655252874041
457.0,0.16727496562806962
466.0,0.16018933399479496
475.0,0.16631626578495343
480.0,0.17711166814717802
487.0,0.17737237777837664
496.0,0.17726575471379255
503.0,0.18275547982137524
517.0,0.1822078957268376
526.0,0.1624755655813729
530.0,0.1783687338337881
538.0,0.17817694711985402
543.0,0.17728864278102807
551.0,0.17627097025351324
559.0,0.19444236228985382
565.0,0.20374559071583684
574.0,0.1647219655911279
579.0,0.19502009559178632
586.0,0.16603069424187403
594.0,0.17053124863464436
605.0,0.17468107837391275
609.0,0.178035365171362
618.0,0.20039764841815833
623.0,0.17550322785196357
631.0,0.21018751179472445
639.0,0.16019045250701797
646.0,0.17002339603943298
655.0,0.1903605877151084
661.0,0.2118726164939197
667.0,0.18827828138696023
676.0,0.17599115450457203
683.0,0.19819696510226162
697.0,0.18255244092874065
706.0,0.1753999664502348
713.0,0.17360813866527428
721.0,0.19604797659082543
730.0,0.17696840026339924
738.0,0.18790820289092205
748.0,0.18923323267114184
755.0,0.17612314270061447
763.0,0.18118691104486825
772.0,0.16702098510201202
777.0,0.19209600420708245
784.0,0.16828484520799164
790.0,0.1735208400282494
794.0,0.16834284074517042
802.0,0.18180493655999064
813.0,0.16447062092204498
819.0,0.17972845275733282
827.0,0.1801023928001773
834.0,0.17703957209481583
841.0,0.1750722135866915
849.0,0.15912301671715895
857.0,0.16542422218749742
868.0,0.1834620074109154
873.0,0.18370135213417116
881.0,0.16890081672360746
885.0,0.18162587129383578
890.0,0.19046344026494258
899.0,0.18303345111159033
908.0,0.1964996994401397
917.0,0.16167843690581118
922.0,0.15906132296781605
930.0,0.16798096690200662
936.0,0.14460585278785887
944.0,0.20050882494490238
950.0,0.14428612160255078
958.0,0.1651418681216965
963.0,0.17871126834950513
968.0,0.14556621388731542
974.0,0.15352887032768558
979.0,0.19056533340078247
984.0,0.15214884907873175
991.0,0.12427287482215965
999.0,0.1548282720357668
1010.0,0.1558782062236576
1017.0,0.1692813267467484
1025.0,0.18763386394561193
1032.0,0.16058804876173452
1037.0,0.159618634337626
1045.0,0.18031417831660698
1052.0,0.1566975349281543
1063.0,0.1725509555830825
1074.0,0.17140055659508638
1083.0,0.19322463605406157
1091.0,0.17884640904097576
1102.0,0.160866865217479
1113.0,0.17195711692821813
1120.0,0.18137209989445283
1132.0,0.19318037826977455
1138.0,0.19125219923116274
1146.0,0.18210341127421997
1157.0,0.18068887763314384
1165.0,0.1656852583791655
1176.0,0.1984855291517835
1180.0,0.19080105546311676
1189.0,0.16727791032034509
1197.0,0.16761392772257774
1206.0,0.1765740747282516
1214.0,0.1769381124701619
1226.0,0.1858776223481911
1233.0,0.21807942736187338
1237.0,0.21057062829690398
1246.0,0.16115205799700735
1251.0,0.1763431498907655
1257.0,0.18479992601206816
1268.0,0.19149070315850455
1275.0,0.17414669916442108
1279.0,0.1723053855072945
1287.0,0.1498611289309824
