,3
1294.0,0.18439503715812844
1302.0,0.18862405086935788
1309.0,0.2049110881931355
1318.0,0.17378115633297148
1329.0,0.1554043121771767
1338.0,0.18706946668065114
1344.0,0.2362524223553515
1353.0,0.21591886516879732
1358.0,0.24997123420338713
1363.0,0.16522244150883908
1371.0,0.1974363189481882
1379.0,0.194480791686311
1384.0,0.18869764042746917
1389.0,0.23089981898378298
1400.0,0.22704628052057457
1404.0,0.2443127476374039
1411.0,0.2271404615525753
1420.0,0.22196016475736213
1429.0,0.16184132140856677
1437.0,0.16954109549851715
1445.0,0.21462308111405132
1451.0,0.18484339452638782
1462.0,0.2383018851642926
1469.0,0.1691880079173161
1478.0,0.22444776978282327
1489.0,0.21166187326658412
1497.0,0.2363025164310444
1506.0,0.19491788715187333
1514.0,0.22761612609732326
1522.0,0.18643428532721545
1529.0,0.20828330867544734
1535.0,0.20070409693775101
1546.0,0.24461856254270736
1560.0,0.23063151606404034
1569.0,0.21726797370221498
1578.0,0.22021730519499585
1583.0,0.21579289170582092
1588.0,0.22625964781042202
1594.0,0.21252624473901433
1599.0,0.21098002106259095
1603.0,0.26578110645425945
1610.0,0.17558954093843318
1614.0,0.2421952017770954
1621.0,0.18177868114896018
1625.0,0.16267104507261346
1634.0,0.19132016686280526
1646.0,0.20218290171928952
1652.0,0.230356900535747
1663.0,0.1789141280426418
1669.0,0.22433644687645626
1681.0,0.22665259107939195
1690.0,0.16821903595824103
1698.0,0.22826362886934656
1707.0,0.2360199644414644
1715.0,0.23771687237781003
1724.0,0.23459263781642867
1731.0,0.2430769280046819
1745.0,0.17174134823634876
1754.0,0.1839854839535056
1762.0,0.19999884378945476
1768.0,0.19112530899975055
1779.0,0.2200832340592288
1787.0,0.14364760233435905
1797.0,0.17826417504076128
1806.0,0.22081745632553804
1811.0,0.2229014656928366
1818.0,0.240552634039088
1825.0,0.3003552775357992
1830.0,0.21174495693810597
1841.0,0.2759800276076938
1845.0,0.2284010245584152
1850.0,0.24122696726030088
1857.0,0.19137192341779843
1868.0,0.2589511531007407
1879.0,0.1695849076016872
1893.0,0.20870078688151586
1899.0,0.14407709005397273
1905.0,0.2333509017469475
1913.0,0.21852096882392144
1920.0,0.20824155318771514
1927.0,0.2521907413379008
1932.0,0.2243575308073697
1940.0,0.20387556749353178
1947.0,0.27816162582976106
1953.0,0.22827917747147664
1959.0,0.21733260483841005
1970.0,0.20859981841234201
1977.0,0.2112558469003382
1984.0,0.1732584908683778
1992.0,0.18385937357493198
2001.0,0.22796148244692624
2009.0,0.19355844377807094
2020.0,0.24764705255503267
2027.0,0.2527550335205594
2034.0,0.20206750306475274
2039.0,0.21494639548606467
2044.0,0.20904610686004385
2050.0,0.18203285063707053
2054.0,0.25011798947982733
2059.0,0.2494137781099885
2066.0,0.16407383684441162
2077.0,0.22351642278650935
2089.0,0.17102462918726483
2099.0,0.2043347025026643
2110.0,0.24356576334291113
2117.0,0.2057921756029809
2125.0,0.17580255762514543
2135.0,0.2173813687283691
2143.0,0.18307334900237013
2151.0,0.25458938346621285
2160.0,0.21160772959524682
2167.0,0.23314536793467197
2174.0,0.2407060516618392
2182.0,0.25698084851229314
2190.0,0.21883558289792993
2198.0,0.19921916906367615
2203.0,0.22168864517963938
2210.0,0.20181969755033713
2217.0,0.245027963064454
2221.0,0.14766803646118365
2229.0,0.2438083930374026
2236.0,0.18937053447115032
2241.0,0.20733651917849932
2252.0,0.2746740842513479
2260.0,0.20489677537047563
2265.0,0.21011893672627383
2273.0,0.2082601552052816
2282.0,0.22070439997167376
2288.0,0.1678490864256359
2292.0,0.22877039594275037
2302.0,0.1703003420240375
2309.0,0.2187430664329756
2316.0,0.16584177554839802
2324.0,0.1412265742981579
2335.0,0.17872026722907078
2349.0,0.19066084668668967
2357.0,0.2162485034021213
2364.0,0.22279414608949286
2371.0,0.25373776760012234
2378.0,0.24033833013856049
2387.0,0.23782937874072457
2394.0,0.20104514905640186
2401.0,0.2125541933026493
2409.0,0.2262396863566098
2416.0,0.23542378174908415
2422.0,0.19015262404138727
2432.0,0.21818668143599712
2440.0,0.22618657578116963
2451.0,0.1754718421942403
2463.0,0.22797977130850766
2472.0,0.2134207364645866
2479.0,0.2170850343462738
2487.0,0.2363803896000818
2494.0,0.21383104255787933
2500.0,0.25299729185657227
2505.0,0.20555133277098214
2509.0,0.20371358090042474
2518.0,0.21847070342259517
2522.0,0.20576469182348797
2527.0,0.27829778372557806
2531.0,0.2088489596766039
2537.0,0.1819121873447938
2544.0,0.22719919841792788
2553.0,0.12720324258911136
2564.0,0.21416683864199365
2571.0,0.2528742877826883
2580.0,0.1832300802095248
2588.0,0.21303452316997756
2596.0,0.18212037827857452
2605.0,0.21198028554454731
2609.0,0.18859013607894345
2620.0,0.24105717441939153
2627.0,0.19193346586967797
2636.0,0.16688924771059369
2642.0,0.13785802595537774
2649.0,0.27753788978127814
2657.0,0.16041569211511603
2663.0,0.2157584794203893
2671.0,0.18555469423826118
2679.0,0.2381137527696934
2690.0,0.2473369494655025
2694.0,0.21873446792319012
2705.0,0.1718961231557777
2712.0,0.187738083407255
2723.0,0.18768089639333238
2735.0,0.15613614922776753
2742.0,0.19388433618473316
2753.0,0.23652301457086558
2758.0,0.17842834086354864
2765.0,0.22819790770991472
2776.0,0.16613185563602037
2781.0,0.21484569071446372
2792.0,0.21100810865283734
2800.0,0.21285033616358326
2805.0,0.2293202101854496
2814.0,0.23174479309160018
2821.0,0.1949679124311132
2827.0,0.2371974898369811
2838.0,0.07137074282058861
2842.0,0.20785142797993034
2846.0,0.24674178215443934
2857.0,0.18725804094940057
2871.0,0.21496203418869497
2877.0,0.21418566292781543
2886.0,0.18445888667596497
2900.0,0.1994623498717649
2906.0,0.2387386288025087
2915.0,0.2423593090122836
2922.0,0.24237368569908826
2929.0,0.1919536136981107
2935.0,0.25210591337343435
2943.0,0.18608522745954734
2951.0,0.1743619094009583
2959.0,0.1775125980751287
2967.0,0.17909620624207767
2974.0,0.1942357105973494
2983.0,0.14816386799007653
2994.0,0.21390833420441974
3003.0,0.22956089799827417
3009.0,0.19280218962688658
3018.0,0.2228991465360448
3023.0,0.21609883956780615
3028.0,0.17712072154551486
3036.0,0.2397919691803479
3044.0,0.21525802305943992
3049.0,0.24325701236133468
3054.0,0.17012596625736756
3065.0,0.14559019519523003
3069.0,0.21315905563250198
3076.0,0.2297175911333091
3085.0,0.23015413238921853
3094.0,0.2433814902202567
3102.0,0.2330884726328472
3110.0,0.1645369832155527
3116.0,0.2114176790671723
3127.0,0.16530320933745554
3134.0,0.17748223563844415
3143.0,0.2078940752743614
3154.0,0.20288240212184722
3162.0,0.24026840110182257
3171.0,0.22935478205254015
3179.0,0.2272749170987143
3187.0,0.08458839982581037
3194.0,0.22186283886333852
3200.0,0.22019174555359833
3211.0,0.20580846893033328
3225.0,0.23619536554493914
3234.0,0.231223238972037
3243.0,0.18202532713928957
3248.0,0.1783483233496918
3253.0,0.22281391632910189
3259.0,0.14882262973643026
3264.0,0.21641574693821203
3268.0,0.21947635696500514
3275.0,0.20278589569661296
3279.0,0.2121043762427545
3286.0,0.26985114492110657
3290.0,0.21307221514277205
3299.0,0.19933593270705585
3311.0,0.14645328421394135
3317.0,0.2103645378274791
3328.0,0.25656817027951045
3334.0,0.17245559216287876
3346.0,0.23235682899073637
3355.0,0.16383737455182665
3363.0,0.18254386045381416
3372.0,0.2280864768532172
3380.0,0.2637124402590018
3389.0,0.16614010838726914
3396.0,0.20832088216958175
3410.0,0.21308452613222034
3419.0,0.20576153003564568
3427.0,0.22793481358319045
3433.0,0.20577076483494308
3444.0,0.20678486094851925
3452.0,0.24652074079424566
3462.0,0.2165615021049064
3471.0,0.26066411319054017
3476.0,0.2247949373510058
3483.0,0.23539634792284314
3490.0,0.2260779938454485
3495.0,0.18894301351966625
3506.0,0.15817906395608278
3510.0,0.2089095623174189
3515.0,0.21404079260784642
3522.0,0.15658482433603782
3533.0,0.18647164868358887
3544.0,0.20954166740769828
3558.0,0.18977585791256465
3564.0,0.23691851010269283
3570.0,0.21942479233006662
3578.0,0.22333808262546104
3585.0,0.22194250384616043
3592.0,0.24735218760233924
3597.0,0.19535707075228753
3605.0,0.23961197578892257
3612.0,0.25175289664673595
3618.0,0.23609680980029824
3624.0,0.22744869252165692
3635.0,0.163374142090751
3642.0,0.2094411040252171
3649.0,0.22975915939380587
3657.0,0.18158672741675563
3666.0,0.1614655410302733
3674.0,0.15162289647310076
3685.0,0.18668153620462827
3692.0,0.20735493341177358
3699.0,0.2539533339874901
3704.0,0.2541005853521426
3709.0,0.21089091087569362
3715.0,0.20020495978546543
3719.0,0.2309384701349619
3724.0,0.23971736218230744
3731.0,0.17267855186743616
3742.0,0.15481764125927344
3754.0,0.1978609730990142
3764.0,0.21927794568553857
3775.0,0.23687128462085574
3782.0,0.20564958474018558
3790.0,0.2703478047109955
3800.0,0.20758138613314903
3808.0,0.23417903519322766
3816.0,0.22160118557938172
3825.0,0.21637010420157396
3832.0,0.18166928125590706
3839.0,0.20471443112895396
3847.0,0.23911475391358922
3855.0,0.1996582152408076
3863.0,0.23539344530111256
3868.0,0.24204659500126074
3875.0,0.26240765027434765
3882.0,0.2388729233417426
3886.0,0.21252528483926153
3894.0,0.21347908078112743
3901.0,0.2359713202453793
3906.0,0.23982025763791162
3917.0,0.20778113016144478
3925.0,0.2146647377934126
3930.0,0.2353052062194772
3938.0,0.20262729359821074
3947.0,0.20910218159103827
3953.0,0.1993802267556154
3957.0,0.20898045031619703
3967.0,0.22179653073538644
3974.0,0.19208551411845723
3981.0,0.24856055531658203
3989.0,0.22689403188425333
4000.0,0.16338293703884219
4014.0,0.1921386465164776
4022.0,0.21329498814174053
4029.0,0.22023817832913734
4036.0,0.17308522748003863
4043.0,0.16779669705033542
4052.0,0.225822753627026
4059.0,0.18722908561718607
4066.0,0.18205747854673246
4074.0,0.21756961313945286
4081.0,0.22709904643347067
4087.0,0.20524099472565455
4097.0,0.22319702428029148
4105.0,0.25080841189195785
4116.0,0.23090856252973024
4128.0,0.2515267181328817
4137.0,0.24915055361500468
4144.0,0.16737903862462647
4152.0,0.2503934372280182
4159.0,0.17914854227228896
4165.0,0.1442093730385574
4170.0,0.1451504483632991
4174.0,0.22373932709130212
4183.0,0.19785904086228165
4187.0,0.17952271525385294
4192.0,0.21684729888548954
4196.0,0.22374331623565144
4202.0,0.16155780934426978
4209.0,0.1955539455178885
4218.0,0.19199191848279343
4229.0,0.23800211910004693
4236.0,0.23378523025998468
4245.0,0.18872413652928777
4253.0,0.21091139676369935
4261.0,0.1565379524677592
4270.0,0.19378116516854402
4274.0,0.11815720195934573
4285.0,0.17328228976084092
4292.0,0.20388215117037242
4301.0,0.24349552090776844
4307.0,0.14085865734511005
4314.0,0.17374879413375982
4322.0,0.24653172528070416
4328.0,0.2211947622615802
4336.0,0.2038533448390392
4344.0,0.1947597368469459
4355.0,0.2725441070274261
4359.0,0.23595532898804
4370.0,0.19920939375041774
4377.0,0.17111114099992508
4388.0,0.19933517767089487
4400.0,0.2556595523597088
4407.0,0.171153951970408
4418.0,0.13529764431535563
4423.0,0.18898600920215963
4430.0,0.19367377693805843
4441.0,0.15648789098634697
4446.0,0.21980079565356853
4457.0,0.17057030087413189
4465.0,0.2226767547099951
4470.0,0.23667660441301439
4479.0,0.20898839566381452
4486.0,0.18550470036758773
4492.0,0.228138040769287
4503.0,0.1002117348370002
4507.0,0.15534896461472764
4511.0,0.17514558547561693
4522.0,0.19267579651626834
4536.0,0.2150157421148147
4542.0,0.21471854545717015
4551.0,0.235413524561633
4565.0,0.1775329748847542
4571.0,0.21487934423089988
4580.0,0.2400137644230264
4587.0,0.19982553726168711
4594.0,0.22522683308715014
4600.0,0.24065304734440046
4608.0,0.2151260879395556
4616.0,0.18741796190058477
