,4
431.0,0.20807617515029606
442.0,0.1844326543602949
449.0,0.19825888274004166
458.0,0.19504832606865855
465.0,0.21974120725665044
472.0,0.17243626454940753
480.0,0.19988783426788728
491.0,0.16680875676104465
498.0,0.1613612590437233
506.0,0.18265341243018116
513.0,0.21937488774063013
525.0,0.21111335928685315
534.0,0.1757938531243625
539.0,0.19406502290443156
544.0,0.18095957268599405
551.0,0.18272182857113284
559.0,0.2176946014752439
567.0,0.19895308365694084
573.0,0.1991180696669531
583.0,0.17834382271827812
594.0,0.19630041849409818
602.0,0.192607959980543
611.0,0.23988667401787084
620.0,0.24620666193414517
625.0,0.16975432710237887
629.0,0.16512887850101882
633.0,0.18318622034860535
641.0,0.19999451790297063
650.0,0.20033984295653678
654.0,0.22851663097550567
662.0,0.19832102137491164
670.0,0.19551246533996366
680.0,0.18119299409249373
686.0,0.20603198864114053
695.0,0.20717843285006476
706.0,0.15844060500041418
717.0,0.18961716514589325
726.0,0.19400636592004528
734.0,0.16760784341331558
742.0,0.21529243985811103
750.0,0.20720938649709006
758.0,0.2135938344257499
766.0,0.18914810834059487
780.0,0.18655521952482307
788.0,0.1789868110827941
800.0,0.19063830577221283
810.0,0.20984213502175833
817.0,0.203121662363123
826.0,0.17111332577459099
830.0,0.19265555089491004
842.0,0.19167610502651775
853.0,0.18802532868695332
860.0,0.21316205393990761
868.0,0.1790461031604619
882.0,0.18366607280229522
891.0,0.1823003260230359
899.0,0.1999636217156961
911.0,0.1730865854736985
918.0,0.20371785583183905
925.0,0.1895413307124191
929.0,0.19739198065962643
936.0,0.18288234468241352
940.0,0.2170016900763803
947.0,0.18061857978561097
958.0,0.18035611959024103
970.0,0.20886760673034932
977.0,0.19062230511132205
985.0,0.16131145954182366
992.0,0.1746612704008919
1003.0,0.18057469395733053
1007.0,0.16669060362114765
1021.0,0.1888336615168137
1027.0,0.24231710070373516
1039.0,0.19042135355891646
1048.0,0.1691597500345975
1056.0,0.20946782250537618
1063.0,0.2039322238581019
1070.0,0.23252893758232157
1077.0,0.15049873747809814
1082.0,0.09740383475277298
1091.0,0.20237505274535178
1098.0,0.1951159904579772
1106.0,0.19545029894279356
1115.0,0.20843331385321576
1129.0,0.18557708640249812
1140.0,0.19213292712526228
1151.0,0.17884632361678007
1159.0,0.1594632793768132
1165.0,0.15967925900446672
1176.0,0.20767357339350329
1184.0,0.18402398492587355
1189.0,0.19257680745625863
1200.0,0.16302483296091677
1210.0,0.22675735825298063
1220.0,0.21392353830382557
1227.0,0.16234030892156104
1232.0,0.21225497244663732
1243.0,0.19475076902750552
1252.0,0.20969735024060665
1260.0,0.16991903454120397
1270.0,0.15507445613050896
1277.0,0.21584838151927552
1286.0,0.21011750312435074
1298.0,0.19199148613194478
