,6
431.0,0.2352905429780291
442.0,0.18050334031429535
449.0,0.14485428596754393
458.0,0.16987434440479351
465.0,0.20876675341316658
472.0,0.17424323875952985
480.0,0.19913422139361625
491.0,0.14393780452876
498.0,0.18210242362500886
506.0,0.17628028182104785
513.0,0.17847418142274896
525.0,0.17797096635960896
534.0,0.1575515217688912
539.0,0.16375040963772886
544.0,0.17598123070392319
551.0,0.18255461689384533
559.0,0.17421228502731922
567.0,0.17502950127935052
573.0,0.17937308212077868
583.0,0.15233930334397
594.0,0.15917247147563152
602.0,0.20601327261053987
611.0,0.159809719750167
620.0,0.17029484474610526
625.0,0.15017298853030556
629.0,0.18167855561643004
633.0,0.17406571078317276
641.0,0.18559758746058744
650.0,0.16474962363554088
654.0,0.18430746289486033
662.0,0.15736144437773175
670.0,0.1705763025289175
680.0,0.17082841584119637
686.0,0.1807169420757865
695.0,0.17646601715780855
706.0,0.20406916075297132
717.0,0.1638963073221594
726.0,0.1642051289597262
734.0,0.16240913501411916
742.0,0.18553482985625058
750.0,0.17900360164873264
758.0,0.18599329311287366
766.0,0.1830380367353126
780.0,0.17313725251221404
788.0,0.1763254952148646
800.0,0.18022429177071453
810.0,0.18108833613632758
817.0,0.1600346250950738
826.0,0.17809259992832163
830.0,0.18300051005231566
842.0,0.20446349559149676
853.0,0.19089577860833537
860.0,0.19067123787607948
868.0,0.20765202166921856
882.0,0.1933895076809493
891.0,0.17026179729261207
899.0,0.18138735099623068
911.0,0.18766048559404844
918.0,0.18996819054965763
925.0,0.17598379208384704
929.0,0.18251618486078636
936.0,0.17931212627468304
940.0,0.17941735022403973
947.0,0.1690683915158411
958.0,0.17024415916293179
970.0,0.1868866766073656
977.0,0.18700242902617936
985.0,0.2163991185133154
992.0,0.18120342904750733
1003.0,0.16590228601527554
1007.0,0.18624921406502426
1021.0,0.16516155688100434
1027.0,0.17124564026249495
1039.0,0.16194087368789142
1048.0,0.17155944594552208
1056.0,0.18656482951287545
1063.0,0.17843049862326316
1070.0,0.2046962268697372
1077.0,0.19050683897256385
1082.0,0.19244906402062298
1091.0,0.18719162369743944
1098.0,0.16687601979341563
1106.0,0.1530499964491362
1115.0,0.16461751810172262
1129.0,0.17761702633598217
1140.0,0.17698946836480978
1151.0,0.17819914955131305
1159.0,0.16675023014541895
1165.0,0.18956530082838485
1176.0,0.19197128376563105
1184.0,0.1856165172869701
1189.0,0.1753730075777945
1200.0,0.1768383582635787
1210.0,0.18367061051311281
1220.0,0.15715493358353635
1227.0,0.16954619760960132
1232.0,0.16799525707448595
1243.0,0.17990968799427806
1252.0,0.15954109759751295
1260.0,0.16344255250346623
1270.0,0.19804133514547176
1277.0,0.18352329296172928
1286.0,0.18586394256324454
1298.0,0.1803208169354438
