,8
0,0.18402391526184061
1,0.19961564471396204
2,0.1802776696242743
3,0.15155791975704583
4,0.14407438772385747
5,0.16030923109347753
6,0.15250150800513515
7,0.16021170375663762
8,0.16883201272796122
9,0.17003415108527412
10,0.16351950189132716
11,0.15296054387576924
12,0.15587640992642984
13,0.15451879178977593
14,0.156376264408652
15,0.17410405564767742
16,0.16102604972563966
17,0.15562896779047025
18,0.16478907678528193
19,0.15624375710896837
20,0.17554787234697425
21,0.1592302221528952
22,0.15249791762588988
23,0.177733655840149
24,0.14439818542633634
25,0.17501064630762125
26,0.1639256393954155
27,0.18025374693950844
28,0.1621836319277705
29,0.15829983778835266
30,0.14301421406883172
31,0.13973947818026397
32,0.1851961362136411
33,0.14077707357618627
34,0.15515398418802528
35,0.1787637233814957
36,0.15401863323541656
37,0.17133336690151604
38,0.1769374657869766
39,0.1706588176624325
40,0.15191341644232245
41,0.16501459581695083
42,0.15716954783029394
43,0.15913871293351403
44,0.14628626788295598
45,0.16607096535616706
46,0.1705326225355682
47,0.16694458528596018
48,0.143944277094906
49,0.1603332116243728
50,0.16344863881905283
51,0.153135676509237
52,0.1511909858850731
53,0.16683881274816506
54,0.1574757381414773
55,0.1766538745776548
56,0.15829523631505985
57,0.1572915354326022
58,0.17292029038214657
59,0.17086834274121754
60,0.18623420294322723
61,0.14360284429961764
62,0.14732975592786138
63,0.16599986017685134
64,0.16108604620069358
65,0.14660745158249144
66,0.1685879780038587
67,0.15368596543784624
68,0.1642385049938155
69,0.15993786497269455
70,0.14905212604703172
71,0.1561057099656787
72,0.1445764621979588
73,0.14368605850534305
74,0.14761053314130854
75,0.14439644110663136
76,0.15448750423196142
77,0.15518904214535445
78,0.1508152790257866
79,0.18343566036166398
80,0.19772875459257314
81,0.15254669151291134
82,0.14972660948096417
83,0.13269505236914356
84,0.15597796023882202
85,0.1509123504289612
86,0.17552158969899617
87,0.1489479982712155
88,0.16341933696946634
89,0.13600893372949735
90,0.1636344039877536
91,0.18375310648993684
92,0.17424593481540793
93,0.1849149158719063
94,0.16581151270936037
95,0.15371866593275796
96,0.15764497920546391
97,0.15309038233598174
98,0.14867935988339834
99,0.15978112615779902
100,0.14243877158655013
101,0.1529689481420682
102,0.1493951862115851
103,0.1770523846319782
