,5
431.0,0.19017477821775752
442.0,0.15240908089561414
449.0,0.1742903238249212
458.0,0.18603738140132542
465.0,0.22020476920351292
472.0,0.1874331529199115
480.0,0.18544662670508544
491.0,0.14651139386385978
498.0,0.17558071168620923
506.0,0.1601843871773692
513.0,0.17253992376938093
525.0,0.1893251872431095
534.0,0.1791658372949604
539.0,0.1607432134830767
544.0,0.1813759992968039
551.0,0.19199919213756578
559.0,0.17104792670198551
567.0,0.19571874399549244
573.0,0.18799614197409747
583.0,0.18218254910014187
594.0,0.1946283305800015
602.0,0.18188448468642684
611.0,0.16327950052689058
620.0,0.17605134383704085
625.0,0.18816847432258213
629.0,0.19895985121804902
633.0,0.21056433299931518
641.0,0.19041761236919172
650.0,0.1901944129787966
654.0,0.20032419571209897
662.0,0.17585953635156665
670.0,0.22396926590228436
680.0,0.1924493622392076
686.0,0.1858199499377775
695.0,0.19268451904740666
706.0,0.18831177257765958
717.0,0.19211477158383272
726.0,0.19655429112982079
734.0,0.19057204823363522
742.0,0.17641401732907258
750.0,0.192111894154949
758.0,0.18391839231858526
766.0,0.2133274347231483
780.0,0.2096543657480143
788.0,0.1842017983784143
800.0,0.19274705318572607
810.0,0.1918826055526253
817.0,0.18550203651859226
826.0,0.19850404385935547
830.0,0.18621927787642867
842.0,0.212517877887528
853.0,0.1982373958880931
860.0,0.215103752858588
868.0,0.17770628487021778
882.0,0.2352562162688133
891.0,0.1793641536966966
899.0,0.1959443783285693
911.0,0.21612379940131748
918.0,0.17973160093131846
925.0,0.1840357226516193
929.0,0.20254297783355094
936.0,0.1809282800663462
940.0,0.19084290320760278
947.0,0.18915200483672576
958.0,0.18933745135692145
970.0,0.19040778537604766
977.0,0.1950884522141043
985.0,0.17686048010115252
992.0,0.2132987426656313
1003.0,0.21185427537637566
1007.0,0.2047660383514533
1021.0,0.2009697684798058
1027.0,0.20722156365264655
1039.0,0.17898438174068176
1048.0,0.18620140347688394
1056.0,0.2103608869469223
1063.0,0.19116575687677345
1070.0,0.191069722920279
1077.0,0.1933383554803217
1082.0,0.14971789979267813
1091.0,0.1775757249864412
1098.0,0.18959361274377431
1106.0,0.1865415816745638
1115.0,0.19380610646669308
1129.0,0.20740052679233287
1140.0,0.1892324143223521
1151.0,0.1918417418247718
1159.0,0.1963548608962058
1165.0,0.15853501893691418
1176.0,0.2036336961059659
1184.0,0.18482447607854047
1189.0,0.14209509339055798
1200.0,0.22981563507936212
1210.0,0.1958911989169005
1220.0,0.19831440415540255
1227.0,0.2030121348234428
1232.0,0.192486888234595
1243.0,0.18807915161844468
1252.0,0.199842306049386
1260.0,0.19203441225205514
1270.0,0.1735293986141963
1277.0,0.1931758594041483
1286.0,0.18295977381336032
1298.0,0.18062363419336694
