,3
4777.0,0.11262081202579304
4782.0,0.19982506126942393
4789.0,0.20734151050064564
4800.0,0.19910670782982942
4809.0,0.1972594021386053
4816.0,0.22872170271840842
4823.0,0.18964524123534587
4831.0,0.239916199956019
4839.0,0.20099585517394805
4847.0,0.1644791719059942
4856.0,0.22371957877728543
4861.0,0.23151729035067323
4870.0,0.16985397848427541
4874.0,0.16375066747375114
4881.0,0.18077671235131107
4890.0,0.23746416639418524
4900.0,0.12481206239416893
4909.0,0.1747958000434441
4917.0,0.1554251772394343
4926.0,0.23558806549300945
4933.0,0.20835685970816392
4940.0,0.2149651528217077
4948.0,0.17660566680742387
4956.0,0.2006983658423736
4965.0,0.18096959085132427
4977.0,0.22025922608315363
4985.0,0.1735326549722996
4993.0,0.23253079771251922
5001.0,0.20786298659742977
5006.0,0.1977757887244947
5011.0,0.1616702411185298
5020.0,0.2178862034330158
5029.0,0.24718344083850158
5038.0,0.19434176856690366
5042.0,0.19590575573933183
5054.0,0.19086821937887608
5062.0,0.18563728242892893
5070.0,0.22965527006585226
5077.0,0.20073719450529967
5088.0,0.13102706846838627
5094.0,0.17561035891361484
5100.0,0.20357836758678888
5111.0,0.17737574510687235
5116.0,0.21456522379783277
5120.0,0.21245546742606425
5125.0,0.20597054066924406
5131.0,0.19168822030603602
5137.0,0.21023211901805652
5144.0,0.20904796310715745
5150.0,0.20353291767602824
5155.0,0.15750478312674684
5159.0,0.24421900865736815
5168.0,0.16077413656301173
5176.0,0.15808453535235506
5183.0,0.2056255350848478
5189.0,0.15982235090512734
5193.0,0.22977877018929802
5200.0,0.20458521446092004
5207.0,0.22473883391645008
5215.0,0.15922489178469465
5224.0,0.17038818449714216
5230.0,0.2165984177051708
5238.0,0.2240333466648179
5247.0,0.19291970379044834
5253.0,0.19175336888692973
5264.0,0.2070927824746246
5272.0,0.2023135847780893
5280.0,0.1604385891840815
5288.0,0.22190075874418677
5296.0,0.24294155471602524
5305.0,0.21718452344676473
5313.0,0.21215813710487266
5322.0,0.19027705911301074
5327.0,0.1591664867440569
5331.0,0.17175915514063694
5343.0,0.1479945761568509
5350.0,0.18895946518221887
5358.0,0.18842549087636343
5365.0,0.21850105185086888
5371.0,0.157617582220932
5378.0,0.14464969568422656
5383.0,0.20901241855027627
5395.0,0.17732595663273998
5402.0,0.2313259479421923
5409.0,0.15031706595940914
5415.0,0.23919449726270636
5423.0,0.20794354936113793
5430.0,0.21677902573519867
5437.0,0.1530838941803284
5445.0,0.17633013600605152
5454.0,0.19346055122883732
5461.0,0.20018913950582465
5471.0,0.2483647613512024
5480.0,0.21673729570619726
5489.0,0.20589165656301914
5498.0,0.21744125007000745
5506.0,0.2004055960137118
5514.0,0.15976747909869243
