,6
2.0,0.18521137681477676
9.0,0.18031312376269823
18.0,0.1538963059803455
23.0,0.18268558627519227
28.0,0.17525008266886183
33.0,0.14637104058961636
42.0,0.15763147774927816
52.0,0.14142046904023392
57.0,0.15871998999018022
65.0,0.184165279501063
72.0,0.1970503128369855
79.0,0.176478840986102
86.0,0.1729037685440872
94.0,0.1937739597785467
102.0,0.17496079636334688
114.0,0.1617176465037848
125.0,0.17449384447665944
132.0,0.1726787640437766
140.0,0.18496620052433727
145.0,0.17557709770189622
152.0,0.19397410823883868
163.0,0.1726798420233795
171.0,0.19296189313044051
175.0,0.17421833240641543
184.0,0.16550308634444663
191.0,0.17070119763228303
199.0,0.20148252623622312
205.0,0.17479306881985995
213.0,0.17319082952924678
222.0,0.18946556344267956
229.0,0.18460211824007067
237.0,0.20211015731403614
244.0,0.17113059234776856
253.0,0.19383680466109326
262.0,0.17175988752232602
266.0,0.18750505550435145
270.0,0.16238225575837223
278.0,0.201810041886689
282.0,0.205944805594758
290.0,0.1922701021024968
297.0,0.17698795192822087
306.0,0.19135456151874014
316.0,0.1757090769780342
324.0,0.17435918892437297
333.0,0.16731434073743534
344.0,0.18771956491888986
352.0,0.17778826773650538
360.0,0.18167701006095519
367.0,0.15420351285149336
371.0,0.18041887817743993
375.0,0.1874088959204693
383.0,0.19111682159072746
391.0,0.1711441478118847
400.0,0.16274732365726138
412.0,0.17814787371061283
420.0,0.1891086986639511
429.0,0.1820933151806088
433.0,0.18790798134630923
442.0,0.1791260485817306
448.0,0.18809706876166254
456.0,0.16791133961788213
460.0,0.1662654351846228
468.0,0.19193233294599035
476.0,0.18057534316340276
483.0,0.17844527985987063
490.0,0.20627301772539394
494.0,0.21607014541130373
501.0,0.18748873552721046
509.0,0.21207946076252637
518.0,0.18932858501701838
526.0,0.19533544349566428
530.0,0.18592336548695262
539.0,0.16622397194784763
546.0,0.1989206892340514
555.0,0.17490836812221794
564.0,0.1816637126510664
572.0,0.16433447596695672
583.0,0.17027323860772628
591.0,0.1708672740188961
603.0,0.1980977003173204
609.0,0.18825719279053507
617.0,0.16445328450761976
622.0,0.16761491186120284
628.0,0.17923472773248378
635.0,0.17216674210425179
646.0,0.1654811589433195
656.0,0.16288549292286847
660.0,0.16743290577857284
668.0,0.17342290730476936
676.0,0.18383156184239452
683.0,0.16288723832467275
691.0,0.1555287114285119
699.0,0.20189985817615205
708.0,0.17628717794464197
715.0,0.16156337966593734
723.0,0.17493059660116958
729.0,0.1913395571761894
737.0,0.19427906403059736
743.0,0.1932480721542691
750.0,0.18295076783218023
761.0,0.20157032927987745
770.0,0.19995910926585755
778.0,0.18072270800320867
787.0,0.17232008645671326
799.0,0.1931247920225013
808.0,0.16980614160456686
818.0,0.16300557141181438
825.0,0.1796586566296878
834.0,0.16453879203212443
840.0,0.18058923805822266
844.0,0.17995694181169078
849.0,0.1697585124556168
854.0,0.17217700296377877
861.0,0.1929232707807785
873.0,0.2021813639446216
877.0,0.20645762982393492
884.0,0.18803952595551385
890.0,0.17253758191688354
896.0,0.17413065476567363
903.0,0.1609887849624327
915.0,0.17540831529125844
923.0,0.16333515251260777
930.0,0.18575286282094047
940.0,0.17194415098900276
948.0,0.1893799926593946
957.0,0.1908513342577738
964.0,0.15412892894335745
968.0,0.1614025630312963
974.0,0.15802091354397915
983.0,0.16417341619458048
990.0,0.18679093208228031
999.0,0.1601654655026925
1007.0,0.18599040679668624
1014.0,0.18160829272998286
1018.0,0.16649854127488667
1025.0,0.18432054454259122
1032.0,0.18040620540200064
1036.0,0.1899731524399069
1045.0,0.18118866922937027
1054.0,0.18450002785175101
1062.0,0.1815090661611849
1070.0,0.18189934230311797
1078.0,0.20213377657039802
1085.0,0.18430240408644413
1093.0,0.17721045548773026
1101.0,0.18023988485725256
1108.0,0.18297340234638482
1117.0,0.17673858407331464
1122.0,0.17323600679986567
1130.0,0.18924196795765166
1137.0,0.18474314986378065
1145.0,0.17409518264993146
1153.0,0.18070186193002719
1161.0,0.1704667718587984
1166.0,0.17734584550325302
1173.0,0.18366076820800953
1177.0,0.1893271205160427
1184.0,0.169450639264201
1188.0,0.17938950517482713
1196.0,0.18508554599084218
1201.0,0.16252570363588256
1208.0,0.17075217694915595
1216.0,0.17484331018732352
1227.0,0.16196419719430635
1234.0,0.17961463582222909
1246.0,0.16421600993680902
1254.0,0.17358664689856673
1268.0,0.17531672568052506
1279.0,0.18991867098087098
1287.0,0.18451357814194358
1298.0,0.1926565111996308
1307.0,0.14270426396677935
1315.0,0.16304612570697224
1320.0,0.17539447464001395
1329.0,0.17323080422631038
1340.0,0.17833909061485448
1345.0,0.16997467922081733
1350.0,0.1740898632720871
1358.0,0.19513587675701163
1365.0,0.19664984673453442
1374.0,0.1889129543312916
1386.0,0.1694893396665566
1395.0,0.17389176191976538
1406.0,0.18079162429630774
1415.0,0.18387436142188754
1419.0,0.1942385447422047
1430.0,0.1679407963450678
1436.0,0.1737443303757738
1450.0,0.18109900428439962
1458.0,0.17797308725279665
1465.0,0.18644655437072374
1476.0,0.17313387570681632
1480.0,0.16113459892790225
1487.0,0.1693067817579531
1494.0,0.16363204115493196
1501.0,0.15799358546927209
1508.0,0.1973009764753344
1515.0,0.17626407124438173
1523.0,0.18495278795477058
1531.0,0.19578231353295414
1539.0,0.21932975635928262
1551.0,0.20365166190368908
1560.0,0.17700143424381723
1569.0,0.18719523773351068
1578.0,0.1902961883243414
1586.0,0.15472413242221092
1595.0,0.1948073910151657
1604.0,0.1913363631089203
1612.0,0.16758555589079382
1621.0,0.1692203222791866
1630.0,0.1893837407275959
1639.0,0.18701962406444542
1651.0,0.19864948261030882
1658.0,0.1746155835226085
1666.0,0.16457373372528097
1674.0,0.17306533742458804
1685.0,0.1623222515166685
1696.0,0.18475118877035485
1704.0,0.1911500392474176
1711.0,0.17930268690801038
1723.0,0.18103603553637254
1728.0,0.18031498048484096
1736.0,0.16184307332803155
1742.0,0.1805017963671611
1753.0,0.1727454001636035
1762.0,0.1514623054893664
1771.0,0.17672165268247791
1780.0,0.18596180911699953
1788.0,0.16044919040836436
1795.0,0.14853418550771133
1804.0,0.19142953482808972
1808.0,0.18251564109492224
1812.0,0.18093016337787968
1823.0,0.15468572665472732
1831.0,0.16090720736255001
1843.0,0.18162194431987383
1851.0,0.17851732361992773
1860.0,0.1811546821160578
1868.0,0.1907187284403831
1879.0,0.18884011258904712
1886.0,0.1730291093663949
1891.0,0.17857721897854675
1900.0,0.19029990846047137
1910.0,0.1798475424535654
1915.0,0.20381341990888122
1923.0,0.19590905095452982
1932.0,0.15912583210101178
1940.0,0.2023821612098408
1954.0,0.17879502477795053
1963.0,0.18186316365798086
1971.0,0.18036866045415356
1979.0,0.1973071593503136
1988.0,0.15462442873015336
1996.0,0.2134128349337512
2005.0,0.19338821595236474
2014.0,0.17936214227366729
2021.0,0.16450783649911369
2031.0,0.18673704814228873
2038.0,0.1715079712595834
2050.0,0.17910502526717123
2058.0,0.17100776615183938
2064.0,0.17738890534731455
2068.0,0.16763771742670266
2076.0,0.19114933397851877
2087.0,0.17379897174234404
2091.0,0.19169431433617418
2099.0,0.1993134650265838
2108.0,0.16791496038010462
2117.0,0.20393018258843457
2121.0,0.171297227912544
2129.0,0.17285382161451837
2137.0,0.141978875724139
2142.0,0.16605263188582847
2147.0,0.16194417283576934
2155.0,0.16945593626174055
2161.0,0.1622417740597162
2166.0,0.18514116900975539
2171.0,0.1663241566023137
2176.0,0.17666349263900785
2181.0,0.167012716470185
2190.0,0.19280789708165952
2199.0,0.16376529906711382
2203.0,0.19341663608792545
2210.0,0.18681292245920678
2217.0,0.18915244573949347
2231.0,0.17237057996391003
2237.0,0.17587893226645016
2245.0,0.18598215155018027
2257.0,0.17508979317118983
2266.0,0.15978151212660807
2275.0,0.20967810566476336
2283.0,0.19565309350412105
2291.0,0.1591154602778039
2300.0,0.19883796799574535
2309.0,0.1642556682500656
2314.0,0.1878407756432888
2318.0,0.16071226398732416
2329.0,0.19238963115463945
2343.0,0.1708252110944234
2353.0,0.18370820586046563
2360.0,0.20237741734644615
2369.0,0.1778509703054111
2376.0,0.1595005475562564
