,4
2.0,0.1989049309565553
9.0,0.17308739964904282
18.0,0.11460277165502517
23.0,0.18121623537354192
28.0,0.17667791803000277
33.0,0.1852556874149557
42.0,0.14263863433653687
52.0,0.12122256444824078
57.0,0.1643080028358173
65.0,0.12718587391469513
72.0,0.18266503998151357
79.0,0.2085530122818774
86.0,0.17009249117340378
94.0,0.19893146928527
102.0,0.22050643477492193
114.0,0.18964064801280506
125.0,0.18780957642413615
132.0,0.22691749212443385
140.0,0.19086515047626929
145.0,0.158923387781217
152.0,0.18963120767879063
163.0,0.1842184803404236
171.0,0.17768526707886922
175.0,0.1340800194911072
184.0,0.20473702039999647
191.0,0.1907268855675588
199.0,0.18618919069066125
205.0,0.1850104564445147
213.0,0.20011489600026136
222.0,0.18425842331069586
229.0,0.12585726901091907
237.0,0.19452759038637155
244.0,0.17610130554394768
253.0,0.1926896216176261
262.0,0.14137938505668876
266.0,0.18205137364530172
270.0,0.21309628681603485
278.0,0.17230023169348174
282.0,0.16790310449385948
290.0,0.20271490895895777
297.0,0.20437869323720825
306.0,0.18820058566176015
316.0,0.18759991506044235
324.0,0.1352276894315611
333.0,0.14564698900899573
344.0,0.23388860026104658
352.0,0.2246698388433727
360.0,0.20996340083143405
367.0,0.16749236564054193
371.0,0.1850046455004509
375.0,0.21345691508202636
383.0,0.17399489305608012
391.0,0.1443216177363092
400.0,0.20263300032243614
412.0,0.20518558236954557
420.0,0.2163543181015504
429.0,0.1731948358839776
433.0,0.18715122640002016
442.0,0.18239810250577648
448.0,0.1637753259782313
456.0,0.21145441153439917
460.0,0.21297682394492867
468.0,0.17015101780661246
476.0,0.19868723087729256
483.0,0.22173354898898268
490.0,0.170257546462019
494.0,0.19666678549703795
501.0,0.15265347054723952
509.0,0.17619657894439716
518.0,0.17642283084094554
526.0,0.20849705676474628
530.0,0.19550700276065347
539.0,0.18280072914044962
546.0,0.1798681420555364
555.0,0.1448663360590839
564.0,0.19407378574829845
572.0,0.14882991095252363
583.0,0.17881120391600577
591.0,0.21042690802715389
603.0,0.2030635500464528
609.0,0.1866045626407956
617.0,0.1937017033900119
622.0,0.20480520996969276
628.0,0.1979183409478087
635.0,0.19457316135693975
646.0,0.15511358853435012
656.0,0.16588563814931465
660.0,0.16125416683664565
668.0,0.16265860954056133
676.0,0.2032570138305453
683.0,0.17189849755146294
691.0,0.1787573745152419
699.0,0.13314884466730073
708.0,0.17257927290957942
715.0,0.19482569991587767
723.0,0.18770419543681055
729.0,0.17796444624746496
737.0,0.1617832404718437
743.0,0.1881956192217453
750.0,0.19002383499001588
761.0,0.18905206796557006
770.0,0.21894875749791753
778.0,0.18541268406837844
787.0,0.1796215391680196
799.0,0.21445054120744697
808.0,0.17117086131317555
818.0,0.2254295858029933
825.0,0.17498848114458976
834.0,0.20008469196926693
840.0,0.1485041253487594
844.0,0.18956528086274266
849.0,0.21193515780740696
854.0,0.17174941938239333
861.0,0.19091621110317025
873.0,0.18811050620162495
877.0,0.18313945233703602
884.0,0.17205415416400385
890.0,0.1828774799815807
896.0,0.180872439228163
903.0,0.22139204684240324
915.0,0.15842911157006062
923.0,0.19020644938825587
930.0,0.19250852816293626
940.0,0.19101384316335177
948.0,0.17102967283154275
957.0,0.1992257607132446
964.0,0.20828421381526482
968.0,0.15063274899071633
974.0,0.1862561789771983
983.0,0.17131245177807522
990.0,0.1756593308890143
999.0,0.1883846407157866
1007.0,0.18699052871575272
1014.0,0.20669015415258093
1018.0,0.13287559619795164
1025.0,0.190188253847605
1032.0,0.13867316722952466
1036.0,0.16602870223501567
1045.0,0.16545357387102644
1054.0,0.18467864802305514
1062.0,0.1637910991466241
1070.0,0.20912884199706186
1078.0,0.2059984973981923
1085.0,0.20303500161367088
1093.0,0.16602444424489948
1101.0,0.18528782835880245
1108.0,0.18895502010918516
1117.0,0.19316956731705062
1122.0,0.20058773496348298
1130.0,0.1915856327695139
1137.0,0.17098121617814566
1145.0,0.15218097426729404
1153.0,0.17825101503917062
1161.0,0.19120064906247103
1166.0,0.17053883924086288
1173.0,0.13885861099993346
1177.0,0.18447294127694905
1184.0,0.17330892644746831
1188.0,0.17942232872031502
1196.0,0.17883329632804937
1201.0,0.22307610560127586
1208.0,0.18779008066403793
1216.0,0.14193525222641062
1227.0,0.19574979405374296
1234.0,0.19346994757607558
1246.0,0.1824261964378842
1254.0,0.1907530999920718
1268.0,0.16938957823925524
1279.0,0.1865263245613626
1287.0,0.19267675283961685
1298.0,0.15358945246702327
1307.0,0.16726411530099328
1315.0,0.16726570969257354
1320.0,0.19938664360007305
1329.0,0.16457242081620602
1340.0,0.2470311347173699
1345.0,0.1638920084828268
1350.0,0.18382230938603328
1358.0,0.19658320309204094
1365.0,0.2051075982573541
1374.0,0.18645572020250414
1386.0,0.15274373520683263
1395.0,0.2135061368806484
1406.0,0.18021456883404607
1415.0,0.18402571725187178
1419.0,0.19668799414942628
1430.0,0.1986946573896005
1436.0,0.16816239201495625
1450.0,0.21384236190395411
1458.0,0.17623424049442266
1465.0,0.20568952257430573
1476.0,0.21274195420415629
1480.0,0.20579302322486345
1487.0,0.22698403659441146
1494.0,0.19589771027070302
1501.0,0.22174672239438029
1508.0,0.19944377164005822
1515.0,0.19097509353959644
1523.0,0.21612187733837523
1531.0,0.22866018906786947
1539.0,0.2006315556636125
1551.0,0.1677791302470354
1560.0,0.19353917847441712
1569.0,0.15507410153849274
1578.0,0.21461968921594726
1586.0,0.1921773497574063
1595.0,0.16445953276128852
1604.0,0.2111734288110934
1612.0,0.15715614597958694
1621.0,0.16136433192171543
1630.0,0.13577743426257152
1639.0,0.21372458810896983
1651.0,0.18454553285634112
1658.0,0.16368577512875776
1666.0,0.21611117232331278
1674.0,0.20125531428963914
1685.0,0.1740093272126039
1696.0,0.13041177877758192
1704.0,0.16370000342370603
1711.0,0.16553148108510798
1723.0,0.18330372258638136
1728.0,0.15431274704054593
1736.0,0.17055073072204957
1742.0,0.18475748134666015
1753.0,0.18365822099331597
1762.0,0.18953230494197584
1771.0,0.20237647529166922
1780.0,0.21612882480247964
1788.0,0.2154603043112552
1795.0,0.15916777723556969
1804.0,0.20276834090845763
1808.0,0.18122811427441002
1812.0,0.1792848373194502
1823.0,0.1778970689816557
1831.0,0.15468013749107162
1843.0,0.22751817272902009
1851.0,0.21552874272570677
1860.0,0.15702506119827325
1868.0,0.19265376875524448
1879.0,0.18270255004330502
1886.0,0.18929398200683148
1891.0,0.21609360798305835
1900.0,0.21585682123818892
1910.0,0.16840277102777557
1915.0,0.2088893740885063
1923.0,0.2111674458607537
1932.0,0.22000549258947566
1940.0,0.21843401070822963
1954.0,0.17363608770016464
1963.0,0.1603219696531638
1971.0,0.17241442345846103
1979.0,0.16955257656947942
1988.0,0.2114849177248639
1996.0,0.19883365918479015
2005.0,0.18178953962614747
2014.0,0.197945924774651
2021.0,0.2077191553927856
2031.0,0.18585556464854272
2038.0,0.19119887007715067
2050.0,0.197692141987074
2058.0,0.2053730518664578
2064.0,0.19793134634641424
2068.0,0.16650677080341694
2076.0,0.21043679209756452
2087.0,0.1794970232562169
2091.0,0.1620922360992096
2099.0,0.18592081360116886
2108.0,0.18841586354364778
2117.0,0.17784449535118485
2121.0,0.17450084682532505
2129.0,0.22658431561375245
2137.0,0.20866440479528925
2142.0,0.1551831327944912
2147.0,0.2213525882964458
2155.0,0.15153782036011282
2161.0,0.21279149887320684
2166.0,0.16990806076587422
2171.0,0.1729702845315791
2176.0,0.18750460059955798
2181.0,0.20534510124766514
2190.0,0.198644551268111
2199.0,0.18588440007859364
2203.0,0.204741145533622
2210.0,0.18221590152957498
2217.0,0.1721191822171883
2231.0,0.2159158071432372
2237.0,0.16824348484250592
2245.0,0.18061411668647714
2257.0,0.11682894801806201
2266.0,0.2076543015572703
2275.0,0.17984405413869686
2283.0,0.21498609859140427
2291.0,0.15655946728389886
2300.0,0.15555633668806312
2309.0,0.18594785821520995
2314.0,0.22869377227793503
2318.0,0.19281723003761997
2329.0,0.18359669013564084
2343.0,0.21460055241136977
2353.0,0.19620105658361067
2360.0,0.20391961485041252
2369.0,0.18444481265013624
2376.0,0.1826413597052867
