,3
2548.0,0.19101964477195402
2554.0,0.15647008141875363
2563.0,0.16378303730908692
2574.0,0.20885137148662822
2581.0,0.16162021977751836
2588.0,0.2365227212050176
2596.0,0.1629019102603771
2604.0,0.21846448402403437
2612.0,0.2061431878409525
2618.0,0.17966517584243144
2622.0,0.19997755720558608
2630.0,0.1796275525546926
2641.0,0.1943634602052519
2652.0,0.17973195261412173
2661.0,0.22388714015949657
2668.0,0.21693286909448273
2677.0,0.15666994276282686
2685.0,0.2079754153752659
2694.0,0.2230182670246282
2701.0,0.23262126410787504
2709.0,0.24408991217120898
2714.0,0.20018592703282248
2723.0,0.2316363553288197
2734.0,0.2537798399081408
2741.0,0.20100828656865696
2749.0,0.2146506824794576
2756.0,0.13794961932651817
2764.0,0.211860380594067
2772.0,0.1932586250905
2776.0,0.19947295457555755
2784.0,0.23342215502696137
2791.0,0.20334104804007264
2800.0,0.16869814681231657
2809.0,0.21859126567005047
2820.0,0.1493866462174662
2828.0,0.19556107511031529
2839.0,0.2083331209319585
2851.0,0.20771376017437138
2862.0,0.18629667066668468
2870.0,0.22241609939728463
2877.0,0.185837729572237
2885.0,0.23780847546747652
2896.0,0.2043228808510126
2904.0,0.17036532790863423
2913.0,0.2012597766866345
2925.0,0.1457662752972044
2936.0,0.18603452364679698
2947.0,0.17850270333382107
2955.0,0.23138895498978404
2966.0,0.20398941225082015
2974.0,0.1939808075358995
2985.0,0.20979390863157266
2992.0,0.26891484957436657
2998.0,0.22261216086099472
3009.0,0.23459774530284827
3017.0,0.2030596874343011
3022.0,0.17337330803116782
3030.0,0.1528921513548146
3038.0,0.19634310518015077
3050.0,0.2052051592840852
3062.0,0.20365119787800012
3074.0,0.17672210457152424
3083.0,0.2242704711841131
3089.0,0.19467938603639157
3093.0,0.1741371778706072
3097.0,0.2386520381641824
3108.0,0.21388452112994605
3116.0,0.20156814244819574
3127.0,0.14913141033087207
3138.0,0.24385540200933783
3145.0,0.24214378560285063
3152.0,0.18204937551596867
3160.0,0.21285272048860246
3167.0,0.17583491022691738
3174.0,0.23264005917508754
3182.0,0.1878717511695805
3190.0,0.16427372783674424
3198.0,0.2220499287913246
3209.0,0.17134865758359244
3215.0,0.19175676034814468
3224.0,0.1989051040331943
3233.0,0.23149260717775924
3241.0,0.12838383812414972
3250.0,0.17179264710369882
3261.0,0.20617662559046718
3273.0,0.22852998246225636
3282.0,0.200844520568935
3290.0,0.19552769046894442
3294.0,0.22896324284686762
3303.0,0.11259519791892605
3312.0,0.1446965994667487
