,8
0,0.16353177399753632
1,0.15500639759762372
2,0.18596667653417315
3,0.1712719531976396
4,0.1673139651089407
5,0.15947314072174698
6,0.15475744174277012
7,0.13311347881863864
8,0.16362050279731066
9,0.15323009114583502
10,0.1655813151965649
11,0.1651020822958734
12,0.1605780821036151
13,0.17849314950502254
14,0.16266899734771367
15,0.16319202728425675
16,0.1559618834768257
17,0.17897597308213495
18,0.1677554344005786
19,0.1544152028880432
20,0.13745166908121015
21,0.15774868985394067
22,0.1666717446234734
23,0.17181349420963427
24,0.1481434126214913
25,0.15628328178074777
26,0.15475739183939435
27,0.16214927676118288
28,0.15394654403703703
29,0.1487013989925195
30,0.17926904791425755
31,0.18594608602109608
32,0.17805389172263575
33,0.14715789865742424
34,0.17314700967993144
35,0.16816731193525977
36,0.1555082365936433
37,0.15844425836097573
38,0.17315281014641878
39,0.153785819787474
40,0.14829996526109973
41,0.1598776924502017
42,0.1592541498364738
43,0.1484600968728843
44,0.15102595402879956
45,0.1476090562046372
46,0.1673746205745472
47,0.17910416157409628
48,0.16772992397235473
49,0.1865336962717031
50,0.15550636135121482
51,0.14984415391051126
52,0.1465561259008023
53,0.15946018119453612
54,0.15607423205202928
55,0.14968333166587044
56,0.1538455939501008
57,0.15025376230161905
58,0.1792273410755439
59,0.14794664227100446
60,0.1566726088357201
61,0.15497370688722736
62,0.1390408013521605
63,0.1371261955645721
64,0.18858090866206217
65,0.17808481894484793
66,0.16069890709908088
67,0.16455146491327102
68,0.1618969822529981
69,0.17494595523261147
70,0.16678312501467701
71,0.19851784598994535
72,0.16500623714695561
73,0.16746157294465505
74,0.17472807560233483
75,0.19077363808455539
76,0.16765067399508568
77,0.1588695133701084
78,0.15422850501575575
79,0.1912587052897518
80,0.16120108678094625
81,0.1467933538231497
82,0.17440745192019638
83,0.17528869790074283
84,0.1416149188336782
85,0.1834951988696447
86,0.15650503280879727
87,0.19964839018989358
88,0.17954048674530163
89,0.1623409368528994
90,0.1445305571365242
