,4
2.0,0.1740640926658822
10.0,0.16781206026038065
19.0,0.17609842991650373
30.0,0.14835176119333668
42.0,0.21407877202280667
53.0,0.17243502358919482
61.0,0.15264925096500365
69.0,0.1941392447880035
73.0,0.18998270450146967
82.0,0.20687567405519358
88.0,0.23085589012274998
92.0,0.20738026548608607
100.0,0.20585944675634776
111.0,0.17966736001076603
118.0,0.1984201221370749
124.0,0.13276424393813646
130.0,0.17437317589309448
138.0,0.19785357715765847
142.0,0.17948109221216801
150.0,0.2193521477759728
154.0,0.19939723498874343
161.0,0.19953578505338682
175.0,0.21958776010754158
182.0,0.19046872834229672
189.0,0.18276623010532714
200.0,0.2065388295436518
204.0,0.1999698273061664
208.0,0.19795677492882813
217.0,0.17728215034977912
225.0,0.16756863213090553
232.0,0.17571903748184928
240.0,0.18523449903857234
249.0,0.17069534362209776
257.0,0.1745524977366454
262.0,0.11982117845137841
271.0,0.18829255761346037
281.0,0.187614224497329
289.0,0.21208326122520305
297.0,0.1886757266646061
304.0,0.20220766798199305
312.0,0.18103543298579133
317.0,0.19403589864254295
329.0,0.18281391400839428
337.0,0.1636051285853129
345.0,0.14047699046844628
349.0,0.1310093163710527
357.0,0.18168561395333518
365.0,0.16559853725377183
373.0,0.21724149247210423
384.0,0.17832728593505753
392.0,0.20962279247500587
399.0,0.15514779133440978
404.0,0.20445743171640737
413.0,0.16192751072893546
420.0,0.17682491132003603
432.0,0.20859454005196762
437.0,0.2396534263518031
442.0,0.21148833461768193
446.0,0.23075804648184364
455.0,0.20120439825061343
460.0,0.19276871533688417
469.0,0.16608637572645735
476.0,0.23640006654645881
483.0,0.1096093890156876
491.0,0.21221732504180593
495.0,0.1868580647808104
503.0,0.19962487444056082
511.0,0.18510967439696835
519.0,0.18985715232540742
528.0,0.1956216632478249
537.0,0.2025582526190379
546.0,0.1878107947558952
550.0,0.17460551632023547
564.0,0.20529358558681257
575.0,0.17090820708603596
586.0,0.22779061856666172
592.0,0.2151160249728975
598.0,0.08844141867543234
606.0,0.17379559926391555
613.0,0.19159612278374707
621.0,0.18455001917123015
628.0,0.17707980737430454
635.0,0.1584103014552733
644.0,0.18014884067372955
652.0,0.2084873520109593
663.0,0.1786925210487864
677.0,0.18072588766783163
681.0,0.1996958991957068
685.0,0.20468738420996999
691.0,0.15407069896895176
696.0,0.18991413963043405
705.0,0.21360482231979744
712.0,0.11565471975125786
721.0,0.18069417754059652
732.0,0.1515055769518922
736.0,0.1606949274362074
744.0,0.18646733917807323
750.0,0.1892312506500219
761.0,0.13852353723534985
770.0,0.1850539685581517
780.0,0.16635115234489217
788.0,0.2250686174390064
796.0,0.20985497755151578
805.0,0.21876696027820608
809.0,0.10535228559072778
817.0,0.21152909519534704
826.0,0.19859128921716085
831.0,0.1972990592456274
837.0,0.2022515948253009
845.0,0.20203718082077854
854.0,0.1889594326426364
865.0,0.21348120974444215
873.0,0.11628224939007793
882.0,0.21546900097838179
890.0,0.17288375540748713
899.0,0.194303621160356
911.0,0.1546601848370281
918.0,0.17773567559350703
926.0,0.19643361843496723
933.0,0.1648983641469855
940.0,0.2155911726615926
951.0,0.17926053189496408
956.0,0.2068884844518004
964.0,0.19576523749952668
975.0,0.18932623857919054
982.0,0.18307167748258926
990.0,0.2295765080223158
997.0,0.1498673390380221
1005.0,0.11714848549661962
1012.0,0.18839623272846115
1019.0,0.17555482015912666
1027.0,0.17385037331620842
1036.0,0.10280650372439343
1045.0,0.2056620874820843
1052.0,0.19593555133674367
1059.0,0.21677437446755066
1070.0,0.21797828875156444
1075.0,0.21369871549187097
1083.0,0.20280172262063362
1090.0,0.204526540352815
1100.0,0.20121065336783125
1107.0,0.18466530426952
1115.0,0.17045617284468312
1123.0,0.2005614605681067
1132.0,0.22415749649187763
1136.0,0.2010704150994833
1144.0,0.14460830888023615
1149.0,0.22562545681400853
1157.0,0.2020272892733521
1169.0,0.1744939693950946
1183.0,0.1847685435606135
1187.0,0.1918808160486725
1194.0,0.20225189145413505
1200.0,0.19626523354366884
1211.0,0.22287551742203288
1225.0,0.17799658955931055
1231.0,0.20929065686516932
1237.0,0.19618889015769858
1245.0,0.21101554333861877
1254.0,0.20330388227121887
1262.0,0.20386122503450158
1270.0,0.1862487147509663
1279.0,0.1838252707502871
1284.0,0.1825257550911431
1296.0,0.2533425676949974
1302.0,0.1847892404468741
1309.0,0.23279250015843755
1314.0,0.2142239305407692
1325.0,0.18261363095729274
1334.0,0.21171840678149112
1345.0,0.2126329291462503
1353.0,0.13900900592154405
1361.0,0.20507614789427334
1369.0,0.1261889656679742
1376.0,0.11187019820004744
1383.0,0.1866908415199863
1391.0,0.17668496070838174
1397.0,0.19030169780944964
1406.0,0.18643335323489896
1415.0,0.1904101634462532
1420.0,0.17181949875156738
1429.0,0.18904019557984925
1441.0,0.13596050173375426
1451.0,0.16230730464801615
1459.0,0.20410444486878798
1470.0,0.1934354922942246
1479.0,0.14939195063406804
1490.0,0.1803562700409258
1499.0,0.14966095351994574
1508.0,0.17958515715200202
1515.0,0.17975583878088494
1524.0,0.19533753928363476
1531.0,0.17677237086841305
1540.0,0.18549108870057024
1548.0,0.16652735973475685
1555.0,0.1873077380803153
1564.0,0.20818412285911578
1572.0,0.18632017839937573
1583.0,0.17440380318600096
1593.0,0.19539994886739195
1602.0,0.19348854318965528
1610.0,0.19572737820173203
1614.0,0.17967830330848394
1621.0,0.1807420946346541
1625.0,0.1741903987537505
1630.0,0.1679832655092209
1638.0,0.20257766898042803
1645.0,0.140582352309619
1659.0,0.20188558425399775
1665.0,0.19975102571205286
1672.0,0.18943228963742106
1680.0,0.20314409426562544
1685.0,0.21353898951079117
1691.0,0.20713643612032126
1695.0,0.18946559258526594
1703.0,0.19894416158769537
1710.0,0.17464420752635357
1716.0,0.17330143129222955
1720.0,0.2225871555854472
1729.0,0.1779529405817691
1741.0,0.10840831714675153
1749.0,0.18491651844880852
1755.0,0.13282827307808817
1759.0,0.21101459171352252
1767.0,0.17069940114341717
1774.0,0.1752762053830635
1781.0,0.212297212608523
1793.0,0.18156113597011675
1799.0,0.1831200588550504
1810.0,0.18264227157203677
1815.0,0.21293700843523095
1821.0,0.2238540303124435
1829.0,0.17335040988426537
1835.0,0.21074800932905394
1839.0,0.19342255183670376
1851.0,0.192154226631948
1860.0,0.19009510328838783
1874.0,0.17646946591647794
1882.0,0.11014789215235556
1891.0,0.19496317123112988
1899.0,0.19885805838458662
1908.0,0.1779285040820438
1916.0,0.20039621526939452
1924.0,0.19608359963516875
1930.0,0.1655568463502778
1939.0,0.11821466978985885
1948.0,0.19427165448967787
1952.0,0.1931433354017095
1963.0,0.15995019167449376
1974.0,0.17566517476091129
1983.0,0.18783885009008966
1992.0,0.1791012373971254
1997.0,0.18839037391524305
2006.0,0.20329403012074398
2014.0,0.2002837319894634
2019.0,0.14982638680418942
2028.0,0.1984885094079346
2036.0,0.1951714977079281
2045.0,0.16498915859674604
2050.0,0.19809879858528523
2058.0,0.21350504358978895
2063.0,0.20197030292732293
2072.0,0.18188334162649442
2083.0,0.16682727166854877
2091.0,0.19380035796414016
2095.0,0.17554236158566938
2101.0,0.16070065120789462
2108.0,0.17228161524226934
2116.0,0.18082311987179678
2123.0,0.16109639796843556
2132.0,0.21891323227717552
2140.0,0.19833494495305315
2145.0,0.21938749314650957
2153.0,0.17499419074066294
2158.0,0.1807600081177068
2172.0,0.17504072525322767
2178.0,0.16037931582038345
2186.0,0.20820844562250365
2197.0,0.17833099540562203
2205.0,0.2016033612903268
2214.0,0.1884701755812125
2218.0,0.2010871778084064
2225.0,0.196097996562697
2231.0,0.17728107453844044
2237.0,0.18926480394648723
2244.0,0.17555979197584623
2252.0,0.17687823683959933
2260.0,0.14197672712694323
2264.0,0.16545093495185156
2269.0,0.19609367447282677
2275.0,0.1677544095341063
2283.0,0.15873134307353529
2288.0,0.1729544537714235
2297.0,0.20072389206704447
2306.0,0.11437320879093378
2314.0,0.18034309651355987
2322.0,0.18645807646074955
2331.0,0.1643719551337354
2339.0,0.17334941818167315
2347.0,0.17201179447761647
2351.0,0.2061964158106239
2356.0,0.1654093856258961
2364.0,0.19210013826619032
2373.0,0.22372726502959758
2380.0,0.19172950980085365
2388.0,0.19455312247293124
2395.0,0.18830614612858398
2404.0,0.18928809852832815
2412.0,0.14654496247079488
2418.0,0.2232967298570279
2424.0,0.21629847929672655
2430.0,0.19053954041554047
2438.0,0.20543136930918401
2445.0,0.176127227381792
2455.0,0.19075473198772822
2464.0,0.19737322988005812
2472.0,0.19978275640389323
2480.0,0.18366733688664066
2486.0,0.18008890031093694
2494.0,0.16488507910804856
2502.0,0.22163012186564848
2506.0,0.19595271952924137
2514.0,0.09467787939305511
2523.0,0.13206500032034682
2530.0,0.17923026307436096
2542.0,0.23757424664178906
