,5
2.0,0.17569271763570662
10.0,0.21398153456932617
19.0,0.16448746358654354
30.0,0.18507169429678175
42.0,0.18417460094169055
53.0,0.20127902119146723
61.0,0.1892330216148534
69.0,0.19943646768470283
73.0,0.19865009709476456
82.0,0.1786421795589309
88.0,0.2005204462949699
92.0,0.22026285440406823
100.0,0.18298295254230132
111.0,0.16050775661944972
118.0,0.17043896620515556
124.0,0.16048319618227852
130.0,0.17250137149420747
138.0,0.17463138154116534
142.0,0.1659802700073253
150.0,0.19294990535042175
154.0,0.19047557475556434
161.0,0.22897814948546077
175.0,0.1709182964193807
182.0,0.18910027744453767
189.0,0.21453978279935226
200.0,0.19288020987141535
204.0,0.18455532727227963
208.0,0.18927853946856116
217.0,0.16562435657687485
225.0,0.16990738185040571
232.0,0.17730200982221292
240.0,0.16582939210775846
249.0,0.1622857917029581
257.0,0.18195385781897605
262.0,0.19570126306262842
271.0,0.1731455686503813
281.0,0.17476688446123137
289.0,0.19753196720375507
297.0,0.16424939439376499
304.0,0.1642084014463496
312.0,0.18662074544441276
317.0,0.17739432388438944
329.0,0.17256303505185033
337.0,0.16472735155233892
345.0,0.1553710479197769
349.0,0.1977549297747391
357.0,0.16857372567799672
365.0,0.18673925218723908
373.0,0.18094607062525198
384.0,0.17923864918803173
392.0,0.1867972176786067
399.0,0.1607203174262785
404.0,0.18994424387945436
413.0,0.1713860729986192
420.0,0.1856146265056466
432.0,0.16014775030037715
437.0,0.19646843791144233
442.0,0.20494337262895815
446.0,0.16015987368038295
455.0,0.19499894947758464
460.0,0.1754678968439225
469.0,0.16596535367481358
476.0,0.18224130326842636
483.0,0.1671138910423595
491.0,0.19430601438277662
495.0,0.19991205138174442
503.0,0.1838366386388894
511.0,0.15753060642111136
519.0,0.18707064820911942
528.0,0.19912663439118092
537.0,0.1832696617090751
546.0,0.18026086744192132
550.0,0.22392635512064363
564.0,0.20479497195350813
575.0,0.18131822394736444
586.0,0.19968150543596763
592.0,0.17824874507242758
598.0,0.1746571609282732
606.0,0.1848185994837941
613.0,0.1678519201709306
621.0,0.1994625295754396
628.0,0.18156893781041702
635.0,0.1712592119018516
644.0,0.16574002532686197
652.0,0.1946245388166641
663.0,0.21357837432713472
677.0,0.21210459519322303
681.0,0.21589603927259324
685.0,0.20037930807761947
691.0,0.19719463765997564
696.0,0.20707490150172334
705.0,0.17836362581939788
712.0,0.20468895481475824
721.0,0.18194524434750137
732.0,0.17630415277761521
736.0,0.18745316155138694
744.0,0.2072470491704382
750.0,0.2038026222249353
761.0,0.17919226500762442
770.0,0.19298609484820173
780.0,0.1822319267165184
788.0,0.18984101124005318
796.0,0.18245336460649275
805.0,0.1976388955169803
809.0,0.19766015984380733
817.0,0.18775209321084022
826.0,0.14679629142013825
831.0,0.18694614574901589
837.0,0.19731248235310836
845.0,0.1708114755169489
854.0,0.18405594221335358
865.0,0.16790447490515592
873.0,0.16160496511492517
882.0,0.20107554591474283
890.0,0.186930505498697
899.0,0.17277315580413521
911.0,0.20885236382223302
918.0,0.16780662856622325
926.0,0.20468962925021436
933.0,0.17971215622538703
940.0,0.1942762139003636
951.0,0.1894379847094149
956.0,0.1891344494697329
964.0,0.1857156745389246
975.0,0.21613464389801695
982.0,0.16331764309941893
990.0,0.19740373930048208
997.0,0.2100442843628035
1005.0,0.16503642934981663
1012.0,0.15481592545741046
1019.0,0.18261848318027485
1027.0,0.17517329914063792
1036.0,0.19973427720855425
1045.0,0.18819614068310347
1052.0,0.1874165831710864
1059.0,0.16942866025844844
1070.0,0.1991580730528893
1075.0,0.19076209241454364
1083.0,0.18261589647264634
1090.0,0.1810932346537849
1100.0,0.1899572993340479
1107.0,0.16285084740451064
1115.0,0.19308616143898868
1123.0,0.1916496465582169
1132.0,0.1880364058329965
1136.0,0.19023939973241702
1144.0,0.20698434443551836
1149.0,0.18144001113005973
1157.0,0.20553474612749836
1169.0,0.166478221063036
1183.0,0.18232685033244952
1187.0,0.193639343913047
1194.0,0.16745657658725444
1200.0,0.17967322368570784
1211.0,0.20240288511040605
1225.0,0.17974973318752266
1231.0,0.18503694823904895
1237.0,0.1726459169600018
1245.0,0.1950701896154458
1254.0,0.18172441083160318
1262.0,0.19138976456561596
1270.0,0.1873093488652224
1279.0,0.19429207151890238
1284.0,0.17452818979781481
1296.0,0.1789348560212096
1302.0,0.20447280563814615
1309.0,0.19918399294240907
1314.0,0.1784104939854427
1325.0,0.18690002787710344
1334.0,0.1973406964054711
1345.0,0.20805747515389722
1353.0,0.205092257039348
1361.0,0.19865334820089353
1369.0,0.20919472339268
1376.0,0.1974747348463402
1383.0,0.21477576976358628
1391.0,0.17156200481242934
1397.0,0.1914638398285205
1406.0,0.18666422222823126
1415.0,0.17082978895107923
1420.0,0.11637863751137972
1429.0,0.17313728148397511
1441.0,0.1997424654167621
1451.0,0.19854544874368885
1459.0,0.18939628173958167
1470.0,0.1962451954956902
1479.0,0.17616083766535598
1490.0,0.19174594146161886
1499.0,0.18079196292285005
1508.0,0.1813971957120659
1515.0,0.19475865299173142
1524.0,0.17478000580950198
1531.0,0.18707883735841227
1540.0,0.18517590784295998
1548.0,0.1880244759702169
1555.0,0.18620097238806088
1564.0,0.20162913759253567
1572.0,0.1957179844096485
1583.0,0.1870013399714451
1593.0,0.19785809734683138
1602.0,0.191801885263987
1610.0,0.17748333979960618
1614.0,0.20242694946067816
1621.0,0.18998802454631902
1625.0,0.20333275280328794
1630.0,0.20220700023257102
1638.0,0.19326166636677092
1645.0,0.21197240499457595
1659.0,0.22285469345182465
1665.0,0.18545343013810647
1672.0,0.19073195016334601
1680.0,0.1591030936988184
1685.0,0.16878327430583703
1691.0,0.2029202695065773
1695.0,0.1789870266931374
1703.0,0.18711808333424135
1710.0,0.2062282387105635
1716.0,0.20039105161876122
1720.0,0.18242779094583367
1729.0,0.20290282970080084
1741.0,0.18900641879708552
1749.0,0.15077051538013084
1755.0,0.18653386520952908
1759.0,0.1833901705209122
1767.0,0.17616716860674655
1774.0,0.2051804328235066
1781.0,0.19919955305363254
1793.0,0.19946070949405129
1799.0,0.19506939693215103
1810.0,0.18267944837620664
1815.0,0.18916225411915688
1821.0,0.18073840679309416
1829.0,0.1786428001451754
1835.0,0.1991601116427287
1839.0,0.19953417345574173
1851.0,0.15826027634825765
1860.0,0.17873027355264678
1874.0,0.19344630802158289
1882.0,0.1795603399543989
1891.0,0.17759427116387785
1899.0,0.17793952151509052
1908.0,0.1760344776573182
1916.0,0.1970003222584099
1924.0,0.18096679359639592
1930.0,0.17783038002995263
1939.0,0.20456532707442232
1948.0,0.196205327366725
1952.0,0.18565202071823309
1963.0,0.19823850047122857
1974.0,0.18442601055215235
1983.0,0.19126255290157695
1992.0,0.1867173326271057
1997.0,0.19219936455382114
2006.0,0.17473058769701166
2014.0,0.1938202027612324
2019.0,0.18613608986153068
2028.0,0.18669766424558765
2036.0,0.16687426217395104
2045.0,0.19707632149915816
2050.0,0.18149691631159132
2058.0,0.19025149544454942
2063.0,0.1845466136462671
2072.0,0.1936993568487711
2083.0,0.1868284252549604
2091.0,0.16802568062907708
2095.0,0.2051113977295215
2101.0,0.1892428260216196
2108.0,0.19269215775173962
2116.0,0.19492401133201256
2123.0,0.20026825022998704
2132.0,0.17338498442623776
2140.0,0.19006867075151812
2145.0,0.1837135717573083
2153.0,0.15460866553416786
2158.0,0.17612783543303628
2172.0,0.18215392830344151
2178.0,0.1963664305271616
2186.0,0.1859714834713548
2197.0,0.16101955226354114
2205.0,0.15494482573137694
2214.0,0.20370590093064433
2218.0,0.17691954843641725
2225.0,0.16292329841824094
2231.0,0.18755611889164275
2237.0,0.18792388035166885
2244.0,0.16436348754554758
2252.0,0.18083716825917806
2260.0,0.13951930940461055
2264.0,0.18634337028631692
2269.0,0.19568374343292874
2275.0,0.18692749825769725
2283.0,0.20356354035970423
2288.0,0.19492425103586328
2297.0,0.19841183418040964
2306.0,0.192978482456329
2314.0,0.16625708225563315
2322.0,0.1782250470699362
2331.0,0.16702047279418886
2339.0,0.18778755604565137
2347.0,0.15897936947953487
2351.0,0.1979825391680865
2356.0,0.1936132464839709
2364.0,0.1759364494362572
2373.0,0.17519254957019065
2380.0,0.18873227151711172
2388.0,0.1979253453384233
2395.0,0.1674583819953122
2404.0,0.1731289369657189
2412.0,0.18054437311071692
2418.0,0.1924832822941176
2424.0,0.16733455122605354
2430.0,0.18547501812093328
2438.0,0.19239262668516421
2445.0,0.16048570193266012
2455.0,0.18734682159855495
2464.0,0.17422184682668512
2472.0,0.17186700859999457
2480.0,0.17529468713542995
2486.0,0.16874395849927912
2494.0,0.18868488964901461
2502.0,0.18883725578812502
2506.0,0.18752006903429788
2514.0,0.17978396097027888
2523.0,0.1320193834725968
2530.0,0.18604501928387993
2542.0,0.2082724560495646
