,8
0,0.19698738454675557
1,0.2055574326361837
2,0.14648166569693374
3,0.15569968492882352
4,0.1509729658142035
5,0.16554791872647018
6,0.15660592808063853
7,0.15439861753057085
8,0.15498619017490697
9,0.1675305079487348
10,0.1547245312310273
11,0.17600871808268778
12,0.1453962816523737
13,0.16537449168022833
14,0.15913504911572476
15,0.16765747167187856
16,0.13720489168992653
17,0.16276755129340642
18,0.14979670843963397
19,0.14757052187845413
20,0.15227746848803161
21,0.15256757546033314
22,0.14366358877013166
23,0.16799018495541598
24,0.1826832826406568
25,0.17063856447109194
26,0.1432336312714965
27,0.15528905579524302
28,0.1872150354408445
29,0.1798124062155315
30,0.1526168203280631
31,0.17063697390513796
32,0.16906130096082309
33,0.16528014214838516
34,0.15320261471522773
35,0.15183789558762148
36,0.153539233362734
37,0.1487444402131954
38,0.15901043517365118
39,0.1495971376979904
40,0.15223437792028882
41,0.15565272036918645
42,0.15074284452028167
43,0.16930490023998124
44,0.16939392380394427
45,0.16655578317895958
46,0.17038067360594603
47,0.17557897713001971
48,0.15783547918533003
49,0.1529427799545151
50,0.16274473450513677
51,0.15801652295282978
52,0.1449175795181525
53,0.16422517212606214
54,0.1572802334893872
55,0.15821940156862097
56,0.16782709425832082
57,0.1686592915970726
58,0.16055399242070595
59,0.16535046087154795
60,0.1623147239827911
61,0.1579483203984299
62,0.19542768387709847
63,0.1872568119740529
64,0.1780096666496323
65,0.15779458546741504
66,0.15742789163058618
67,0.16190834285287187
68,0.16070775384621735
69,0.15332996030803847
70,0.14385490737725287
71,0.1384669149177019
72,0.14754947504475807
73,0.14261632602976068
74,0.1532465050126133
75,0.1662978964416969
76,0.15721931102843184
77,0.16001343795628795
78,0.17155837847082556
79,0.18970004896603868
80,0.1383920154387977
81,0.18436177643094137
82,0.164451828557126
83,0.15574273296571248
84,0.1583672604247907
85,0.16671036438660136
86,0.1630303026816822
87,0.14775682871338788
88,0.1428357971680433
89,0.15073298456404832
90,0.18435887694081948
91,0.172438964520288
92,0.1479937831918219
93,0.17511244232835077
94,0.1535192131649665
95,0.16758134469151065
96,0.16048352499865753
97,0.16274787305629798
98,0.14943315000446486
99,0.202196128796122
100,0.1661881195274725
101,0.1876418011198121
102,0.15360466008222812
103,0.1671647768418413
104,0.14431179417265264
105,0.16022166690961126
106,0.16165732283733794
107,0.16471962416485825
108,0.150472729405427
109,0.16240439541954993
110,0.16192663759865478
111,0.1595598370316557
112,0.15664156704799614
113,0.15110409173230643
114,0.14557317881367354
115,0.1603432708748441
116,0.14647555189088537
117,0.17157434677719402
118,0.13613090442878273
119,0.14534751677582355
120,0.1596834659046272
121,0.1566685807779539
122,0.15184865024371297
123,0.1512358573013175
124,0.1533489968362193
125,0.14689462107416099
126,0.15692759022204888
127,0.13965832069047632
128,0.15200149576923713
129,0.16570979865993246
130,0.1711490381564137
131,0.17344747484238374
132,0.15944618796392193
133,0.15347426255070548
134,0.1604894859337583
135,0.16080799628647674
136,0.16470589799477833
137,0.16844881826503708
138,0.16143224956192787
139,0.14511180819726488
140,0.165333226460534
141,0.1869390300831337
142,0.14800339950581437
143,0.16647547358189216
144,0.1578771175234225
145,0.15429873248926385
146,0.1289780899789985
147,0.15118371086254434
148,0.154532422436032
149,0.1420055480896424
150,0.14030941734109642
151,0.1613795055789987
152,0.16568624606026394
153,0.17067001045321453
154,0.16463782060174742
155,0.16957519752471725
156,0.14450215304649228
157,0.17454864428246283
158,0.1358884182166549
159,0.1498373857268639
160,0.14860957803339114
161,0.1473238623865027
162,0.15389525022367614
163,0.18272473718396892
164,0.16265192478588383
165,0.16132831198869263
166,0.14445697114941394
167,0.1564678688637344
168,0.19667884421276224
169,0.17238775048815383
170,0.16744895470001475
171,0.16934510583967
172,0.16967849604589713
173,0.15595653760180694
174,0.16402829021592558
175,0.15017908676506064
176,0.15715018232339034
177,0.1489971235641165
178,0.1588971962878258
179,0.1525511653180752
180,0.1586891297482059
181,0.1328489435020881
182,0.14613761408169623
183,0.1693281291214995
184,0.14467146303637177
185,0.16853879176383493
186,0.15440733614752813
187,0.17319572216113113
188,0.15470724729837718
189,0.16639795223348103
190,0.18931439889633334
191,0.14884074036525632
192,0.1713597017627109
193,0.164579189618881
194,0.18126449317155063
195,0.17282001250901394
196,0.15562000798788062
197,0.14633063064751767
198,0.16299685125298008
199,0.15469217935551272
200,0.15485233222873915
201,0.14688766967129938
202,0.16230883088350742
203,0.16667061616584075
204,0.1577597934303267
205,0.1599153876408072
206,0.14242533911790775
207,0.1642375256712146
208,0.14021427309617593
209,0.14734803500218602
210,0.15317516812767698
211,0.15147818720782927
212,0.1499652672186887
213,0.14850468153281735
214,0.15466397363555945
215,0.15018311250802127
216,0.18170330587457076
217,0.1575621791684476
218,0.16328541915533268
219,0.1521417634206316
220,0.15685323120091238
221,0.16828956826927624
222,0.19138389926868749
223,0.15085391046647625
224,0.16857751392045042
225,0.18528766657652895
226,0.17890983142963862
227,0.16768815960873687
228,0.15234038943013273
229,0.15598982311071077
230,0.156615363459825
231,0.17179227257037666
232,0.14128313409698773
233,0.17190968851992727
234,0.14369914745784748
235,0.1625260456358596
236,0.16965092021103004
237,0.18774551132327835
238,0.18093555073969653
239,0.18592122430750818
240,0.1683592897320371
241,0.19185396254019024
242,0.16118389707970682
243,0.1593928570408983
244,0.1640578416956888
245,0.17483998720300165
246,0.17303030947960596
247,0.17491367490105567
248,0.16465909624335387
249,0.15478309476233498
250,0.1494997414537041
251,0.14408900265705965
252,0.15165246697411663
253,0.1472728442655972
254,0.14291879942647717
255,0.14556823459406779
256,0.14504773973913068
257,0.15264520984292607
258,0.15523112344389953
259,0.17273374752500928
260,0.150804728053341
261,0.15689884077295488
262,0.14960076274856227
263,0.14991397303512255
264,0.15507019517746357
265,0.1551443926563006
266,0.1666265253053375
267,0.14278214658941457
268,0.1665123286163603
269,0.15862020962938325
270,0.17719438934982593
271,0.1549168211247875
272,0.15979055902218725
273,0.1698682673027246
274,0.14853062839978323
275,0.16030533501923874
276,0.15239530934628864
277,0.14230933389275652
278,0.1628810576529784
279,0.16142109533492005
