,4
2202.0,0.18992162583050742
2210.0,0.1941961713928542
2217.0,0.19716748396050465
2221.0,0.12153277671149984
2225.0,0.21295679176095206
2237.0,0.1859526646876656
2244.0,0.2277910717144972
2250.0,0.16113028765985815
2259.0,0.18666616485197368
2268.0,0.18999144948863328
2276.0,0.19944743267260834
2282.0,0.20680429908693707
2289.0,0.21482438075934035
2296.0,0.20361340414890397
2308.0,0.21928957498638724
2317.0,0.1825795275558636
2324.0,0.17294728077012156
2330.0,0.23565898881200245
2338.0,0.18400522241186806
2346.0,0.2035866504763073
2352.0,0.1830864624127549
2356.0,0.23158003373654254
2368.0,0.18326774491906492
2378.0,0.1900695926883843
2389.0,0.18245822718415158
2395.0,0.20181044747123184
2399.0,0.230029168941076
2403.0,0.1742092554954039
2409.0,0.17694026754120584
2417.0,0.168414333626036
2425.0,0.19864349970676662
2433.0,0.17460675274890547
2441.0,0.20439142752490247
2450.0,0.14884978653591063
2464.0,0.19326272587923624
2471.0,0.18521777730229919
2478.0,0.20783077013016196
2484.0,0.16003239891674845
2489.0,0.21692584290129285
2494.0,0.20435637289479983
2504.0,0.1588520154130524
2510.0,0.16483505766204465
2522.0,0.16905219951980935
2531.0,0.225021876611344
2537.0,0.20260596124955557
2548.0,0.18042350717906788
2556.0,0.2192453286018533
2565.0,0.17929788356177787
2572.0,0.1949833193070603
2583.0,0.20201202737734233
2591.0,0.191457404037637
2595.0,0.14051157615867613
2604.0,0.17710017529297148
2614.0,0.17680695571501395
2622.0,0.20417113530226355
2630.0,0.17340563699997294
2638.0,0.19208071649743474
2645.0,0.18666974136149259
2653.0,0.1938674075238952
2662.0,0.19660896376003317
2666.0,0.2064470436540388
2674.0,0.18057867158720853
2683.0,0.10424581424329683
2692.0,0.18013600632702925
2703.0,0.21324894710376155
2710.0,0.1541759803609396
2718.0,0.17188998496837932
2723.0,0.21737529981458553
2728.0,0.18881814697734853
2737.0,0.2148869338032428
2745.0,0.17890462075390173
2753.0,0.22049210147724024
2762.0,0.1959848001845067
2772.0,0.21408171399411846
2779.0,0.16977783853169703
2787.0,0.2088242272566319
2798.0,0.16810634100191024
2806.0,0.1627151360769344
2817.0,0.18862615023515958
2826.0,0.22832554870800134
2833.0,0.16802219986108585
2841.0,0.16309847977361266
2849.0,0.18948452050390285
2857.0,0.17332475889339968
2865.0,0.18505880721117404
2873.0,0.17298063266380792
2881.0,0.19833448608359644
2889.0,0.18775432670407133
2897.0,0.18567793140184344
2906.0,0.23554164612756998
2914.0,0.1794688243313399
2920.0,0.19881661331692405
2926.0,0.219027620008962
2933.0,0.22844659978343182
2940.0,0.19725169294140368
2949.0,0.21331366432845458
2957.0,0.15223667129728954
2965.0,0.20949503931957725
2970.0,0.22188866273786273
2975.0,0.21753683543439975
2982.0,0.19969271015846635
2987.0,0.1801169364007919
2994.0,0.12899676080695588
3001.0,0.189907144657296
3006.0,0.22120749784932064
3014.0,0.1935352287504771
3021.0,0.1965001924980384
3027.0,0.17847733693833318
3033.0,0.2040366483500073
3039.0,0.15546984475571535
3044.0,0.19444455547802222
3051.0,0.2261733824402712
3056.0,0.17191453436687715
3060.0,0.16166332581124887
3067.0,0.16983316623266106
3076.0,0.19570179299993037
3082.0,0.18253435259348072
3090.0,0.1780526482641855
3098.0,0.18444112551871616
3104.0,0.13390528105402724
3108.0,0.14945678067554924
3122.0,0.19847595551998187
3126.0,0.18492878102767668
3134.0,0.1597192771268151
3141.0,0.15810570798756995
3149.0,0.20004299241692491
3155.0,0.18793474923105002
3161.0,0.15681813845436857
3165.0,0.1859432432944784
3172.0,0.17369922360414006
3180.0,0.1556479791643947
3189.0,0.1196384736414477
3196.0,0.16021645089441897
3204.0,0.20130303078195597
3212.0,0.17876192442312167
3220.0,0.1537193410847553
3229.0,0.20218356142870555
3235.0,0.2176700204602043
3243.0,0.1767190157186759
3251.0,0.17472194785113426
3256.0,0.18736401970305944
3263.0,0.19965980317489798
3271.0,0.19336819116681314
3279.0,0.16523995623910193
3286.0,0.17597669597978782
3295.0,0.2236777302149079
3300.0,0.20876564337279496
3308.0,0.20241798877981498
3314.0,0.2303846985952307
3323.0,0.17797894866206518
3328.0,0.20159574711843498
3334.0,0.19473759500123294
3346.0,0.18077804578088216
3353.0,0.18364749106456715
3357.0,0.1758364717933033
3366.0,0.15272063776612532
3374.0,0.18283964592288587
3381.0,0.21119768917696377
3389.0,0.1953760759386174
3397.0,0.17457741345180333
3405.0,0.1915776834503855
3412.0,0.18854412434108758
3418.0,0.21525958156962063
3425.0,0.19040984720538268
3429.0,0.19313948641352474
3440.0,0.17212736833499664
3448.0,0.19613733807421266
3457.0,0.1616072112336886
3461.0,0.20495208438067897
3465.0,0.1766635393395905
3474.0,0.163813477768832
3482.0,0.17401882313629619
3488.0,0.1499324313185442
3494.0,0.16906799278901735
3503.0,0.210543188850482
3507.0,0.18160010809573998
3515.0,0.18320688968883367
3521.0,0.22805510367985818
3525.0,0.18180056194391678
3529.0,0.23350472948263595
3536.0,0.22386722411685298
3543.0,0.1721644056315385
3550.0,0.20884110774009695
3556.0,0.19971540369034332
3564.0,0.22905422162560884
3568.0,0.1794610816424792
3577.0,0.22216520132492026
3585.0,0.2216821701253854
3594.0,0.19597478857188427
3598.0,0.15976602284046237
3606.0,0.18371839354638214
3613.0,0.16272063689840907
3619.0,0.1651709220707264
3633.0,0.18545487069794575
3637.0,0.18109699131778453
3649.0,0.1583964291457102
3653.0,0.1797481192012012
3659.0,0.21950201401161692
3664.0,0.1892078222265549
3672.0,0.15392560444204584
3679.0,0.21568256360765575
3687.0,0.19143764880547903
3695.0,0.13938349511309675
3702.0,0.23941704842449357
3706.0,0.165037337328706
3713.0,0.22304323622265868
3725.0,0.222949804596016
3732.0,0.14419425109126302
3741.0,0.18838646894433655
3748.0,0.1555338934487393
3754.0,0.18056991020493296
3762.0,0.17961516490086785
3774.0,0.1919062316098692
3781.0,0.18060363482586675
3789.0,0.20181436678667108
3803.0,0.20780540924056384
3811.0,0.1895949116667556
3816.0,0.22437625056103136
3824.0,0.20930095795420678
3831.0,0.22141262923879734
3839.0,0.21484529384034182
3844.0,0.16677094075882679
3849.0,0.21467233905390146
