,3
2.0,0.2646027512293298
7.0,0.20521352970215112
14.0,0.16980351734390386
23.0,0.20403676777451632
30.0,0.2150279952763309
38.0,0.20743568757984615
47.0,0.24239892186368509
52.0,0.21069780892199036
60.0,0.1413837681951745
65.0,0.219454789751873
72.0,0.19418793542166515
84.0,0.23541348280576996
91.0,0.18036546773264656
100.0,0.2170658708072098
105.0,0.21930495169800776
114.0,0.17981041194702743
119.0,0.17661551266570807
123.0,0.18420847809663546
131.0,0.18701358976037077
140.0,0.12644688481271038
151.0,0.2330124168350436
160.0,0.14658929747539043
167.0,0.16807550412932437
175.0,0.18325357965989614
184.0,0.19432111231328442
192.0,0.23676812958078436
199.0,0.1999107963378128
206.0,0.2116299524263744
215.0,0.1678671954061777
224.0,0.21171581284151383
232.0,0.2563851949127142
241.0,0.1691264197935837
247.0,0.23476732206980222
254.0,0.1795722543028754
262.0,0.17833446178781784
271.0,0.20474904722794343
278.0,0.19312863318476559
287.0,0.1817070999369424
295.0,0.21063146449985565
303.0,0.13746018466578847
311.0,0.06493422802076682
315.0,0.1835416697074893
324.0,0.19813864045913154
331.0,0.24205389215487275
339.0,0.16928177076308115
348.0,0.228060073556846
355.0,0.22638194194568684
363.0,0.199376521570332
369.0,0.19708433658359792
377.0,0.21736478775357676
385.0,0.1821025113049416
395.0,0.2017900062380765
406.0,0.21902014161833275
414.0,0.24275700920080476
418.0,0.15848276059469754
422.0,0.15272101039570019
431.0,0.14983495935872418
439.0,0.18122563722869087
448.0,0.24531613941459324
456.0,0.2224434127777511
465.0,0.19731933377527053
472.0,0.20735702409102658
480.0,0.24488673143792156
489.0,0.23729504705798438
493.0,0.1656781707813871
507.0,0.23357278193383554
511.0,0.23653187374748
522.0,0.2556464983079975
529.0,0.17268098835722118
541.0,0.19637885157238266
553.0,0.22403777007332626
560.0,0.20057071840639945
571.0,0.21272215611697431
579.0,0.1518040672399751
588.0,0.19832653673119396
595.0,0.22783874485958544
601.0,0.19473238951255795
607.0,0.18022911902496114
614.0,0.18956452355904926
621.0,0.16024562527899056
627.0,0.2196938680276148
634.0,0.12510973726051378
642.0,0.18982109844744896
650.0,0.19513821452651567
655.0,0.23513063709932358
661.0,0.18468859287308012
668.0,0.24735125172776573
673.0,0.1827617324734234
677.0,0.16733986972593018
682.0,0.19953748942403077
691.0,0.18907183280924314
700.0,0.1619418386621651
709.0,0.17391556440102832
718.0,0.12326589349223344
729.0,0.21640949724743735
736.0,0.22827182162781473
743.0,0.2639808440492302
748.0,0.1767624347284402
760.0,0.18807520140681383
768.0,0.20189820460984512
772.0,0.2152360723379798
780.0,0.20748641363717002
785.0,0.19429450449266858
789.0,0.23505947124223528
797.0,0.19337853682208855
805.0,0.21751637204788793
816.0,0.15487466849202472
828.0,0.21905373448897097
836.0,0.17790336811091148
842.0,0.1868435380951951
851.0,0.2003687095366492
859.0,0.22784075128341108
866.0,0.22583948407773077
874.0,0.2142248960672092
881.0,0.18935891206588792
888.0,0.19215895914844455
900.0,0.20993799002226934
907.0,0.2297606874714936
914.0,0.22639580379890073
922.0,0.21717302762738053
930.0,0.17601259548946496
937.0,0.19673368155637244
945.0,0.14621198126118906
952.0,0.24946030912026707
961.0,0.17706328925520246
973.0,0.20605067500856902
984.0,0.21685298049383336
991.0,0.22011299827519235
1005.0,0.22726002443417812
1014.0,0.18283247131266708
1019.0,0.1833978656925566
1028.0,0.2013461070413518
1037.0,0.19404358753482578
1046.0,0.217599764031999
1054.0,0.2271805667847856
1062.0,0.16761632981788865
1070.0,0.21986042004825793
1075.0,0.15080191587938116
1082.0,0.19115130152571969
1089.0,0.20749034813324405
1102.0,0.018856161471051586
1107.0,0.2291360462606688
1114.0,0.20865909682712078
1123.0,0.16181755494671493
1130.0,0.16075408953581644
1138.0,0.17557253559829414
1147.0,0.1910324319806579
1152.0,0.17597637080319317
1160.0,0.2035421149788431
1165.0,0.18169075019542757
1172.0,0.17890502034729497
1184.0,0.19234927422686532
1191.0,0.19433439656079526
1200.0,0.17631341590038774
1205.0,0.18319846719454524
1214.0,0.18223571720993123
1219.0,0.17185380579098622
1223.0,0.20770287576064778
1231.0,0.1635049299675944
1240.0,0.16912037728505605
1251.0,0.17319328210275312
1260.0,0.15167565356025375
1267.0,0.15851428190329697
1275.0,0.161458767235981
1284.0,0.174977927707821
1292.0,0.21530239665112572
1299.0,0.16203601201101586
1306.0,0.1683794470118185
1315.0,0.18757515453146528
1324.0,0.18732023446911925
1332.0,0.22916696874409884
1341.0,0.26882582330026766
1347.0,0.2315137038514557
1354.0,0.2100672498441137
1362.0,0.15975884770580462
1371.0,0.21378264095477562
1378.0,0.20281394623446078
1387.0,0.1676905252177616
1395.0,0.22766606679584192
1403.0,0.1696776238569373
1411.0,0.12733840006120223
1415.0,0.189330918847211
1424.0,0.2260243791712389
1431.0,0.1818983355269909
1439.0,0.19481301748189428
1448.0,0.2294510209047089
1455.0,0.2213710169094803
1463.0,0.2052995187724224
1469.0,0.20880005948942731
1477.0,0.19536392172020223
1485.0,0.1541930711152234
1495.0,0.15292573825772288
1506.0,0.2201474546287641
1514.0,0.1795971502377985
1518.0,0.19459528373469115
1522.0,0.20068905536977868
1531.0,0.20136138190587596
1539.0,0.20275221402522092
1548.0,0.20970317167511407
1556.0,0.2015194049415008
1565.0,0.1705192766801126
1572.0,0.19361877738220942
1580.0,0.15572105091003102
1589.0,0.1961547331833773
1593.0,0.15520991836556372
1607.0,0.19601350533541584
1611.0,0.20030670408939535
1622.0,0.20665011761048982
1629.0,0.1808759236492277
1641.0,0.16257066299632256
1653.0,0.19810942039797552
1660.0,0.17877887371448517
1671.0,0.1917943303741507
1679.0,0.21167907280596296
1688.0,0.15541308276042368
1695.0,0.18774106384352676
1701.0,0.21525652322793665
1707.0,0.2319450511360281
1714.0,0.18522858829220523
1721.0,0.18212588841284072
1727.0,0.23595898573728322
1734.0,0.16275362921822997
1742.0,0.19355787647576916
1750.0,0.19288235730905498
1755.0,0.24060161068588895
1761.0,0.1852722749779743
1768.0,0.22078470605659312
1773.0,0.2504647870393179
1777.0,0.23340050929817996
1782.0,0.2394869537001601
1791.0,0.22388776928300397
1800.0,0.17198301970928018
1809.0,0.16819286520865573
1818.0,0.21096337580460403
1829.0,0.20076260051545008
1836.0,0.2157709703800776
1843.0,0.18668246854723577
1848.0,0.2109044942443867
1860.0,0.2323507476515766
1868.0,0.18277421540293123
1872.0,0.1897851167185005
1880.0,0.25242578722677605
1885.0,0.17816990244295955
1889.0,0.1795498779579103
1897.0,0.21495510700769768
1905.0,0.11788150454913293
1916.0,0.21032162634804766
1928.0,0.22931432840915073
1936.0,0.19572770893342928
1942.0,0.20884567380923713
1951.0,0.21213939227345102
1959.0,0.17656961824223574
1966.0,0.182982006779831
1974.0,0.1617034058357886
1981.0,0.22244775734833444
1988.0,0.20887956213838063
2000.0,0.22431113981357562
2007.0,0.22861401812096302
2014.0,0.22601634391822398
2022.0,0.22437904584439072
2030.0,0.21850513767425847
2037.0,0.20023554298868612
2045.0,0.1438934679699842
2052.0,0.16471855250339382
2061.0,0.19683439932517927
2073.0,0.20360537370655526
2084.0,0.19600499690864503
2091.0,0.18414806507311254
2105.0,0.1804226660252948
2114.0,0.26629046484791785
2119.0,0.2189686829040979
2128.0,0.2506442031784319
2137.0,0.16687935045088656
2146.0,0.20067115311298747
2154.0,0.22247680510318538
2162.0,0.2451829319442317
2170.0,0.22399150641210308
2175.0,0.2002906758163441
2182.0,0.22621544511907177
2189.0,0.1616640796028492
