,4
2.0,0.16819483374532992
10.0,0.19197041290044572
14.0,0.2204455804948566
22.0,0.2177144541928883
31.0,0.22669543447294802
38.0,0.20343685013353616
46.0,0.17500347353885026
55.0,0.19665797794076195
63.0,0.22735133266316768
75.0,0.15942665604445497
83.0,0.17033282566178126
91.0,0.2144457591057693
98.0,0.15933537249200383
107.0,0.2050746085378327
119.0,0.23945364794930082
130.0,0.18805630160473494
134.0,0.17970569721770113
141.0,0.2054994030887191
149.0,0.18726526994272685
153.0,0.17796752118964795
161.0,0.16668021619587212
165.0,0.22181673698070442
172.0,0.17500663130404573
179.0,0.19243197919196636
184.0,0.13367717308205368
193.0,0.2004738948706388
201.0,0.1877108211544782
212.0,0.18662886573436788
219.0,0.17138810626299258
226.0,0.21821111382420164
234.0,0.19115287821413574
245.0,0.19990130159140154
253.0,0.2038276379027054
260.0,0.19608364733636588
264.0,0.1339218108803649
270.0,0.20411809361452082
276.0,0.16598412160320827
284.0,0.154950068748744
292.0,0.19855616796205558
306.0,0.2147613275342308
313.0,0.17849699153212853
320.0,0.20547866281278884
326.0,0.22873107492065398
333.0,0.20355993448443216
345.0,0.21429600645714128
351.0,0.1858017578823188
357.0,0.20877057816987538
363.0,0.1910563150175574
371.0,0.20896512396619749
376.0,0.20565237547447068
382.0,0.1849421068725716
388.0,0.1696158610976004
396.0,0.1775303229971608
406.0,0.17313267848360692
414.0,0.15901561667642633
423.0,0.2004533763608316
434.0,0.22864874265045687
442.0,0.19613404091267814
449.0,0.19064171524074636
457.0,0.16322116866768002
465.0,0.14890427831898087
471.0,0.2158380429643169
477.0,0.20558949706035265
484.0,0.20799132390572928
495.0,0.15520561210002715
504.0,0.19808316269932644
509.0,0.1956921373392927
526.0,0.19623645137977613
535.0,0.1871650102223305
544.0,0.11069786165972048
552.0,0.14444077284106632
558.0,0.20039433810075458
566.0,0.18560253955020192
573.0,0.20078891635066629
585.0,0.15776508787973265
589.0,0.19048699415397663
596.0,0.1306027397843946
600.0,0.1594561571473844
606.0,0.2005097774469296
614.0,0.20016399932140455
621.0,0.1897019904090272
625.0,0.1775573237633526
633.0,0.2058143347490209
641.0,0.22577028788645703
645.0,0.17510675168354312
657.0,0.19355740081591907
665.0,0.22663454008700623
672.0,0.16671260373321994
679.0,0.17629767963025003
688.0,0.17254595376284837
695.0,0.1797586897941233
699.0,0.22443551909325343
703.0,0.17511271229544875
711.0,0.17861671763839665
717.0,0.23459427339688238
725.0,0.20352719922049256
732.0,0.23029323991925976
740.0,0.2078413170786187
749.0,0.19507004853195084
757.0,0.18607424464751068
768.0,0.18759326988577632
772.0,0.21083725997284908
780.0,0.22277036676260348
786.0,0.11887621813010453
795.0,0.1823012722153815
802.0,0.22702022287095658
811.0,0.1759323901057001
818.0,0.10984939043267442
822.0,0.1881039821893079
828.0,0.1743171312826407
839.0,0.19395676373330817
847.0,0.2274525417843844
859.0,0.16133406767896807
871.0,0.21343710989588766
876.0,0.2043433761974343
883.0,0.19248836702191874
894.0,0.17271788811283476
902.0,0.17702046233864618
906.0,0.19890659752618176
914.0,0.2170722106908471
922.0,0.20063678552494663
926.0,0.16422841541628105
934.0,0.23454352875325035
939.0,0.18978943597991144
951.0,0.20117143094806073
958.0,0.20488103447065154
964.0,0.20701704727702785
972.0,0.18793608399760883
978.0,0.17535332587735247
983.0,0.2159451700129538
989.0,0.22005571860095044
993.0,0.1653702342897171
998.0,0.18334704605800478
1005.0,0.22656374978894311
1012.0,0.20206430132504227
1019.0,0.17592531814528728
1030.0,0.1891704191111434
1038.0,0.19532787449197647
1046.0,0.20781700395328773
1054.0,0.19818742525896899
1068.0,0.20550792643001167
1076.0,0.18737473132094878
1085.0,0.23984383500142326
1089.0,0.16549636118117625
1097.0,0.18585461246050053
1104.0,0.18920063805531712
1110.0,0.17188387844389896
1119.0,0.18359676135606237
1127.0,0.19665373535506933
1135.0,0.2261426121053466
1146.0,0.18085857074919684
1152.0,0.1883679388199209
1159.0,0.17912617504871486
1171.0,0.10477817161679992
1179.0,0.205332556916802
1185.0,0.19759840050702113
1191.0,0.18445488621208078
1199.0,0.14340950558238805
1207.0,0.21226633580292117
1215.0,0.17518492351054482
1221.0,0.17350589872555108
1225.0,0.16549762521852754
1231.0,0.1867650276202224
1238.0,0.20642441264779754
1245.0,0.16578133006663617
1253.0,0.19493220288307922
1261.0,0.18090576956986085
1265.0,0.13722506334794973
1269.0,0.16842962852203766
1277.0,0.20200466364079736
1285.0,0.18462355192732038
1291.0,0.19780342834688422
1297.0,0.19252392896782203
1309.0,0.20911289577375594
1321.0,0.15900750197405633
1328.0,0.176836591737729
1332.0,0.16627153658627433
1338.0,0.21476922991765715
1346.0,0.1847134553602891
1354.0,0.18844633598717578
1368.0,0.19544945624175575
1375.0,0.1728063978847918
1382.0,0.22636335881047867
1389.0,0.19877277159433004
1395.0,0.20639073385128562
1402.0,0.15069627894318052
1411.0,0.2004477296224838
1415.0,0.18745933447524216
1427.0,0.2025956795219845
1441.0,0.1428948642658706
1450.0,0.17786842057956728
1458.0,0.2023382152542865
1465.0,0.20297107576281542
1473.0,0.22573422017194789
1481.0,0.20935696092721331
1487.0,0.17280596308542925
1495.0,0.18379211270115123
1502.0,0.1715015439717699
1510.0,0.1939927113781247
1518.0,0.2084556825710401
1522.0,0.1299641920951426
1531.0,0.20890721926166206
1538.0,0.19779469218515514
1546.0,0.13382742540157078
1551.0,0.1641479045173449
1557.0,0.17755941616837176
1563.0,0.1548250771506059
1567.0,0.17808293491380778
1571.0,0.14972021544642874
1577.0,0.20021662473280039
1586.0,0.2041257220932852
1591.0,0.20551219512857472
1599.0,0.20578235548130008
1606.0,0.1844766803215463
1614.0,0.18083355805434986
1621.0,0.19112237790510303
1625.0,0.16486642627209078
1632.0,0.21666626877880404
1638.0,0.18737490467274942
1646.0,0.1742670753268959
1654.0,0.21107057251961833
1661.0,0.19239314146476602
1665.0,0.21782495351027195
1672.0,0.20465239530796972
1679.0,0.19766452975018123
1685.0,0.20989153301705793
1690.0,0.2064047563858178
1698.0,0.21940375146256474
1703.0,0.20864038743622373
1711.0,0.16995097906661114
1719.0,0.21226256458901638
1728.0,0.1734213489201391
1734.0,0.21550802465862923
1742.0,0.21911748508390264
1750.0,0.2206310755852027
1754.0,0.20124536889622238
1759.0,0.20409524911214433
1765.0,0.13727824127527158
1774.0,0.1740271616596083
1782.0,0.20738385258920744
1788.0,0.20247711761916018
1796.0,0.260284577505752
1800.0,0.17662902178590167
1809.0,0.20396167678978816
1817.0,0.17690294300126547
1824.0,0.169743166560165
1832.0,0.16404010165993332
1838.0,0.21071269177224744
1844.0,0.19729968188814642
1850.0,0.17319309546931708
1856.0,0.18385254013551552
1864.0,0.15553537474785636
1872.0,0.19573950647155655
1878.0,0.20180061825486698
1886.0,0.21187863374647695
1893.0,0.22791541783718533
1901.0,0.13590935600482276
1909.0,0.18159382027229634
1916.0,0.18561934211002767
1927.0,0.19027380897001195
1934.0,0.17614940410528446
1942.0,0.19548273510937847
1950.0,0.19512244814939228
1954.0,0.14382074201031553
1961.0,0.1705947070862339
1970.0,0.17502862544220943
1982.0,0.17562188772562656
1989.0,0.1584672510909528
1997.0,0.21963092086732247
2003.0,0.14107488208980154
2010.0,0.20393168398157127
2016.0,0.15910275661902842
2021.0,0.19398514508209516
2033.0,0.19703499000157695
2041.0,0.1695869361763402
2049.0,0.16888267790854528
2058.0,0.1830749410508379
2066.0,0.19857093502140757
2074.0,0.19480888547525238
2082.0,0.2178556820490151
2088.0,0.2221327688854159
2094.0,0.19592249260483915
2101.0,0.23582049387615064
2107.0,0.1643050245316281
2111.0,0.18489490008202591
2122.0,0.17200230110932102
2131.0,0.2147781783359678
2135.0,0.19022261731939766
2143.0,0.20270377947696583
2151.0,0.2374826123756753
2158.0,0.21307363583181324
2165.0,0.21237043091910304
2172.0,0.15754076515348553
2178.0,0.1933683316959196
2184.0,0.18154115652908998
2188.0,0.20688514805333144
2197.0,0.1973706293527871
2205.0,0.22895878418849852
2219.0,0.2001847056731498
2227.0,0.17513245922736229
2235.0,0.15981596565886444
2239.0,0.22114558401027348
2247.0,0.19761095197311718
2254.0,0.1845419154558441
2265.0,0.1967868381936688
2273.0,0.2064428373938705
2284.0,0.1817386657410908
2293.0,0.19332188689794283
2305.0,0.20447136248238965
2317.0,0.16935860023424412
2324.0,0.2012489655014178
2331.0,0.23306889979980017
2342.0,0.19848060415885388
2350.0,0.16513117748906356
2361.0,0.18399111089075648
2366.0,0.17443410525612763
2374.0,0.21897370167642422
2382.0,0.1971705795623721
2391.0,0.1791490650813365
2398.0,0.17990538537975626
2402.0,0.13643215591398533
2410.0,0.21405653242761682
2415.0,0.17588833264367698
2422.0,0.18236950970430157
2429.0,0.21807940845485402
