,6
2.0,0.2145761006901063
10.0,0.19402570142664333
14.0,0.20066519662579393
22.0,0.17748708267466193
31.0,0.17415375493952437
38.0,0.19172683529579307
46.0,0.1762301251982037
55.0,0.16203496924189664
63.0,0.1960397799944429
75.0,0.15479042059660422
83.0,0.1671268078231965
91.0,0.1879907930125385
98.0,0.1702861246443497
107.0,0.1795543724774518
119.0,0.19101894541724002
130.0,0.194771370551947
134.0,0.18338119965748556
141.0,0.1687406068345639
149.0,0.19069587141931635
153.0,0.18275095764984534
161.0,0.18226416377922783
165.0,0.1818324314152427
172.0,0.23658447573612537
179.0,0.17382288167480758
184.0,0.1675705926590527
193.0,0.18273236688947134
201.0,0.1771684028893322
212.0,0.1699538007316957
219.0,0.17488118603743563
226.0,0.17344075749955734
234.0,0.1862324237463336
245.0,0.17704901422756653
253.0,0.17477626647572864
260.0,0.17353866273630497
264.0,0.16830204191360834
270.0,0.18213752666990732
276.0,0.18777278307638792
284.0,0.19076070830848152
292.0,0.1730552647624637
306.0,0.18901746341140266
313.0,0.17252411113890176
320.0,0.17535991806213094
326.0,0.19914028349715013
333.0,0.16758386530842015
345.0,0.18078991692928756
351.0,0.16985894982080924
357.0,0.18753432490167127
363.0,0.1854411146038596
371.0,0.15843355989765057
376.0,0.1953356736305204
382.0,0.1560341162407896
388.0,0.1557823121606907
396.0,0.1713881894531374
406.0,0.17440012544203995
414.0,0.17085388746035662
423.0,0.16425302078139162
434.0,0.16892602016074318
442.0,0.1825984030510371
449.0,0.19127817565641905
457.0,0.14190314558522218
465.0,0.19360509627603312
471.0,0.17142228938901397
477.0,0.16779406438929478
484.0,0.1880237542237032
495.0,0.1644278713296287
504.0,0.16756069245429017
509.0,0.1638096769118695
526.0,0.16646512203742403
535.0,0.1753697548428754
544.0,0.1593128382066538
552.0,0.1411532611880534
558.0,0.1773568618277864
566.0,0.13939983455060548
573.0,0.1695487170564976
585.0,0.16875105025587384
589.0,0.24500870394706264
596.0,0.16678405479199218
600.0,0.16259708365352965
606.0,0.20588717001266463
614.0,0.1971675815191431
621.0,0.18579498248659407
625.0,0.1835951104189891
633.0,0.18498376577158762
641.0,0.1755448553669048
645.0,0.1847016317580419
657.0,0.17769587298596068
665.0,0.2033023437292327
672.0,0.18084604425542183
679.0,0.17166590979127894
688.0,0.17607707660235725
695.0,0.16573721075386846
699.0,0.16477710640990345
703.0,0.1709839034797648
711.0,0.16854549781811437
717.0,0.16578475261417588
725.0,0.18320518271896197
732.0,0.16239474212307053
740.0,0.17819099043957617
749.0,0.1792082534916198
757.0,0.19834677893399297
768.0,0.18385533378163005
772.0,0.1732004500364121
780.0,0.17736539485749914
786.0,0.17751010225003197
795.0,0.16348325066469627
802.0,0.1717757037774401
811.0,0.18369456587338348
818.0,0.19014576863313143
822.0,0.17974926913607014
828.0,0.16861700430140117
839.0,0.17418805878294147
847.0,0.16416835990611364
859.0,0.15056548999457386
871.0,0.17498214648702706
876.0,0.1403900536573494
883.0,0.17989347193119878
894.0,0.17071828154013494
902.0,0.18701232074331497
906.0,0.15619769856998014
914.0,0.17923888394604007
922.0,0.1592475895947136
926.0,0.17668437462222586
934.0,0.15996257860735838
939.0,0.1775098875001446
951.0,0.20659983790289266
958.0,0.18175634725193662
964.0,0.17657423232719255
972.0,0.17806692928142
978.0,0.19636951366477298
983.0,0.1976015002905993
989.0,0.1726419273333249
993.0,0.19942706512902889
998.0,0.19978923874825938
1005.0,0.20023752798835598
1012.0,0.18591486639470128
1019.0,0.20572415732246863
1030.0,0.19058438391433452
1038.0,0.18554263072924793
1046.0,0.16797463701455673
1054.0,0.20957940327722385
1068.0,0.17269247577906377
1076.0,0.19500074504923698
1085.0,0.16089771954662438
1089.0,0.17729447829869904
1097.0,0.18987758466187374
1104.0,0.20245542065906927
1110.0,0.19458025646096522
1119.0,0.18703554841084055
1127.0,0.18307934524771488
1135.0,0.16635345143393523
1146.0,0.17151868098685813
1152.0,0.1731804016278952
1159.0,0.18129961630731573
1171.0,0.18309436544285934
1179.0,0.1776140584426645
1185.0,0.17717382832790618
1191.0,0.19197192192323703
1199.0,0.17026522541334552
1207.0,0.17529556900718565
1215.0,0.198392409931484
1221.0,0.20154494842642515
1225.0,0.17084170196407825
1231.0,0.1897217091367619
1238.0,0.1835513239030162
1245.0,0.17465547286987654
1253.0,0.1656954790152383
1261.0,0.19294537691178382
1265.0,0.19926693039823618
1269.0,0.1816729440173348
1277.0,0.16573205082663667
1285.0,0.18080729566724402
1291.0,0.17546816449010463
1297.0,0.17339006072974678
1309.0,0.17198675176212072
1321.0,0.1937340068613511
1328.0,0.17109411858813417
1332.0,0.21761863983620602
1338.0,0.18230931285849472
1346.0,0.17171335667335408
1354.0,0.1935561303611175
1368.0,0.18433364399927113
1375.0,0.19411196463935376
1382.0,0.20111635832684932
1389.0,0.17079667231006723
1395.0,0.18214180230952604
1402.0,0.16129088933713673
1411.0,0.19130986904616842
1415.0,0.17963004062003446
1427.0,0.17886938653755557
1441.0,0.17171884815993507
1450.0,0.18294482002965642
1458.0,0.18030351590213936
1465.0,0.18519062746773982
1473.0,0.17485233354700502
1481.0,0.1484023500045243
1487.0,0.15734463860358802
1495.0,0.18269243441794455
1502.0,0.17303959499896454
1510.0,0.14881905279152116
1518.0,0.18235090970179876
1522.0,0.1880354735598276
1531.0,0.1643564839496766
1538.0,0.19244698940052188
1546.0,0.1525290275126409
1551.0,0.18754022603788323
1557.0,0.2022514377356082
1563.0,0.14353554981314637
1567.0,0.17730006702996054
1571.0,0.19227711011727275
1577.0,0.1822323091606862
1586.0,0.19040208971941597
1591.0,0.17869600462285284
1599.0,0.19101073281583628
1606.0,0.18907700164386632
1614.0,0.16695086489876318
1621.0,0.21319902803783067
1625.0,0.15940523028095027
1632.0,0.18233107869829757
1638.0,0.16885692856501366
1646.0,0.17172202456069785
1654.0,0.18675498829515172
1661.0,0.18939128299815744
1665.0,0.176794639753793
1672.0,0.1726392638083232
1679.0,0.2002426194378997
1685.0,0.1711324274938152
1690.0,0.17848116905582082
1698.0,0.17373285694015764
1703.0,0.17575666255897518
1711.0,0.1703937476544536
1719.0,0.17994721618919662
1728.0,0.1710414602213673
1734.0,0.1834656987438881
1742.0,0.19255670345435028
1750.0,0.14919938335755822
1754.0,0.17223413965580797
1759.0,0.18893653818948442
1765.0,0.17463150248352807
1774.0,0.1596116306014197
1782.0,0.1744553708925662
1788.0,0.19212924652967528
1796.0,0.17595889088223798
1800.0,0.16374870568470534
1809.0,0.18332036023030124
1817.0,0.1641600429611582
1824.0,0.19538529438797295
1832.0,0.17061415994592502
1838.0,0.15852996918523926
1844.0,0.1807794807790465
1850.0,0.20519981227404277
1856.0,0.16704935171397928
1864.0,0.17016483343386488
1872.0,0.16243313954440583
1878.0,0.1797984576947497
1886.0,0.17234490629356503
1893.0,0.16694234305253558
1901.0,0.18424178563763768
1909.0,0.19013346854886706
1916.0,0.1888916290783789
1927.0,0.18312541607356259
1934.0,0.17591706528272197
1942.0,0.17010341333021017
1950.0,0.17005321406177618
1954.0,0.20798863089051325
1961.0,0.1724571466665986
1970.0,0.18196689218760828
1982.0,0.2122520915093513
1989.0,0.18453392784499012
1997.0,0.1885420423183149
2003.0,0.17772008729698682
2010.0,0.1610414296020209
2016.0,0.15537829647700765
2021.0,0.19001650321823219
2033.0,0.18616742477259837
2041.0,0.1783368851110174
2049.0,0.17443830410026295
2058.0,0.19083386989105525
2066.0,0.19713053007738732
2074.0,0.2028229029173443
2082.0,0.17605054000190853
2088.0,0.1946840736050067
2094.0,0.16768420367667525
2101.0,0.1646946312341942
2107.0,0.18717965665627542
2111.0,0.18333470087654363
2122.0,0.18225287374642854
2131.0,0.18436105036152953
2135.0,0.16940572754396205
2143.0,0.1807016655594058
2151.0,0.1774447579996242
2158.0,0.18548725144495387
2165.0,0.1901333779845191
2172.0,0.18817817103143897
2178.0,0.15831281656142632
2184.0,0.19978412653618716
2188.0,0.183072370353486
2197.0,0.19953493415959836
2205.0,0.1942757997176775
2219.0,0.18800333561807314
2227.0,0.19221635718883018
2235.0,0.17522578579062914
2239.0,0.159116938550113
2247.0,0.19204567367024447
2254.0,0.17902751978911954
2265.0,0.1741368779069815
2273.0,0.16853519150370483
2284.0,0.18394346233188272
2293.0,0.19680793009213376
2305.0,0.18111575148192768
2317.0,0.1851836206320372
2324.0,0.17864155395320974
2331.0,0.17152877993305338
2342.0,0.18272119095952727
2350.0,0.1811461950031877
2361.0,0.16833268190912315
2366.0,0.16727634388252421
2374.0,0.1786443744486211
2382.0,0.16839552439093974
2391.0,0.1826871566390995
2398.0,0.17188667234786253
2402.0,0.17961095976604796
2410.0,0.1942298880976226
2415.0,0.16594331458929434
2422.0,0.18674205649071232
2429.0,0.17459858491852054
