,8
0,0.1613094019192173
1,0.164297620767552
2,0.17432504774222626
3,0.1531657375014387
4,0.16290420707309505
5,0.160013477617306
6,0.1407912793229158
7,0.15224326331273116
8,0.14766445621411092
9,0.1680295792616757
10,0.15227691455805695
11,0.1797360106410715
12,0.1550662655955711
13,0.14776527804674172
14,0.16062000382989075
15,0.15804182388959662
16,0.17875301954049017
17,0.14504251453424855
18,0.15702076459213626
19,0.1564791871896551
20,0.15003629043005878
21,0.15959272218277842
22,0.16232665353741543
23,0.15871130640848896
24,0.14381466315538305
25,0.1544519479285973
26,0.1526944329601106
27,0.1521312781369541
28,0.14680150034683273
29,0.14789876147571906
30,0.1583254034508925
31,0.14988669236931285
32,0.15495172831484114
33,0.1631004988693172
34,0.16631432864711157
35,0.13925547648205003
36,0.14970652960948358
37,0.13690462503899467
38,0.1584231483872155
39,0.14469541874065586
40,0.1423479682918335
41,0.15360724463610967
42,0.15516297785606603
43,0.16005442857343855
44,0.14310677754225856
45,0.15429996093223347
46,0.16452720163644385
47,0.15720488461829127
48,0.14486103471693448
49,0.14326120706102252
50,0.16658501081593238
51,0.15374975257113171
52,0.14351154285627482
53,0.1470653877755557
54,0.13843734809355257
55,0.14656486454153372
56,0.1483577547337888
57,0.16832426510041587
58,0.17415917216807628
59,0.15568643716943006
60,0.15997920671244711
61,0.15833980014422078
62,0.1628673692056698
63,0.16079960990310335
64,0.1741366549289663
65,0.17229962043660693
66,0.1807937870490087
67,0.17966478990984897
68,0.16373785356375986
69,0.14170188136394113
70,0.128970071595235
71,0.1577581519073176
72,0.14003994394290972
73,0.17470735737357257
74,0.193656713199564
75,0.13299262524014524
76,0.17524730347351747
77,0.17719309982021336
78,0.1420482940959691
79,0.15760112075415575
80,0.15189497201501193
81,0.15599624354985678
82,0.1622227059703697
83,0.14329371072797617
84,0.15401975028103407
85,0.15285668219644738
86,0.16307125438329748
87,0.15271311695817263
88,0.17305570177367066
89,0.15639922325945368
90,0.17727619885946633
91,0.15264783131706514
92,0.15754158384970232
93,0.1536170144502446
94,0.1507895234568694
95,0.1524336835610045
96,0.16114186849098644
97,0.1662166960480479
98,0.16080441364912107
99,0.16492541180475978
100,0.14945020192643552
101,0.14942499332033427
102,0.15611642048391372
103,0.1649083086445949
104,0.16430964021074468
105,0.1630898633700715
106,0.17534479368890502
107,0.1788838612433269
108,0.1572504462140673
109,0.17095860088882073
110,0.1496347498209727
111,0.14169504341873276
112,0.16889389807098323
113,0.15358153119919216
114,0.15005346282459206
115,0.1559489001213259
116,0.1473878983776147
117,0.1523422274871881
118,0.14675018042710672
119,0.15183116238530187
120,0.15373306091313174
121,0.15110693430633215
122,0.14655401595884895
123,0.17093389290945737
124,0.16466685794775696
125,0.13543169307858863
126,0.15931762403830463
127,0.1804470341373091
128,0.17895469988850285
129,0.1554270439176882
130,0.16559731412616963
131,0.16036526789490024
132,0.16780744980580492
133,0.15997614820796877
134,0.1479631032149561
135,0.16170802077507
136,0.161516056234962
137,0.14990786351669091
138,0.14757442600994675
139,0.14088206348062554
140,0.17107613888476353
141,0.16239383539809113
142,0.1645429596608174
143,0.16068724339673976
144,0.16440273440287123
145,0.18457478097387006
146,0.15729073232676502
147,0.15864643455567728
148,0.1530773604408805
149,0.15521984421446083
150,0.1549935082963671
151,0.15786762826145698
152,0.157406370235835
153,0.1555348190473638
154,0.159547017443761
155,0.16224875568216854
156,0.165926794932556
157,0.17231756011092336
158,0.1609523408444519
159,0.16075491717085275
160,0.178755727783778
161,0.16668716778666634
162,0.166023992472475
163,0.14938471761011834
164,0.16361584550920566
165,0.1595872638090463
166,0.1608326197798248
167,0.17016127789645452
168,0.16746116282053664
169,0.182130187853245
170,0.1651039812109508
171,0.16547703755839593
172,0.15889886939895387
173,0.1630285177374996
174,0.15046281278368573
175,0.19133149270997535
176,0.15914033653574594
177,0.1630883613794231
178,0.15652066000901102
179,0.16791538911752768
180,0.15722297056483353
181,0.15510182888031507
182,0.154699270782776
183,0.16203805953244663
184,0.17257082453728162
185,0.13844682210306739
186,0.17597067357677706
187,0.16728739877973614
188,0.1433435858933601
189,0.15308936256481007
190,0.15337326893192516
191,0.14770629175548797
192,0.14802829690046304
193,0.1605289482413957
194,0.15069305970588062
195,0.15749748319781678
196,0.15886667583840575
197,0.1710834833397846
198,0.1878312383602548
199,0.15715141881083367
200,0.15152557536292405
201,0.13831108335509984
202,0.14266937325909249
203,0.161438323598132
204,0.1566666585559119
205,0.15047500133894218
206,0.1986721296527388
207,0.17887118165038224
208,0.1821484010544785
209,0.156283890787002
210,0.1468866918161098
211,0.14199554039045115
212,0.14776320603613868
213,0.16598808644730473
214,0.1536519305956239
215,0.1821857134050325
216,0.1846367436584431
217,0.1404161008881304
218,0.16339954155987063
219,0.14637666672077942
220,0.13985165099015626
221,0.16316862599368692
222,0.15021613781367102
223,0.17151452848267806
224,0.14786375014777692
225,0.1523538039808764
226,0.15747963757934302
227,0.140689407980659
228,0.1598677455840323
229,0.15409952919434877
230,0.16860328930628676
231,0.18043178305576563
232,0.16308397091812876
233,0.1548008653208398
234,0.17153728794613013
235,0.16536055662571397
236,0.16306735415087306
237,0.14117607543973884
238,0.17535380364113584
239,0.159732902678218
240,0.18290891034558215
241,0.16040746160697553
242,0.13390396863616216
243,0.1537368713179696
244,0.14653003282876328
245,0.1688895280788694
246,0.17948741709695365
247,0.1593201684490634
248,0.17494832975190358
249,0.15713095222124115
250,0.14988682972845255
251,0.14882276386196994
252,0.15168406718698324
253,0.17652674369183072
254,0.15668758744421937
255,0.16705001052309063
256,0.1537776345909377
257,0.14182369747042536
258,0.15854628776557347
259,0.14927994824861562
260,0.16437620681710083
261,0.16578543056810313
262,0.15438874350329174
263,0.18459679185225136
264,0.1724397243226771
265,0.1534630319848786
266,0.1833799887947308
267,0.14917236138959128
268,0.15886512573213807
269,0.14887905798317552
270,0.17034837928883517
271,0.15088101943566928
272,0.15124935884940022
273,0.1372004096852693
274,0.15331373867936773
275,0.1631497587778001
276,0.16470215540234087
277,0.17355208056628088
278,0.1592010046404509
279,0.18963552547312693
280,0.15482323165399484
281,0.16605574592967104
282,0.15833894133972293
283,0.1632037421570739
284,0.15340338175653803
285,0.18518436520034093
286,0.1657925823997771
287,0.16483860411963006
288,0.1505327463996717
289,0.1567458850631974
290,0.14769547637062005
291,0.21252783283626597
292,0.16851056399786685
293,0.1791981504745755
294,0.1663039686973122
295,0.15209711105750853
296,0.16107573200376266
297,0.14605294115797376
298,0.14317305126969015
299,0.14763070061302458
300,0.13856638739491933
301,0.15331295040612536
302,0.1401144947049612
303,0.1589178868650513
304,0.14445327477499895
305,0.15616119158911956
306,0.151405090554697
307,0.1541442783446277
308,0.14922728496851578
309,0.1511699040013002
310,0.14152453256896944
311,0.14126014920943752
312,0.1541907303121999
313,0.15411024378800567
314,0.1673926003437405
315,0.16124829395509876
316,0.14009670470436436
317,0.1668548366711016
318,0.14705716131982643
319,0.15900181913365222
320,0.15315279059343426
321,0.14042463997425877
322,0.14533203360052338
323,0.14711361540477003
324,0.1604230860599525
