,4
2436.0,0.1546135765738392
2445.0,0.20079708638721586
2456.0,0.16555728430163677
2464.0,0.18650562067126716
2475.0,0.1753688549415673
2481.0,0.20499625669372737
2489.0,0.15680652463171732
2495.0,0.16824670073528142
2502.0,0.2035657953467096
2506.0,0.18382971017996466
2513.0,0.1599399319957999
2524.0,0.17142974865499608
2532.0,0.14537009873935458
2538.0,0.18485464757116377
2545.0,0.19436472540804947
2552.0,0.11948530025852584
2561.0,0.15531443953844662
2569.0,0.2129465688579704
2577.0,0.2299604789641764
2586.0,0.1681121496117001
2593.0,0.1807126351298522
2604.0,0.2041002084451913
2611.0,0.2309654432219791
2616.0,0.1747089873380579
2624.0,0.21698066537238542
2632.0,0.19918001732200294
2639.0,0.23317941277179022
2653.0,0.16559247583320333
2660.0,0.15404280477145185
2668.0,0.1811459272671401
2676.0,0.1630951044120544
2685.0,0.17759526538794224
2689.0,0.1743622316203433
2697.0,0.1767911943736902
2705.0,0.18064178501509268
2713.0,0.18719762722012967
2722.0,0.14562013044450964
2729.0,0.22621825085284905
2733.0,0.19932185850162806
2742.0,0.15283641392774794
2751.0,0.19738537850798282
2762.0,0.1714552197999107
2767.0,0.17130303362398774
2772.0,0.141444994372994
2783.0,0.19274248466971822
2790.0,0.1705884908860537
2799.0,0.2049585903600755
2807.0,0.1986052710753206
2813.0,0.1842182244215766
2820.0,0.1873941338399663
2828.0,0.2023204496106183
2835.0,0.19197620521155725
2844.0,0.18109433036198352
2854.0,0.17538810776424324
2862.0,0.19656982696264796
2870.0,0.19829262475976137
2875.0,0.20225628315616792
2882.0,0.19477783605021332
2889.0,0.18530115922273266
2895.0,0.18859932126119436
2902.0,0.1864063986455953
2911.0,0.20671482881566045
2918.0,0.19525553420745365
2925.0,0.21891525605145465
2932.0,0.2301583141572818
2943.0,0.21484100650341825
2949.0,0.1756354605069373
2953.0,0.13977058357097508
2960.0,0.19118397651870075
2969.0,0.17996726165411572
2977.0,0.1585956793307209
2985.0,0.1817490884346125
2994.0,0.14042671888097746
3002.0,0.15508734401324673
3013.0,0.194785247333795
3021.0,0.2053644726254687
3032.0,0.1567661305071382
3039.0,0.22126542527881976
3043.0,0.18870564232675696
3049.0,0.19063380315131767
3055.0,0.20571216065125372
3062.0,0.11386749444019521
3070.0,0.18924778890045435
3074.0,0.15793118169113696
3082.0,0.18564416564135303
3091.0,0.19228323283240714
3099.0,0.16519327782300014
3110.0,0.1537402601067062
3118.0,0.2020889556156749
3126.0,0.22081230585182518
3135.0,0.1815890793098121
3144.0,0.1954322056264064
3156.0,0.21978057600511108
3163.0,0.14018932559889435
3174.0,0.1696151414923288
3182.0,0.21060733392581074
3190.0,0.19749545725744033
3197.0,0.1797234587987573
3202.0,0.19676788694804506
3211.0,0.17339368969998725
3219.0,0.1866732685766858
3229.0,0.18245903201073696
3234.0,0.20349472149225886
3243.0,0.19953572214218293
3250.0,0.17867355972753635
3259.0,0.21785099930020563
3266.0,0.2291240771753573
3277.0,0.20925236428069804
3288.0,0.21727105269077762
3297.0,0.17146947670092305
3306.0,0.218861500239988
3314.0,0.16896139922559558
3319.0,0.19509933529293488
3324.0,0.17572114906983752
3335.0,0.20501571254060127
3344.0,0.14678867305598692
3353.0,0.19294327143710926
3362.0,0.2196364387567211
3371.0,0.1813777071588838
3380.0,0.20528984136613457
3388.0,0.21046203024164728
3397.0,0.2048441048312197
3404.0,0.18782449008201502
3411.0,0.1828419361705606
3416.0,0.22225125752991684
3420.0,0.2100286012423989
3424.0,0.14171137689489827
3432.0,0.1556865646985763
3438.0,0.21679186077236523
3445.0,0.13630303536630886
3452.0,0.14959313771821234
3459.0,0.23470333266734356
3466.0,0.20380018249630216
3473.0,0.19711155297408894
3479.0,0.19685374815341153
3490.0,0.1832642166105624
3496.0,0.18576573193027549
3503.0,0.1462321175964343
