,3
2436.0,0.2053252782343396
2445.0,0.1972364944267861
2456.0,0.18994240994505426
2464.0,0.25775095305151824
2475.0,0.21294951458191022
2481.0,0.2225532587271679
2489.0,0.2261279960210686
2495.0,0.22599719389145306
2502.0,0.20460828677810022
2506.0,0.19905323421823107
2513.0,0.1965987696032498
2524.0,0.16069590959332555
2532.0,0.2231212091658187
2538.0,0.1926966484013115
2545.0,0.22409567174508202
2552.0,0.16378623234002637
2561.0,0.22122712612511528
2569.0,0.1997237141524873
2577.0,0.21475629064349375
2586.0,0.18501553902446877
2593.0,0.19181902971239934
2604.0,0.2540870170649535
2611.0,0.24556304871293969
2616.0,0.19601777108484245
2624.0,0.22292619727174479
2632.0,0.20050369082297745
2639.0,0.17054201259073287
2653.0,0.2070193502264709
2660.0,0.1937682863701809
2668.0,0.2443636906354481
2676.0,0.23372947423939372
2685.0,0.26144674792242084
2689.0,0.22137667019121463
2697.0,0.20725301858592562
2705.0,0.22125687914094846
2713.0,0.22189432767924233
2722.0,0.15183789360882044
2729.0,0.25455306613431095
2733.0,0.22561807080134536
2742.0,0.1168910367377038
2751.0,0.16134453909519653
2762.0,0.21277270393635114
2767.0,0.25711013616872147
2772.0,0.12688094431877986
2783.0,0.19238579801666622
2790.0,0.14229986726103286
2799.0,0.13744908245641188
2807.0,0.19241377707299603
2813.0,0.17876559234600717
2820.0,0.22485285608006514
2828.0,0.22999051094314632
2835.0,0.2555420655492733
2844.0,0.19489989317355005
2854.0,0.18503830611727415
2862.0,0.22152926649431107
2870.0,0.21218373363376358
2875.0,0.24969656093882497
2882.0,0.23510820075161198
2889.0,0.2203988797447295
2895.0,0.17768638417582677
2902.0,0.15133070063603307
2911.0,0.20779222543200987
2918.0,0.22940160240041518
2925.0,0.24348900029084364
2932.0,0.21687212249980242
2943.0,0.20102739600029637
2949.0,0.21163170281123816
2953.0,0.17743635694146803
2960.0,0.2602462940164314
2969.0,0.2311634481021124
2977.0,0.2084320019051434
2985.0,0.18336236482901458
2994.0,0.18951743372855645
3002.0,0.1795497053231283
3013.0,0.2314876451507094
3021.0,0.2727601325263406
3032.0,0.15042766495538398
3039.0,0.21347129101824994
3043.0,0.20817325322487554
3049.0,0.23081602431697276
3055.0,0.15305539124647655
3062.0,0.152746448133766
3070.0,0.2585000182098117
3074.0,0.22011306148104656
3082.0,0.17364207937532156
3091.0,0.1943484663064368
3099.0,0.24261042629272048
3110.0,0.13565149127672457
3118.0,0.2236751808154684
3126.0,0.19398145144227988
3135.0,0.2267446123086369
3144.0,0.17820746969436876
3156.0,0.2567282489712909
3163.0,0.15807746236854303
3174.0,0.16338186812065444
3182.0,0.18640785063083518
3190.0,0.25095234389299714
3197.0,0.1999892836962673
3202.0,0.23439630999639752
3211.0,0.22124470347527697
3219.0,0.16761781754828753
3229.0,0.2388756698503935
3234.0,0.22470279173043076
3243.0,0.22571812937633576
3250.0,0.20664398203607293
3259.0,0.2345360122652832
3266.0,0.15208914675388888
3277.0,0.18374421953151418
3288.0,0.19755902822553345
3297.0,0.24422390606917074
3306.0,0.21132828868036577
3314.0,0.18553364533974873
3319.0,0.2360887560589096
3324.0,0.12193965285123926
3335.0,0.21582371073942921
3344.0,0.12526714593426783
3353.0,0.21867080820791107
3362.0,0.2260216874422473
3371.0,0.21992898872926742
3380.0,0.15548861295070893
3388.0,0.21900987718209866
3397.0,0.1896365822448047
3404.0,0.18526128351880003
3411.0,0.1987621270173122
3416.0,0.21784553962640024
3420.0,0.17960162717196132
3424.0,0.18555634217402037
3432.0,0.17682677600720378
3438.0,0.21915267728261137
3445.0,0.13933942352545858
3452.0,0.1835962926801644
3459.0,0.15264562354894268
3466.0,0.17534111473154157
3473.0,0.17854806945843527
3479.0,0.19879193378431023
3490.0,0.21897514805873886
3496.0,0.17672454074638927
3503.0,0.1956069068772629
