,6
2436.0,0.1908108747974599
2445.0,0.180169626972536
2456.0,0.16838761236636038
2464.0,0.1910275968786144
2475.0,0.15782631088308896
2481.0,0.16168213199852835
2489.0,0.1744175687310258
2495.0,0.1778291329480351
2502.0,0.14133718158506037
2506.0,0.1684210686956117
2513.0,0.20675864890529036
2524.0,0.22133370505403563
2532.0,0.18783646048627944
2538.0,0.19437511399710292
2545.0,0.1806603868389856
2552.0,0.17357782232482302
2561.0,0.19601593054172098
2569.0,0.2011780417061175
2577.0,0.18288945167158022
2586.0,0.15467958324902467
2593.0,0.14490492904986316
2604.0,0.1804127031123438
2611.0,0.15300115111681803
2616.0,0.20526810356614178
2624.0,0.18206031606113476
2632.0,0.15740913013716373
2639.0,0.1889051290292817
2653.0,0.17092935986109264
2660.0,0.15900437250645857
2668.0,0.18030578284540869
2676.0,0.16690728426601947
2685.0,0.18256581883196682
2689.0,0.20856639606395602
2697.0,0.190867083629187
2705.0,0.19331356946569025
2713.0,0.1810463097234362
2722.0,0.1613106185140361
2729.0,0.1833559621514487
2733.0,0.1721123175373239
2742.0,0.17445429239595658
2751.0,0.17953226689479074
2762.0,0.19216468846748283
2767.0,0.14531477303084042
2772.0,0.18932514792069366
2783.0,0.1853166396432917
2790.0,0.17594324682018292
2799.0,0.17206240585128332
2807.0,0.17685872858096435
2813.0,0.17826143181556195
2820.0,0.15626538040662427
2828.0,0.16470615173135594
2835.0,0.18825263433537623
2844.0,0.1628896663555282
2854.0,0.18975764952816873
2862.0,0.205117120014382
2870.0,0.17962806225280742
2875.0,0.17308411477078792
2882.0,0.14608451891511295
2889.0,0.1512686158499994
2895.0,0.17570937625894734
2902.0,0.14287467758333663
2911.0,0.20685168728662753
2918.0,0.18340291648161217
2925.0,0.18569732613969905
2932.0,0.19918878729851017
2943.0,0.19208889401099216
2949.0,0.18881067868212711
2953.0,0.16925733023674605
2960.0,0.2118383797969898
2969.0,0.199329084657711
2977.0,0.1832681628044204
2985.0,0.18626942757200193
2994.0,0.17388334767414693
3002.0,0.17772369243959038
3013.0,0.16333427557191071
3021.0,0.18730275083054154
3032.0,0.1559305285755265
3039.0,0.20620181478172192
3043.0,0.1818370758799779
3049.0,0.1856213738521697
3055.0,0.18469688360102554
3062.0,0.1915783008116986
3070.0,0.2018908625506849
3074.0,0.17513124358166157
3082.0,0.17708568451342066
3091.0,0.17621562027360022
3099.0,0.1713057448317914
3110.0,0.18522275450651454
3118.0,0.15337544908537237
3126.0,0.19230208748184366
3135.0,0.18973710376008915
3144.0,0.16950609736634156
3156.0,0.19203716171274382
3163.0,0.16505832341463528
3174.0,0.1690910293521848
3182.0,0.1720170748730346
3190.0,0.16312025240453698
3197.0,0.19408445779361191
3202.0,0.17205093093851373
3211.0,0.16882086565541288
3219.0,0.1972638941783854
3229.0,0.16051787810481205
3234.0,0.1926921546660808
3243.0,0.19072800383644645
3250.0,0.16455492776021832
3259.0,0.18193982131813327
3266.0,0.19069324255244857
3277.0,0.19724169453029045
3288.0,0.19605346001106877
3297.0,0.1842328852914751
3306.0,0.17335617864906927
3314.0,0.16145517103262366
3319.0,0.1447102330258219
3324.0,0.1795992925202543
3335.0,0.18092026860069294
3344.0,0.14709173350919724
3353.0,0.18813902515490472
3362.0,0.1742532249706276
3371.0,0.18108545971054224
3380.0,0.170562746519538
3388.0,0.1874906633894215
3397.0,0.20624045099058202
3404.0,0.18827621642776152
3411.0,0.19264058460611755
3416.0,0.20807693750169579
3420.0,0.18672559913620226
3424.0,0.19335324399598183
3432.0,0.19373004597031046
3438.0,0.19067797855667531
3445.0,0.21632163520251516
3452.0,0.1939867623808161
3459.0,0.19523091914126653
3466.0,0.18469352213916543
3473.0,0.18327740380680294
3479.0,0.180567826078937
3490.0,0.1892357452192069
3496.0,0.1724249074576046
3503.0,0.19969814502079825
