,8
0,0.1948570278830333
1,0.1830357272360672
2,0.16728871948455362
3,0.17621603734802527
4,0.1516237628266736
5,0.14607858861816603
6,0.14500576365074422
7,0.1453195033839288
8,0.15602878242864124
9,0.18200059765405927
10,0.16356162924541098
11,0.16616746067593052
12,0.17580340155156318
13,0.17583439663684405
14,0.1837151234255401
15,0.1951736712018414
16,0.17482180872249664
17,0.16211463155250672
18,0.1621895132775438
19,0.15561789019761899
20,0.16585954815551632
21,0.15054476992808075
22,0.17967635406069593
23,0.16773511280890385
24,0.16622119653182385
25,0.15688990655579152
26,0.14277080916498527
27,0.16446486062292823
28,0.15844905344597415
29,0.13615206355104287
30,0.13790506405997996
31,0.16225967763478694
32,0.20053649344859206
33,0.17531534272803553
34,0.16766012646484751
35,0.1773416707004255
36,0.15442966167202296
37,0.16073992743843937
38,0.17931723827082874
39,0.14796800464298918
40,0.16857029913675528
41,0.1638166457537807
42,0.16789854197972645
43,0.16336101569736547
44,0.15589449510195041
45,0.1614699577272368
46,0.1597873509931149
47,0.14836669161324212
48,0.16436740572714223
49,0.17786806710198763
50,0.15713968608335
51,0.14656384254235438
52,0.1546901369516098
53,0.17012836676408427
54,0.1720900885371644
55,0.18400051151507488
56,0.19544639999179253
57,0.16810634230663904
58,0.18794464538840225
59,0.1606644685524277
60,0.17688985291420378
61,0.18190808628990932
62,0.17527746844223213
63,0.15789534044277342
64,0.1664577070954995
65,0.1450818317903121
66,0.16831225594229104
67,0.17422256782130247
68,0.17294171608274442
69,0.18243604542331396
70,0.1519362646730224
71,0.17060552276047575
72,0.1514010636505714
73,0.14544116776786473
74,0.15853384576270407
75,0.16788554393547506
76,0.17026896634448527
77,0.19625088706203292
78,0.17307736871985988
79,0.15571531122029345
80,0.1561192169079619
81,0.14752450040166656
82,0.19348487127331998
83,0.18262613430963143
84,0.15487685961654815
85,0.15067990014859853
86,0.147969711048405
87,0.16932780454636623
88,0.16347586851560217
89,0.16797352364822907
90,0.18187301632588496
91,0.15822732407284265
92,0.14200500732488927
93,0.1517826867565789
94,0.15686933740741024
95,0.1511449479591304
96,0.16056031539754856
97,0.15588690936608804
98,0.17357060246014075
99,0.15335653694103418
100,0.18061813420963513
101,0.16615224760188807
102,0.1566769524426764
103,0.15186835273005075
104,0.16515075023345624
105,0.14602226228529927
106,0.16263095619341586
107,0.1776170086561368
108,0.17844610004305264
109,0.17225661681959065
110,0.16877795183452357
111,0.17028281447106441
112,0.17869880059596238
113,0.17197650338824805
114,0.17593896193382047
115,0.16916780487309943
116,0.1609173333601232
117,0.17723296086022985
118,0.17049342048967103
119,0.17306904439811338
120,0.17566923626847605
121,0.21828474025574615
122,0.20391028123940658
123,0.1886729687394152
124,0.1919822236817453
125,0.21632624695744704
126,0.16996079640928774
127,0.1822070308462817
128,0.1854126318846533
129,0.15955442500016512
130,0.1853352503206886
131,0.17725647059443853
132,0.15525295729486496
133,0.1859533949183961
134,0.17944667111523355
135,0.1531544540297119
136,0.16953085492863929
137,0.22395274200533652
