,5
2.0,0.18824394978431974
7.0,0.18547156715073002
13.0,0.2063873074685228
21.0,0.17427997295988526
28.0,0.184268034863891
33.0,0.1805598377992527
41.0,0.17350643380524625
48.0,0.18398174101662682
56.0,0.18410040227127475
65.0,0.20138982804966227
73.0,0.1886583883807499
81.0,0.19096289118538773
91.0,0.19964328460350075
99.0,0.1832742026585749
107.0,0.18944981074543793
111.0,0.17604895874558818
121.0,0.1801911407079033
127.0,0.2059114822792524
138.0,0.1760919075652406
148.0,0.19513965911690434
156.0,0.1993171206173604
170.0,0.15008231716946074
178.0,0.16954656541769944
186.0,0.20307938200607578
195.0,0.21031294658482855
203.0,0.18963177629658134
212.0,0.18112436433965706
220.0,0.2177297088433114
228.0,0.20011946760367372
237.0,0.15548393877241037
241.0,0.20183973094837315
249.0,0.19077932158946254
257.0,0.15230158133317823
263.0,0.182247935885709
271.0,0.2006386392334198
280.0,0.19304651028407321
289.0,0.17663851615383716
301.0,0.19718061671538986
309.0,0.1866782703488157
320.0,0.19628072477392217
327.0,0.18946533766720688
338.0,0.19363020869918066
347.0,0.19634048472916477
355.0,0.18597221352557128
363.0,0.195463693647209
372.0,0.20511967705239942
381.0,0.17487832519826382
389.0,0.18428127069140718
396.0,0.19194790892241811
404.0,0.19164593221400375
412.0,0.19344972436296562
417.0,0.17452841761023877
426.0,0.1997905104679686
436.0,0.1786758223247886
445.0,0.1709100743819002
451.0,0.17667210616827447
460.0,0.19876378020180513
468.0,0.20742742040021095
474.0,0.16785779903137218
482.0,0.196962914490606
490.0,0.21352239952757743
499.0,0.20644550883550397
506.0,0.18602367535618738
513.0,0.20156411972330815
523.0,0.1703298348864567
531.0,0.1908956638590895
536.0,0.1715587103837164
547.0,0.16105541042907537
555.0,0.18463421056223497
566.0,0.16882943469753905
574.0,0.18276946811175246
581.0,0.1739817584770888
592.0,0.19461058134220946
600.0,0.20368373838112924
614.0,0.17932796043516874
623.0,0.22558305225008152
630.0,0.2065417159603089
640.0,0.16204661732873757
652.0,0.18403481085946283
660.0,0.20731253387374
667.0,0.1961451815012348
675.0,0.18642995957349764
684.0,0.1841139897288217
696.0,0.214681534944382
705.0,0.19595157322734127
712.0,0.18318374534670084
720.0,0.1864699662763393
724.0,0.16601507208272634
733.0,0.17706692478884267
741.0,0.20050789431179075
750.0,0.21442306566895603
758.0,0.2056765488373246
766.0,0.18342262167875192
772.0,0.16497222244559312
777.0,0.16676711161088095
789.0,0.18821299752946918
797.0,0.1883249446758998
806.0,0.17176778586389385
815.0,0.1827864028185703
823.0,0.20032628376884282
828.0,0.17881374006955472
837.0,0.17772216832578464
845.0,0.1840240762662891
853.0,0.1934926792148952
864.0,0.16599976936450409
869.0,0.19373309787253704
877.0,0.1922419108647453
888.0,0.19293791588229822
898.0,0.1969962397836661
906.0,0.18285469222754097
917.0,0.18980572929436793
925.0,0.19359004870030894
934.0,0.15596194614831738
939.0,0.2066442505579148
946.0,0.21494648663825233
952.0,0.19604944988073608
963.0,0.1540141812339289
972.0,0.19690363355893167
978.0,0.1663219568588561
987.0,0.2003712880087036
995.0,0.19120003777739047
1005.0,0.20137146790421986
1013.0,0.20335979636950663
1020.0,0.16242207489291005
1027.0,0.18977777823323658
1033.0,0.21115398018695145
1041.0,0.20681633895502124
1050.0,0.19012005888605096
1057.0,0.19034226647793823
1065.0,0.1549270448949131
1075.0,0.18591238120517445
1082.0,0.2004059884188731
1090.0,0.1911012084201844
1101.0,0.172495783609706
1110.0,0.17967915769488083
1118.0,0.20255294657593534
1126.0,0.1788333635769756
1134.0,0.15905498071174545
1146.0,0.20636045484534
1154.0,0.16322232937365497
1162.0,0.17787656701502724
1173.0,0.1968639510313817
1183.0,0.1736774740938894
1187.0,0.19595478720900833
1192.0,0.20449505159060524
1203.0,0.18022301482290246
1208.0,0.2089411746592343
1216.0,0.18372295496504779
1223.0,0.1928149183933971
1229.0,0.20510835730253174
1234.0,0.19387351594891028
1245.0,0.2040068236249113
1253.0,0.1825705709467599
1261.0,0.20303978859775532
1269.0,0.18371474066048377
1280.0,0.1738008643056274
1289.0,0.18794233751290326
1297.0,0.21131881752866857
1301.0,0.19274801210132303
1313.0,0.1751093692788731
1322.0,0.21892459046793408
1330.0,0.19104607235441892
1337.0,0.20497356350697707
1345.0,0.18825031760717967
1353.0,0.17734764871766334
1361.0,0.16790269733510058
1372.0,0.13800105136063412
1383.0,0.19153833430221995
1392.0,0.16279702470347918
1400.0,0.19070367280353345
1407.0,0.17086965183940364
1413.0,0.1861510814553838
1423.0,0.20367612341200506
1432.0,0.17505998245962412
1438.0,0.19934433145970493
1446.0,0.14905756635584383
1454.0,0.18496416411325395
1463.0,0.17577080011492
1471.0,0.18562874044438954
1475.0,0.16780154792237437
1483.0,0.1914164120678175
1492.0,0.2242081699496703
1500.0,0.2155364277511063
1508.0,0.16587125182367216
1514.0,0.1995531087450319
1522.0,0.19483649811031603
1529.0,0.19602925733631876
1534.0,0.1869489203729797
1542.0,0.18327773730559566
1549.0,0.17977144446631396
1557.0,0.21014149672684165
1566.0,0.18144303150733568
1574.0,0.17723367990610567
1582.0,0.18242943223323357
1592.0,0.19617765655798686
1600.0,0.15855142576993772
1608.0,0.19622504586464354
1612.0,0.21372075066328897
1622.0,0.17042516880775632
1628.0,0.21082791613479365
1639.0,0.17479491453540555
1649.0,0.17250060559577002
1657.0,0.20275407412545612
1671.0,0.18676096999618833
1679.0,0.21819246774070183
1687.0,0.18712991468171492
1696.0,0.1742172373626469
1704.0,0.19206310786335426
1713.0,0.15874657835289407
1721.0,0.179422214199418
1729.0,0.20111375445069476
1738.0,0.1782233904557307
1742.0,0.19560103281015703
1750.0,0.1732157511689204
1758.0,0.16823787477462882
1764.0,0.16059252112374567
1772.0,0.19650354557966576
1781.0,0.17182034659741888
1790.0,0.21370354357730098
1802.0,0.19925875878684807
1810.0,0.2118151674678192
1821.0,0.16322940601128547
1828.0,0.21582760920759614
1839.0,0.17086403880050924
1848.0,0.16751995637520997
1856.0,0.18120920103362537
1864.0,0.16290774556009718
1873.0,0.21573737806649687
1882.0,0.1832718431218128
1890.0,0.19320940444348342
1897.0,0.18700700417908592
1905.0,0.1964487603650981
1913.0,0.19112259637883788
1918.0,0.16541345589087605
1927.0,0.16837980116573273
1937.0,0.18633033670201785
1946.0,0.20403401545841013
1952.0,0.18917910662933501
1961.0,0.1622375957279925
1969.0,0.17049069982876683
1975.0,0.1915414529630823
1983.0,0.20073219897214548
1991.0,0.21691775116938788
2000.0,0.19988780760649125
2007.0,0.1936304104554008
2014.0,0.1981676191840665
2024.0,0.18033966983219712
2032.0,0.17781356937619838
2037.0,0.17622800633385408
2048.0,0.18636268883029472
2056.0,0.17886382691028024
2067.0,0.16857952403894857
2075.0,0.17700782185279984
2082.0,0.19193336267665387
2093.0,0.21283717441540964
2101.0,0.1920692176138026
2115.0,0.19727958033737894
2124.0,0.23709903961921736
2131.0,0.2129881374639222
2141.0,0.14487186093093485
2153.0,0.179351960728927
2161.0,0.18940699587326407
2168.0,0.2173528689489553
2176.0,0.18683444707399716
2185.0,0.2083613839081169
2197.0,0.18335179916568578
2206.0,0.19157446549182186
2213.0,0.21007284442943044
2221.0,0.18557179515129152
2225.0,0.20322048460601616
2234.0,0.22256320216113434
2242.0,0.20851936824205292
2251.0,0.19366736076345986
2259.0,0.21077861845549462
2267.0,0.19312627337594815
2273.0,0.18089725083659985
2278.0,0.19191155492222373
2290.0,0.17953452504413236
2298.0,0.16527277656990444
2307.0,0.17475701107535024
2316.0,0.2026703535396081
2324.0,0.19726062932155122
2329.0,0.19112700686320008
2338.0,0.1763542760145796
2346.0,0.1702111581422405
2354.0,0.19814047495422996
2365.0,0.19716162161105108
2374.0,0.17692784384461172
2382.0,0.18116529668326978
2393.0,0.1784498784112141
2403.0,0.17814488477344098
2411.0,0.18726613340626555
2422.0,0.193701822503606
2430.0,0.17184592954805014
2439.0,0.19293128413825347
2444.0,0.21123598719843134
2451.0,0.20863285728733538
2457.0,0.12865723658710093
2468.0,0.19942589119104132
2477.0,0.1564093741964447
2483.0,0.1855951613752888
2492.0,0.17603132035940386
2500.0,0.2158785435925672
2510.0,0.18740179464867518
2518.0,0.1796025970016842
2525.0,0.14918314183084427
2532.0,0.1810544753589692
2538.0,0.18276415825323492
2546.0,0.2178542144465428
2555.0,0.16064116022961142
2562.0,0.19827363797362313
2570.0,0.2189837384042733
2580.0,0.16434714530353128
2587.0,0.19284281595144923
2595.0,0.18178692246527103
2606.0,0.1709335565125304
2615.0,0.17717642287975485
2623.0,0.17022005978263635
2631.0,0.1925296149812546
2639.0,0.2039740595519657
2651.0,0.18276498336915303
2659.0,0.16647472459932183
2667.0,0.1871839727067095
2678.0,0.14774360863464334
2688.0,0.21499342167624294
2692.0,0.1837621425680983
2697.0,0.19095593382874168
2708.0,0.19788579010840074
2713.0,0.1821369663914477
2721.0,0.1969748168793338
2728.0,0.20319402432878214
2734.0,0.1864610277461529
2739.0,0.20692847485164606
2750.0,0.20690909081052056
2758.0,0.19558100500411227
2766.0,0.17047077606776023
2774.0,0.1826321679036329
2785.0,0.18172070115973948
2794.0,0.17388868691646664
2802.0,0.1948368110477782
2806.0,0.17799796164422824
2818.0,0.21605447564006994
2827.0,0.1794468409708196
2835.0,0.18678264926180851
2842.0,0.18747759632703506
2850.0,0.17688029305283348
2858.0,0.18181714646896396
2866.0,0.18861820805962065
2877.0,0.1866888545802158
2888.0,0.18811482245064834
2897.0,0.17957359663577405
2905.0,0.1822143945668302
2912.0,0.16785275239168007
2918.0,0.21560131559237458
2928.0,0.17419146652765505
2937.0,0.2093700208501872
2943.0,0.15743918140104848
2951.0,0.19001228772054263
2959.0,0.1666673410441876
2968.0,0.19288400668862232
2976.0,0.197085959856727
2980.0,0.19043755251787534
2988.0,0.20359585020070678
