,3
5977.0,0.1730178477837415
5982.0,0.18605092536912585
5991.0,0.22278023382318968
6000.0,0.23119502333445507
6008.0,0.18786735622339154
6016.0,0.22532430716430343
6024.0,0.24620371846454728
6031.0,0.22381044826694832
6039.0,0.20747312298965528
6047.0,0.13872693904974098
6056.0,0.16083257184104638
6062.0,0.2519094233454652
6066.0,0.16627180931159696
6074.0,0.13399167761157166
6085.0,0.20531515988736557
6093.0,0.11328966733642393
6101.0,0.22420862923114146
6109.0,0.11552898869302176
6117.0,0.15314680145842455
6126.0,0.21464819187453338
6133.0,0.20661368836069882
6144.0,0.2128416783508234
6152.0,0.19732440787947603
6161.0,0.17132455750367423
6170.0,0.22782755876316244
6174.0,0.1999546758438252
6186.0,0.11592823967929648
6195.0,0.2773266130688382
6202.0,0.1590495488856249
6213.0,0.2037971144961318
6222.0,0.1707737079205484
6227.0,0.18485482259480238
6232.0,0.15755218829439438
6240.0,0.25251469901756574
6244.0,0.22869312713991521
6252.0,0.17446274595802633
6261.0,0.1814614382309242
6266.0,0.21183128556367592
6274.0,0.22459163967813967
6282.0,0.20073949667371746
6290.0,0.19975489218711304
6297.0,0.237761409503094
6304.0,0.12403361812781818
6313.0,0.21093236169127744
6322.0,0.21368576596399672
6333.0,0.2127004079708901
6340.0,0.21278952750631971
6348.0,0.18413229729729924
6356.0,0.22221591799838183
6363.0,0.1948587461066516
6371.0,0.19576531210479073
6379.0,0.20379706940005232
6387.0,0.20256389970287966
6395.0,0.21488192818000665
6404.0,0.2091848027027418
6412.0,0.23676203205904853
6419.0,0.2177975492707657
6423.0,0.21476974895264822
6431.0,0.20746298541818226
6439.0,0.19557244910994762
6443.0,0.164295615346963
6451.0,0.23248801304438982
6460.0,0.2307320478678792
6468.0,0.19952108889662518
6476.0,0.20985024394300503
6485.0,0.22886178083841924
6496.0,0.16378444096972156
6504.0,0.19484512969263215
6513.0,0.20734077365740416
6520.0,0.2259901966218049
6528.0,0.226809901728977
6536.0,0.2625987673483189
6541.0,0.2075362960159707
6549.0,0.21735547559766544
6557.0,0.2067675988860713
6568.0,0.20119480568208326
6575.0,0.1763332087705789
6583.0,0.19205077839658322
6591.0,0.188997890683368
6599.0,0.23550791973055252
6606.0,0.189351335622599
6611.0,0.19997735369030517
6623.0,0.17614608969749965
6627.0,0.1639626627334463
6636.0,0.1740783626282098
6644.0,0.21324338945070975
6652.0,0.13373788552125762
6660.0,0.22364742355381156
6668.0,0.11656876846400241
6677.0,0.1917219122791847
6686.0,0.16589527602057566
6692.0,0.21957267759442717
6701.0,0.20247111367277443
6710.0,0.23032746018860908
6718.0,0.19576214487618476
6722.0,0.23358516190775752
6727.0,0.1833849354176773
6735.0,0.2200504365209663
6742.0,0.2236840190663501
6752.0,0.19066597398962123
6763.0,0.27758130612973453
6768.0,0.24419376875027354
6777.0,0.20203691267231466
6784.0,0.20177534360967153
6795.0,0.18303146159275513
6803.0,0.19118949844451016
6811.0,0.19685878902959741
6819.0,0.20872590421110984
6828.0,0.20197603731265115
6836.0,0.16427686555801635
6847.0,0.21967367372499005
6855.0,0.2212426313402715
6860.0,0.2139711200462737
6867.0,0.22114927162946826
6876.0,0.20686180955744446
6885.0,0.24270478198682524
6897.0,0.2473964696453617
6905.0,0.2066761300706167
6912.0,0.21421735399023686
