,6
5977.0,0.1551508885640707
5982.0,0.1757851545399113
5991.0,0.16528643149128533
6000.0,0.19100297645219672
6008.0,0.1633493480931206
6016.0,0.1782142480773925
6024.0,0.17712941226050816
6031.0,0.1652716418836556
6039.0,0.17569737766000243
6047.0,0.1598701411510111
6056.0,0.18181787794996157
6062.0,0.15839371710797473
6066.0,0.1557439063807262
6074.0,0.15408892798535287
6085.0,0.1715976227971606
6093.0,0.17189134956077126
6101.0,0.16718402111947706
6109.0,0.1500363630538814
6117.0,0.1628867360263818
6126.0,0.1842695768495278
6133.0,0.17811383838223008
6144.0,0.16180935531959986
6152.0,0.1686465039896693
6161.0,0.1800378652903897
6170.0,0.19456675766523268
6174.0,0.18088945951673335
6186.0,0.21121063579402652
6195.0,0.17819353849996145
6202.0,0.18444751170578869
6213.0,0.19326550629670247
6222.0,0.1769322478969501
6227.0,0.15619970350961576
6232.0,0.15600644892877336
6240.0,0.1899569580276679
6244.0,0.17525870484329184
6252.0,0.18305221693887935
6261.0,0.152774056956674
6266.0,0.15785487185929067
6274.0,0.15668865460926543
6282.0,0.19138491122344364
6290.0,0.17966526069678404
6297.0,0.16591294067854973
6304.0,0.17541163048670003
6313.0,0.1914772214791235
6322.0,0.16773228933514975
6333.0,0.1787086758046677
6340.0,0.18534208263229565
6348.0,0.19263695186288696
6356.0,0.18019374072428135
6363.0,0.1890936093316837
6371.0,0.16789191447692034
6379.0,0.18076952022022885
6387.0,0.1842801592960455
6395.0,0.1912837518957304
6404.0,0.1674499586425785
6412.0,0.1833408328120975
6419.0,0.19708681408741727
6423.0,0.20575071039463586
6431.0,0.18458104945526327
6439.0,0.17203239948463692
6443.0,0.18795640241638048
6451.0,0.1662862337369519
6460.0,0.17966115700251195
6468.0,0.18115412071570025
6476.0,0.19515263731864319
6485.0,0.18198267368174942
6496.0,0.1766207403541585
6504.0,0.17956005811241024
6513.0,0.16115066182102314
6520.0,0.1709756159060811
6528.0,0.19576930965421985
6536.0,0.1825670698447698
6541.0,0.1630285294600952
6549.0,0.17778538973747424
6557.0,0.19716052274596643
6568.0,0.18058997392858117
6575.0,0.18982817629609255
6583.0,0.18420358978704224
6591.0,0.16789667862687355
6599.0,0.2176511889551277
6606.0,0.21204657368710167
6611.0,0.1880031439438518
6623.0,0.17715298075294578
6627.0,0.18216148562801243
6636.0,0.16941908877624184
6644.0,0.1837085128654863
6652.0,0.17969551624970656
6660.0,0.19918702209305225
6668.0,0.20885179981427984
6677.0,0.18646384473486366
6686.0,0.1690935511128932
6692.0,0.21238602327188366
6701.0,0.15925590717480378
6710.0,0.16406810167355165
6718.0,0.17462858135633663
6722.0,0.1995238148805313
6727.0,0.1855264687484356
6735.0,0.17859859779350482
6742.0,0.17273800468750009
6752.0,0.17572206517287023
6763.0,0.19277880225104216
6768.0,0.17519778269459504
6777.0,0.178551331071806
6784.0,0.19538774337365247
6795.0,0.1831828004978948
6803.0,0.2002550342651096
6811.0,0.1709490591214048
6819.0,0.16053911469574308
6828.0,0.17742799062511325
6836.0,0.16654016083543982
6847.0,0.17417203948295173
6855.0,0.21393238570491568
6860.0,0.18796019595311847
6867.0,0.180178812502387
6876.0,0.19765330218964544
6885.0,0.1839859588352519
6897.0,0.18296279642025623
6905.0,0.1678678603189574
6912.0,0.1952323357418589
