,4
2.0,0.014860929938500266
7.0,0.17292126601555818
13.0,0.1789517954268826
21.0,0.2097379720798135
28.0,0.18855483643686446
33.0,0.20190015288985208
41.0,0.21891385990157333
48.0,0.18839579787086125
56.0,0.22970469346044683
65.0,0.17976029260718795
73.0,0.22601257022251608
81.0,0.18212704629495338
91.0,0.21900170277288186
99.0,0.19888256100929358
107.0,0.18880124122579747
111.0,0.17675783638273773
121.0,0.15303323989303466
127.0,0.2085843911119061
138.0,0.18737071230925997
148.0,0.181804983366463
156.0,0.20141030880810742
170.0,0.19739661429094377
178.0,0.19399475242590308
186.0,0.17722392767516626
195.0,0.17142447493401075
203.0,0.20829091248901307
212.0,0.14463684914327532
220.0,0.20722069172897697
228.0,0.196111227500364
237.0,0.23505576972996275
241.0,0.17701375718108717
249.0,0.18749716571217315
257.0,0.1762059550525746
263.0,0.1928924098398347
271.0,0.20989878844555163
280.0,0.11516988336114835
289.0,0.21706155254572984
301.0,0.20553802758760512
309.0,0.2054608860986435
320.0,0.16718638389715262
327.0,0.19890212720768669
338.0,0.14611764918145653
347.0,0.12591411477777256
355.0,0.20119041315047778
363.0,0.1938994265013629
372.0,0.1645281974168251
381.0,0.1879115518034135
389.0,0.1978938158050498
396.0,0.20614730008198306
404.0,0.1889241635798397
412.0,0.1619605126902796
417.0,0.19389368604889554
426.0,0.19589600486219952
436.0,0.13321560302977611
445.0,0.19664930477035242
451.0,0.1843072280899034
460.0,0.19547104178278105
468.0,0.20101914464361129
474.0,0.189845080141824
482.0,0.20218068031934228
490.0,0.15195483478307178
499.0,0.20106758598096233
506.0,0.19940056717782859
513.0,0.1741842023916639
523.0,0.18417895060131262
531.0,0.17132207073483016
536.0,0.1953765437847086
547.0,0.1925045833347018
555.0,0.19616324220066386
566.0,0.19244354783931014
574.0,0.18281441513774793
581.0,0.17122501729751358
592.0,0.1678124572245842
600.0,0.14831692205963157
614.0,0.15357459647549018
623.0,0.200668888828464
630.0,0.1907054944423561
640.0,0.16677044592572338
652.0,0.16030713928464949
660.0,0.19120899475925798
667.0,0.18589703228911877
675.0,0.2090813753812318
684.0,0.17870674732092076
696.0,0.16328244803912878
705.0,0.1699845602737823
712.0,0.18623650481441104
720.0,0.17050854816056357
724.0,0.18258631218317245
733.0,0.20427460622735238
741.0,0.16036789550745956
750.0,0.17366139251311793
758.0,0.20176006326752646
766.0,0.20269384411071334
772.0,0.210004915018559
777.0,0.16027139685209915
789.0,0.18710846842327222
797.0,0.17928589103261355
806.0,0.1033274413019697
815.0,0.20605789781053063
823.0,0.1481411774184658
828.0,0.19266966251625803
837.0,0.19907464821409085
845.0,0.23811695829791996
853.0,0.234316536854244
864.0,0.21785795164665916
869.0,0.19575623152663854
877.0,0.18108736672433612
888.0,0.21114172803117354
898.0,0.19440712284691905
906.0,0.19689334083408191
917.0,0.18693019066761504
925.0,0.2175932689000572
934.0,0.2481110551358498
939.0,0.2004780853691937
946.0,0.20939935848665406
952.0,0.22035225941581046
963.0,0.19576803040556048
972.0,0.207696974922079
978.0,0.12373603755358152
987.0,0.1897218064117491
995.0,0.2005275624504751
1005.0,0.1754711889025341
1013.0,0.20901678127646045
1020.0,0.1624940243384809
1027.0,0.1653337396776878
1033.0,0.1682573212313046
1041.0,0.1471945728965419
1050.0,0.2132189761094113
1057.0,0.21545698884147715
1065.0,0.1695438386298716
1075.0,0.21517468530953146
1082.0,0.15111453448533674
1090.0,0.1857485666013486
1101.0,0.21091758744499234
1110.0,0.16051483985281445
1118.0,0.1944778252595412
1126.0,0.19720599146544385
1134.0,0.15781390939667864
1146.0,0.1853850223800723
1154.0,0.18934251422805795
1162.0,0.1837153103261534
1173.0,0.19496767815882843
1183.0,0.17450987241188426
1187.0,0.18965867843503456
1192.0,0.1910485669061419
1203.0,0.2245098575956526
1208.0,0.21005301642768748
1216.0,0.22637900732081587
1223.0,0.16025489875061394
1229.0,0.1783879586396405
1234.0,0.17758272433841052
1245.0,0.19424827758964244
1253.0,0.1433549245255711
1261.0,0.20316445234799724
1269.0,0.21707084196678827
1280.0,0.19099128716952896
1289.0,0.19076292982959342
1297.0,0.1494117216581317
1301.0,0.1948741222892492
1313.0,0.19841543031703654
1322.0,0.19329259891031483
1330.0,0.18943482446268806
1337.0,0.16814703654633872
1345.0,0.1798492794013758
1353.0,0.1908927491910456
1361.0,0.20686708421836925
1372.0,0.18354515347117994
1383.0,0.12890066933794325
1392.0,0.17381065527743683
1400.0,0.18738230764776295
1407.0,0.19163958473356946
1413.0,0.1756448287726133
1423.0,0.17328466891670735
1432.0,0.17263448496618025
1438.0,0.18797118585616768
1446.0,0.16805499846980462
1454.0,0.16450673493201548
1463.0,0.2058525303498971
1471.0,0.23879003946649563
1475.0,0.1389038454016748
1483.0,0.15320084581778917
1492.0,0.22672781592509852
1500.0,0.17403826224944027
1508.0,0.1953366744297507
1514.0,0.18035844719666086
1522.0,0.19186282287712078
1529.0,0.15696780297046825
1534.0,0.19218671630625853
1542.0,0.1862943625238786
1549.0,0.21976388614595907
1557.0,0.20413212897806982
1566.0,0.23060053123646554
1574.0,0.18768849453204814
1582.0,0.1571905748508211
1592.0,0.23828984802493955
1600.0,0.20786472128608907
1608.0,0.22111495338402826
1612.0,0.17360802839651954
1622.0,0.16316538730897748
1628.0,0.10501761430920555
1639.0,0.15533881960892834
1649.0,0.1918962613929941
1657.0,0.19582045212699178
1671.0,0.20393224003083035
1679.0,0.20114063868154547
1687.0,0.18627694014827162
1696.0,0.20460122236303754
1704.0,0.1866152434725131
1713.0,0.1900299604947514
1721.0,0.1784455712109445
1729.0,0.23863596009269936
1738.0,0.2313299555445381
1742.0,0.18049790977573113
1750.0,0.1580515123193953
1758.0,0.17120260045384147
1764.0,0.19521921059153474
1772.0,0.22157576372097218
1781.0,0.16015095843489063
1790.0,0.17821950532184644
1802.0,0.18303981141244385
1810.0,0.20553782342934546
1821.0,0.2263094145649718
1828.0,0.201812508887422
1839.0,0.20611790745068895
1848.0,0.20062179544668715
1856.0,0.15942320305785543
1864.0,0.1612840369509293
1873.0,0.20224761448432668
1882.0,0.22006926094307422
1890.0,0.2306060635797956
1897.0,0.23490300410925566
1905.0,0.21108175009106026
1913.0,0.15561755087596998
1918.0,0.22325775037893966
1927.0,0.1767813546349444
1937.0,0.19043289852817744
1946.0,0.20582662395936088
1952.0,0.18631538512974355
1961.0,0.18028481181512543
1969.0,0.20176314882489155
1975.0,0.17246136943696633
1983.0,0.20552957671483793
1991.0,0.18284927028926415
2000.0,0.18779484129104274
2007.0,0.14518929368372074
2014.0,0.18444179188448834
2024.0,0.1693579754472218
2032.0,0.15789656157475837
2037.0,0.20539250659494385
2048.0,0.19164678420634979
2056.0,0.192393188611712
2067.0,0.21850762732912438
2075.0,0.1931154411061063
2082.0,0.19521235631476705
2093.0,0.17551133551152628
2101.0,0.18155978628611508
2115.0,0.1741627182937418
2124.0,0.20846483305439406
2131.0,0.22184489523388257
2141.0,0.16003952001107638
2153.0,0.20046768507410437
2161.0,0.173342309472133
2168.0,0.22780960554629479
2176.0,0.21440560304462142
2185.0,0.21788742959090504
2197.0,0.20813328216652105
2206.0,0.16419912039691636
2213.0,0.17770016879200282
2221.0,0.17909994959033818
2225.0,0.19537680278054387
2234.0,0.1768871219097897
2242.0,0.19009641916523964
2251.0,0.16819831240668057
2259.0,0.1756542376053751
2267.0,0.18847802783101356
2273.0,0.17735350046839282
2278.0,0.18078091879112265
2290.0,0.16203029601315438
2298.0,0.17666115264032506
2307.0,0.20167137775680527
2316.0,0.19090778267125028
2324.0,0.1957851712062999
2329.0,0.17424791024359942
2338.0,0.1811707258818971
2346.0,0.21729098996382037
2354.0,0.15467638289820101
2365.0,0.18537582745639145
2374.0,0.19300027843359766
2382.0,0.19763239269517854
2393.0,0.19920176472411597
2403.0,0.19059669628366643
2411.0,0.19461885152771835
2422.0,0.1971325051465952
2430.0,0.20074815471590926
2439.0,0.19937927968801836
2444.0,0.17130249286447571
2451.0,0.2118153880081198
2457.0,0.1390617796874435
2468.0,0.14997535046079624
2477.0,0.16055058851697018
2483.0,0.1330846003228509
2492.0,0.16200112172269268
2500.0,0.21710373778179867
2510.0,0.19419795061610684
2518.0,0.17901669489422872
2525.0,0.15341987544440208
2532.0,0.16723653588686302
2538.0,0.18904008794480584
2546.0,0.2318004714293702
2555.0,0.21980486219579562
2562.0,0.12259226783120451
2570.0,0.21131498753619077
2580.0,0.17142419391715513
2587.0,0.18698531634833365
2595.0,0.19420310957095027
2606.0,0.19673587871821296
2615.0,0.2145639544957549
2623.0,0.17211181853926152
2631.0,0.17520051882370552
2639.0,0.2157420276365546
2651.0,0.1921403519957844
2659.0,0.20104643468441438
2667.0,0.21483219261067416
2678.0,0.17210244884594678
2688.0,0.21157802343382143
2692.0,0.21030434924383065
2697.0,0.16236586147943002
2708.0,0.18579593564053118
2713.0,0.18135438990179284
2721.0,0.2673819711351826
2728.0,0.21127581855807462
2734.0,0.19747192836099542
2739.0,0.2346387774413661
2750.0,0.12900823108784762
2758.0,0.20067287015808188
2766.0,0.18900030834391096
2774.0,0.17369040272336006
2785.0,0.14940350102632904
2794.0,0.17424814303747677
2802.0,0.17717253449480289
2806.0,0.2176515911262477
2818.0,0.14195278940150544
2827.0,0.16644166261352078
2835.0,0.17379939906178818
2842.0,0.19751197499768394
2850.0,0.19620583080378523
2858.0,0.18568725964583002
2866.0,0.18686997164164337
2877.0,0.1862193807294242
2888.0,0.1566081253035107
2897.0,0.1752573997727724
2905.0,0.1956811370946028
2912.0,0.24533642112283616
2918.0,0.2527190988827485
2928.0,0.19910073163609185
2937.0,0.2023907274837834
2943.0,0.1915603362472429
2951.0,0.1863967480050004
2959.0,0.16917156025729582
2968.0,0.18938274217870094
2976.0,0.22734702120967334
2980.0,0.1684328596967444
2988.0,0.18597495143228004
