,8
0,0.17746284898279474
1,0.1480188770975922
2,0.16931934400042298
3,0.16766806643724486
4,0.15382449395790265
5,0.15826785912710575
6,0.1639982194337047
7,0.16069847545179097
8,0.1484799102322858
9,0.15710529226695108
10,0.17116867602005933
11,0.17981225341192505
12,0.15847202894559412
13,0.16076624560136935
14,0.1774497438430585
15,0.1712431253438811
16,0.16735064514505063
17,0.1786093975119706
18,0.18241884709238668
19,0.16015975701584173
20,0.1633152237725599
21,0.1835894548437075
22,0.18792708256407384
23,0.17192081266683873
24,0.1609433240166958
25,0.16233654306901182
26,0.1586800444638806
27,0.15056869736736261
28,0.1713489144831289
29,0.18038427712037802
30,0.16269309215230415
31,0.15632132839993082
32,0.15896317247677202
33,0.17663880240058977
34,0.15587279273657742
35,0.16280203757962494
36,0.14257914908999272
37,0.15496005646934266
38,0.14954840376147627
39,0.1524639673672022
40,0.17305267334706897
41,0.15468563498977578
42,0.15089156840820364
43,0.17457503235876867
44,0.17717040561153646
45,0.15532963258004745
46,0.16451739436012625
47,0.1508793753503635
48,0.14680006118856165
49,0.178146388860968
50,0.1646413082380732
51,0.16728913573700446
52,0.15464665986671067
53,0.15214241942788959
54,0.1764777487294549
55,0.14866153426775436
56,0.15850775085211044
57,0.1430702775554989
58,0.18448781333572292
59,0.15038665259248046
60,0.16764957669828107
61,0.1485177096001539
62,0.16790645447452224
63,0.1520621782507486
64,0.15416936635221715
65,0.16064922371334878
66,0.14955248731928517
67,0.1668293803016516
68,0.1446033245055139
69,0.1588611043538696
70,0.15655267572775336
71,0.14833268744022995
72,0.17541809339057873
73,0.17115252013418422
74,0.17533523516632574
75,0.17295601381262127
76,0.17219201577993892
77,0.17675498940528916
78,0.14882943907469498
79,0.16592612566253268
80,0.15221908616623453
81,0.16257244249141575
82,0.16607774465450306
83,0.16863695124610847
84,0.15607447948458464
85,0.1491684261523641
86,0.1720181005952443
87,0.18270118711461814
88,0.18057401004570653
89,0.18059127649069887
90,0.17716610801132576
91,0.16224770166929897
92,0.17796618680396775
93,0.15058716422173013
94,0.16399362253692565
95,0.1535344493640793
96,0.14705479042867595
97,0.1494509003230584
98,0.15955609747741553
99,0.16777446066005605
100,0.15477012192072453
101,0.16377365535838825
102,0.1559105730674002
103,0.18761872578801989
104,0.17826887487510096
105,0.1574112728149007
106,0.16298121211523445
107,0.1736053029942321
108,0.16189834119770527
109,0.14489968450937493
110,0.18518621497759089
111,0.15100082055744823
112,0.16074271396654893
113,0.15139635232893559
114,0.18772112785773226
115,0.17594043801627976
116,0.1850680014649365
117,0.17244612357430364
118,0.16753937052910778
119,0.16048020548899306
120,0.14762951444260894
121,0.1416570533264567
122,0.16097424881401598
123,0.15816289170361075
124,0.1661045021828781
125,0.16179968010636717
126,0.14874394319383133
127,0.15458679785412158
128,0.17082782204684166
129,0.14360519026220758
130,0.15676117632034828
131,0.16235554320438894
132,0.16291117875870897
133,0.17399109431732765
134,0.1445660217429716
135,0.14966934513234248
136,0.14350639264489426
137,0.15950201449230145
138,0.14206179711059846
139,0.15081876745424747
140,0.16468453940069838
141,0.16696676931831753
142,0.152903824686216
143,0.15942406470012613
144,0.13780135502331503
145,0.1669772461077594
146,0.1524933324698868
147,0.1621833735872824
148,0.16542484481702696
149,0.17896788044044296
150,0.17690156654344813
151,0.18290502163265956
152,0.17096899570906993
153,0.18327576062662265
154,0.16829422177217349
155,0.16828576506065787
156,0.15803220549036848
157,0.17951638800807132
158,0.15185561065398281
159,0.15068896460706638
160,0.15954733142008737
161,0.17395872200820459
162,0.1618737677100762
163,0.17396635420569
164,0.14639601221938967
165,0.15279894939781777
166,0.16268903928329295
167,0.16666443359753433
168,0.15364671489516735
169,0.18057285974540732
170,0.18395450132521945
171,0.15127924282585367
172,0.15500561422814146
173,0.1457630560419768
174,0.16972366573369835
175,0.14750189321619409
176,0.15211845813318206
177,0.15459909804451857
178,0.15526042610348875
179,0.15416387629515235
180,0.17043972857573494
181,0.16601036257403295
182,0.14896917522224135
183,0.17637003368943965
184,0.18565045010538134
185,0.1537589531937893
186,0.15084020961987757
187,0.15983445023399076
188,0.16647161358910234
189,0.16091220524217845
190,0.17141104006695274
191,0.1448977989003999
192,0.15951731390841348
193,0.15543560392352718
194,0.14667708310677904
195,0.1653384313660404
196,0.1568499446436136
197,0.14165934495292568
198,0.1703595554263407
199,0.15727947048437405
200,0.17116074140614726
201,0.1462840711717376
202,0.1662192050436157
203,0.18054447047066355
204,0.1862064264024427
205,0.16635345514098954
206,0.16234182645544445
207,0.1682842129728599
208,0.15537917866774043
209,0.15723347437940416
210,0.1628283263798988
211,0.16178351491412385
212,0.16346982971381424
213,0.15550513157658566
214,0.16315941504278314
215,0.16424783656860767
216,0.15338192395128966
217,0.15574987444646127
218,0.15773271708671704
219,0.15303683347586938
220,0.1722447678205093
221,0.15968728956984313
222,0.1666329391611553
223,0.1841453601223307
224,0.14830698134080736
225,0.17241451188732174
226,0.16655835828037222
227,0.16679579071405393
228,0.17690663041650498
229,0.1694556131119737
230,0.1489496797530113
231,0.19642313613237342
232,0.17407582908787408
233,0.16569737423911077
234,0.1702850035972373
235,0.15270299155664893
236,0.15772468577919452
237,0.15522417537085986
238,0.1521164161296758
239,0.15815318020370464
240,0.18251154289867758
241,0.16391976170083222
242,0.1716988541690395
243,0.16721095605142017
244,0.16898858818613255
245,0.1664458861351213
246,0.15482758894341125
247,0.1512370424497642
248,0.15559676930993077
249,0.15827076581533017
250,0.17078947153214674
251,0.1775032406320388
252,0.16858558765564133
253,0.15457795571834068
254,0.17640179616674345
255,0.1936655944655188
256,0.1882650826069593
257,0.18175070869925483
258,0.1756838174025485
259,0.16745075859451602
260,0.16822621660837536
261,0.1393217527896992
262,0.1512516124363159
263,0.18411385897046068
264,0.14039523202808943
265,0.1617040266105339
266,0.1572546320745454
267,0.16863315100148762
268,0.16378926429609977
269,0.1752896597675595
270,0.16412423328252457
271,0.16070304007037675
272,0.17466098723600926
273,0.15139415147175445
274,0.16656043159100722
275,0.16202882324955917
276,0.16632839310665343
277,0.16315279241437863
278,0.15548490713737614
279,0.15407079947419802
280,0.15919695645098292
281,0.14997358915629821
282,0.1588128546999833
283,0.16169576764671764
284,0.15896474113220477
285,0.17574432177353433
286,0.1632543281157752
287,0.15122876079169617
288,0.1608483670851326
289,0.16477623958329282
290,0.16177189952484658
291,0.1679661919937105
292,0.1643199418333739
293,0.1729104226707576
294,0.15234856118878023
295,0.15542813407417097
296,0.16948103822674374
297,0.1584015864429153
298,0.17463952953647316
299,0.17547561617736027
300,0.16801252864230573
301,0.17370044827686829
302,0.16290331186132734
303,0.15045523513423031
304,0.1598365377144496
305,0.14849621373492702
306,0.14889004635126535
307,0.15549117442894456
308,0.1576219405551926
309,0.15942172897566023
310,0.1571729659305921
311,0.1741842482523063
312,0.17864912629409108
313,0.18845469932608383
314,0.1697021185756829
315,0.1633730410363634
316,0.15138051515331039
317,0.16078555403819528
318,0.15280300338690334
319,0.1574061041000054
320,0.1544631239128044
321,0.14963365594834385
322,0.16391331943301035
323,0.16368108534204773
324,0.1549660469180311
325,0.1499895783658474
326,0.16143694692384716
327,0.15100169737238342
328,0.15018785632359527
329,0.14603171012756153
330,0.1576725518649209
331,0.16520386143952676
332,0.17134920331726014
333,0.146798416454877
334,0.16554910505199294
335,0.16154584791854681
336,0.17385101853127768
337,0.1768426951896378
338,0.15082434975833972
339,0.18643624448333104
340,0.19236239995721793
341,0.15964215347501287
342,0.1703872957410646
343,0.17952796624846767
344,0.16714216384451358
345,0.1426561313387921
346,0.1640917230221156
347,0.1521697047441065
348,0.17521105019362343
349,0.1691088958962032
350,0.15229297068609293
351,0.15524865154603973
352,0.1703231443669094
353,0.16177576569675844
354,0.15753808818578474
355,0.14633097185937616
356,0.17662448739876127
357,0.14840605569771517
358,0.158283736928647
359,0.13696139280359473
360,0.15497156087715572
361,0.16634516993069703
362,0.17556242108424652
