,5
4850.0,0.19010115782187298
4856.0,0.19454570956394532
4864.0,0.20099648374414206
4873.0,0.17269912740728624
4881.0,0.18238764031855656
4889.0,0.1623534722579775
4899.0,0.19682098784431284
4907.0,0.22199811532309865
4914.0,0.18380653723130974
4922.0,0.16750912475620272
4930.0,0.1936174492140575
4936.0,0.19507549325669743
4947.0,0.21585107709300339
4955.0,0.1664854027721105
4962.0,0.1808032210748896
4970.0,0.1835259474159868
4977.0,0.19909490663013085
4985.0,0.20143874097469291
4994.0,0.18053318965346402
4999.0,0.1663773042983189
5007.0,0.1654383650472515
5011.0,0.20031061485908003
5016.0,0.17854283105535962
5024.0,0.19159551246889397
5032.0,0.16756125972789518
5039.0,0.17595535647434687
5047.0,0.21101469295699765
5058.0,0.18392525874987614
5072.0,0.21807169393736
5077.0,0.1940991988930715
5086.0,0.2090146160297083
5100.0,0.20000861523131264
5106.0,0.23071817593978253
5110.0,0.1976045523703685
5117.0,0.16041730625982698
5123.0,0.20242089226982693
5132.0,0.19140582162756312
5140.0,0.21173672365335355
5148.0,0.19683917221268088
5153.0,0.18381304011496225
5160.0,0.20038031890703004
5168.0,0.18348429125783874
5176.0,0.18338596933559997
5184.0,0.16275208334883834
5193.0,0.18280175289401446
5201.0,0.19107458300199143
5206.0,0.1662290145125029
5214.0,0.18786489925964733
5223.0,0.22654140779127893
5235.0,0.20281425208327467
5244.0,0.17751527267801606
5248.0,0.18657486996125366
5257.0,0.19456073975151167
5265.0,0.22383532833706637
5272.0,0.20935433286495458
5279.0,0.2076469574843078
5284.0,0.1899943653305023
5293.0,0.20823073945469514
5301.0,0.1861811401527965
5309.0,0.19667697187041508
5317.0,0.18143054836794714
5325.0,0.20279493792584422
5334.0,0.18609669019549271
5342.0,0.18185638536560828
5349.0,0.18124524337243775
5353.0,0.18836362183583671
5360.0,0.1946514259274295
5365.0,0.19165674437100602
5372.0,0.1592200273158085
5381.0,0.18939425238889362
5393.0,0.1885368628205305
5397.0,0.23845234066405419
5405.0,0.16527304713406088
5416.0,0.1671535841445497
5420.0,0.20741194965156712
5428.0,0.1797111406780649
5435.0,0.17597803304477316
5442.0,0.21103126334208963
5450.0,0.23708146499678645
5458.0,0.2004132192528758
5466.0,0.19867175762020536
5477.0,0.19155712737131173
5486.0,0.20782594100183388
5494.0,0.2157690172153071
5498.0,0.20274468987147654
5507.0,0.1925193323882008
5514.0,0.1555652190908114
5519.0,0.2219179921756536
5524.0,0.20509401529006133
5531.0,0.19316851414381842
5540.0,0.20942763425553373
5547.0,0.16062431911015898
5551.0,0.20071530292712694
5556.0,0.156491011924811
5564.0,0.21855920312385912
5570.0,0.211405956573823
5579.0,0.17386711070895713
5583.0,0.18524369660417392
5592.0,0.19380930094895515
5600.0,0.18196577798695687
5609.0,0.17859857866235998
5618.0,0.18263593518223986
5629.0,0.16875627916953517
5637.0,0.20856787021966258
5645.0,0.1967652027411205
5650.0,0.17429064597951308
5658.0,0.21561787144601005
5666.0,0.19679521883384196
