,8
0,0.16286016998637437
1,0.1874064485987659
2,0.1527597537558142
3,0.18742573105835753
4,0.1845498362420212
5,0.16707143420562193
6,0.1475641344794681
7,0.16130237535035105
8,0.15445019144815586
9,0.14634098193716685
10,0.18583364119429868
11,0.1491700973932961
12,0.1646401538915374
13,0.1693667384974692
14,0.15752704961762629
15,0.1544602806784695
16,0.1596748216414775
17,0.1714509221777807
18,0.20038320088340808
19,0.18661169572361297
20,0.18148032682385992
21,0.16054946245077617
22,0.16554191239000438
23,0.1475770162543026
24,0.14005263247825211
25,0.1511778234821712
26,0.15422860915858716
27,0.15901510738876853
28,0.1519311823899325
29,0.1478433044862921
30,0.15145204586906502
31,0.15787832325138218
32,0.15046099048488024
33,0.15464472361155623
34,0.1659036131442099
35,0.18219467559129618
36,0.16791499296754478
37,0.15293715434981378
38,0.1520256626733892
39,0.1637652444628047
40,0.18460831232552993
41,0.15600644692795126
42,0.18082634589807173
43,0.1623169727477715
44,0.15204426473513324
45,0.14662163029569625
46,0.17096741663146814
47,0.13684298779330126
48,0.15162970882579027
49,0.15383825553428382
50,0.1940291140464816
51,0.18223179448627852
52,0.16603026502930374
53,0.15504748076963396
54,0.15758058281764545
55,0.1580885527274453
56,0.1513279469851712
57,0.15699592066171672
58,0.17464485077144062
59,0.17193758366896875
60,0.15330415026770425
61,0.17123080729030435
62,0.15998401004351767
63,0.12864527516215468
64,0.18400146921822216
65,0.17041587201353714
66,0.17377600299396256
67,0.1711932124165846
68,0.20683566954912652
69,0.1561602514293901
70,0.17531986159809787
71,0.17182865948699938
72,0.2108340792171214
73,0.20418826856161343
74,0.16862227674923
75,0.15406547403220852
76,0.1795240627653117
77,0.1463939769918729
78,0.15443215502881694
79,0.13831013338235418
80,0.1503724546992467
81,0.15684581593555158
82,0.16178620908943905
83,0.16506362101659558
84,0.16017533574039586
85,0.16000796149368088
86,0.1558575507446915
87,0.15171915584279239
88,0.18639955040590792
89,0.16902581708864722
90,0.1531687741283296
91,0.17381583371784376
92,0.152258769222967
93,0.17461545104357834
94,0.165923704100089
95,0.15793334432497266
96,0.15788188857870503
97,0.1672791783388469
98,0.1501079550352934
99,0.14143975945687717
100,0.18424108145328724
101,0.1884735223499872
102,0.1582316516104694
103,0.18032207488496843
104,0.16012073026128493
105,0.1839993113067463
106,0.18449859867446375
107,0.18711744217885873
