,8
0,0.2319016957610577
1,0.19663612591558996
2,0.18019751646792304
3,0.17494230594136168
4,0.1616953965553765
5,0.17441984651008297
6,0.16714599048094192
7,0.15272130049747382
8,0.15920052250938155
9,0.1405219570964138
10,0.15720142750425556
11,0.1639767429831152
12,0.16311588882813868
13,0.16530138127269836
14,0.1524580538161032
15,0.15821844628438497
16,0.13500681505004575
17,0.14894594299904793
18,0.13272462637232757
19,0.14569012962213004
20,0.15332320128181556
21,0.16123700090809556
22,0.18046581292898178
23,0.16275098118366987
24,0.16016976461298169
25,0.1899982902601715
26,0.17385304605944507
27,0.1654107457665764
28,0.14843001531469138
29,0.17752813120896255
30,0.14522641138398668
31,0.1605210279879464
32,0.15184899985326047
33,0.14335222716305837
34,0.16749589929395142
35,0.16215860028181867
36,0.20779880228330005
37,0.18788727280171505
38,0.1720212429520523
39,0.17813931473955208
40,0.16016072244017243
41,0.16860810676516635
42,0.16096567376019622
43,0.15105604886163568
44,0.20512602777453953
45,0.17814362904614833
46,0.18397055560659784
47,0.16471811366414688
48,0.17121281639067107
49,0.1867931442594849
50,0.18322376747374192
51,0.16279937572096517
52,0.15529906106546584
53,0.18124088751291198
54,0.1603097268479083
55,0.14543673830681808
56,0.17372701283846878
57,0.18101794793085169
58,0.16856401704695928
59,0.15852095217513332
60,0.14768604727826962
61,0.1658903064880931
62,0.1664887750818586
63,0.15874995761606953
64,0.1647518820816261
65,0.15891523489458378
66,0.17520992616230804
67,0.17622996332430774
68,0.1752851386481953
69,0.18901824941557938
70,0.15837680448568806
71,0.16250595947481022
72,0.16468348600127514
73,0.17575300018889414
74,0.17016087170528382
75,0.18735224309905474
76,0.16714147449327263
77,0.17260810750130334
78,0.17839194363019606
79,0.15622427207056774
80,0.16344209122925835
81,0.1731570751393987
82,0.19116277016729258
83,0.16855863332992338
84,0.15893639715450925
85,0.15829890296020863
86,0.154230155058048
87,0.1510902146049566
88,0.15443543261854845
89,0.141031546132161
90,0.15171021167737628
91,0.15492665130280509
92,0.16908102510504616
93,0.14698719371140154
94,0.16163079772268701
95,0.14414350760529526
96,0.13632209745400228
97,0.15963821506867695
98,0.1784563700553756
99,0.16367779044645947
100,0.19323467551059667
101,0.15674780228218682
102,0.15912152177360503
103,0.16344536609741467
104,0.14565591781052398
105,0.15785698239656643
106,0.14820234977157554
107,0.14894428149147837
108,0.14345922052284305
109,0.15027274602050245
110,0.15809965133900755
111,0.16468702702630683
112,0.16589048404188733
113,0.16268113704427745
114,0.17276099418332128
115,0.17108568650517406
116,0.1764395714348121
117,0.17642054196626428
118,0.18055356942462353
119,0.16242937529554405
120,0.16689016448902427
121,0.14780487341376547
122,0.15408522708400663
123,0.15831976797390815
124,0.156188044263983
125,0.15356519400928492
126,0.15253425760001804
127,0.16815383762819658
128,0.19232759210861367
129,0.17056482294763078
130,0.17309349835222665
131,0.1519913157875407
132,0.1693756105364103
133,0.17738277423669183
134,0.15352455726439349
135,0.18091592344136137
136,0.17163748043885024
137,0.1871508245928134
138,0.16794137786244467
139,0.16327574642908652
140,0.19761902475923554
141,0.17862546252183856
142,0.1550100626584678
143,0.16545679136248118
144,0.16812648376126674
145,0.16893664095730598
146,0.167321663022397
147,0.1610346303592653
148,0.16562652695814423
149,0.14783064487547928
150,0.16338514580626057
151,0.16335129669826431
152,0.1797015218760461
153,0.1658585982223847
154,0.15462777084611012
155,0.19348578600232344
156,0.14135216309540144
157,0.15084758437485282
158,0.18558791441462114
159,0.1787685931861163
160,0.13734062856096943
161,0.15582322221907333
162,0.1899466623648691
163,0.15783269911861655
164,0.14691496795943967
165,0.1903515943346181
166,0.1737900276159051
167,0.15306722277530915
168,0.16461344792399246
169,0.17531393816791696
170,0.1447195363850429
171,0.1514170239323951
172,0.15671296642995766
173,0.13663731691484401
174,0.15915511550853675
175,0.16440947272960818
176,0.16479365678971525
177,0.14589328720231853
178,0.1756530423545497
179,0.1634844665001
180,0.16939482625746577
181,0.1559054020985921
182,0.17387368888252816
183,0.17291295256031994
184,0.1765501659812439
185,0.13660743316781224
186,0.1717096632531201
187,0.1899799104573423
188,0.16518786965121418
189,0.15712174133734516
190,0.15774511419344162
191,0.16911533993501082
192,0.15915131184899925
193,0.18175855400457375
194,0.1847298652274389
195,0.16297377562517995
196,0.15519244396962234
197,0.16491555690749493
198,0.1484411039562855
199,0.15173673527609519
200,0.16902877942853975
201,0.15666537770846103
202,0.14630523784203592
203,0.15472679018971175
204,0.1661459985206943
205,0.15900039131842866
206,0.16663241527445644
207,0.15990227080069006
208,0.17330010094793458
209,0.16982928118281196
210,0.1938401010817435
211,0.17541246090404655
212,0.19623616635273614
213,0.17974423416182672
214,0.18597599421715208
215,0.17901456051235326
216,0.15568993922165283
217,0.14896908314609367
218,0.16693390533133462
219,0.14823097344490765
220,0.1600079820898141
221,0.13984002738513815
222,0.13637633635066715
223,0.1472388492702886
224,0.14131402402058266
225,0.1672888130456844
226,0.1610217009550489
227,0.15897986348225718
228,0.16892215894138188
229,0.15019027740808638
230,0.15796528640902946
231,0.15462323806044054
232,0.1450386802986523
233,0.14468192796178622
234,0.15488746612967857
235,0.16618199782205906
236,0.17107667277927316
237,0.19111032955755958
238,0.14374859328316655
239,0.14900767937884396
240,0.15369865931786073
241,0.1642755334200751
242,0.20104782098814583
243,0.16922313777739387
244,0.17172364676827245
245,0.18426043292104402
246,0.1603653416696548
247,0.18224589427851917
248,0.1700711938287445
249,0.15376638550079147
250,0.18873263618444072
251,0.14625049323143513
252,0.16909518790719164
253,0.16341331513320967
254,0.14976571719506843
255,0.16746009429725095
256,0.18349780429729684
257,0.1752285637770702
258,0.18602537771083388
259,0.19678623149545876
260,0.16417451340732903
261,0.16810073601585995
262,0.1430422389634424
263,0.1704469714233485
264,0.16853846691137267
265,0.14936514058461184
266,0.15078114672894916
267,0.15847417531386218
268,0.17595125316168317
269,0.17956247765584193
270,0.17370071177744606
271,0.16925465052728456
272,0.1635383676630441
273,0.14332036087501726
274,0.1509094932849196
275,0.15443207701966988
276,0.1532845911448334
277,0.15639411861860608
278,0.14699585067883222
279,0.15695228870175612
280,0.15177396515382274
281,0.14430220713668254
282,0.14809629780472436
283,0.15468614140919354
284,0.1565902784384139
285,0.1505755466475418
286,0.14432900833973272
287,0.16184797776770138
288,0.18364719310120714
289,0.14309962427778813
290,0.17120357107705508
291,0.17114400181003822
292,0.1772420684518835
293,0.16308155583951822
294,0.16927933162010125
295,0.17309113639114057
296,0.15091755108045285
297,0.19119932943972978
298,0.15810112263804116
299,0.18119382900425268
300,0.16721693932212464
301,0.1437970568916132
302,0.15984743332034135
303,0.14755867073008244
304,0.16240110440388483
305,0.14880523347886357
306,0.16068910003778092
307,0.16590013325677544
308,0.14563581666994907
309,0.15380209332236416
310,0.1715997836590345
311,0.15346583982678724
312,0.17045915085664778
313,0.1772338928930993
314,0.18683505751355292
315,0.18565959679543634
316,0.1632084181739037
317,0.15757001494353515
318,0.16670414949572748
319,0.19043317920519515
