,3
2.0,0.21785933587019687
6.0,0.19957659729356528
13.0,0.20241993874732378
20.0,0.16287651558190375
29.0,0.23662273782341936
39.0,0.21527644213819774
45.0,0.18372157466671815
54.0,0.2155716763720505
62.0,0.18601229712761527
70.0,0.22938716652454078
78.0,0.21180726851513265
86.0,0.17734619977714325
90.0,0.20218219275131208
96.0,0.17962342246713023
100.0,0.18711105852337567
107.0,0.2227069035645944
112.0,0.23574653010724644
116.0,0.1963970218901974
128.0,0.2419685578665372
135.0,0.25256293473900115
140.0,0.2586274854413534
145.0,0.21630461866960785
152.0,0.20199839610888817
164.0,0.21894088175743337
169.0,0.19771404361184966
174.0,0.23243407954847783
185.0,0.23723958286840457
190.0,0.2287017456954325
198.0,0.22457663216232343
206.0,0.16019646374154625
215.0,0.20185186279312892
222.0,0.15859675183770156
229.0,0.19368666309760635
237.0,0.19161769067591372
245.0,0.19285501778146824
252.0,0.15759782534777478
256.0,0.16096726110979487
264.0,0.1821159083869346
273.0,0.23184648060226246
282.0,0.23187595276520695
286.0,0.2073928023312857
290.0,0.24580699657496777
299.0,0.2386891458201479
307.0,0.23015103790455677
314.0,0.21496466469063052
321.0,0.23545093379709509
328.0,0.25654060085435465
335.0,0.16869802980778914
344.0,0.20323822409409698
351.0,0.23425242112719163
360.0,0.1658074625407306
368.0,0.15001825259680557
382.0,0.21326662927245682
389.0,0.1761123256502765
393.0,0.19832534499278473
401.0,0.20909634730358168
408.0,0.21340588283172288
416.0,0.20732201502473865
424.0,0.20245621810463593
432.0,0.26800046813512324
439.0,0.2371565791156643
443.0,0.24924324184040245
450.0,0.20422281982057247
458.0,0.21042792085585146
466.0,0.2099940074425326
474.0,0.24355050889531524
483.0,0.13559296363198745
494.0,0.22365384142590897
502.0,0.21701548484758298
512.0,0.16882438021089194
521.0,0.20212102714967106
531.0,0.2235179083785111
536.0,0.2072945949990128
543.0,0.21829573833520702
552.0,0.155197264143378
563.0,0.19082314457002728
572.0,0.15470884572648624
579.0,0.14184075294375517
588.0,0.22905144458935403
596.0,0.14842120207467094
604.0,0.19502818839487984
615.0,0.20866253827312006
623.0,0.2297102545666172
633.0,0.19344305892734728
641.0,0.17776939958123003
649.0,0.19146059417946962
658.0,0.20465204404805734
665.0,0.20463457149613756
673.0,0.18284257329511397
681.0,0.1778092452593416
690.0,0.2305386480975411
698.0,0.2286706639156158
709.0,0.20869291329392156
716.0,0.21968553548956352
727.0,0.15480000790521678
738.0,0.17470043016947692
746.0,0.1681693904477249
754.0,0.21135732050041076
758.0,0.18636312504355357
766.0,0.21032822139348592
774.0,0.09193959708798617
778.0,0.231660700784141
787.0,0.18488870858150966
799.0,0.2347583019985442
806.0,0.23204095791201898
812.0,0.20599558672327778
820.0,0.24529162926609194
825.0,0.18727889554561764
833.0,0.24409000096357486
841.0,0.2152619705971752
849.0,0.15380141597538172
854.0,0.2474227708064987
861.0,0.21092129674336443
865.0,0.24036780498397173
870.0,0.2052294826811827
876.0,0.18016683452612675
881.0,0.2193940281453068
892.0,0.1615699742324209
904.0,0.2011188645609999
912.0,0.1907928351281306
916.0,0.1982521790584906
924.0,0.17471259666992905
931.0,0.22812972433574705
937.0,0.20947679026398328
946.0,0.18814864710491777
955.0,0.19015484800388355
960.0,0.19514691116642888
971.0,0.15328671311227843
980.0,0.18404893694022942
984.0,0.1317934072929176
995.0,0.15964047060505168
999.0,0.18809253049079366
1006.0,0.2529926071925044
1012.0,0.22719079202890996
1017.0,0.21830260777443894
1023.0,0.22910423528777032
1028.0,0.2198678785728128
1035.0,0.2576904374545438
1041.0,0.24007043687658916
1049.0,0.21648919524088295
1053.0,0.21888993391890263
1064.0,0.20092180693590916
1075.0,0.23287706207612985
1087.0,0.17940147057459213
1098.0,0.18277987683809233
1106.0,0.2741958435922199
1115.0,0.17518703349009992
1124.0,0.24651877898358343
1131.0,0.17524039106141456
1136.0,0.27060162351484285
1143.0,0.21166525433361855
1151.0,0.1638388339531533
1155.0,0.21839826847731741
1159.0,0.1784546234989142
1163.0,0.22494038114089654
1171.0,0.2200927368160186
1178.0,0.19526173690366205
1183.0,0.16045226197983403
1190.0,0.22435845928976944
1199.0,0.2313828734130249
1208.0,0.18414878430020568
1213.0,0.22284048297312298
1221.0,0.1782548039818521
1233.0,0.22536601486787228
1241.0,0.1650364882912245
1247.0,0.21073243169978265
1255.0,0.17954351994372267
1263.0,0.2718984013598057
1268.0,0.21058334500364653
1274.0,0.16783331930320747
1283.0,0.2410387460717917
1290.0,0.20360687187052837
1300.0,0.21831749993099867
1308.0,0.20475442259708163
1316.0,0.20456381057768147
1326.0,0.2123100603732906
1337.0,0.21304804922129494
1348.0,0.2011709263017938
1356.0,0.2020191657944957
1360.0,0.22424173352864132
1371.0,0.23088359658961394
1382.0,0.20804153522126184
1387.0,0.20367647806833697
1396.0,0.16609226764358198
1405.0,0.18763005159522805
1413.0,0.17218076119630307
1421.0,0.2083434089330642
1429.0,0.217866788657855
1438.0,0.17833159798470752
1449.0,0.22632099126967364
1457.0,0.21443353954014288
1465.0,0.2260638661791911
1473.0,0.16488590747503623
1482.0,0.2290647449193286
1489.0,0.19173957725548701
1498.0,0.19632787489583003
1506.0,0.16601783001605877
1510.0,0.25190607015101196
1518.0,0.225982200632817
1526.0,0.18981284197872075
1534.0,0.18780675113495637
1542.0,0.2251450102822768
1552.0,0.24092708463337215
1559.0,0.1264529048842604
1567.0,0.16427680575212067
1578.0,0.1899642552895531
1585.0,0.12179684904078425
1593.0,0.19364303922958603
1602.0,0.2209639222060756
1611.0,0.21936622960083554
1618.0,0.16053565674818085
1625.0,0.17223975159709345
1629.0,0.22367170668178274
1637.0,0.21089044846458935
1646.0,0.23423875270597622
1654.0,0.18882816014881387
1658.0,0.23546524176030448
1665.0,0.22769797081478244
1672.0,0.041392148832103764
1676.0,0.22747636765399434
1683.0,0.22171280456895148
1694.0,0.21122123753842545
1702.0,0.2648822173573311
1713.0,0.20140986754777218
1721.0,0.2334187267478679
1728.0,0.17236266638544268
1737.0,0.22522935222095122
1745.0,0.22609347879830047
1751.0,0.19394942199499193
1759.0,0.18544995139694825
1767.0,0.2158007525120894
1775.0,0.15621651858828986
1784.0,0.15519523615568193
1790.0,0.17791416406594432
1798.0,0.22286916633794607
1806.0,0.20287429666876705
1813.0,0.2632979240371224
1818.0,0.10918744119548716
1822.0,0.17232072143374497
1830.0,0.1931966982596655
1841.0,0.19707872571256904
1848.0,0.19371855862311546
1853.0,0.22174044801003592
1861.0,0.2281187857622099
1865.0,0.2090447571316716
1875.0,0.25388444626435175
1881.0,0.2526786967707957
1888.0,0.21300407213194994
1896.0,0.24189563799600594
1903.0,0.23042436770784203
1908.0,0.24294105092053084
1916.0,0.23495540942705057
1927.0,0.23706695935839575
1936.0,0.23964987718144562
1940.0,0.1750551725521078
1949.0,0.19115313103745962
1957.0,0.18011260692812356
1966.0,0.21361313919447864
1974.0,0.22257994581094562
1983.0,0.22351395167579616
1991.0,0.18014475499190877
1995.0,0.19984680220777754
2007.0,0.18204911507469437
2015.0,0.20526740586012357
2024.0,0.2324450886003722
2031.0,0.21655520994668082
2040.0,0.22934364758395615
2046.0,0.24130526930082316
2050.0,0.2367674176689519
2058.0,0.20891612864681267
2068.0,0.23592508895604306
2072.0,0.2289994831484957
2080.0,0.2478693455813363
2085.0,0.21505007728317502
2092.0,0.17507091041627987
2101.0,0.23648002141285987
2108.0,0.21905105990476825
2114.0,0.15532621965071503
2122.0,0.20552232274113016
2129.0,0.17280135172472252
2133.0,0.21055598289852318
2140.0,0.25638132478675907
2151.0,0.22123675033286908
2156.0,0.16426688553147256
2161.0,0.21044438474774016
2165.0,0.20730455680901402
2173.0,0.1760505021186959
2180.0,0.21157009640019456
2188.0,0.19175844478483658
2196.0,0.24207472932739893
2206.0,0.22374344331973373
2214.0,0.17296614921898545
2226.0,0.19353624216762286
2237.0,0.20052305832319403
2246.0,0.24349089493100323
2251.0,0.16483088712132513
2259.0,0.24189852948449359
2266.0,0.20186222587362931
2272.0,0.19267746920584541
2277.0,0.20524953439165
2281.0,0.22194651835704993
2288.0,0.20455572276902229
2292.0,0.11172018680255055
2298.0,0.23353397880346938
2306.0,0.2202052892719688
2311.0,0.2121363253660731
2316.0,0.1686410668005616
2324.0,0.22734449205011648
2332.0,0.23725728283955594
2337.0,0.15256018177656266
2346.0,0.19400204119264236
2357.0,0.13966991796082262
2369.0,0.23461226411195116
2377.0,0.1977542869094668
2385.0,0.2527761606333537
2389.0,0.21101615391397208
2397.0,0.18493861481650967
2402.0,0.1832911244818318
2410.0,0.24069799886001475
2415.0,0.21197189554687298
