,6
4850.0,0.2089256048293547
4856.0,0.1816780607849808
4864.0,0.17628871902824325
4873.0,0.18764575334710848
4881.0,0.17980084360443818
4889.0,0.19507231986339804
4899.0,0.18578293178204128
4907.0,0.19093397635292242
4914.0,0.18661013710556631
4922.0,0.1783819440429613
4930.0,0.15337433536808454
4936.0,0.19100396688270777
4947.0,0.18948733092136705
4955.0,0.15945823460003963
4962.0,0.16311543486774852
4970.0,0.19703764036376706
4977.0,0.2034968403139828
4985.0,0.1617552863862957
4994.0,0.20078225366916785
4999.0,0.21637058620924673
5007.0,0.2508575684035161
5011.0,0.19519691883379098
5016.0,0.17142540435289325
5024.0,0.16727512198294672
5032.0,0.16990187936658158
5039.0,0.19486913059246036
5047.0,0.18564163339517106
5058.0,0.1617038930980619
5072.0,0.1672751612321244
5077.0,0.17683627638831123
5086.0,0.16990688214214744
5100.0,0.16086443662995328
5106.0,0.163642020049944
5110.0,0.1698506333518618
5117.0,0.17180091776604786
5123.0,0.18743543673501184
5132.0,0.17539951345708832
5140.0,0.1720114537997657
5148.0,0.17800807433896212
5153.0,0.17606953261313946
5160.0,0.18408391799315527
5168.0,0.15916540406355117
5176.0,0.19482660892643613
5184.0,0.18568560767074968
5193.0,0.16235561498767445
5201.0,0.18516783805350664
5206.0,0.17402480548623023
5214.0,0.16311296488355947
5223.0,0.17837680121282035
5235.0,0.1840947449362983
5244.0,0.18028490087292803
5248.0,0.18114203890244776
5257.0,0.17594006636055504
5265.0,0.1949122892254601
5272.0,0.1805777803723368
5279.0,0.17846318038518424
5284.0,0.17556682721011538
5293.0,0.16340960683261227
5301.0,0.1710644083063656
5309.0,0.17591221391984957
5317.0,0.16320776131425582
5325.0,0.1689765075080073
5334.0,0.1696479274734077
5342.0,0.15827392205543112
5349.0,0.19737786878988317
5353.0,0.18310282082066948
5360.0,0.17431482142488403
5365.0,0.1549918014281963
5372.0,0.19524316608259717
5381.0,0.18197185933393908
5393.0,0.18952151479101417
5397.0,0.21697503984475733
5405.0,0.18360683853886092
5416.0,0.1572100140354861
5420.0,0.19123716108890415
5428.0,0.17961500353816795
5435.0,0.16523158184264158
5442.0,0.18283908624789502
5450.0,0.16889946218110236
5458.0,0.18769001600204005
5466.0,0.1779723421770562
5477.0,0.19427408370793547
5486.0,0.17299543187453428
5494.0,0.18946185498387497
5498.0,0.1745707124224935
5507.0,0.17446139368011251
5514.0,0.18914227232919847
5519.0,0.16094414121383255
5524.0,0.1806578680593816
5531.0,0.1928272198099342
5540.0,0.19925800128308546
5547.0,0.20658440813472123
5551.0,0.18899141027743088
5556.0,0.15482624661784988
5564.0,0.16482656600549395
5570.0,0.17601974898684714
5579.0,0.16224946151115316
5583.0,0.17588689304282185
5592.0,0.19115591006808444
5600.0,0.1691478403937866
5609.0,0.16850900786121847
5618.0,0.18934007413380186
5629.0,0.17993397892764515
5637.0,0.1921968195917798
5645.0,0.1515197488382839
5650.0,0.15664274436743567
5658.0,0.16529398052095182
5666.0,0.2067914643721934
