,6
2.0,0.22864346449537012
6.0,0.20826203207988925
13.0,0.1880629952145667
20.0,0.16767901897225077
29.0,0.18034963359819978
39.0,0.19956328240379415
45.0,0.17862657721938277
54.0,0.17438238606213774
62.0,0.17234648533763394
70.0,0.18769595067028363
78.0,0.1908261912434554
86.0,0.19055645064234356
90.0,0.19248073515840586
96.0,0.1781737460526701
100.0,0.19188681948157105
107.0,0.1849684468374653
112.0,0.16927206845736895
116.0,0.18261998783341998
128.0,0.17419690218847375
135.0,0.16075954516823937
140.0,0.1633270548145976
145.0,0.17994943541960898
152.0,0.1901775344103673
164.0,0.18481738694424815
169.0,0.19507707428619026
174.0,0.17727218843194756
185.0,0.1935381233506199
190.0,0.1704385382221619
198.0,0.18731147586007818
206.0,0.17311040842084918
215.0,0.16828019928904012
222.0,0.2009958181968277
229.0,0.17376996587278565
237.0,0.16418039549402527
245.0,0.18901535874750164
252.0,0.19667433421827882
256.0,0.2209928742480747
264.0,0.18177614560812752
273.0,0.17705286379550714
282.0,0.1836933204926428
286.0,0.18111628810865973
290.0,0.2103445239721177
299.0,0.1945596637045433
307.0,0.1850813709498486
314.0,0.15994277655844705
321.0,0.18936765422145224
328.0,0.18380277109452775
335.0,0.19764285099915524
344.0,0.20228975302946492
351.0,0.20293600761508496
360.0,0.20103084790825612
368.0,0.19057634124942943
382.0,0.18457378137928845
389.0,0.15520383067650992
393.0,0.16715388227110983
401.0,0.18426710938505825
408.0,0.1714958354350036
416.0,0.20552210068156154
424.0,0.19432256588441366
432.0,0.15350746569433066
439.0,0.17809659313280152
443.0,0.17668059727277238
450.0,0.17273425512309848
458.0,0.16876791997493443
466.0,0.16118088805937122
474.0,0.18447754367890865
483.0,0.18010136919135253
494.0,0.19482180551808612
502.0,0.17827832949229158
512.0,0.19185254231504548
521.0,0.1782196594412658
531.0,0.17668629233000577
536.0,0.1777389087374348
543.0,0.1852186463545745
552.0,0.18220028532752344
563.0,0.19266444890998208
572.0,0.18788369305676922
579.0,0.184796329173264
588.0,0.1699160882701295
596.0,0.17953987727884863
604.0,0.16673930295348616
615.0,0.1841156436265024
623.0,0.16991208903530464
633.0,0.18280784626693242
641.0,0.17010090497163685
649.0,0.19066405894718874
658.0,0.19719453829924868
665.0,0.16762435480817134
673.0,0.17688983481532478
681.0,0.1719562277327007
690.0,0.1785362590299209
698.0,0.19659446130863037
709.0,0.18125669490262475
716.0,0.17018806361302402
727.0,0.19940653183675638
738.0,0.180482198117473
746.0,0.18298983192269602
754.0,0.16987280453403972
758.0,0.16089742981597402
766.0,0.21216454372866014
774.0,0.183689072540711
778.0,0.18766549787855089
787.0,0.16092425567859767
799.0,0.2027960957035053
806.0,0.17300401418008607
812.0,0.17069416675801272
820.0,0.17714619423706782
825.0,0.17220421228465152
833.0,0.1951596079287528
841.0,0.17727924317273044
849.0,0.19047985764175873
854.0,0.16653198325797253
861.0,0.19448087198693134
865.0,0.21834962284546663
870.0,0.18480600937835903
876.0,0.21074572877626105
881.0,0.18454324199948519
892.0,0.20404447077241122
904.0,0.18293492298455
912.0,0.18584760868574537
916.0,0.16901341207126033
924.0,0.18948170446044524
931.0,0.17658843544645564
937.0,0.1702150499304202
946.0,0.18620677934071275
955.0,0.18276660037790357
960.0,0.16661412045059493
971.0,0.1961621060944388
980.0,0.19788533729661106
984.0,0.20250889756374785
995.0,0.19824287221457845
999.0,0.18875770340017703
1006.0,0.20425483283743157
1012.0,0.20421156947280353
1017.0,0.1931537359959264
1023.0,0.18802701151814108
1028.0,0.21831507768909197
1035.0,0.1795967127788545
1041.0,0.17838352672936716
1049.0,0.17056641924462665
1053.0,0.21919061188666492
1064.0,0.1896931763781424
1075.0,0.19308974447916288
1087.0,0.191460548818189
1098.0,0.17685229639230615
1106.0,0.18704510077336603
1115.0,0.2082116040130899
1124.0,0.16935515811924032
1131.0,0.18267595194838357
1136.0,0.17885464767770665
1143.0,0.16870243361661313
1151.0,0.1766414694766351
1155.0,0.1852748512068635
1159.0,0.16628672240364425
1163.0,0.17162186097657708
1171.0,0.1677722108384292
1178.0,0.1699181679397122
1183.0,0.1931822716863092
1190.0,0.1666518098501397
1199.0,0.18087655014592818
1208.0,0.162456802842802
1213.0,0.19363300425652685
1221.0,0.17177728343191498
1233.0,0.19215005527654686
1241.0,0.1821065982413583
1247.0,0.16910167696117348
1255.0,0.20663913233179848
1263.0,0.18598525557445209
1268.0,0.16365035903028882
1274.0,0.17107965281975607
1283.0,0.16596527138336803
1290.0,0.17964930269027676
1300.0,0.19087051413231887
1308.0,0.1911352491243356
1316.0,0.18643413873808246
1326.0,0.20043858781518326
1337.0,0.17934045346153993
1348.0,0.19099048722100426
1356.0,0.16745190188792566
1360.0,0.16154921795491
1371.0,0.19508670483766188
1382.0,0.17144049662031588
1387.0,0.16823949744815897
1396.0,0.1710067903589547
1405.0,0.1679251624715284
1413.0,0.1675151792313598
1421.0,0.18451217431085148
1429.0,0.18162597274806744
1438.0,0.17867168954516324
1449.0,0.18458971456449713
1457.0,0.17616925509874173
1465.0,0.18940555989741675
1473.0,0.17306848057213933
1482.0,0.1784124518253205
1489.0,0.18177794886654855
1498.0,0.1404917872617258
1506.0,0.18295930116830847
1510.0,0.1864278526096487
1518.0,0.17310948272171792
1526.0,0.19112965717132335
1534.0,0.18775596219451893
1542.0,0.17766122923840924
1552.0,0.17900216997567633
1559.0,0.18445070525589113
1567.0,0.16599214042085841
1578.0,0.18925548002147205
1585.0,0.18826253037044127
1593.0,0.18157864054566247
1602.0,0.1898928242022611
1611.0,0.17552343302051385
1618.0,0.19518097150756045
1625.0,0.16520795134966706
1629.0,0.18783874972881445
1637.0,0.20232071040967853
1646.0,0.16802550964343554
1654.0,0.19646476073124988
1658.0,0.16907591911713202
1665.0,0.1693114933768598
1672.0,0.20005343655398775
1676.0,0.18336503252891104
1683.0,0.18866183549798932
1694.0,0.17411171413098303
1702.0,0.1693678676757711
1713.0,0.18748407342136691
1721.0,0.19032119786234214
1728.0,0.1827800917457848
1737.0,0.18821521614797684
1745.0,0.15824352044634943
1751.0,0.20035191092920063
1759.0,0.1825859740127599
1767.0,0.19772802381191223
1775.0,0.1810437530328819
1784.0,0.1865143932101834
1790.0,0.178585017112381
1798.0,0.15682003232946642
1806.0,0.1751847727959833
1813.0,0.19387868426935193
1818.0,0.1773476616538557
1822.0,0.18698995843327945
1830.0,0.19070472847119052
1841.0,0.20715091034292968
1848.0,0.20030886093736186
1853.0,0.1562537540366606
1861.0,0.2080640834688148
1865.0,0.17309905942450907
1875.0,0.20565148636276684
1881.0,0.18955015617701607
1888.0,0.16518277573779425
1896.0,0.18979288981576845
1903.0,0.16487099332438815
1908.0,0.21080765698678125
1916.0,0.186277320856566
1927.0,0.18871381701922169
1936.0,0.15189547103527748
1940.0,0.17491270248597265
1949.0,0.18603716181862817
1957.0,0.19945666199962023
1966.0,0.1909090657554659
1974.0,0.20748920652448408
1983.0,0.1929019794000727
1991.0,0.18332818655058786
1995.0,0.1880443716855002
2007.0,0.18762411480090407
2015.0,0.1870077498447808
2024.0,0.18234963010997163
2031.0,0.18223500076271495
2040.0,0.1398139945476272
2046.0,0.18731196447368334
2050.0,0.1630193122306811
2058.0,0.1867371376998947
2068.0,0.1710005413002023
2072.0,0.17954176703953545
2080.0,0.16753280963172354
2085.0,0.17864962407609203
2092.0,0.15854743626905257
2101.0,0.2073192953396664
2108.0,0.20334704744158505
2114.0,0.1618238531619412
2122.0,0.14814392639656568
2129.0,0.181333386396036
2133.0,0.17773461804748958
2140.0,0.17332069283919732
2151.0,0.16673122022929673
2156.0,0.17370509371747378
2161.0,0.1883796450317033
2165.0,0.19335957655761882
2173.0,0.1804627952971212
2180.0,0.1929963584104538
2188.0,0.17901927949883223
2196.0,0.15547300273296014
2206.0,0.166757943095542
2214.0,0.16376306586211556
2226.0,0.17676339374490133
2237.0,0.19292497840404157
2246.0,0.19744509959633808
2251.0,0.19516542531290845
2259.0,0.1625642421963137
2266.0,0.17775606497909585
2272.0,0.1818372045711445
2277.0,0.19680065535032124
2281.0,0.17489689060049998
2288.0,0.16464964418204328
2292.0,0.16872036251864037
2298.0,0.18889440057911905
2306.0,0.17337631751320343
2311.0,0.1917907444622638
2316.0,0.18857171015501592
2324.0,0.1713210420907317
2332.0,0.18553164923563373
2337.0,0.17950015485234525
2346.0,0.16998444901465118
2357.0,0.18777231741221465
2369.0,0.1810693771365902
2377.0,0.1435834028647919
2385.0,0.15162341615288685
2389.0,0.18603445728296833
2397.0,0.154915134940736
2402.0,0.1617737237907811
2410.0,0.16157692831382872
2415.0,0.20184960998191537
