,3
2786.0,0.229867600539893
2793.0,0.19253190016252061
2800.0,0.15674849541286065
2805.0,0.24328575982791914
2810.0,0.1502245305593117
2822.0,0.21725490425527907
2830.0,0.21928716145647267
2838.0,0.24106277051888741
2845.0,0.19711536874739033
2859.0,0.20882685584639718
2868.0,0.23281145139204285
2874.0,0.21099910810535005
2881.0,0.199251147051055
2889.0,0.19743120169464576
2900.0,0.19745104684348808
2909.0,0.24199886661086045
2916.0,0.19496851952265973
2924.0,0.20922630458050842
2932.0,0.1955166718172808
2941.0,0.18819999933509746
2955.0,0.20330932478031666
2964.0,0.22730051897721262
2971.0,0.20761990354386836
2980.0,0.2602783644024002
2987.0,0.1611137579817566
2994.0,0.1594487349941402
3002.0,0.1984473388522998
3011.0,0.21902196348313535
3018.0,0.227488256453936
3030.0,0.1842325753251761
3037.0,0.19799785118060023
3044.0,0.23583568359093715
3053.0,0.22710974577851564
3061.0,0.19316942280008914
3067.0,0.24701114722586867
3074.0,0.20974826291614915
3083.0,0.26022278431722984
3089.0,0.21990430419591653
3093.0,0.22603421481798833
3101.0,0.220152508840547
3115.0,0.2210657735510108
3124.0,0.18506034518315656
3130.0,0.16826205417414458
3139.0,0.1689404359969132
3145.0,0.20343515102727946
3156.0,0.2063952046949028
3168.0,0.17440925268525825
3175.0,0.2269054324058069
3182.0,0.21496817313583155
3190.0,0.23424307070497144
3197.0,0.2272671825505804
3206.0,0.21163745977621498
3212.0,0.23363257473762328
3220.0,0.1923979654802991
3228.0,0.23097727337171697
3235.0,0.21528441331898743
3243.0,0.221377985459586
3252.0,0.24238189434356852
3260.0,0.22207719168639034
3267.0,0.2096583539157848
3276.0,0.2156277274027942
3284.0,0.23739276597918954
3291.0,0.16577011078122234
3300.0,0.22654928441590885
3309.0,0.1487002277159968
3316.0,0.22064295854596602
3328.0,0.21343969145218306
3336.0,0.1961441147764762
3341.0,0.14553461108011792
3352.0,0.18748160475875475
3359.0,0.2312017325200067
3370.0,0.20802761882865814
3376.0,0.23121769893152916
3388.0,0.19348763496379687
3395.0,0.215230774947214
3400.0,0.21991112668740193
3404.0,0.2384039331944654
3413.0,0.19917514323953725
3420.0,0.19071926979052722
3428.0,0.23345169455743175
3440.0,0.21381515007869042
3449.0,0.19136940193762147
3457.0,0.206963643493461
3463.0,0.19326082239935663
3470.0,0.17992475507909347
3479.0,0.22108913150703297
3490.0,0.24418500287210557
3497.0,0.22073963176068795
3504.0,0.20528231079080425
3516.0,0.19328758555303077
3524.0,0.24074436174678254
3533.0,0.1767876797116694
3540.0,0.18197497468275511
3548.0,0.23210261443612495
3556.0,0.1786777081660242
3560.0,0.17854390887927016
3569.0,0.24766233001246385
3576.0,0.21232652007506514
3583.0,0.15406368293679817
3591.0,0.24102748965357582
3600.0,0.1398227962366107
3606.0,0.22237487807122872
3617.0,0.17460978248143222
3626.0,0.2633679721899721
3635.0,0.2163391393234044
3644.0,0.24023130217441893
3651.0,0.19135518599157608
3659.0,0.27225752063105246
3666.0,0.21199122515056806
3673.0,0.16799808553175177
3680.0,0.17725683507389858
3689.0,0.20019254969350808
3697.0,0.18208567669323422
3706.0,0.19524922715264637
3717.0,0.22077550267854792
3724.0,0.2063515569730101
3732.0,0.15104580678818616
3739.0,0.19488117883839623
3750.0,0.18883564492343244
3761.0,0.21461194727036753
3769.0,0.2087256561858617
3777.0,0.2367986950665654
3784.0,0.21753112617741518
3795.0,0.24499700782208803
3803.0,0.18611082230887083
3809.0,0.20499985920415034
3817.0,0.2095415259906433
3828.0,0.2208774926816853
3836.0,0.2049592012253005
3843.0,0.18083490931459698
3854.0,0.22608561801013904
3858.0,0.20300680894250875
3867.0,0.22901919534709783
3875.0,0.19510338547960102
3883.0,0.21750694744870847
3891.0,0.22315472101023962
3903.0,0.21855377437760304
3910.0,0.244492393011683
3918.0,0.23796890898382675
3930.0,0.17639436126452893
3942.0,0.21293545673511152
3956.0,0.20494517045688782
3960.0,0.2065319599814524
3969.0,0.25090395314603925
3978.0,0.20789671045128474
3985.0,0.15411573537800757
3990.0,0.2155263357421572
3999.0,0.20726785812943044
4006.0,0.236531876127823
4014.0,0.2615846250167773
4021.0,0.2214529708281159
4029.0,0.2211934819492104
4038.0,0.27304087350215817
4049.0,0.1873796671762999
4057.0,0.2222787386497646
4065.0,0.13910550058168836
4073.0,0.18519589066148992
4080.0,0.2274892762668456
4092.0,0.23240903033733634
4098.0,0.2706600261076631
4109.0,0.25271363607294134
4115.0,0.25598971765529016
4122.0,0.1553834805002886
4131.0,0.19026978217326188
4136.0,0.24687458448664182
4143.0,0.20882740783161993
4151.0,0.2223682954740586
4158.0,0.23860335044370332
4164.0,0.23296064581173376
4175.0,0.22238948054989216
4182.0,0.22625619740953984
4189.0,0.24544222409220437
4197.0,0.24498962143977135
4208.0,0.20407450974116736
4217.0,0.2000996030362972
4223.0,0.20668186211227849
4230.0,0.17146406884230528
4238.0,0.20831912218131926
4244.0,0.22422047087230426
4251.0,0.19885108443916596
4258.0,0.24937631225627777
4267.0,0.1646572914209203
4273.0,0.23694697673294157
