,4
830.0,0.1745303813009015
838.0,0.1734738147147337
845.0,0.18524895231521374
849.0,0.15037751663394733
853.0,0.17304809528167084
862.0,0.22548448688108885
869.0,0.1810666536023779
875.0,0.17527195993983294
882.0,0.26123972243725013
891.0,0.2139049491244718
895.0,0.2145774520986961
904.0,0.1866745076395152
910.0,0.22729550668585463
917.0,0.20601777848432157
931.0,0.1991876077247075
940.0,0.2043043987824732
947.0,0.1815073436072826
955.0,0.19316124123482664
963.0,0.19798316388472498
971.0,0.17951496606298076
978.0,0.2050116249916184
986.0,0.1789622185327936
990.0,0.1815708325975352
995.0,0.14144362915981318
1004.0,0.11390550199221158
1012.0,0.18857223314237573
1018.0,0.21321498092658314
1022.0,0.22791093652645045
1026.0,0.19896302636367194
1033.0,0.18811841771942867
1041.0,0.18262819506782435
1049.0,0.22812700929240395
1057.0,0.19686381026184505
1064.0,0.2067267496920876
1072.0,0.21353535515466582
1086.0,0.23713059732823968
1093.0,0.20866712177038607
1100.0,0.22236512454188834
1106.0,0.21353346590785433
1111.0,0.22123303346249512
1116.0,0.19665912496180002
1126.0,0.18640246276795516
1132.0,0.2004888028315835
1143.0,0.1899114132941928
1151.0,0.20218902985717674
1160.0,0.1653392916589569
1168.0,0.20022230205679464
1177.0,0.24436992308470903
1185.0,0.18242106228616292
1199.0,0.2538889309829961
1210.0,0.1938800791715362
1218.0,0.17630864621413408
1226.0,0.22617814530890082
1234.0,0.20370392936022225
1239.0,0.18518824150446206
1246.0,0.19603872376988865
1254.0,0.21921694886602178
1258.0,0.1768174622840541
1267.0,0.21459846268768815
1277.0,0.16883785115606567
1285.0,0.2212658009346937
1293.0,0.20162955373216
1299.0,0.13782617395221897
1308.0,0.19106567267084654
1318.0,0.2112158514846256
1326.0,0.20863075594855474
1330.0,0.20331166734406073
1338.0,0.20947461911699047
1347.0,0.1971037510097713
1356.0,0.19331751304633943
1362.0,0.208271037890972
1373.0,0.19412741208506548
1384.0,0.2123772330312341
1391.0,0.14183419809756698
1396.0,0.1757742038101135
1405.0,0.19836612307649787
1412.0,0.2586665562326451
1420.0,0.21742082748666494
1428.0,0.21075272536480372
1435.0,0.19291789641691057
1441.0,0.21927586646560027
1448.0,0.17458151938122612
1460.0,0.2192964293471584
1467.0,0.16955327908740833
1474.0,0.2454677176232234
1478.0,0.19097991538324607
1485.0,0.2041956744924875
1492.0,0.12890369444455685
1500.0,0.2063581278206736
1510.0,0.17473138063252228
1518.0,0.1800503701953895
1526.0,0.17861207085066275
1531.0,0.20508162313052383
1539.0,0.17865103749504843
1547.0,0.16236420900590143
1558.0,0.2032858880781219
1566.0,0.18278785808441916
1576.0,0.18484689317639758
1585.0,0.1994105902109115
1592.0,0.19265860636474008
1599.0,0.19712784364232536
1606.0,0.2092839844782558
1614.0,0.1852572554450772
1621.0,0.20432925568122087
1629.0,0.19780146900724424
1639.0,0.18545257969375728
1646.0,0.20616303972711056
1653.0,0.15556780171279128
1660.0,0.19364542235062318
1668.0,0.2113250493831231
1674.0,0.1744427860944062
1682.0,0.19372798147108872
1689.0,0.16491689927611117
1698.0,0.20604996773080841
1709.0,0.19586169951782864
1716.0,0.19191354502915728
1727.0,0.2017709796311445
1733.0,0.20202154330102
1742.0,0.19392330474849256
1753.0,0.1334403392362015
1760.0,0.17048097696863843
1768.0,0.23322428939508347
1773.0,0.20205756653165458
1784.0,0.21011619374409396
1791.0,0.18071978813013592
1802.0,0.19143832374689201
1813.0,0.18518924580756058
1819.0,0.17143413697084903
1827.0,0.1703955105516949
1834.0,0.1853347611237421
1840.0,0.1492105783175308
1844.0,0.12897056533491627
1858.0,0.23214697114650612
1862.0,0.18792863404075746
1871.0,0.18527407435352217
1879.0,0.16405255501696325
1887.0,0.196593505093113
1895.0,0.14330058384720162
1906.0,0.16531984509693384
1910.0,0.1609595212561912
1915.0,0.18826040386367088
1922.0,0.14061867744367745
1927.0,0.17341161926187834
1935.0,0.1609409758909255
1944.0,0.18250698902448423
1952.0,0.19326880034568433
1960.0,0.17376653286544275
1967.0,0.1996732659162704
1975.0,0.1880676895056474
1983.0,0.1917467063702447
1990.0,0.21948953639664512
1997.0,0.20584799959136538
2008.0,0.20674344731226166
2016.0,0.21182270444887877
2024.0,0.21279385704390916
2031.0,0.09252868406956759
2040.0,0.17830940217774638
2048.0,0.16231885471525961
2054.0,0.2106834822674446
2062.0,0.19475764367946014
2071.0,0.1877614412602119
2080.0,0.16646465068714317
2086.0,0.17340322042742323
2097.0,0.19152948399297093
2106.0,0.19905629319502335
2112.0,0.18388248344959332
2119.0,0.17043019184428906
2127.0,0.20769418945484874
2135.0,0.19437903409671536
2142.0,0.2571119508619295
2151.0,0.16910669641721762
2163.0,0.1721260115766004
2171.0,0.1523600005081988
2182.0,0.21260626283237616
2188.0,0.1611233841982971
2193.0,0.22126870622518302
2197.0,0.15416362736342556
2209.0,0.18598451457130755
2215.0,0.18665791448308228
2223.0,0.1661557190356969
2227.0,0.20046678892226757
2233.0,0.22947574666375917
2242.0,0.2013798882155882
2250.0,0.21215749995563574
2256.0,0.17226861548678588
2262.0,0.1513682239578506
2271.0,0.2155826888640077
2275.0,0.18001750915960124
2283.0,0.21334857501297094
2289.0,0.2073673882931845
2293.0,0.23742449968356114
2297.0,0.19946841462751252
2304.0,0.2252741471791568
2314.0,0.19206466048170992
2319.0,0.20455943646422184
2326.0,0.19283968911392518
2336.0,0.21189810726236236
2348.0,0.1521426641951014
2359.0,0.223296756285899
2363.0,0.1922173435916083
2370.0,0.13898307311546
2384.0,0.15179447743342336
2396.0,0.1900022527257186
2404.0,0.20546326198144793
2411.0,0.24350782443798738
2415.0,0.2121643512571538
2423.0,0.21151149133409
2430.0,0.20247208693539906
2436.0,0.17546943032634524
2450.0,0.12668887585511662
2454.0,0.22100506238418618
2463.0,0.20035428103197708
2467.0,0.24909260269589414
2473.0,0.2218609594995192
2478.0,0.2073237335481859
2485.0,0.20262149324788903
2492.0,0.21886709217537786
2496.0,0.16300993162258762
2506.0,0.13759256882254697
2517.0,0.20139849876042262
2521.0,0.2216177387080893
2528.0,0.19196682827106135
2540.0,0.20129900990226646
2547.0,0.20154219301202544
2558.0,0.2091320495714291
2565.0,0.16964960923896308
2571.0,0.18445091950610187
2580.0,0.20751557898530487
2592.0,0.20914778166008685
2600.0,0.14770817979080572
2609.0,0.1889254898620377
2623.0,0.18471009893600204
2631.0,0.20662965209988227
2640.0,0.2174284232449859
2649.0,0.198240974027618
2657.0,0.1723800257277103
2665.0,0.19299603474669547
2676.0,0.15928633378062743
2682.0,0.19471942702047249
2691.0,0.20962748027141379
2698.0,0.18039647414872767
2709.0,0.12373241964333213
2716.0,0.16509154843288318
2720.0,0.2279803858959397
2727.0,0.2009369111784045
2735.0,0.17793357485291098
2743.0,0.20331759871549251
2754.0,0.21176081664311297
2759.0,0.17856050827302106
2766.0,0.22087466690759722
2777.0,0.25688726276920537
2.0,0.19206934031823247
13.0,0.20688307254653535
20.0,0.16978953809522374
29.0,0.18882173036671623
37.0,0.22393484791551357
48.0,0.19018809087392277
62.0,0.2110461656672443
70.0,0.216952650344759
76.0,0.2341556341615806
88.0,0.22139262763426562
94.0,0.20103633887035013
102.0,0.18006870662321176
106.0,0.1853256235579802
114.0,0.206183205284987
123.0,0.2061164942950026
129.0,0.18560192112786214
134.0,0.2264056643998312
140.0,0.2115829209576822
146.0,0.23585687220040108
153.0,0.20718648883062193
159.0,0.19473663090783813
168.0,0.18227582383229088
176.0,0.2060789419974954
180.0,0.20880265610715704
184.0,0.20277582445460493
190.0,0.19416653911385878
196.0,0.20172112751798965
205.0,0.21488920958705757
213.0,0.190214966669541
222.0,0.18562015582484648
230.0,0.17033265934466438
239.0,0.14765560920604429
245.0,0.18856407788763246
257.0,0.18365664731199532
265.0,0.15101710977701102
271.0,0.20136700548320394
282.0,0.19717255852814594
288.0,0.19965882873989152
296.0,0.19723505493490015
303.0,0.23134511691441756
308.0,0.20235503706649013
319.0,0.15373524509274908
328.0,0.17099059152127064
332.0,0.1757867879661906
343.0,0.20922552257915483
351.0,0.17646685553322003
357.0,0.19614957601513255
366.0,0.20577996514962518
373.0,0.21129793819355136
383.0,0.20996891815987173
392.0,0.1895389982592844
400.0,0.16006379385957079
408.0,0.19531361236300737
417.0,0.18321161949004833
425.0,0.18810011744793492
433.0,0.1995492286017004
439.0,0.25798428567593823
446.0,0.18654262557627582
454.0,0.17386476287448177
463.0,0.2224348726698844
471.0,0.18624848782394812
475.0,0.25266329718314606
479.0,0.1766278152559946
485.0,0.2267719398228932
494.0,0.15737028512902526
503.0,0.19250898908095143
515.0,0.2244110105718407
521.0,0.19310365722801598
527.0,0.20266195231652503
535.0,0.20199337854970165
545.0,0.19421173660176955
552.0,0.20478172165748412
556.0,0.14236913224590328
563.0,0.27192657474357945
572.0,0.19582457873182263
583.0,0.14613623430986095
589.0,0.19687680338633262
595.0,0.19522490357409258
606.0,0.20704228236526917
612.0,0.23600945253706015
622.0,0.14255346956784135
631.0,0.18102598819800966
635.0,0.20807098604468152
647.0,0.20176846588270464
653.0,0.18940452740240493
661.0,0.19916939119264887
669.0,0.20611267210116724
674.0,0.21796966838159432
682.0,0.19787620313072704
686.0,0.20490530213946687
693.0,0.18639241334368992
699.0,0.2109396616796235
705.0,0.18355383194387298
712.0,0.22323404948485218
719.0,0.19774901665839845
726.0,0.16194181115866568
733.0,0.10507373513772417
742.0,0.18792861085792828
754.0,0.13008545486879872
761.0,0.1854911492876439
767.0,0.19467648310852795
771.0,0.1806071929094086
780.0,0.19742817149937325
788.0,0.2207614934330798
795.0,0.20345944840879976
803.0,0.18517481331553892
811.0,0.19059671256207
820.0,0.18753206446298556
