,4
2786.0,0.1912432637477404
2793.0,0.14460075752487236
2800.0,0.1442058355788811
2805.0,0.22714599288297554
2810.0,0.17480146273172278
2822.0,0.19511585022576008
2830.0,0.21811857743779958
2838.0,0.20006219899673047
2845.0,0.21626142639670307
2859.0,0.20048208072222426
2868.0,0.1787964911747972
2874.0,0.18987012083358326
2881.0,0.18190483781804007
2889.0,0.19655963132082002
2900.0,0.19387273969898436
2909.0,0.19681623975186052
2916.0,0.17915073190468353
2924.0,0.1932123216405161
2932.0,0.14869486583592112
2941.0,0.22481429078664314
2955.0,0.23019152255212585
2964.0,0.16489778440957537
2971.0,0.18741402593210868
2980.0,0.19768141619222618
2987.0,0.17833359903671336
2994.0,0.13941974123526574
3002.0,0.20912476464991656
3011.0,0.18417192930383594
3018.0,0.20976873387973557
3030.0,0.17728336020572147
3037.0,0.1999769831868694
3044.0,0.15436602693005672
3053.0,0.19343257153056848
3061.0,0.21280279267114555
3067.0,0.20977887440546486
3074.0,0.2233673292670077
3083.0,0.23158200046641897
3089.0,0.14080319473248665
3093.0,0.1840993044955726
3101.0,0.179778206885455
3115.0,0.1894275700775471
3124.0,0.17561549928282197
3130.0,0.20487350488096306
3139.0,0.13503828056744496
3145.0,0.21079664619733063
3156.0,0.18437578415875067
3168.0,0.22131283094782386
3175.0,0.190297066399151
3182.0,0.2120130351137047
3190.0,0.20009043367054555
3197.0,0.17939472822158353
3206.0,0.2376884535987065
3212.0,0.19868150843929278
3220.0,0.1811836370423908
3228.0,0.22621569313937664
3235.0,0.17502843270652224
3243.0,0.1779823454509087
3252.0,0.22105703806098506
3260.0,0.20860961271795872
3267.0,0.2039447522909924
3276.0,0.16875935519415722
3284.0,0.22593026408592592
3291.0,0.19476258962506632
3300.0,0.172277687043381
3309.0,0.2237195497084436
3316.0,0.19667571666787026
3328.0,0.1821498548390162
3336.0,0.19629458950326714
3341.0,0.19259926315124165
3352.0,0.1993142057477965
3359.0,0.12101632094370629
3370.0,0.18915752305168765
3376.0,0.22205316658319832
3388.0,0.19994467149423947
3395.0,0.19526658388822146
3400.0,0.13059868357345622
3404.0,0.17871390149730515
3413.0,0.19182788733156186
3420.0,0.1790066615718106
3428.0,0.16697502351815768
3440.0,0.17322650869064413
3449.0,0.18288206622451006
3457.0,0.20335439382331427
3463.0,0.15800818055271942
3470.0,0.14916294696198126
3479.0,0.16896456923004513
3490.0,0.20712040554012248
3497.0,0.1670329078396212
3504.0,0.21505368779089706
3516.0,0.1904785372837113
3524.0,0.20883945288019412
3533.0,0.21657189117483377
3540.0,0.1981388926522067
3548.0,0.20950303409916163
3556.0,0.1910397187963422
3560.0,0.20714014910458475
3569.0,0.13389455396129893
3576.0,0.18233006992308126
3583.0,0.18119496261777995
3591.0,0.17295229779219568
3600.0,0.15188782212990257
3606.0,0.20639489134902014
3617.0,0.19355916170281706
3626.0,0.20688141250402242
3635.0,0.17666914469944595
3644.0,0.19232490728893994
3651.0,0.19392149749504523
3659.0,0.20815885402398343
3666.0,0.1952635126985028
3673.0,0.19564941456312232
3680.0,0.19213690954160187
3689.0,0.1697288455164815
3697.0,0.21700444352500975
3706.0,0.19995649081991326
3717.0,0.18127994646926363
3724.0,0.16510716342747842
3732.0,0.2223807690070442
3739.0,0.12897651935327614
3750.0,0.17597407039569327
3761.0,0.15028027836797156
3769.0,0.19018210181492576
3777.0,0.19256472910919745
3784.0,0.18472054014358671
3795.0,0.18458605970384012
3803.0,0.20302422323635255
3809.0,0.1920756085404613
3817.0,0.18126744229878197
3828.0,0.18519388074331428
3836.0,0.22357272345981127
3843.0,0.2008247775535708
3854.0,0.15751315836639182
3858.0,0.21173206775088355
3867.0,0.18810445459489752
3875.0,0.20523615851517502
3883.0,0.19432424552224492
3891.0,0.21882032024442674
3903.0,0.17863540590888402
3910.0,0.19506397907570622
3918.0,0.1845523354891132
3930.0,0.17395497665382184
3942.0,0.19625089519982064
3956.0,0.06844588406713939
3960.0,0.169240276388543
3969.0,0.2058153373505363
3978.0,0.1737769812741471
3985.0,0.14014669159581145
3990.0,0.1808216765063133
3999.0,0.18364328914482356
4006.0,0.20417131531327987
4014.0,0.16229031035592817
4021.0,0.21127664903342794
4029.0,0.20530570137223156
4038.0,0.2127036182759402
4049.0,0.17855369222462172
4057.0,0.1757047685378437
4065.0,0.10761916821669917
4073.0,0.17845529443357902
4080.0,0.1850332956364128
4092.0,0.20461378349708717
4098.0,0.23731923925495632
4109.0,0.18531906959171962
4115.0,0.17675152865640978
4122.0,0.1998160175720651
4131.0,0.19016037051454143
4136.0,0.23349111299835226
4143.0,0.20313442853102337
4151.0,0.16929927699526715
4158.0,0.2263845257418236
4164.0,0.22768282380773378
4175.0,0.2107073801515872
4182.0,0.1846003596603209
4189.0,0.19650974492154485
4197.0,0.19608418763171576
4208.0,0.15952156606306922
4217.0,0.19281455125843375
4223.0,0.1975612968099835
4230.0,0.16707003841492163
4238.0,0.16037138364666836
4244.0,0.209700010739259
4251.0,0.20127655351311483
4258.0,0.22882836584876878
4267.0,0.15215793237586367
4273.0,0.21564229184750372
