,6
830.0,0.17864792092069073
838.0,0.20100797406219348
845.0,0.19209281130121664
849.0,0.18630959724856622
853.0,0.17906312308340375
862.0,0.19022996347339938
869.0,0.18177927530675342
875.0,0.19249293709200166
882.0,0.20911237268266272
891.0,0.19297739168237676
895.0,0.18830593369659546
904.0,0.18522943189417418
910.0,0.20075840951992127
917.0,0.1595915157959664
931.0,0.1819691348497968
940.0,0.18211710792673597
947.0,0.18107157845385072
955.0,0.1828444021599232
963.0,0.1779151070824184
971.0,0.1792172946421564
978.0,0.16669799792758205
986.0,0.17844848383586828
990.0,0.18340417075115173
995.0,0.2010128197886171
1004.0,0.21778505652620792
1012.0,0.18873650746817494
1018.0,0.18166691792740874
1022.0,0.17419315423365253
1026.0,0.17765065606789582
1033.0,0.17743174296865574
1041.0,0.20098638042367334
1049.0,0.17725509225284475
1057.0,0.1787793394807761
1064.0,0.1671694659316111
1072.0,0.17849609602980676
1086.0,0.18095160694528142
1093.0,0.18859405162091583
1100.0,0.17900982189941597
1106.0,0.1702692757002661
1111.0,0.1969931548300121
1116.0,0.1944248636377063
1126.0,0.16922804305684636
1132.0,0.18709464354864885
1143.0,0.16082102282816588
1151.0,0.16415300697351548
1160.0,0.17890425142652808
1168.0,0.18048956614880862
1177.0,0.18226403741675778
1185.0,0.18105771490158967
1199.0,0.22408928428077635
1210.0,0.18443446385825227
1218.0,0.19006417293961125
1226.0,0.17279370111101025
1234.0,0.19951800707951628
1239.0,0.19517510572172478
1246.0,0.1744248725302757
1254.0,0.1883322817936831
1258.0,0.19350901875522147
1267.0,0.1865925912651586
1277.0,0.17369359751135008
1285.0,0.18240150874864766
1293.0,0.1693888604137602
1299.0,0.15212354105452158
1308.0,0.16950674908618846
1318.0,0.1751147456253712
1326.0,0.1792496368130221
1330.0,0.1922504780283245
1338.0,0.2037294345538857
1347.0,0.20039012435544856
1356.0,0.20311056201850444
1362.0,0.18316438273121669
1373.0,0.1614890784964622
1384.0,0.19392669659973558
1391.0,0.19045565307638462
1396.0,0.1811835367776858
1405.0,0.17411066603715405
1412.0,0.17771395264586493
1420.0,0.1892260206907021
1428.0,0.18029869761326398
1435.0,0.16024203386168112
1441.0,0.18421192177282164
1448.0,0.18396917736840424
1460.0,0.17970126748705118
1467.0,0.18201786774163883
1474.0,0.20124683362330262
1478.0,0.1618941168982062
1485.0,0.1884291873806955
1492.0,0.1882615152264266
1500.0,0.18818222019846173
1510.0,0.18807093434620642
1518.0,0.18372729224116238
1526.0,0.1780892962686503
1531.0,0.19815384534059816
1539.0,0.1638163590405851
1547.0,0.17868521151627817
1558.0,0.1814413404379643
1566.0,0.18275921735351358
1576.0,0.18792561461243182
1585.0,0.17378615328087849
1592.0,0.17728452729418048
1599.0,0.19097106964213817
1606.0,0.17611675826598824
1614.0,0.1864703498487905
1621.0,0.19685833462644453
1629.0,0.17247071825607588
1639.0,0.1834215346642088
1646.0,0.19128783095784696
1653.0,0.1771370211356842
1660.0,0.17294665639040172
1668.0,0.1700241312254533
1674.0,0.19039991809438755
1682.0,0.16360012313626074
1689.0,0.16406414219567567
1698.0,0.18640761237328618
1709.0,0.1895878655876098
1716.0,0.15958810295629058
1727.0,0.16977947162762455
1733.0,0.1712043829465752
1742.0,0.17879944707505951
1753.0,0.18742151332569526
1760.0,0.16923811993516077
1768.0,0.16235054893486653
1773.0,0.16970342615536718
1784.0,0.17255918613098717
1791.0,0.18957080450178715
1802.0,0.1845377049912787
1813.0,0.19452059782983933
1819.0,0.1740264353075872
1827.0,0.182171337776954
1834.0,0.16931747207659895
1840.0,0.18497163426657592
1844.0,0.17565718328235383
1858.0,0.16524920814541455
1862.0,0.1768875992876102
1871.0,0.1726418391469151
1879.0,0.17631257288209853
1887.0,0.16746483556702305
1895.0,0.19657732154593077
1906.0,0.15349309361549746
1910.0,0.1684328282120661
1915.0,0.1841610249320031
1922.0,0.18642495387522534
1927.0,0.18992546490619097
1935.0,0.1813344687818609
1944.0,0.18614684283007651
1952.0,0.1644727782724034
1960.0,0.18451761425882798
1967.0,0.16808759336124557
1975.0,0.19079932968601246
1983.0,0.1832920343820596
1990.0,0.18083716442279582
1997.0,0.1991702832477973
2008.0,0.20069563385329933
2016.0,0.17641912328655077
2024.0,0.19250499693682188
2031.0,0.21172408360396466
2040.0,0.18924504944996867
2048.0,0.1507417218455725
2054.0,0.18325912738285963
2062.0,0.18645342815233074
2071.0,0.17917416253788543
2080.0,0.14474873933270005
2086.0,0.21600128350485792
2097.0,0.23163025830228207
2106.0,0.14496723603215197
2112.0,0.1982489190617962
2119.0,0.1792973680602295
2127.0,0.18962507211290328
2135.0,0.18079562883651396
2142.0,0.1946008302239476
2151.0,0.17459131106909004
2163.0,0.17324552272779392
2171.0,0.16683642935838244
2182.0,0.1819745198627284
2188.0,0.18388411408362185
2193.0,0.17728699571737003
2197.0,0.18005047146954709
2209.0,0.16380641129698575
2215.0,0.1932304397062178
2223.0,0.18678502229438515
2227.0,0.17812188544124577
2233.0,0.19880429728434612
2242.0,0.17966870183112982
2250.0,0.18845255366790337
2256.0,0.17620070920460992
2262.0,0.1573459394380692
2271.0,0.17543049643001496
2275.0,0.18061563606405956
2283.0,0.16891624856051382
2289.0,0.17635197864971267
2293.0,0.17784774069146664
2297.0,0.17979584045485258
2304.0,0.16382670579593037
2314.0,0.17770924092368667
2319.0,0.16426956887509223
2326.0,0.18591176641752272
2336.0,0.1982875590164502
2348.0,0.19429286589045844
2359.0,0.20364468167590788
2363.0,0.1625984194209648
2370.0,0.17199266340799801
2384.0,0.1807531193943276
2396.0,0.17571410742211013
2404.0,0.18671076100557182
2411.0,0.17279918651227746
2415.0,0.16973280515163433
2423.0,0.17703557332839956
2430.0,0.196260439693069
2436.0,0.19086878294022508
2450.0,0.2244989315803261
2454.0,0.17249669125319989
2463.0,0.17897215149425702
2467.0,0.15664117181780388
2473.0,0.18602263581828965
2478.0,0.16079133414820154
2485.0,0.18245179291070218
2492.0,0.19502529710388103
2496.0,0.17025779798992505
2506.0,0.18732506154432696
2517.0,0.1976865536641231
2521.0,0.18895976747944118
2528.0,0.19006030594324946
2540.0,0.17902525116663914
2547.0,0.19139126652135144
2558.0,0.17577940168821854
2565.0,0.19022519101813737
2571.0,0.20314003884347617
2580.0,0.1955138095237266
2592.0,0.1816047488794534
2600.0,0.18837297666175995
2609.0,0.1882364073004874
2623.0,0.18229723372344192
2631.0,0.18759854942836823
2640.0,0.18556436607979473
2649.0,0.1866682509329496
2657.0,0.18964850529009938
2665.0,0.1681676732126139
2676.0,0.14739887785578656
2682.0,0.19514282872587238
2691.0,0.18939540975710767
2698.0,0.19050885953763452
2709.0,0.16637255737349885
2716.0,0.1746418288612288
2720.0,0.17524394261353718
2727.0,0.1922832862303136
2735.0,0.1960547819942245
2743.0,0.17135212131378447
2754.0,0.18794495914749745
2759.0,0.17163846582812806
2766.0,0.1806642329318712
2777.0,0.2014749764197207
2.0,0.18285427875161833
13.0,0.17376669199536737
20.0,0.16444602310349093
29.0,0.17449136893320297
37.0,0.19411375524007068
48.0,0.15637302176263237
62.0,0.19296576561379425
70.0,0.21522827258335242
76.0,0.18929437875231975
88.0,0.16213167316620314
94.0,0.16795454961550005
102.0,0.15107780702363857
106.0,0.19219386471706362
114.0,0.17658617572305785
123.0,0.16543609509637358
129.0,0.16792730320505023
134.0,0.17442398479112511
140.0,0.181387493358318
146.0,0.1825801502605745
153.0,0.17676601905403186
159.0,0.18248130498484752
168.0,0.19337137862407075
176.0,0.14850480303437943
180.0,0.1711079100028068
184.0,0.19463553071552828
190.0,0.16659838573364258
196.0,0.18077674397594773
205.0,0.1767682897085785
213.0,0.17284760657740947
222.0,0.1903083287053409
230.0,0.20777069091716266
239.0,0.15408398994000494
245.0,0.16928435694174104
257.0,0.16182551042439136
265.0,0.15072266808524273
271.0,0.20058593482787698
282.0,0.20039991594162196
288.0,0.19348839130539713
296.0,0.17612986006438955
303.0,0.17312017205896144
308.0,0.18411540046498776
319.0,0.17860103692924445
328.0,0.16544228309004635
332.0,0.17143396571039698
343.0,0.1706766968344053
351.0,0.1747726425232154
357.0,0.17670862979553525
366.0,0.18285819092662642
373.0,0.18940582101413087
383.0,0.16423510065956462
392.0,0.167758029573012
400.0,0.18283235146208665
408.0,0.19701051897408522
417.0,0.18596959946581032
425.0,0.173680773850386
433.0,0.19390022478585456
439.0,0.18160927146038613
446.0,0.16789363489679307
454.0,0.16921624113611028
463.0,0.18056235189733494
471.0,0.1774808768255219
475.0,0.17811502316218478
479.0,0.1766049949036846
485.0,0.1738589614640792
494.0,0.1770522275611862
503.0,0.19534020305292268
515.0,0.1722628086079709
521.0,0.20010825910677904
527.0,0.19927851531875698
535.0,0.20138229894728796
545.0,0.1768122386892727
552.0,0.17300780855618197
556.0,0.17720249308556255
563.0,0.17644503945865597
572.0,0.18307676505297946
583.0,0.17175194357146195
589.0,0.2045970935036449
595.0,0.1755397041607106
606.0,0.19681382631072666
612.0,0.18274907913617072
622.0,0.18963242573391825
631.0,0.19175511583259625
635.0,0.16444420458875159
647.0,0.1852976233099889
653.0,0.17775011765228915
661.0,0.18896191204647703
669.0,0.17441217698337566
674.0,0.16708306787678312
682.0,0.16936827452825068
686.0,0.19496626803278388
693.0,0.17774305276714167
699.0,0.16724072070684
705.0,0.1922305326120055
712.0,0.17159779883300205
719.0,0.16166725491704897
726.0,0.1942490667953698
733.0,0.18483032732283275
742.0,0.1790779195731138
754.0,0.20948690076915466
761.0,0.1803212965261916
767.0,0.17967819656312206
771.0,0.1849013253007604
780.0,0.2004543809872916
788.0,0.19991207967100158
795.0,0.17734959240267473
803.0,0.18340137832918998
811.0,0.1646404191584105
820.0,0.16770488538554207
