,3
2.0,0.23718073867026965
13.0,0.1962812520802988
21.0,0.23866435340523465
30.0,0.21018940220519855
39.0,0.20303454975164176
48.0,0.21913516368007596
57.0,0.224464032242432
65.0,0.2318814497330274
70.0,0.1465633441420127
81.0,0.1592416466988277
93.0,0.1888466776782872
102.0,0.21768975149619527
110.0,0.20888797465758238
118.0,0.19150390979763993
128.0,0.237176628364244
136.0,0.2051631822749213
143.0,0.2294587739665492
151.0,0.1911552376088883
159.0,0.16677997453114432
167.0,0.22243607847279717
176.0,0.1781375193875828
185.0,0.20993896006608545
194.0,0.1852968897058519
205.0,0.20317930785134056
213.0,0.19385717570154018
217.0,0.19451574983427217
228.0,0.21566177230897615
236.0,0.12377701537415133
245.0,0.22257754800348092
251.0,0.19369606831549968
259.0,0.19723369543182162
268.0,0.1610240862410356
276.0,0.21720898195541216
284.0,0.23762771328405008
291.0,0.17379883772620341
297.0,0.19095235345907444
306.0,0.20527603291108068
312.0,0.2099396176820702
317.0,0.1875602942107665
325.0,0.21939417992391838
333.0,0.16846510881734678
341.0,0.1818729065148269
346.0,0.168364738437863
