,8
0,0.15353502362246413
1,0.15898073732164464
2,0.1603552369860717
3,0.15727605117168791
4,0.14859854541462356
5,0.15925772368419508
6,0.18834288153059217
7,0.1702124359696153
8,0.1847101199143754
9,0.17511557372432687
10,0.15182557985261463
11,0.15734489431098825
12,0.15024320303024394
13,0.16679462382728125
14,0.14779447324500353
15,0.155651636105438
16,0.15507938138289357
17,0.15009595538006285
18,0.16217094480329539
19,0.16938278449055424
20,0.15280156280826643
21,0.14544912635395407
22,0.1592852150710977
23,0.1483723000928903
24,0.1604200542347461
25,0.15551496472460344
26,0.14931440584103597
27,0.15737615603891675
28,0.15746961362733766
29,0.16739125803511812
30,0.19717204563556598
31,0.18002926791098775
32,0.19358151079631747
33,0.15470593422671186
34,0.1444244676226638
35,0.15545919260315227
36,0.16879274303236333
37,0.1655933238446583
38,0.15138024590185767
39,0.14714839158479048
40,0.14559635411331587
41,0.14797189740465047
42,0.1659458959125868
43,0.17021877801232435
44,0.16233225409230687
45,0.1732557182045586
46,0.1806541674984562
47,0.1670894945138404
48,0.16846096041334713
49,0.15361129922109287
50,0.15737024764514293
51,0.1686391219901778
52,0.17655037373491753
53,0.18160093791439108
54,0.18636011778152317
55,0.19122945296528265
56,0.15702400046647938
57,0.18072058782558786
58,0.1633170495002702
59,0.16141415382811233
60,0.20915151639567092
61,0.19771112411980718
62,0.17466672410558795
63,0.14937095998938485
64,0.1581789612012354
65,0.15868601736213908
66,0.14265204328698874
67,0.15819328494211413
68,0.1486425284123619
69,0.17501226815105003
70,0.1706160651933281
71,0.16260368517041146
72,0.14807271314764187
73,0.1599223158203471
74,0.1717168763287652
75,0.1505574786673892
76,0.16799771822984683
77,0.15637381156065283
78,0.17574430114058157
79,0.152614783478056
80,0.13904936177220373
81,0.13965072882085494
82,0.15224969758116813
83,0.14466344559111
84,0.14861187384689312
85,0.15371655966481937
86,0.18003259946521918
87,0.13607541352062663
88,0.1724882324356606
89,0.18496807443727736
90,0.16613826246597588
91,0.17404198684402403
92,0.15942462776505853
93,0.1543933319789137
94,0.16026361078674883
95,0.1667161727201533
96,0.1518238051160947
97,0.1451375733849192
98,0.14202484590564907
99,0.15311972617851435
100,0.17591007781207701
101,0.16300803878791675
102,0.1648441885070535
103,0.19732849030153904
104,0.16783649420490043
105,0.1653166798950051
106,0.1862735901236397
107,0.1568646749415347
108,0.14769890783349174
109,0.15722636014837843
110,0.16104375324206274
111,0.15207295004492646
112,0.16154238182797626
113,0.16894402177251738
114,0.15337614300058253
115,0.17311240093175928
116,0.16285613329642806
117,0.18867020346248686
118,0.1699303715849705
119,0.1395698713719927
120,0.14748845568630178
121,0.17189965955038572
122,0.15165063803556902
123,0.1559512836736114
124,0.1833170408713924
125,0.1524068355796338
126,0.16260454013023626
127,0.14069660378543272
128,0.1616344090437463
129,0.14829762505583377
130,0.1569924813132023
131,0.15414026413760357
132,0.15671375430047887
133,0.17167958012010348
134,0.16544313672227004
135,0.16059559373078422
136,0.16214141792600636
137,0.1646912061806778
138,0.17569380186038688
139,0.16826507008112487
140,0.14946222988059346
141,0.14271906265157117
142,0.1665186204270991
143,0.15925347746593357
144,0.15151767036643757
145,0.16987757711084936
146,0.17068478789377295
147,0.1682334911769928
148,0.17074308097043747
149,0.17130301139249884
150,0.17085895369332865
151,0.15769601627364718
152,0.15672154465455893
153,0.15272759765668018
154,0.162506819703889
155,0.1647572106379486
156,0.1574939776589046
157,0.16776788825770114
158,0.1674317194595036
159,0.15461033746428365
160,0.15087874481721109
161,0.16531008206927472
162,0.18972996639795706
163,0.20421873108103689
164,0.16283726755127131
165,0.15660925078773566
166,0.14170939695402748
167,0.15602340489294256
168,0.15218961941595552
169,0.15394347159210284
170,0.14754655126636285
171,0.153379435728831
172,0.15475249677972353
173,0.16879601473818162
174,0.1716689989968436
175,0.1589486262572214
176,0.16440421629521815
177,0.17604269397581793
178,0.14868288173260483
179,0.1507981077277506
180,0.1611960568831503
181,0.15516988760421116
182,0.13906570286572847
183,0.1497493462700238
184,0.15542728712325043
185,0.14814080237201613
186,0.15952340894282477
187,0.1479986476402256
188,0.1463059772010223
189,0.14938522409419702
190,0.14662468182837785
191,0.14961478290229474
192,0.1687502965955535
193,0.16325816627704262
194,0.19111407182801757
195,0.1766274792421736
196,0.1413570770600708
197,0.17278311320529033
198,0.15437024662836504
199,0.1543577850924787
200,0.16768439202752058
201,0.15935519190378813
202,0.16106413963758445
203,0.16803166583156784
204,0.14929705869189858
205,0.14567817860447926
