,4
2.0,0.19060562868415715
13.0,0.18969320600909295
21.0,0.21502016275357227
30.0,0.20348265648351976
39.0,0.21684286566647115
48.0,0.2229336681983154
57.0,0.20550844053831802
65.0,0.2421885116590889
70.0,0.17274989866572674
81.0,0.22096902003821065
93.0,0.21488858878746717
102.0,0.2271505245981081
110.0,0.20747031563563095
118.0,0.17195303353885635
128.0,0.2095861113405466
136.0,0.18702882599339735
143.0,0.20797476005938453
151.0,0.1735384909686171
159.0,0.1747775991411262
167.0,0.18141985947305306
176.0,0.21702594387067262
185.0,0.19194279597026365
194.0,0.20633730625318986
205.0,0.22570576843834075
213.0,0.18481667709810537
217.0,0.18829823882128466
228.0,0.2126690724329617
236.0,0.16720050193199026
245.0,0.19099964687723983
251.0,0.19209324968812538
259.0,0.16014144490501833
268.0,0.2240556918291371
276.0,0.18999149305851354
284.0,0.21975411181168375
291.0,0.20129039807170426
297.0,0.1983302884706803
306.0,0.19059588320759657
312.0,0.20433574504751056
317.0,0.17658529203593198
325.0,0.16178586896957034
333.0,0.17375408418811622
341.0,0.1379088901002657
346.0,0.16294513956701398
