,5
357.0,0.18242874102347745
364.0,0.18167428198519844
370.0,0.1895898760507726
377.0,0.20918301213019602
388.0,0.18728959562685446
396.0,0.20793816554366643
407.0,0.2053500817209894
414.0,0.20394063106447335
421.0,0.17850176267027826
430.0,0.19896102783025155
437.0,0.18191094855436396
446.0,0.16699757743304042
454.0,0.18462884582338848
461.0,0.18410412482184238
469.0,0.16695858675387493
477.0,0.19291199688391783
485.0,0.18959815457899334
491.0,0.1809319188274496
502.0,0.16663348106792794
509.0,0.19974319446039246
516.0,0.19902479626421501
525.0,0.1972893853367922
532.0,0.2069900391421155
539.0,0.18704802513874122
545.0,0.18741854288159449
552.0,0.20299384096650142
559.0,0.18621373016578266
566.0,0.22013575870722063
574.0,0.18193072688100254
581.0,0.20914827387108148
587.0,0.17957349252331478
597.0,0.16712625425891386
606.0,0.17146437173072943
614.0,0.1998557798725652
621.0,0.17086190479010627
630.0,0.1679795393506046
637.0,0.2131227412147637
646.0,0.17889939187778514
657.0,0.18910307755387834
665.0,0.18474711878911515
679.0,0.2062080080620885
691.0,0.20409379522496765
698.0,0.16291521076459572
706.0,0.22400491662857225
710.0,0.17338150742515304
717.0,0.2002165085903496
726.0,0.18550805991045383
733.0,0.22058383624356476
743.0,0.18106442584213908
751.0,0.18833799726130304
756.0,0.19092867696840676
765.0,0.2135950806519823
772.0,0.19867021394526388
781.0,0.18569213118269914
788.0,0.17060638001274545
799.0,0.14085656140237876
808.0,0.17136342603328025
817.0,0.19541010429761121
826.0,0.19788153783080434
838.0,0.19439601127894282
846.0,0.17808306562026455
852.0,0.18257081626285418
859.0,0.2023601781834079
871.0,0.1533419493372378
882.0,0.16620300238128127
889.0,0.19811298597895446
896.0,0.1792485499934538
902.0,0.18913755281193453
909.0,0.20360330003244392
917.0,0.19034655492403968
924.0,0.2136503203079785
931.0,0.1815806586858328
939.0,0.19034734396396708
949.0,0.2009838491408823
958.0,0.1872930766157606
966.0,0.16172809609984012
980.0,0.20327272462171164
988.0,0.19517504146162026
996.0,0.1870552133055802
1000.0,0.19877487004727915
1009.0,0.18056106159426863
1018.0,0.1993267684922542
1030.0,0.1845871477776532
1039.0,0.1993691050428306
1045.0,0.16832499292817876
1054.0,0.18263614249773086
1061.0,0.17944988021377703
1067.0,0.18870600862756193
1075.0,0.1700488623915314
1084.0,0.19654985767272912
1089.0,0.18137739642818035
1097.0,0.1948208707970227
1104.0,0.17593070000631802
1109.0,0.19663504816203484
1116.0,0.19066152723333635
1124.0,0.18753204775342805
1133.0,0.2157540897101269
1142.0,0.19909730253066318
1149.0,0.1893246670804135
1157.0,0.18158349456091732
1163.0,0.1975104502275719
1172.0,0.17603900848820542
1177.0,0.18039114984614524
1186.0,0.21318632888651495
1190.0,0.1642548737464894
1199.0,0.20857242017461786
1206.0,0.17925548167231437
1217.0,0.18054925405756175
1226.0,0.20489702897651613
1233.0,0.16744257700595655
1242.0,0.18341813077757843
1249.0,0.17823869124644648
1261.0,0.1745384516017392
1268.0,0.15822818037928554
1276.0,0.2139555095823885
1283.0,0.16773899018939928
1290.0,0.1759928330065562
1296.0,0.19923221696600535
1307.0,0.1959151415745877
1316.0,0.1693079432152786
1325.0,0.2040296765176646
1333.0,0.1544934012414629
1340.0,0.21682388168491534
1349.0,0.18958135433113435
1357.0,0.19039152781816468
1366.0,0.15338165800471562
1373.0,0.1686493179432628
1379.0,0.18608349836577773
1387.0,0.18311378687164173
1394.0,0.18374864712658182
1400.0,0.19774539206925204
1408.0,0.1947240209047607
1415.0,0.18956030581510153
1424.0,0.2233567452475752
1428.0,0.19033799204226134
1439.0,0.21151884481163544
1451.0,0.18793675607379512
1458.0,0.2022802264063208
1464.0,0.20034078067493488
1472.0,0.21206640130735727
1480.0,0.18410905574200848
1485.0,0.17823937830059097
1492.0,0.19466451060111783
1501.0,0.18479674951524327
1515.0,0.20286095839564067
1524.0,0.19027010215724613
1530.0,0.2010050724267772
1538.0,0.18466950018763187
1542.0,0.1613732367686038
1551.0,0.19569592742594666
1558.0,0.18860262941297518
1567.0,0.22123548522647524
1575.0,0.19787480024566786
1583.0,0.188671122424535
1595.0,0.19770478668197786
1604.0,0.1798838802831381
1611.0,0.19542849900817738
1618.0,0.18957821974214048
1625.0,0.17294095861154427
1632.0,0.17604814634220284
1639.0,0.18251492261223068
1647.0,0.1858033272888279
1655.0,0.20303015524913026
1661.0,0.17810966637659076
1669.0,0.15156547997281034
1673.0,0.1854786877220636
1679.0,0.15750696361840522
1690.0,0.17339951904406842
1701.0,0.20134892145885144
1709.0,0.16919713346769333
1721.0,0.20231993717560082
1727.0,0.19932757084178773
1736.0,0.16852529499251168
1744.0,0.1912413442588144
1751.0,0.16470028239365034
1758.0,0.16213996861836205
1766.0,0.18344013229381723
1775.0,0.18392244673143007
1781.0,0.18417455852000741
1792.0,0.20211343613199553
1806.0,0.18610170965169534
1815.0,0.1950580214506463
1824.0,0.17521513612256284
1828.0,0.2171049376308666
1836.0,0.1905583304586977
1843.0,0.18616318983118785
1854.0,0.1843094026320192
1860.0,0.19828908174913043
1866.0,0.19336803939925226
1872.0,0.19584266975360654
1879.0,0.18788651948216145
1887.0,0.17958834705462118
1897.0,0.20920469867466346
1906.0,0.16576069319193404
1911.0,0.19322909972168173
1919.0,0.16822330637727909
1929.0,0.21672860765991905
1937.0,0.19014967381579825
1947.0,0.176653353060941
1959.0,0.17480589734114016
1966.0,0.14088417049634436
1975.0,0.20176607312882092
1984.0,0.188737499735506
1990.0,0.20375828546891278
1998.0,0.19905105801316678
2004.0,0.19973876259775325
