,5
2.0,0.2064449461809591
9.0,0.2214406059549521
15.0,0.161173301239454
22.0,0.19731500778237407
33.0,0.19775769822096037
41.0,0.1949108289569876
52.0,0.17717060964801237
59.0,0.17171219422501924
66.0,0.19591509029404403
75.0,0.16280931248161684
82.0,0.2234799939930229
91.0,0.19146606524394777
99.0,0.19507037556892587
106.0,0.1841886586976251
114.0,0.20710778720361092
122.0,0.17414213883547092
130.0,0.19088995457524374
136.0,0.1797225631066852
147.0,0.19610003077490806
154.0,0.1893365687271982
161.0,0.19297122156415294
170.0,0.18321327435050233
177.0,0.1879195877992574
184.0,0.18909801958909253
190.0,0.19949823524206348
197.0,0.16953471312606455
204.0,0.2018834745260499
211.0,0.19395102155407085
219.0,0.18707410819981224
226.0,0.19629484341735537
232.0,0.2095644688209589
242.0,0.19435377175881444
251.0,0.19183227133173955
259.0,0.17333801391319542
266.0,0.20820736527157038
275.0,0.19379201260989354
282.0,0.20015758053889288
291.0,0.1824348994469322
302.0,0.17959764519309243
310.0,0.16888365692709206
324.0,0.18505459189665868
336.0,0.1927282359135133
343.0,0.1826373588963319
351.0,0.1982852823066873
355.0,0.1853359044884456
362.0,0.18606297895926477
371.0,0.20957592121923715
378.0,0.22123286284349875
388.0,0.17878632577575723
396.0,0.1856867084856078
401.0,0.17322717666013515
410.0,0.17506897836648147
417.0,0.17575828781243785
426.0,0.2222935109925991
433.0,0.1659257762642224
444.0,0.1604305104832694
453.0,0.18238804781673804
462.0,0.19207079031546
471.0,0.15454620461827792
483.0,0.16149371962875395
491.0,0.1832126271309333
497.0,0.21354441770010768
504.0,0.20732112865228328
516.0,0.18720980617087357
527.0,0.15869549317518636
534.0,0.20986991029563534
541.0,0.2077964206388241
547.0,0.2016472688883736
554.0,0.19037000679166552
562.0,0.2079295026126883
569.0,0.20644485516063618
576.0,0.17533458834257792
584.0,0.19318017227056913
594.0,0.17660784084102427
603.0,0.19487946540099232
611.0,0.17771607993337743
625.0,0.17375465935855397
633.0,0.1712805149740156
641.0,0.17346775279531332
645.0,0.20521395861307032
654.0,0.17986308952005312
663.0,0.16219638745353496
675.0,0.19902199363473735
684.0,0.17910398181853313
690.0,0.1923412791996896
699.0,0.21620097033899832
706.0,0.19623924619276706
712.0,0.1598562462906721
720.0,0.17210238623334445
729.0,0.16854858112342117
734.0,0.1653393407807653
742.0,0.16962115882635506
749.0,0.18039526567999317
754.0,0.1915694453981276
761.0,0.17272747806264926
769.0,0.21517807578935466
778.0,0.2126620431477919
787.0,0.19071515088838875
794.0,0.20921917643161603
802.0,0.17507718449391607
808.0,0.2033067280063836
817.0,0.1605308458900983
822.0,0.18184259250690604
831.0,0.19871217371616987
835.0,0.18406355012749867
844.0,0.1963131035141178
851.0,0.1904762230176955
862.0,0.20471188791782974
871.0,0.1898916262276585
878.0,0.1761019323820456
887.0,0.19812777315232927
894.0,0.19812570831441415
906.0,0.19542133095188532
913.0,0.19402192019608605
921.0,0.19181022591552513
928.0,0.1568224414843735
935.0,0.15501887213403934
941.0,0.1881413335485961
952.0,0.17772679277561243
961.0,0.1880117790393346
970.0,0.16168411213592546
978.0,0.18669541364940836
985.0,0.1901060293412706
994.0,0.20116357867484932
1002.0,0.18893663368070732
1011.0,0.20523471276000455
1018.0,0.20637685949768736
1024.0,0.17853381983515992
1032.0,0.17914884011077495
1039.0,0.20827989974507188
1045.0,0.21653136609898696
1053.0,0.17161473105156053
1060.0,0.18597177994944444
1069.0,0.16901943136729286
1073.0,0.19906197022171118
1084.0,0.19540877213521246
1096.0,0.21154871798772854
1103.0,0.1911613993749211
1109.0,0.19223627223137818
1117.0,0.19494635116976272
1125.0,0.16706375600464088
1130.0,0.15031126731603592
1137.0,0.1858352516573039
1146.0,0.16645710869407593
1160.0,0.15624686284937844
1169.0,0.19221721503638783
1175.0,0.2032154336805534
1183.0,0.1717173534888916
1187.0,0.1607448301172726
1196.0,0.19663485399250136
1203.0,0.18656881447289908
1212.0,0.18739855855132972
1220.0,0.19932862735190568
1228.0,0.17688815079631817
1240.0,0.21812911963062814
1249.0,0.17005486883510015
1256.0,0.20816898123180386
1263.0,0.1451806819630309
1270.0,0.19315913576285554
1277.0,0.19649196315703227
1284.0,0.19880700235883816
1292.0,0.2139396796927636
1300.0,0.1780803883707137
1306.0,0.20779972545413114
1314.0,0.19095852346247813
1318.0,0.20228526358728124
1324.0,0.1629913387118176
1335.0,0.1851101617475361
1346.0,0.18612151495725285
1354.0,0.18844800416697793
1366.0,0.15917942224438536
1372.0,0.17954418691641522
1381.0,0.18062762649701702
1389.0,0.1885711903275074
1396.0,0.1777474387966045
1403.0,0.20256242151855153
1411.0,0.19631575780004762
1420.0,0.19605509344148433
1426.0,0.17532191449548729
1437.0,0.20266019859572612
1451.0,0.1874789285126215
1460.0,0.19647478795981319
1469.0,0.19950869782644537
1473.0,0.17497368244556588
1481.0,0.1828564274035152
1488.0,0.20303579380737968
1499.0,0.17731797557965548
1505.0,0.18095612540337305
1511.0,0.1830993894172347
1517.0,0.1512260998218838
1524.0,0.16158316288629987
1532.0,0.17795076953978065
1542.0,0.20779721547086744
1551.0,0.19774371451792083
1556.0,0.18349796203036692
1564.0,0.1396956898072887
1574.0,0.16157246119234825
1582.0,0.1798698265233498
1592.0,0.17458317621381741
1604.0,0.17401926148965188
1611.0,0.17483485754057626
1620.0,0.18133240664362907
1629.0,0.1879889054164353
1635.0,0.2037462224020853
1643.0,0.16723031735197022
1649.0,0.1924105966157548
2094.0,0.20707444632524027
2101.0,0.20859213122248088
2107.0,0.1706950864216675
2114.0,0.1861596180445863
2125.0,0.1946194913291293
2133.0,0.17795403935379722
2144.0,0.1997334602450413
2151.0,0.2036673638826713
2158.0,0.18993715892427732
2167.0,0.21767691152048424
2174.0,0.226861604926928
2183.0,0.20791142465620588
2191.0,0.18516383194763913
2198.0,0.19673913165234577
2206.0,0.18625781782556142
2214.0,0.15690833711775193
2222.0,0.17971189890997996
2228.0,0.17655201871854476
2239.0,0.17025413846582071
2246.0,0.19554358358487672
2253.0,0.18114256911579563
2262.0,0.17562305437530568
2269.0,0.1886899007262537
2276.0,0.17279105703699826
2282.0,0.20463152072644916
2289.0,0.14908142115386278
2296.0,0.1765180076509921
2303.0,0.18727457714835127
2311.0,0.17530605841419628
2318.0,0.2049701185211996
2324.0,0.20294786239574752
2334.0,0.18542726938330847
2343.0,0.18216969812652722
2351.0,0.1790796047617818
2358.0,0.16741915598259144
2367.0,0.18740165793581542
2374.0,0.1944654138551218
2383.0,0.17728433214242154
2394.0,0.17214064462690515
2402.0,0.2193633776013394
2416.0,0.17914372437655932
2428.0,0.20146862032742552
2435.0,0.19386332075045723
2443.0,0.19452002654852707
2447.0,0.18739742730028897
2454.0,0.18263208235086648
2463.0,0.21827394030340666
2470.0,0.2302949674471472
2480.0,0.1936658230392894
2488.0,0.1893848260350903
2493.0,0.17559063018277646
2502.0,0.2114133812732275
2509.0,0.2045782120413229
2518.0,0.19493166648763538
2525.0,0.18616025695004443
2536.0,0.13506373369160155
2545.0,0.19929385969388633
2554.0,0.18123448603506637
2563.0,0.2155478739376231
2575.0,0.16179527128073493
2583.0,0.17157884712714025
2589.0,0.188768453106877
2596.0,0.19890602399459378
2608.0,0.17933544206126967
2619.0,0.17866846097664438
2626.0,0.1372896126469629
2633.0,0.21678129773219248
2639.0,0.17018696411767517
2646.0,0.16958081343574544
2654.0,0.20892623971648844
2661.0,0.16727792365131552
2668.0,0.2022426979832063
2676.0,0.20174530636193244
2686.0,0.21336740316137118
2695.0,0.1775313872814701
2703.0,0.1818757572930768
2717.0,0.17345631731722558
2725.0,0.16743425560001948
2733.0,0.16476420022973368
2737.0,0.2090668480818962
2746.0,0.19157539794195935
2755.0,0.17689044710123927
2767.0,0.20966595776055016
2776.0,0.1652695443722564
2782.0,0.19488502819444742
2791.0,0.19250030453389205
2798.0,0.20059963940911457
2804.0,0.15482498923185467
2812.0,0.17015433729693188
2821.0,0.18046478917020572
2826.0,0.14901412312029202
2834.0,0.17305183381526545
2841.0,0.19017584502665452
2846.0,0.1761942391234039
2853.0,0.15970247665017492
2861.0,0.18872342485129887
2870.0,0.19543821797756275
2879.0,0.18742556824472043
2886.0,0.2024818528967189
2894.0,0.1972726468603437
2900.0,0.1874915507581145
2909.0,0.17707606497770684
2914.0,0.23516224036262623
2923.0,0.16585740384239195
2927.0,0.1501897552785654
2936.0,0.20307959165808356
2943.0,0.18444871939676788
2954.0,0.20527786074985843
2963.0,0.19367344312328702
2970.0,0.15212601640338375
2979.0,0.21179898998380448
2986.0,0.17652578825648016
2998.0,0.1968169143518261
3005.0,0.19666748599222617
3013.0,0.1988013565777934
3020.0,0.1858184982675696
3027.0,0.14357474176104562
3033.0,0.17508401115678296
3044.0,0.16532236018647745
3053.0,0.18600862970494958
3062.0,0.15833814750633676
3070.0,0.1759955056844794
3077.0,0.1585990525979742
3086.0,0.2135277414445854
3094.0,0.18502926914408688
3103.0,0.18732300567366378
3110.0,0.19488306035226097
3116.0,0.18059464061911545
3124.0,0.1806552122453977
3131.0,0.1850644267624184
3137.0,0.21002759079666095
3145.0,0.18287855654899204
3152.0,0.17766509847175882
3161.0,0.19262636121275165
3165.0,0.1920624241939212
3176.0,0.19006317644050438
3188.0,0.19468495978616202
3195.0,0.17713299135495458
3201.0,0.17954347141566915
3209.0,0.17172426277049718
3217.0,0.1737055995529117
3222.0,0.16091501242554127
3229.0,0.19097988747155295
3238.0,0.17710925285419357
3252.0,0.17653378517287047
3261.0,0.19434011661486295
3267.0,0.16125460877658404
3275.0,0.18393497854709048
3279.0,0.17584404036702098
3288.0,0.2221492184265567
3295.0,0.1821618351751003
3304.0,0.1562887091782778
3312.0,0.1754357174086963
3320.0,0.20415675119075333
3332.0,0.17536845269891116
3341.0,0.19358017600700245
3348.0,0.19069359529720437
3355.0,0.1834932992611399
3362.0,0.18090470632547845
3369.0,0.18412795088180522
3376.0,0.19584509822572158
3384.0,0.21917640915663578
3392.0,0.2410926216031917
3398.0,0.18263624395683312
3406.0,0.1985492773614451
3410.0,0.19483345015563522
3416.0,0.17464553151000403
3427.0,0.19525235692266713
3438.0,0.19690717880898875
3446.0,0.20057516461143032
3458.0,0.16110096303121166
3464.0,0.183367665091073
3473.0,0.18477154792083061
3481.0,0.18695749084329452
3488.0,0.19399943298603142
3495.0,0.19172695469694542
3503.0,0.19069866677726563
3512.0,0.17749642165252394
3518.0,0.19744679491603298
3529.0,0.20333420167791502
3543.0,0.17828793476839627
3552.0,0.18283435556546734
3561.0,0.20615546404439206
3565.0,0.19322205441408616
3573.0,0.16119975998319652
3580.0,0.21348379918365729
3591.0,0.16664531173781524
3597.0,0.18325211286428086
3603.0,0.18572443373825853
3609.0,0.20692352565541994
3616.0,0.17465621010740798
3624.0,0.21815040799567462
3634.0,0.2106558263052355
3643.0,0.20498485234055736
3648.0,0.21025149613427246
3656.0,0.21723931475110247
3666.0,0.19225277910693858
3674.0,0.19137348215592237
3684.0,0.1757399894510679
3696.0,0.1667335640588838
3703.0,0.18442210889194927
3712.0,0.1929711624068596
3721.0,0.1988173423182517
3727.0,0.19741313055153092
3735.0,0.18942604087089362
3741.0,0.18098024969776796
