,6
2.0,0.18942521684632996
9.0,0.17361222337002025
15.0,0.18103869530383224
22.0,0.16938626331300877
33.0,0.18528734181622572
41.0,0.17684164753510967
52.0,0.17129598494917628
59.0,0.1710481064106258
66.0,0.18717899377119088
75.0,0.20556468729452737
82.0,0.19434855096203849
91.0,0.17482120811906326
99.0,0.18572456960699382
106.0,0.1822410835831174
114.0,0.16343816820035667
122.0,0.16943375129543367
130.0,0.18976736272982697
136.0,0.18013009879403602
147.0,0.18053150532681922
154.0,0.17336060388960386
161.0,0.18470735925436674
170.0,0.18020357143102314
177.0,0.16361474838797288
184.0,0.1717288334692182
190.0,0.1787523481999521
197.0,0.17517324821468624
204.0,0.159855809779989
211.0,0.17650334096426984
219.0,0.16834660060686046
226.0,0.19462339442570553
232.0,0.1797165437779208
242.0,0.18865421901124796
251.0,0.17071527548632287
259.0,0.18367175092461685
266.0,0.2181716217720069
275.0,0.2100667081940303
282.0,0.20513297736375857
291.0,0.20532318209681688
302.0,0.1759597963143552
310.0,0.1811697502651251
324.0,0.16119894692493744
336.0,0.18116785085065065
343.0,0.1868044768771953
351.0,0.16652368907498877
355.0,0.1878116197112063
362.0,0.18620303267619473
371.0,0.16529344144607264
378.0,0.1850887113593972
388.0,0.16185275163707452
396.0,0.18143939016349817
401.0,0.15551446518831175
410.0,0.15998204005732614
417.0,0.1919443995280338
426.0,0.1762230920118176
433.0,0.21024454635084439
444.0,0.18581045316521885
453.0,0.17899113384397544
462.0,0.2076074570977129
471.0,0.17543173615152427
483.0,0.17631728035217467
491.0,0.1721315899297751
497.0,0.205292527883543
504.0,0.16844385751776894
516.0,0.17821509925552395
527.0,0.18102773939728586
534.0,0.1793190483076384
541.0,0.18919956063129023
547.0,0.18499373637823768
554.0,0.17958909973768908
562.0,0.18045328022629403
569.0,0.1731967071312908
576.0,0.17485198768020102
584.0,0.1787865013606403
594.0,0.1746402186016335
603.0,0.1707013419056771
611.0,0.17601436599584666
625.0,0.19526920030522918
633.0,0.17317012188142517
641.0,0.16630054126711602
645.0,0.17813363946055108
654.0,0.18026725895567697
663.0,0.17935911466408322
675.0,0.17779821728755876
684.0,0.17540224004872462
690.0,0.19902011042276724
699.0,0.16304029532273281
706.0,0.19971866295487692
712.0,0.19126484224604912
720.0,0.188208642661928
729.0,0.1520775150071771
734.0,0.17807673203190358
742.0,0.21232267937370236
749.0,0.1813067736050347
754.0,0.16911787185341
761.0,0.1842916485012607
769.0,0.1731047672610291
778.0,0.1910541972061045
787.0,0.16852301658959767
794.0,0.16911828535099685
802.0,0.19712754420028322
808.0,0.16412483586642287
817.0,0.18361128086748885
822.0,0.19093631155906898
831.0,0.21335186117815286
835.0,0.22040303575961265
844.0,0.1843238036942165
851.0,0.18407134350015342
862.0,0.18520632747885998
871.0,0.17399849728673777
878.0,0.17806846274976998
887.0,0.18352560709269689
894.0,0.17778268039772385
906.0,0.18749521064030888
913.0,0.18577176051703476
921.0,0.1609210544373053
928.0,0.19082240085927366
935.0,0.17955172491042617
941.0,0.19252689341658752
952.0,0.15765799906252614
961.0,0.16872736459670476
970.0,0.19019832922291438
978.0,0.15601253973694781
985.0,0.21714382820832134
994.0,0.17438016786903715
1002.0,0.16556948969501542
1011.0,0.19716157764661277
1018.0,0.18253029528866482
1024.0,0.17160169536481187
1032.0,0.18313281081735203
1039.0,0.1847074561302449
1045.0,0.18108947663698394
1053.0,0.17615503946861127
1060.0,0.17659287477151425
1069.0,0.18322741219549277
1073.0,0.16086705487123615
1084.0,0.16014050420628437
1096.0,0.17883618797181078
1103.0,0.1674603819902762
1109.0,0.17241301075108653
1117.0,0.1765915218837205
1125.0,0.1686268874027471
1130.0,0.18210391764796702
1137.0,0.18542948044057966
1146.0,0.1746555319188814
1160.0,0.18559479390418712
1169.0,0.17114905988799833
1175.0,0.1508626865388524
1183.0,0.14307081273099376
1187.0,0.16167814802456337
1196.0,0.17087947977382356
1203.0,0.18794792750007686
1212.0,0.18769291424781986
1220.0,0.17129594184183872
1228.0,0.17423200715509018
1240.0,0.20121258687778712
1249.0,0.17033018236330086
1256.0,0.18892113592884757
1263.0,0.16464794469361568
1270.0,0.1808508479548185
1277.0,0.1974693913098244
1284.0,0.1731525661575376
1292.0,0.1777748411870849
1300.0,0.195403970330797
1306.0,0.16236947711350028
1314.0,0.1873668618304561
1318.0,0.15427864712692244
1324.0,0.17540635854607323
1335.0,0.1742309677449795
1346.0,0.16598529702231743
1354.0,0.1838150712441444
1366.0,0.17378335989661944
1372.0,0.1613467432705194
1381.0,0.16813056102131618
1389.0,0.17509211409114733
1396.0,0.17657198374917857
1403.0,0.17191630763171276
1411.0,0.17963032152642502
1420.0,0.19812271222790404
1426.0,0.19232555554530845
1437.0,0.19397546300761684
1451.0,0.17412342724575716
1460.0,0.17098831399709696
1469.0,0.17163332730599096
1473.0,0.16709142473251337
1481.0,0.17974036409517744
1488.0,0.17684750679177696
1499.0,0.16963044972643682
1505.0,0.18746003801382718
1511.0,0.1862595752204742
1517.0,0.16994317681860258
1524.0,0.1841551077684003
1532.0,0.17562661873588903
1542.0,0.1800108382387861
1551.0,0.18023457473278715
1556.0,0.15983340478725733
1564.0,0.1612289634603283
1574.0,0.18570263079501143
1582.0,0.17402874861713863
1592.0,0.17789940923843314
1604.0,0.19986004414253827
1611.0,0.17556267078317755
1620.0,0.17545546688861643
1629.0,0.19395548165424792
1635.0,0.19035691478060096
1643.0,0.16617920791162943
1649.0,0.1904485332463508
2094.0,0.17652009136728092
2101.0,0.19036380949996334
2107.0,0.1629414156495468
2114.0,0.16411580090373348
2125.0,0.18930070719340716
2133.0,0.16967309107850628
2144.0,0.15408605480502832
2151.0,0.20427218776651104
2158.0,0.19850786344925375
2167.0,0.20098282706167772
2174.0,0.17873408305476488
2183.0,0.16636709255105814
2191.0,0.17380297794406957
2198.0,0.1778406869787483
2206.0,0.16603355020399072
2214.0,0.17079428142756325
2222.0,0.16234292249063378
2228.0,0.14965812694792194
2239.0,0.18432420218492712
2246.0,0.18885348000845195
2253.0,0.17860980752198577
2262.0,0.19340173137098576
2269.0,0.155815548971782
2276.0,0.17299219295774088
2282.0,0.17332220531008902
2289.0,0.17582447773415896
2296.0,0.16924381106414604
2303.0,0.19045638092226683
2311.0,0.17596730792210677
2318.0,0.18010833481113292
2324.0,0.19193952667623396
2334.0,0.1789973097775813
2343.0,0.17712872225550194
2351.0,0.1827331005985859
2358.0,0.16209247406838428
2367.0,0.18374452087551965
2374.0,0.2014898653505709
2383.0,0.17497025025552648
2394.0,0.17431843395391955
2402.0,0.15241354271105903
2416.0,0.1760983918147894
2428.0,0.1829786544868972
2435.0,0.15338316514242822
2443.0,0.1844092917663497
2447.0,0.18689253554279192
2454.0,0.17203406875390176
2463.0,0.1941385158576483
2470.0,0.18112903426906293
2480.0,0.17407627663924305
2488.0,0.20347949616083405
2493.0,0.15887078142282318
2502.0,0.1981979797213965
2509.0,0.20754481425190152
2518.0,0.1927663288291267
2525.0,0.2040498648086261
2536.0,0.19070200518572566
2545.0,0.18955606078338919
2554.0,0.19677242183739774
2563.0,0.2155712175085691
2575.0,0.20080491282850266
2583.0,0.15770115991906208
2589.0,0.1890632409550608
2596.0,0.18821286968549725
2608.0,0.17669288721710663
2619.0,0.17509458010494822
2626.0,0.18503970753904117
2633.0,0.1676620811668594
2639.0,0.17087890026041677
2646.0,0.17695924085226214
2654.0,0.1841334273616852
2661.0,0.18056025252389835
2668.0,0.18369341992385896
2676.0,0.19124920694107997
2686.0,0.2010002397706955
2695.0,0.1510656444315811
2703.0,0.18717237563282554
2717.0,0.1798657632525399
2725.0,0.1834479634798637
2733.0,0.18673561941402964
2737.0,0.19303101674399809
2746.0,0.1806938917952337
2755.0,0.19933739524033528
2767.0,0.17641585624278092
2776.0,0.18000578372214907
2782.0,0.19222406981416648
2791.0,0.17019661852886386
2798.0,0.1847826391415622
2804.0,0.17650877049899064
2812.0,0.19867351891148924
2821.0,0.14350548264657645
2826.0,0.17865672772256433
2834.0,0.17938668049768228
2841.0,0.185473188509308
2846.0,0.1855208912916643
2853.0,0.20426312003451183
2861.0,0.1951153511196472
2870.0,0.1800457417761641
2879.0,0.1850111287125548
2886.0,0.16193451182446472
2894.0,0.19641744144667106
2900.0,0.18217520156757264
2909.0,0.18521560773567128
2914.0,0.18836968871538795
2923.0,0.17644332555926343
2927.0,0.18745633351658786
2936.0,0.18813004879686537
2943.0,0.19284883837494668
2954.0,0.1683207042916401
2963.0,0.16320927795413917
2970.0,0.19673577291825803
2979.0,0.17042220591457125
2986.0,0.18088147475046057
2998.0,0.1932738053259462
3005.0,0.1900967369475367
3013.0,0.168421036594466
3020.0,0.19556685786598713
3027.0,0.18565669426553122
3033.0,0.1535966634677084
3044.0,0.19606989228466876
3053.0,0.17875617119386064
3062.0,0.18994610657291344
3070.0,0.1867615532761563
3077.0,0.17928154692331089
3086.0,0.17100623527353973
3094.0,0.18932405987711037
3103.0,0.1894575455376154
3110.0,0.1658311611334352
3116.0,0.17321468616859712
3124.0,0.18059795217692723
3131.0,0.17298214832614633
3137.0,0.18999552748115006
3145.0,0.17973394255329994
3152.0,0.16856873841468742
3161.0,0.17338122992566968
3165.0,0.14829283313065927
3176.0,0.17212355327418535
3188.0,0.18514262160790676
3195.0,0.1680837883953298
3201.0,0.1862670980029672
3209.0,0.16970279040105868
3217.0,0.19458742539995397
3222.0,0.19569059247555579
3229.0,0.18965487344646664
3238.0,0.16967024542556594
3252.0,0.17156974183397458
3261.0,0.17957861367170316
3267.0,0.17810344420057866
3275.0,0.1678185130040307
3279.0,0.16207198757130456
3288.0,0.1963501906356592
3295.0,0.19148895546083874
3304.0,0.20680750287292282
3312.0,0.1738416338189654
3320.0,0.1843810157730682
3332.0,0.1931054170413278
3341.0,0.1955216332205024
3348.0,0.18128849907439415
3355.0,0.15421842886461642
3362.0,0.18545131924707423
3369.0,0.1924979500713012
3376.0,0.19158960097968497
3384.0,0.1864423661474696
3392.0,0.17318147767802541
3398.0,0.15782302602058976
3406.0,0.1604035622734843
3410.0,0.19755501501597358
3416.0,0.18553091355447493
3427.0,0.1627910576972357
3438.0,0.16758196544345974
3446.0,0.1711456979984357
3458.0,0.17143464561208022
3464.0,0.16593687740694138
3473.0,0.18044943928641405
3481.0,0.20039706685888925
3488.0,0.19962030330897285
3495.0,0.19569249043655776
3503.0,0.19336295098289522
3512.0,0.1862616184045386
3518.0,0.18859810200385765
3529.0,0.187373459566818
3543.0,0.19087820097455122
3552.0,0.17700789731795044
3561.0,0.2049332374259319
3565.0,0.1709697706217414
3573.0,0.1879474223389806
3580.0,0.16520495768557872
3591.0,0.17259074113600967
3597.0,0.17315576731656418
3603.0,0.18783497728291212
3609.0,0.17751507461123067
3616.0,0.18073108254294892
3624.0,0.17008929013245436
3634.0,0.18623060658078774
3643.0,0.1709761356058508
3648.0,0.16066981872740416
3656.0,0.1787180161067745
3666.0,0.1934133737195556
3674.0,0.17733022425903125
3684.0,0.16910040012775385
3696.0,0.1881886768757199
3703.0,0.20512680057075108
3712.0,0.18161381758206158
3721.0,0.18230961242178084
3727.0,0.17955319889991833
3735.0,0.18839824515154383
3741.0,0.17385154375063464
