,6
1659.0,0.1820581932762744
1666.0,0.15685877394976408
1673.0,0.17824749930251518
1685.0,0.19265782076308355
1694.0,0.17142579969145152
1702.0,0.17634140738848786
1709.0,0.1506062865963688
1717.0,0.17783911526716714
1725.0,0.16324101825029289
1729.0,0.18188592382886717
1738.0,0.1413077658729544
1745.0,0.15809978181863343
1753.0,0.17736006204762175
1762.0,0.14209106094895382
1766.0,0.18985599301377099
1775.0,0.15761056607564394
1782.0,0.1547079773726766
1789.0,0.17196065464372048
1796.0,0.18631657746066185
1805.0,0.16524801868214697
1810.0,0.19715162233180372
1817.0,0.17577813217648564
1825.0,0.19308255673832833
1830.0,0.1601524100295689
1835.0,0.1513400152063749
1842.0,0.17453019240161718
1847.0,0.18741747353281496
1856.0,0.16629764528436627
1865.0,0.19509022315494123
1872.0,0.18881573099344406
1883.0,0.17256549903307208
1892.0,0.1678859682003307
1901.0,0.1565605938862515
1913.0,0.16476879284252471
1918.0,0.1620280508531524
1926.0,0.1653961030794257
1934.0,0.17321737946277993
1942.0,0.1651090573347588
1946.0,0.1749591311884417
1953.0,0.18180017085440797
1961.0,0.16773929993069317
1965.0,0.18560184702664242
1974.0,0.16849655074264422
1988.0,0.1672654694391829
1995.0,0.17878884853643412
2007.0,0.16928595834979482
2015.0,0.18351721187270043
2023.0,0.15865001169054815
2028.0,0.17564315528075797
2035.0,0.17328377321893745
2044.0,0.15521582532660028
2051.0,0.16187744513036179
2062.0,0.17154595845500742
2069.0,0.16769318276099648
2076.0,0.18743137522517292
2083.0,0.1777095683374974
