,3
2.0,0.22067201340741757
9.0,0.22146016160716164
15.0,0.1689950425530477
22.0,0.1216824037798841
33.0,0.16611613422432225
41.0,0.16237373632708282
52.0,0.1567235493767079
59.0,0.1786677420912657
66.0,0.18054148010218415
75.0,0.18883533291434637
82.0,0.14274341071153265
91.0,0.196239993714311
99.0,0.22863848632473294
106.0,0.22879288493483566
114.0,0.1824692083554287
122.0,0.21660711916287315
130.0,0.22598996580202702
136.0,0.23220261678860868
147.0,0.2114613757172954
154.0,0.17755998500462183
161.0,0.15594419687191033
170.0,0.22220724753384968
177.0,0.1778159669460165
184.0,0.203915101527417
190.0,0.1786893064999574
197.0,0.2417905806464747
204.0,0.216164127755637
211.0,0.1996029566764586
219.0,0.2159161115836737
226.0,0.22025594862200107
232.0,0.23769577226224933
242.0,0.2157864447410407
251.0,0.22435887391481682
259.0,0.19637553748916775
266.0,0.21605604002288822
275.0,0.23553999634286213
282.0,0.13743330952791563
291.0,0.16490903349102798
302.0,0.13204775698157933
310.0,0.1712243800228122
324.0,0.23520565290790557
336.0,0.1742898281942669
343.0,0.2020807399375089
351.0,0.15740870631851026
355.0,0.21835480202627386
362.0,0.19022758921870453
371.0,0.17843428598011912
378.0,0.18232227298324608
388.0,0.16145383601475427
396.0,0.17892195350341938
401.0,0.15994696090427832
410.0,0.19264213068840935
417.0,0.14260560786496565
426.0,0.23750320077997933
433.0,0.2111017092055373
444.0,0.19205429678876232
453.0,0.21121136894498987
462.0,0.21129192300967733
471.0,0.2230313309668076
483.0,0.20834697400468744
491.0,0.14043578881667773
497.0,0.16841276580218445
504.0,0.22227035501145806
516.0,0.19868103504177687
527.0,0.15891208356315328
534.0,0.20382096323196083
541.0,0.22013442052776003
547.0,0.23364614581044668
554.0,0.17079809065423762
562.0,0.19041339178433614
569.0,0.22193390445693678
576.0,0.14683913676248697
584.0,0.21140193876323476
594.0,0.17001433472694671
603.0,0.1999926170371489
611.0,0.16262862853189955
625.0,0.2512399338677681
633.0,0.12768899748879065
641.0,0.2510683944156236
645.0,0.24568812968711284
654.0,0.22687606111953593
663.0,0.21724867727937144
675.0,0.17316673215323447
684.0,0.1888230881296128
690.0,0.22211236216058053
699.0,0.17044362453527515
706.0,0.241464938916758
712.0,0.14881001262293866
720.0,0.23526804864115933
729.0,0.1889430463855116
734.0,0.1818452442396792
742.0,0.20672196482397162
749.0,0.23252610646939145
754.0,0.21929029320932653
761.0,0.2059592271058414
769.0,0.19978001897550346
778.0,0.17420634552136985
787.0,0.23885565538287107
794.0,0.18056424938293514
802.0,0.21063587637819753
808.0,0.14640248914366902
817.0,0.2040672869134786
822.0,0.24461749893797252
831.0,0.13891369925608993
835.0,0.1857716308013385
844.0,0.212411468250463
851.0,0.2074973553567418
862.0,0.20148992121483508
871.0,0.1692216835762377
878.0,0.24834414168178945
887.0,0.1711082616026297
894.0,0.1854262108025846
906.0,0.21089353232787594
913.0,0.23107698806158505
921.0,0.2014246806907317
928.0,0.205291829059662
935.0,0.1716899922261097
941.0,0.18969623473145653
952.0,0.23273447109250783
961.0,0.21520398740730248
970.0,0.20119102521915683
978.0,0.202356856438768
985.0,0.24458652657706742
994.0,0.22201468102823205
1002.0,0.24146604960797963
1011.0,0.25369030817903676
1018.0,0.2448266800830839
1024.0,0.15629542034959407
1032.0,0.19139848935789622
1039.0,0.2097398661878989
1045.0,0.1896406704883872
1053.0,0.24341646370134093
1060.0,0.22183741764888246
1069.0,0.17748544890733295
1073.0,0.13541649671980174
1084.0,0.1695381990879777
1096.0,0.1931826487153323
1103.0,0.19166526631349567
1109.0,0.21132021847848917
1117.0,0.18204839799501008
1125.0,0.18193967482096135
1130.0,0.18090594649827665
1137.0,0.20037782640181143
1146.0,0.16136514921908623
1160.0,0.16101180155929617
1169.0,0.19928161572516995
1175.0,0.22095284494155884
1183.0,0.20706587341455843
1187.0,0.22900124976043898
1196.0,0.19617326627028625
1203.0,0.23738572718073095
1212.0,0.18167981991476354
1220.0,0.20832149821351836
1228.0,0.1428198534528212
1240.0,0.17067380306801733
1249.0,0.2293041041572472
1256.0,0.19404637140027406
1263.0,0.1975045782000168
1270.0,0.23197993818207038
1277.0,0.16897961494396685
1284.0,0.20917133935167373
1292.0,0.20197708364685601
1300.0,0.22396674228849034
1306.0,0.19594013918599376
1314.0,0.21435104124261062
1318.0,0.22043321894855358
1324.0,0.20590496207802494
1335.0,0.1655951981312003
1346.0,0.1640964994541422
1354.0,0.16963352845880839
1366.0,0.16788317441809336
1372.0,0.18931600475409108
1381.0,0.14288783667233385
1389.0,0.22845527211554723
1396.0,0.20447169168588952
1403.0,0.21636718362388255
1411.0,0.21666062205440864
1420.0,0.1621469433420493
1426.0,0.2275657000196589
1437.0,0.1852231504532129
1451.0,0.16184685297988172
1460.0,0.20504636928591854
1469.0,0.19884036735709315
1473.0,0.17313551654963186
1481.0,0.22480464572065462
1488.0,0.19502494547926683
1499.0,0.18645490975711834
1505.0,0.17410399403861235
1511.0,0.19329993092393205
1517.0,0.19485369216134846
1524.0,0.17666406357545072
1532.0,0.24828775923744398
1542.0,0.21695840464108962
1551.0,0.20408681230720166
1556.0,0.19957964750586618
1564.0,0.1751913148747492
1574.0,0.1862123717837652
1582.0,0.18130479801017577
1592.0,0.1708319818107337
1604.0,0.20884265721872491
1611.0,0.22911946979486203
1620.0,0.13433128202710753
1629.0,0.1780092389991115
1635.0,0.17582109569865423
1643.0,0.2301487808752272
1649.0,0.21211620981110071
2094.0,0.17036057289136403
2101.0,0.20246668386765396
2107.0,0.19443279179788833
2114.0,0.2279710839379152
2125.0,0.22376780754988132
2133.0,0.22151305874951294
2144.0,0.20620873792135055
2151.0,0.22090145363355132
2158.0,0.23417708976641577
2167.0,0.23383524836706274
2174.0,0.12992320794578374
2183.0,0.22493083769452843
2191.0,0.2266017092376145
2198.0,0.24109668735789125
2206.0,0.1939794507914924
2214.0,0.18131706009510165
2222.0,0.19531629194333933
2228.0,0.23053646633092056
2239.0,0.18515072196366428
2246.0,0.1754078421653013
2253.0,0.13818946606826513
2262.0,0.15151590747022792
2269.0,0.16306751301356132
2276.0,0.21317204479817625
2282.0,0.16788493475246105
2289.0,0.18399114327879526
2296.0,0.21052015335303065
2303.0,0.22901496381377767
2311.0,0.2299405421731191
2318.0,0.19010217821814554
2324.0,0.22151285691693012
2334.0,0.22223166255254578
2343.0,0.16232115068889572
2351.0,0.19448216123350184
2358.0,0.18698175170210518
2367.0,0.2218886693131071
2374.0,0.21688179947671823
2383.0,0.16036926502682328
2394.0,0.2800897864192116
2402.0,0.189896216062604
2416.0,0.21645072510050564
2428.0,0.13459931730530042
2435.0,0.21722885093519298
2443.0,0.1834726868993579
2447.0,0.22949296874779465
2454.0,0.20862190698287683
2463.0,0.2031849276420357
2470.0,0.1616406991754596
2480.0,0.20440937089828173
2488.0,0.18641743969921998
2493.0,0.21256640535726326
2502.0,0.21611052132903752
2509.0,0.20485539539695505
2518.0,0.20891151653117074
2525.0,0.19970104161111324
2536.0,0.2123149521307279
2545.0,0.18695231335004076
2554.0,0.14585281108840034
2563.0,0.20010203183403447
2575.0,0.21018448291768665
2583.0,0.15443157428958537
2589.0,0.16929497729990506
2596.0,0.21603124189550083
2608.0,0.2078638909479071
2619.0,0.23054445976664587
2626.0,0.19033249149446113
2633.0,0.23554145850449193
2639.0,0.26035754552619206
2646.0,0.1755725945253269
2654.0,0.17726612724496907
2661.0,0.2208055254006826
2668.0,0.183594158621547
2676.0,0.2180876523414854
2686.0,0.252721819512642
2695.0,0.18976394808318203
2703.0,0.15875780050779084
2717.0,0.2176738110703827
2725.0,0.2545908941330234
2733.0,0.19759070380598306
2737.0,0.21442652835638493
2746.0,0.14287385936499847
2755.0,0.19737441941765535
2767.0,0.20150926783014847
2776.0,0.20522967578985463
2782.0,0.24877806115620366
2791.0,0.23900852678798967
2798.0,0.19483983196457466
2804.0,0.2181778516992564
2812.0,0.23527258249402794
2821.0,0.20648242703749037
2826.0,0.18625176756137493
2834.0,0.19536423243662435
2841.0,0.17842777950822608
2846.0,0.2182056248043866
2853.0,0.2197153860680748
2861.0,0.1856369197617982
2870.0,0.23110574635138603
2879.0,0.22974546869236093
2886.0,0.18765731522513515
2894.0,0.21027063301524945
2900.0,0.18701097187496737
2909.0,0.23049600554635175
2914.0,0.18271529773268036
2923.0,0.15197470023959253
2927.0,0.19116312596434284
2936.0,0.20883429083917066
2943.0,0.240230445454723
2954.0,0.14878367452067925
2963.0,0.17054316249372864
2970.0,0.20208753569775076
2979.0,0.23557844563185956
2986.0,0.19483190105070422
2998.0,0.20575566126483194
3005.0,0.22946433606936106
3013.0,0.1809974150762833
3020.0,0.17049418181423656
3027.0,0.16212359409795637
3033.0,0.2267769105925127
3044.0,0.22950345063403885
3053.0,0.23445717042720168
3062.0,0.23344514679465683
3070.0,0.2090316671613293
3077.0,0.22409342052948356
3086.0,0.22344804605100807
3094.0,0.2142131303299617
3103.0,0.2117436596824692
3110.0,0.1679266939516448
3116.0,0.19372966519309193
3124.0,0.20281005871028063
3131.0,0.19975871074830256
3137.0,0.14090902001070998
3145.0,0.22709803321059344
3152.0,0.19004201472470555
3161.0,0.17581042113978707
3165.0,0.18041577899346306
3176.0,0.2412798626876219
3188.0,0.23573684809319764
3195.0,0.23367523023467446
3201.0,0.21300381684569203
3209.0,0.2151835433927698
3217.0,0.155360601696503
3222.0,0.20815642553433408
3229.0,0.16465853359759122
3238.0,0.20051792621867603
3252.0,0.16717249944704982
3261.0,0.1972543703237329
3267.0,0.23103830783730575
3275.0,0.22747024902998778
3279.0,0.2150701321151572
3288.0,0.20475837794384666
3295.0,0.20885496132726009
3304.0,0.17418586929161972
3312.0,0.22544537295022182
3320.0,0.20615645860500997
3332.0,0.2484948370072375
3341.0,0.18857359942726773
3348.0,0.23745201697914503
3355.0,0.1802092791038818
3362.0,0.22769600080355207
3369.0,0.16674748338759407
3376.0,0.1138297312783068
3384.0,0.18111169088884022
3392.0,0.20309232479067688
3398.0,0.20094888453437076
3406.0,0.20338660305107048
3410.0,0.22392948017234943
3416.0,0.24960393107703674
3427.0,0.21126274683863966
3438.0,0.19259850710673476
3446.0,0.18720180312175222
3458.0,0.1782126196153929
3464.0,0.16732779789816105
3473.0,0.16614454967062003
3481.0,0.17767209193653147
3488.0,0.20967831050462196
3495.0,0.21081246002635484
3503.0,0.19909363030704338
3512.0,0.15921101985396086
3518.0,0.22428742354831055
3529.0,0.22817949709310034
3543.0,0.16605434624585078
3552.0,0.20674188354841183
3561.0,0.17058300193335243
3565.0,0.17192471009639532
3573.0,0.222237855240078
3580.0,0.23280552277480632
3591.0,0.17630462922047033
3597.0,0.1789602350404243
3603.0,0.25513487729732204
3609.0,0.21338741291928062
3616.0,0.19075938854561636
3624.0,0.23800588561581762
3634.0,0.1752642643931528
3643.0,0.2315798419445148
3648.0,0.23888990867547086
3656.0,0.22366913434529567
3666.0,0.2220239170910361
3674.0,0.22789788330188163
3684.0,0.2046345875011469
3696.0,0.2053233697168545
3703.0,0.2290558219256545
3712.0,0.13744473040281374
3721.0,0.1963682876449066
3727.0,0.2127444006301662
3735.0,0.22819309686025963
3741.0,0.18920829595201308
