,4
2.0,0.1725781177764779
7.0,0.2012428475116865
15.0,0.17185151292103545
24.0,0.1916294335331518
33.0,0.15211581674151714
41.0,0.14855056651850648
50.0,0.18346943108476502
61.0,0.16350824783131107
69.0,0.21107488275528846
76.0,0.1849714859920684
83.0,0.1979738840967844
91.0,0.19725243156904637
99.0,0.15678299042421528
110.0,0.19379519102950243
116.0,0.15923823053810507
123.0,0.1813221608424121
131.0,0.18207543366595347
142.0,0.20786419625378422
153.0,0.20959215267844608
161.0,0.1641644944567388
168.0,0.19717298982405718
179.0,0.19398602098418102
187.0,0.2083552990977938
195.0,0.1931735616301634
203.0,0.19328928563163814
212.0,0.2114008622079128
221.0,0.18946153520822528
229.0,0.20726684617465999
233.0,0.16476859074660216
244.0,0.2053675833243285
252.0,0.17057319712216587
260.0,0.1619471926219476
267.0,0.19441522875459732
276.0,0.17335300906785744
285.0,0.17665550635671298
290.0,0.17734342641777417
299.0,0.1785631949130062
307.0,0.15844896201351236
311.0,0.14367768357629837
318.0,0.1636631363470292
326.0,0.1665602515324793
331.0,0.19412215054590387
339.0,0.16353437376375848
347.0,0.16667609381493834
356.0,0.19624684029433154
364.0,0.18850392230512003
373.0,0.2034266139272087
378.0,0.22777649603118735
382.0,0.21172460558330863
386.0,0.21319410477140144
398.0,0.1976667244145835
402.0,0.1853946602353302
413.0,0.18182612696963923
420.0,0.19755883065371424
428.0,0.17639242723937798
434.0,0.158648463482667
442.0,0.20450074805737106
456.0,0.17058165280896123
464.0,0.15943944038375285
472.0,0.13154802844269536
479.0,0.12936084782261575
487.0,0.1951212959451135
495.0,0.15857462935310013
503.0,0.20497278235534797
507.0,0.12807276328609712
515.0,0.17395077975779846
524.0,0.10663750376898497
532.0,0.10373830453876315
540.0,0.20361240722045956
549.0,0.16057799399646006
556.0,0.20917086998181536
564.0,0.18322740062148404
575.0,0.17074436236314844
580.0,0.16379316108795394
588.0,0.2190544364476229
592.0,0.20146922847052798
597.0,0.1949947676738712
605.0,0.22577045746109334
611.0,0.19282065244479132
616.0,0.19217555165354447
624.0,0.1411228945580566
631.0,0.1812227920287836
638.0,0.2063619360533125
646.0,0.15165715960503948
654.0,0.17201942161341147
661.0,0.13813723115169926
668.0,0.20302139124643642
673.0,0.16853875982343286
682.0,0.200672945586099
687.0,0.2034088051710692
696.0,0.1301446872998452
705.0,0.19762755677947352
714.0,0.18645638860456168
722.0,0.2025322647598195
730.0,0.16653603750001345
738.0,0.20037543747790162
743.0,0.17646293885086198
748.0,0.19465425708860526
753.0,0.18175452393347105
762.0,0.210223067579834
767.0,0.17846618851273538
771.0,0.169412566573147
776.0,0.19784594732691668
782.0,0.06957614030913033
786.0,0.20685349796847027
798.0,0.1870452377631591
805.0,0.1891743884657092
812.0,0.2204750052940173
821.0,0.1682618406567702
828.0,0.20785816696498102
839.0,0.17130079365755446
846.0,0.19425854567089698
851.0,0.17739666903733217
856.0,0.2113562667792028
863.0,0.14316622803296017
871.0,0.1828486425939683
880.0,0.2216180687769699
889.0,0.19748987757386482
898.0,0.22191681608631703
906.0,0.2017057176776379
914.0,0.20923658184824795
923.0,0.19524541852771693
931.0,0.18860044838770265
942.0,0.14651401826672086
951.0,0.18622870523899626
960.0,0.2030572298687315
968.0,0.18816680007615977
972.0,0.2362200389541089
