,8
0,0.1588375812267978
1,0.1740218780596659
2,0.14452469308882313
3,0.13987188633031936
4,0.1532568491292122
5,0.15354649010381208
6,0.16130905954475783
7,0.17223029737266685
8,0.14927256031640043
9,0.16912651117285465
10,0.1724923204314466
11,0.1616373489310192
12,0.1528157660251701
13,0.16099106079820802
14,0.16585945038154906
15,0.17845047610366463
16,0.15238281970029363
17,0.16560098711208576
18,0.16113270368906316
19,0.1584809975990123
20,0.14624042820680672
21,0.14392644101781438
22,0.1601189006083618
23,0.16388851903190146
24,0.15494760759527954
25,0.16238662070041976
26,0.1789341636327971
27,0.14073579665393765
28,0.15153165325732285
29,0.15274426937340319
30,0.1555410062755825
31,0.1631219672215741
32,0.15942778629054372
33,0.17948097683731137
34,0.16122451960458214
35,0.14868578211845096
36,0.1396341126156762
37,0.15045535599572107
38,0.1420077861243984
39,0.15168971354389793
40,0.15649542155642074
41,0.1749438238381996
42,0.16050243290769975
43,0.17147851050586543
44,0.17203758991958507
45,0.15330064324357395
46,0.17945178334405582
47,0.15924783659016187
48,0.17210383614132438
49,0.15937292311900447
50,0.17242645683517802
51,0.15807777553519822
52,0.1816675908442964
53,0.15094585720911222
54,0.14847702318879896
55,0.15512025554122144
56,0.1504975424716161
57,0.16292383900200538
58,0.16423321745532385
59,0.14924770741806265
60,0.14324635322929774
61,0.15438740178375934
62,0.16443098152021016
63,0.14560225533819646
64,0.14992250349369773
65,0.14362251645916876
66,0.17251233480968778
67,0.18222651000454845
