,5
981.0,0.1685926474321266
986.0,0.18594254774771382
997.0,0.2051286771256585
1008.0,0.19802469345065488
1016.0,0.19895790280358536
1024.0,0.18234424574845598
1032.0,0.19941512393905847
1038.0,0.17596571280692594
1049.0,0.17748592507156757
1057.0,0.18344606397051832
1066.0,0.19755487357837412
1071.0,0.21687794015785328
1075.0,0.20927802649890437
1084.0,0.1599178742239736
1091.0,0.1851011124619499
1099.0,0.18507271613649373
1107.0,0.19248259029651182
1115.0,0.18672963146843483
1124.0,0.18610831779007578
1133.0,0.15308486585849446
1142.0,0.2016610363676362
1150.0,0.16489386664355044
1154.0,0.17678448398872662
1164.0,0.1760965457598517
1172.0,0.17787494900368248
1179.0,0.20104930283221203
1186.0,0.20751047769646414
1194.0,0.17796458581206878
1201.0,0.21911304959010572
1209.0,0.1898543371173481
1216.0,0.18052117994162228
1223.0,0.1987225613294364
1232.0,0.17386731951053372
1236.0,0.18453097687861847
1241.0,0.19632985635455666
1249.0,0.1798678421097764
1255.0,0.18817877207308928
1263.0,0.1936362477249047
1269.0,0.18880971943313193
1274.0,0.17757868338312383
1282.0,0.20050761976200587
1290.0,0.1887197895660334
1297.0,0.19127475075012407
1301.0,0.191802727859255
1309.0,0.17622388330689087
1317.0,0.18788625693449046
1322.0,0.20723386785153494
1331.0,0.20283569908363033
1339.0,0.1758331818292227
1347.0,0.2095572269473028
1355.0,0.17200519866239125
1362.0,0.16739824547035023
1367.0,0.18615132934907777
1374.0,0.19459705377378814
1382.0,0.2011563173851415
1388.0,0.16565061330604472
1399.0,0.17318769919241273
1406.0,0.19493207489990516
1414.0,0.18475890640546327
1423.0,0.20053060732329672
1428.0,0.18560923949670385
1436.0,0.1951755414420748
1445.0,0.19529164685411107
1453.0,0.15191616160260663
1460.0,0.20435276146704567
1471.0,0.1829499525341451
1480.0,0.1859257706357149
1487.0,0.20516657095117674
