,8
0,0.16879564206477846
1,0.16492122552329627
2,0.1614782539268439
3,0.16416101752998855
4,0.13851897566328228
5,0.1399519634805121
6,0.13676528809981753
7,0.15098593412385855
8,0.14186180374866925
9,0.15407102523362237
10,0.14826224956046039
11,0.1600934487565948
12,0.1807047755182669
13,0.16259272131658498
14,0.16202735620328365
15,0.15525580409258186
16,0.15519607160589827
17,0.1716570152648902
18,0.16050349296705388
19,0.14434940710093366
20,0.16528731262325272
21,0.1781738652016495
22,0.1527196736574086
23,0.14140176131879117
24,0.17628189358273488
25,0.159195282264007
26,0.16962327789566387
27,0.14699656889972276
28,0.160955237798445
29,0.17010107433415625
30,0.156174252147676
31,0.16185242110096976
32,0.14179443109548442
33,0.14992092869955131
34,0.147697236683871
35,0.14180755830381156
36,0.14213197087079624
37,0.1427879747652445
38,0.17015196557732987
39,0.16257523428436618
40,0.15352294292706775
41,0.16438632367208195
42,0.15684047156462316
43,0.15967199421789424
44,0.17381459351440143
45,0.18710684951396767
46,0.1741877406210239
47,0.15731441649497382
48,0.17583435603084158
49,0.16488950688131268
50,0.13939464764623868
51,0.1513614041729757
52,0.1411481728423225
53,0.14529852732677243
54,0.15736847361898898
55,0.1530943710174986
56,0.15180331109233425
57,0.12671058069308327
58,0.15274350179914725
59,0.15808364233641584
60,0.17607674130040699
61,0.16455766388350443
62,0.17578990963389896
63,0.14685209139558905
64,0.15918925352347452
65,0.15181304179825078
66,0.14821184908921206
67,0.14858135729179497
68,0.1760133798745801
69,0.1468903229312353
70,0.159597330391404
71,0.16898954207089228
72,0.12954061574197293
73,0.15750962976720637
74,0.14534169598362515
75,0.17062085120514295
76,0.15658099251661545
77,0.17168212892040852
78,0.15158180510953703
79,0.1482026489284019
80,0.16622170866634065
81,0.1613384759567133
82,0.1505069793509332
83,0.15224695530552126
84,0.15588866478655558
85,0.15770357293710208
86,0.16781560803745169
87,0.1617659635594453
88,0.1460063303974202
89,0.16058785843922008
90,0.15049320060283647
91,0.15442927423796848
92,0.16897825121129417
93,0.16885677402866314
94,0.1760253678495999
95,0.17723622822542517
96,0.17061185836122117
97,0.15783632581652768
98,0.18707843942080826
99,0.19674281046613937
100,0.15952295162683272
101,0.16446208840851748
102,0.19012833582573427
103,0.16779758613287546
104,0.1702885802601326
105,0.15535613054640657
106,0.1441169142674618
107,0.15658604053756628
108,0.18199985515291017
109,0.18208283714171944
110,0.14239996417081374
111,0.17285519635204233
112,0.17448337774990683
113,0.15243966035965414
114,0.15814130979659496
115,0.16277604333876608
116,0.17769396226945605
117,0.16685194207394727
118,0.1579827149232558
119,0.17941287224498284
120,0.20347121490974446
121,0.16100562952483227
122,0.1693395444609905
123,0.16931509566428482
124,0.16833499542985686
125,0.17041215561909032
126,0.1810218515670043
127,0.1632145792586083
