,4
981.0,0.1512421518156279
986.0,0.15856184242556365
997.0,0.21311404670342535
1008.0,0.22233342287501073
1016.0,0.19470948458206735
1024.0,0.18724894783887866
1032.0,0.15761422717927975
1038.0,0.17089827471399957
1049.0,0.1986213067311225
1057.0,0.1536355866712458
1066.0,0.17326049819088174
1071.0,0.15312370613887683
1075.0,0.18204350134269917
1084.0,0.19106700450281539
1091.0,0.19602694555136235
1099.0,0.10942913355273493
1107.0,0.18451743713475544
1115.0,0.10528208071656239
1124.0,0.22103101298851613
1133.0,0.20594247583180036
1142.0,0.20065384007965217
1150.0,0.19623952637304237
1154.0,0.17434952142180007
1164.0,0.20650856648634525
1172.0,0.16617103412624995
1179.0,0.2023320560047377
1186.0,0.15110185502672177
1194.0,0.17613078683375938
1201.0,0.16378788199732489
1209.0,0.18113039927313837
1216.0,0.15532254686517805
1223.0,0.18010455958654065
1232.0,0.20322885433447205
1236.0,0.22987537363331118
1241.0,0.1999349987616268
1249.0,0.16432447184746854
1255.0,0.180917362297572
1263.0,0.19394151193556167
1269.0,0.19570961077138047
1274.0,0.2088161924698482
1282.0,0.1545100227951982
1290.0,0.21893829734315606
1297.0,0.16114717809870388
1301.0,0.22557802499535676
1309.0,0.18014723763233453
1317.0,0.19448186381845112
1322.0,0.1655259690368249
1331.0,0.2101908234368471
1339.0,0.19278712994176664
1347.0,0.1885337712397032
1355.0,0.21606656077445646
1362.0,0.2025276453781098
1367.0,0.2041709322147765
1374.0,0.21652321119991125
1382.0,0.1958885422945977
1388.0,0.17533389948817457
1399.0,0.17453568855890875
1406.0,0.17773793385390937
1414.0,0.19043489129143665
1423.0,0.21441418532567752
1428.0,0.20036937067941035
1436.0,0.19805478731106918
1445.0,0.1943149019959636
1453.0,0.17494220816766173
1460.0,0.202921853266045
1471.0,0.16260409753645644
1480.0,0.1528490469643807
1487.0,0.20532425183422123
