,5
2.0,0.1999731999957073
9.0,0.21074422891683356
16.0,0.17708762938973313
20.0,0.1923796314176567
24.0,0.18446540936853978
31.0,0.19528193668259386
40.0,0.21464438591212529
45.0,0.1802942450375408
54.0,0.223408806917103
65.0,0.20164699996633556
73.0,0.21528038713206066
79.0,0.1955163284328747
93.0,0.1696942467150918
100.0,0.18601638002537121
106.0,0.21033652679790474
115.0,0.18313353813265432
123.0,0.19261444374296038
129.0,0.2054354564261009
137.0,0.19333389807708531
146.0,0.19087744307776947
158.0,0.18623571770918804
169.0,0.2025804711791106
175.0,0.17269292551346135
179.0,0.22070525958482642
185.0,0.21358923887333278
191.0,0.19910387731647003
205.0,0.1908876758985613
210.0,0.1603778632186552
220.0,0.1958235512434214
227.0,0.19516073059596709
233.0,0.23409474129316418
237.0,0.1923434576479103
241.0,0.20252395559369177
248.0,0.19480087670492174
256.0,0.17654440623877088
264.0,0.18263238208903718
275.0,0.21124651140909861
284.0,0.18649100339754954
292.0,0.1843399985202203
306.0,0.18509525595054616
313.0,0.18278423977290087
321.0,0.17779160287292076
328.0,0.20333441756623713
333.0,0.18676631803171784
338.0,0.1856841775316752
348.0,0.18979731953284804
354.0,0.16651793311455496
361.0,0.2128445377218636
369.0,0.1493495178978097
380.0,0.17962809427015403
389.0,0.19508271198372448
397.0,0.1749448546952373
404.0,0.19456578617050016
415.0,0.20078149021005545
426.0,0.19689423953633975
433.0,0.20189992195486423
440.0,0.1796525247680516
447.0,0.18060305554578532
451.0,0.19554142561277824
460.0,0.1950928065789817
470.0,0.19131697121795008
478.0,0.17492992138647612
486.0,0.18587442649407934
494.0,0.2205065039067945
503.0,0.194281746470164
511.0,0.20028833809332502
519.0,0.13802208611571068
523.0,0.20460989441811622
530.0,0.1963633633565183
539.0,0.16175765909305306
548.0,0.17458048889409483
560.0,0.15836208634275753
567.0,0.15913494580618553
571.0,0.19744498539731745
578.0,0.21242591675316552
587.0,0.17333061485650247
596.0,0.19982719626774356
604.0,0.19298330619963047
611.0,0.19892191039403584
618.0,0.19215387802146394
628.0,0.17329814195693466
635.0,0.17603173409530556
647.0,0.17961986113721176
661.0,0.1898225550871534
669.0,0.16679945510170616
676.0,0.20485419808609995
684.0,0.17976815082079659
692.0,0.18550502989444434
699.0,0.1792857486130775
704.0,0.1886622553652974
709.0,0.18765165307990375
713.0,0.2256129838922665
725.0,0.18817963834898135
733.0,0.18987819444393358
741.0,0.18187315711181795
746.0,0.17030357105178964
754.0,0.17359486081009026
762.0,0.2085517648142236
773.0,0.21271246502126526
781.0,0.19052307608681027
786.0,0.22245805800771992
795.0,0.19237573636812785
801.0,0.20803840915456454
808.0,0.20440241000394865
815.0,0.1977469026520105
823.0,0.17124691637062653
831.0,0.16586102114645632
837.0,0.18642782498171903
849.0,0.1710824635729109
856.0,0.18559166263097365
865.0,0.18283904192586561
873.0,0.20137870379816736
877.0,0.1883414857869409
884.0,0.19624016368164438
892.0,0.21328794309141003
899.0,0.1435322930254906
910.0,0.18577830375128568
915.0,0.20282572859722847
919.0,0.16496959845030773
926.0,0.17677550577482257
934.0,0.16705340819651418
942.0,0.1692669947114231
947.0,0.19841706913295934
955.0,0.19132341641580408
963.0,0.17472578166410324
969.0,0.19273741779903303
976.0,0.2007305132997321
982.0,0.18777416598117064
994.0,0.16574807421579746
1002.0,0.2041884132350487
1009.0,0.21058851855157237
1013.0,0.19149118619939837
1027.0,0.18841203658545877
1031.0,0.19514028059760113
1039.0,0.17636565344754326
1046.0,0.20076471567649581
1057.0,0.18487427214372876
1064.0,0.1899929273350911
1072.0,0.1992375008608224
1076.0,0.1498578392382743
1085.0,0.15677764137168254
1093.0,0.19411937850030828
1098.0,0.17400175721496283
1107.0,0.1905472342872945
1114.0,0.1944521017297792
1122.0,0.1841650135963836
1131.0,0.19074747317687354
1140.0,0.2089529927882549
1145.0,0.1923495341642022
1157.0,0.200578009123888
1165.0,0.1898630405466693
1172.0,0.19621074127921312
1179.0,0.1798994093487251
1186.0,0.1664299492626549
1194.0,0.18115293234423696
1206.0,0.16504073561013127
1211.0,0.18851312408913473
1219.0,0.1818508277203836
1225.0,0.17521315057390874
1231.0,0.18821184234122715
1237.0,0.19512408960170918
1243.0,0.16120846378876905
1249.0,0.17607705076214453
1261.0,0.1941192980579702
1275.0,0.20604935095527238
1279.0,0.2165457676830499
1285.0,0.17627011949775775
1292.0,0.19142374723503036
1299.0,0.1954326496201392
1308.0,0.18456096097377866
1316.0,0.2061517896496124
1322.0,0.1984937853744466
1330.0,0.1816429241159408
1337.0,0.17780579063975566
1343.0,0.20529424309134237
1348.0,0.20728438490424916
1352.0,0.17128430928318375
1356.0,0.17886128077674476
1364.0,0.1938386440973008
1368.0,0.186469536268604
1375.0,0.19572990192864617
1386.0,0.17825348993846404
1392.0,0.18504146098385443
1396.0,0.17717450197480022
1402.0,0.20141570889060428
1411.0,0.21280846835362274
1415.0,0.19005879060075836
1423.0,0.16697054821584725
1429.0,0.18109207596348673
1433.0,0.1748097650234706
1437.0,0.16671824689199669
1444.0,0.19050516494471043
1452.0,0.18414895072401738
1462.0,0.19176609211009163
1468.0,0.16947240449481396
1476.0,0.1771019768270872
1483.0,0.18914599563511036
1491.0,0.19255013446068486
1495.0,0.18338855264527926
1504.0,0.17327416601122841
1516.0,0.2073183156550068
1521.0,0.20154061808773077
1528.0,0.17511795546710696
1538.0,0.17611386294988093
1542.0,0.18973490022504308
1549.0,0.1806237326918912
1556.0,0.21813430787161722
1562.0,0.19516308379985692
1573.0,0.15989097094314825
1580.0,0.16717602679535468
1586.0,0.16466467711804217
1597.0,0.18161140240294693
1605.0,0.21969799672300785
1609.0,0.1959553378845764
1615.0,0.22823798439678183
1623.0,0.15739781725869184
1630.0,0.19590839412635366
1637.0,0.1893953795283966
1648.0,0.2085649930402009
1657.0,0.17665730866582954
1664.0,0.17739499122504326
1671.0,0.18946824225173595
1678.0,0.20626527863277797
1689.0,0.18892365858461002
1696.0,0.18697581911157057
1707.0,0.20219534883287196
1714.0,0.1927858038111904
1720.0,0.1526640026171515
1725.0,0.16770307216691935
1737.0,0.19122472171966112
1745.0,0.21430831203776857
1751.0,0.16943032570670374
1765.0,0.1906556067572206
1773.0,0.18761139114906542
1781.0,0.19278208173952932
1789.0,0.19213648685912196
1796.0,0.1681134422646863
1804.0,0.18451242439524368
1809.0,0.17269314731889077
1815.0,0.18105893629860598
