,4
2.0,0.2027345745097359
9.0,0.19534059995340716
16.0,0.2039245905517553
20.0,0.2000693109287151
24.0,0.2244147663768387
31.0,0.18149266902140265
40.0,0.18425515584472008
45.0,0.20832393886216202
54.0,0.1914898714307317
65.0,0.2156068396087885
73.0,0.2491964204716832
79.0,0.1918179035425464
93.0,0.161422845196098
100.0,0.18165821844417251
106.0,0.1873477605164282
115.0,0.1904033180506015
123.0,0.1831639511647103
129.0,0.16371596358376803
137.0,0.16603616040902688
146.0,0.20495898217598896
158.0,0.14791295071404542
169.0,0.19915161019639424
175.0,0.17989560629640913
179.0,0.2241668694442798
185.0,0.19050433647281184
191.0,0.21824012258712572
205.0,0.17640244905202584
210.0,0.18402168753705497
220.0,0.20946659129277725
227.0,0.2034245122657706
233.0,0.20549819844798792
237.0,0.18216552642844386
241.0,0.151919809611124
248.0,0.2131964665165506
256.0,0.22261145457310924
264.0,0.1686237449028609
275.0,0.15231325640971463
284.0,0.21181011186586274
292.0,0.19671256675394805
306.0,0.20977153204397342
313.0,0.16628570915428972
321.0,0.20819540506776596
328.0,0.14050460309152554
333.0,0.19257028504626084
338.0,0.2075444540648855
348.0,0.18052430326298083
354.0,0.17621206985197943
361.0,0.18833836309846344
369.0,0.14311558365435365
380.0,0.163594643801993
389.0,0.19757504661070324
397.0,0.15622553478750226
404.0,0.21527596286579878
415.0,0.19370142030748558
426.0,0.16214711130674164
433.0,0.17972493586145027
440.0,0.18371091639085008
447.0,0.21695252337988896
451.0,0.18798961033101216
460.0,0.1705076588572516
470.0,0.16421573256397567
478.0,0.20844395770210306
486.0,0.19315454118405834
494.0,0.1637734441147694
503.0,0.1820627208441966
511.0,0.17743947175830715
519.0,0.17811752051693222
523.0,0.20743119027029394
530.0,0.11570712794035422
539.0,0.1201984666231392
548.0,0.17150687917160695
560.0,0.18953169875083628
567.0,0.18091797725991657
571.0,0.22156515479651015
578.0,0.1844832234985103
587.0,0.199129178755431
596.0,0.20648444273202327
604.0,0.22001052135598806
611.0,0.21866662545682178
618.0,0.1985816546344738
628.0,0.16738790062409062
635.0,0.20309202787724787
647.0,0.20918143859791027
661.0,0.2042307511408624
669.0,0.21095419178466576
676.0,0.21915291365692827
684.0,0.17444176355370625
692.0,0.20061736033646546
699.0,0.2437630915044295
704.0,0.17669306358167086
709.0,0.2058439607754736
713.0,0.1807877994689718
725.0,0.18544833705293834
733.0,0.18538042156243897
741.0,0.20549083509068386
746.0,0.1744786136249081
754.0,0.20292447832335095
762.0,0.18567576226730026
773.0,0.19613644242881584
781.0,0.1926798683394368
786.0,0.19594027933825575
795.0,0.16316485385763227
801.0,0.1765265853771289
808.0,0.1903983371778866
815.0,0.19968124234199472
823.0,0.21998555956952404
831.0,0.20733417230337434
837.0,0.21205137511452987
849.0,0.1819991802744351
856.0,0.19199888748468605
865.0,0.18399117957734337
873.0,0.22475380466173756
877.0,0.19822882799685998
884.0,0.19204732267785082
892.0,0.17582450685524867
899.0,0.1730502973349203
910.0,0.19690602366521864
915.0,0.17023451853423768
919.0,0.15653441073099114
926.0,0.1635902117282298
934.0,0.18218957903716934
942.0,0.17835295295690984
947.0,0.20953043793332682
955.0,0.1871748505320618
963.0,0.20373701760815777
969.0,0.2074734105824995
976.0,0.19444358706488132
982.0,0.17597421179691267
994.0,0.14458865126767637
1002.0,0.17998598952204797
1009.0,0.17333698401055972
1013.0,0.17472162486713763
1027.0,0.19988301236316422
1031.0,0.1809861404626496
1039.0,0.2225758731009117
1046.0,0.1637646014074379
1057.0,0.17287589720910373
1064.0,0.19161831515071084
1072.0,0.22598414701758482
1076.0,0.18623393801403582
1085.0,0.17480759006550664
1093.0,0.20835228588264662
1098.0,0.17760335740133568
1107.0,0.18247347555528226
1114.0,0.238554957379322
1122.0,0.1774722191168214
1131.0,0.1996191812934633
1140.0,0.1470455347530492
1145.0,0.19163528873016286
1157.0,0.21300577966093515
1165.0,0.17990206947307108
1172.0,0.19188761252568817
1179.0,0.19092329021556023
1186.0,0.17641412719014746
1194.0,0.16917381761963945
1206.0,0.20952796917297425
1211.0,0.14862472209896516
1219.0,0.17408189810700936
1225.0,0.20759218287736547
1231.0,0.18077560286384142
1237.0,0.20143129256015593
1243.0,0.2182975709876666
1249.0,0.20467350899995634
1261.0,0.18558932343058743
1275.0,0.18218876230902284
1279.0,0.23619775289447767
1285.0,0.22051525139858072
1292.0,0.15928616261896822
1299.0,0.20185130206540358
1308.0,0.2020416316762545
1316.0,0.17431638809584993
1322.0,0.17023820999337774
1330.0,0.1600633229027793
1337.0,0.19638273513491894
1343.0,0.18291448180811506
1348.0,0.1941677737177171
1352.0,0.16588043895261104
1356.0,0.18238576552947905
1364.0,0.13846682291942125
1368.0,0.21869545964752002
1375.0,0.14008638951839625
1386.0,0.2004974437101418
1392.0,0.20899436541800742
1396.0,0.20321575349809406
1402.0,0.21010652230407872
1411.0,0.17526289803128664
1415.0,0.19491532761348332
1423.0,0.18167635769139412
1429.0,0.19860153745550874
1433.0,0.17523424576412272
1437.0,0.20047494456112164
1444.0,0.18787945206700693
1452.0,0.18615493479520387
1462.0,0.25356172410590727
1468.0,0.06139399817467751
1476.0,0.15806906102379475
1483.0,0.19755931250840705
1491.0,0.1976398373915859
1495.0,0.19315713793428982
1504.0,0.145398629239931
1516.0,0.15099448024139553
1521.0,0.20663929182369972
1528.0,0.1904786129322466
1538.0,0.1860394594676134
1542.0,0.18497487696849177
1549.0,0.1240097665874035
1556.0,0.18264725107644636
1562.0,0.18717880607498313
1573.0,0.2010039208347404
1580.0,0.16015350211694032
1586.0,0.17339968224717436
1597.0,0.17794796390354814
1605.0,0.19816411699117822
1609.0,0.18924635839857482
1615.0,0.19194054595057355
1623.0,0.1698049265001912
1630.0,0.182072274416906
1637.0,0.16626843795722476
1648.0,0.16878222145740965
1657.0,0.18729362646664474
1664.0,0.20241090745772855
1671.0,0.18685465448123487
1678.0,0.136731739256779
1689.0,0.16179613636047963
1696.0,0.19793794968153103
1707.0,0.21343325515155717
1714.0,0.2401982832810387
1720.0,0.16886379734180698
1725.0,0.1966005031141784
1737.0,0.19481137886297234
1745.0,0.20043349837516322
1751.0,0.2162680522406866
1765.0,0.16493071116020408
1773.0,0.16384848796323345
1781.0,0.16704740212396219
1789.0,0.19148873862604363
1796.0,0.17605665378467447
1804.0,0.20095777539945028
1809.0,0.20528188142351828
1815.0,0.22274895665269878
