,5
1825.0,0.17644767333534472
1832.0,0.17862887563712024
1841.0,0.1937208717971398
1848.0,0.19738459634706837
1852.0,0.18441274141683708
1858.0,0.16630993491155865
1864.0,0.18542230837328386
1871.0,0.1727856235913626
1879.0,0.17616384102935587
1887.0,0.22718181167234344
1895.0,0.18790306988967148
1903.0,0.17975904203182416
1914.0,0.1784624053782711
1920.0,0.15745801264171894
1925.0,0.1760028049330643
1933.0,0.16559190185856196
1941.0,0.18730002746351768
1949.0,0.1921732348790112
1956.0,0.17303478553677687
1963.0,0.1792098430957771
1971.0,0.16627385160049146
1982.0,0.17372077679208828
1988.0,0.1891576018228706
1996.0,0.18270376181448
2005.0,0.18661799242115806
2013.0,0.16155314638300675
2020.0,0.19553260638216216
2028.0,0.18209904222034257
2034.0,0.17971318068665068
2041.0,0.16476536244143772
2045.0,0.17021713862604668
2053.0,0.19345255942790354
2062.0,0.19960100076983617
2071.0,0.19468972181752495
2077.0,0.19493958258056251
2083.0,0.1997669823024318
2092.0,0.18933008070661392
2096.0,0.17848589642581672
2102.0,0.20474633971796888
2108.0,0.16769230251594547
2112.0,0.18508168171704092
2120.0,0.18132449943019543
2125.0,0.19239374680346288
2131.0,0.19569814603246424
2142.0,0.16886744238514823
2149.0,0.20502013123727264
2156.0,0.1858265263147487
