,3
2.0,0.18686472094394682
11.0,0.24501877819786586
19.0,0.21250076731272938
28.0,0.14165618604728442
37.0,0.22681520225886279
44.0,0.18836523515619016
51.0,0.1800903641408881
59.0,0.18350518139604793
69.0,0.2301198507841428
77.0,0.16981914360700648
83.0,0.1856845182054101
97.0,0.11576598135504242
105.0,0.22199710841122497
111.0,0.2811391669173596
119.0,0.23841565440428877
125.0,0.2264548980268424
136.0,0.21193930738067104
143.0,0.13404744599347956
151.0,0.16303207582420023
157.0,0.16592850437471723
163.0,0.22260914031114598
172.0,0.27290762901881666
183.0,0.1873268133100246
191.0,0.21307408165210015
195.0,0.23603441005522682
203.0,0.23055363880599303
209.0,0.25659928029606227
214.0,0.21198693365447782
222.0,0.2437653065137111
229.0,0.18808793957298783
233.0,0.1303085792636705
239.0,0.17504782284518616
248.0,0.21117513500395516
259.0,0.20379449241358222
268.0,0.2381016414380466
276.0,0.27032504238559857
283.0,0.25417591630530256
294.0,0.222969624906988
305.0,0.22404183325878077
313.0,0.1902389123681743
320.0,0.2170319183616497
329.0,0.23310895390170994
338.0,0.22315996253941664
346.0,0.17072237949564906
353.0,0.20257756999658783
362.0,0.18320368763937084
371.0,0.21436146586762225
379.0,0.1838438138423957
388.0,0.22582001882931266
394.0,0.22940764788196932
400.0,0.24555755583454217
404.0,0.1978728459075408
412.0,0.15953176346726727
421.0,0.2784738687827341
429.0,0.1819657595031232
437.0,0.21284573569488033
448.0,0.2380065706568342
455.0,0.18586193124773356
466.0,0.1990841682298165
472.0,0.23390050849545707
479.0,0.16272320101337992
490.0,0.2001226662851353
494.0,0.2400202727744357
503.0,0.19991896580725707
511.0,0.18036458942832834
517.0,0.1914102892939415
526.0,0.2105319387027698
538.0,0.2028465384837225
549.0,0.22666144392993628
556.0,0.23731221553048173
563.0,0.19859579646501097
571.0,0.1791022518812787
579.0,0.22245515315603454
587.0,0.18135755369953008
595.0,0.19998890447184234
603.0,0.24119009342912923
615.0,0.18173731612268496
624.0,0.1849872994714326
633.0,0.20844675894643028
639.0,0.225681476006641
643.0,0.1726536448997911
651.0,0.20243612684842835
659.0,0.19592711115459543
666.0,0.20344614805689323
676.0,0.24240183796702974
686.0,0.21627025775824296
696.0,0.23523762734322107
703.0,0.15855215923961974
711.0,0.20134168086058063
716.0,0.21027698748310616
724.0,0.232762174973035
728.0,0.20720044434831517
732.0,0.2463608208505291
739.0,0.2286994094133236
746.0,0.208950012565438
754.0,0.23056479146705597
762.0,0.22572785080384725
767.0,0.23662264268453462
773.0,0.13693198347735344
779.0,0.20595685854957538
785.0,0.20089064060784811
794.0,0.1732996569262391
802.0,0.14455426284323988
810.0,0.20717970317772236
819.0,0.19371128783122415
828.0,0.14821825538524247
836.0,0.17336306730206055
843.0,0.16643263583761778
850.0,0.17687907083582752
856.0,0.15761739392081178
864.0,0.21109303320209732
873.0,0.15337946640901823
881.0,0.23937237243316378
893.0,0.1846600392745238
904.0,0.19825695708486799
913.0,0.16784291502964424
920.0,0.16532627520245843
928.0,0.22198081897298855
936.0,0.2247042825887635
946.0,0.18125067828683192
952.0,0.17822123531769066
964.0,0.250976634955413
968.0,0.264695429593728
972.0,0.18024464493866207
980.0,0.19324637808318232
984.0,0.17884540593185297
995.0,0.2187112682026983
1001.0,0.19187437659149592
1007.0,0.2105892989445889
1015.0,0.19968168837240846
1022.0,0.19321417829925142
1027.0,0.21745226989575583
1032.0,0.16339956977625011
1038.0,0.2253686670791766
1046.0,0.19992860490992703
1054.0,0.20516602210650697
1062.0,0.1569429775351312
1074.0,0.19344008128559037
1082.0,0.21682881060977885
1088.0,0.17459868012234933
1096.0,0.2290224168390346
1103.0,0.1628600565484046
1111.0,0.17822183873761113
1117.0,0.24891759830623314
1124.0,0.19745249524489145
1133.0,0.2047743724793389
1142.0,0.20087419308905524
1147.0,0.23458759376537897
1155.0,0.22961024907330707
1163.0,0.23482237630352365
1169.0,0.1560341157918248
1177.0,0.2197585492392785
1188.0,0.22803593171330516
1196.0,0.2066188427609625
1204.0,0.2356796711534432
1215.0,0.21230859755494003
1219.0,0.20534035738482687
1225.0,0.20140039220968756
1229.0,0.243874615029415
1234.0,0.20481423224446849
1242.0,0.20939483625109234
1251.0,0.2127968579417514
1258.0,0.2050340422096462
1266.0,0.15856838787482697
1275.0,0.2294427596566146
1284.0,0.1383602362283338
1296.0,0.20683429006588566
1304.0,0.16157302564590184
1316.0,0.2316484491080649
1324.0,0.21939542819250762
1334.0,0.2094077011631575
1343.0,0.17605011744936525
1354.0,0.23474216226373742
1365.0,0.21874855061381565
1373.0,0.21880817342929823
1382.0,0.19358664239695064
1390.0,0.18711105829874403
1395.0,0.22692678935309663
1400.0,0.24345252180835428
1410.0,0.16425232930784694
1418.0,0.16791930173318043
1424.0,0.185264810265205
1430.0,0.1923728426792143
