,4
2.0,0.18623102833962676
11.0,0.17337488769876208
19.0,0.22969209014194963
28.0,0.185090231709765
37.0,0.18288010442169875
44.0,0.21080341932748128
51.0,0.1812761231639203
59.0,0.20293806362736946
69.0,0.21611498013694574
77.0,0.18099648500882565
83.0,0.169349152682844
97.0,0.12885725152212582
105.0,0.20532804282931574
111.0,0.22652224969950857
119.0,0.20794463944870847
125.0,0.20036760151376642
136.0,0.23756482169763157
143.0,0.2108251572711713
151.0,0.15650445521613615
157.0,0.23058590616844019
163.0,0.1883421694811768
172.0,0.21762189311864666
183.0,0.1741017584664135
191.0,0.1713747140085874
195.0,0.18268015890390396
203.0,0.16869729570637132
209.0,0.19524498752917613
214.0,0.18861109718358776
222.0,0.22482809662784736
229.0,0.22796202096662888
233.0,0.22688212430201093
239.0,0.1737185816988992
248.0,0.21454710842807476
259.0,0.18352235163323177
268.0,0.21640047699398623
276.0,0.16556133248520621
283.0,0.1808590437217725
294.0,0.21622685347308165
305.0,0.1882631471032007
313.0,0.1985446582665999
320.0,0.1844008686443093
329.0,0.20594552718187312
338.0,0.2384403253336322
346.0,0.17821746752236514
353.0,0.20344523840482825
362.0,0.20944378139293554
371.0,0.17568963236692695
379.0,0.1910175667479239
388.0,0.21616088460166688
394.0,0.1838006532012215
400.0,0.1978425363765167
404.0,0.21014375175691596
412.0,0.1336521628335024
421.0,0.20851455010860295
429.0,0.19577344493399126
437.0,0.21708177149403218
448.0,0.15760288776217
455.0,0.16867280768271434
466.0,0.20529854384577387
472.0,0.1745403846690964
479.0,0.1764613966189476
490.0,0.22549322176227224
494.0,0.1643499053227971
503.0,0.20608991155048498
511.0,0.16963806396690362
517.0,0.19184608501123854
526.0,0.21095309743141935
538.0,0.24368060264629038
549.0,0.2194067777509425
556.0,0.17663963072908814
563.0,0.16892086687692748
571.0,0.18048904590697315
579.0,0.22734568428386492
587.0,0.19163483744789928
595.0,0.19987407892200057
603.0,0.21603559280910178
615.0,0.18534366962315937
624.0,0.22258239209043915
633.0,0.18083928278004366
639.0,0.23004653683809
643.0,0.2064493476446344
651.0,0.1899059471071897
659.0,0.18150284721497173
666.0,0.14184472363534575
676.0,0.19601281296629858
686.0,0.20249223219481535
696.0,0.22666260062948188
703.0,0.1556406620628701
711.0,0.17023752588405844
716.0,0.21421423520507618
724.0,0.19024018030741616
728.0,0.22372359839377165
732.0,0.22633890333741954
739.0,0.17464062451655274
746.0,0.17671264018230556
754.0,0.2379736502003939
762.0,0.19913857190737816
767.0,0.22463710634065953
773.0,0.16273682571864034
779.0,0.1605194988003717
785.0,0.19794375377146806
794.0,0.20990203485954823
802.0,0.18714061863944007
810.0,0.20647225410759404
819.0,0.22129568593084592
828.0,0.21115172367598425
836.0,0.221184022588801
843.0,0.18229461098163163
850.0,0.17508537399547763
856.0,0.2025561022263055
864.0,0.18640729799218125
873.0,0.19077808386842468
881.0,0.2112573346265431
893.0,0.20575287206199044
904.0,0.2116398406967609
913.0,0.130579235140607
920.0,0.1594713900141149
928.0,0.22239279238238072
936.0,0.19520849863521117
946.0,0.18850976213159298
952.0,0.16986972926997948
964.0,0.14677934239948923
968.0,0.1852287782292104
972.0,0.17995119482919333
980.0,0.20116334280069084
984.0,0.1566133603035003
995.0,0.19088495481122467
1001.0,0.15846131655799073
1007.0,0.1954323379569998
1015.0,0.22251843325512924
1022.0,0.16919431837143512
1027.0,0.1964593891911593
1032.0,0.1847327661584898
1038.0,0.1873875027446257
1046.0,0.19048793807952213
1054.0,0.17788444926175637
1062.0,0.21592736005760665
1074.0,0.21660628555344122
1082.0,0.20179498522317427
1088.0,0.22771976287122764
1096.0,0.1848032677967746
1103.0,0.20625122521645273
1111.0,0.1354480944912996
1117.0,0.2326498267032066
1124.0,0.19250447352469796
1133.0,0.22354640656006586
1142.0,0.19131700980436533
1147.0,0.20006835862121347
1155.0,0.19276664055320986
1163.0,0.205996333921412
1169.0,0.14756826657784972
1177.0,0.1799494536688916
1188.0,0.20805143157739403
1196.0,0.21876039149285373
1204.0,0.1587987473769186
1215.0,0.1587098943644302
1219.0,0.18848604645115996
1225.0,0.20828759095395447
1229.0,0.20682934194375718
1234.0,0.18593837054448442
1242.0,0.17270477988016078
1251.0,0.18207376119723917
1258.0,0.1506104592048605
1266.0,0.16586275671366738
1275.0,0.21576286154084026
1284.0,0.192644341395783
1296.0,0.20424197057681276
1304.0,0.22409362835199512
1316.0,0.19586060851828047
1324.0,0.1984509654392888
1334.0,0.19404622726876822
1343.0,0.1829451866625006
1354.0,0.19770121599683327
1365.0,0.16796596852135584
1373.0,0.20754113788899706
1382.0,0.2093891313047992
1390.0,0.18856893532195415
1395.0,0.20574000349672428
1400.0,0.19818491685021253
1410.0,0.17944107072968044
1418.0,0.18310207878816967
1424.0,0.227638176445111
1430.0,0.19537780802815746
