,4
1442.0,0.16592519551670776
1450.0,0.20103344223968872
1459.0,0.2124222434860892
1467.0,0.2102730868444128
1478.0,0.19831326535759647
1487.0,0.1534008712145647
1496.0,0.16269736367902524
1503.0,0.19018270417821279
1512.0,0.18943705670944294
1521.0,0.22183784834458461
1529.0,0.06192328897435659
1533.0,0.18637092028458732
1542.0,0.1768593607529352
1546.0,0.20519750332381653
1553.0,0.1678123859209408
1565.0,0.11526062425759169
1569.0,0.18192852803607834
1576.0,0.17715504233804075
1583.0,0.20245490806330707
1595.0,0.1837305372657995
1604.0,0.1637526112203488
1609.0,0.18934745344070855
1620.0,0.20699098060239088
1628.0,0.1726245998140348
1637.0,0.1851885278272954
1645.0,0.20853395586871765
1652.0,0.20272185433542889
1656.0,0.19568371931605708
1665.0,0.22271973740701537
1672.0,0.18983457396461287
1679.0,0.20825679306816025
1684.0,0.13707456324648962
1692.0,0.18699753971415095
1701.0,0.21539564460447136
1710.0,0.19626973277429358
1718.0,0.15285869503719102
1729.0,0.11737006602059767
1737.0,0.1860251304997476
1745.0,0.21982343830469353
1752.0,0.1837349711364591
1761.0,0.17747258543434408
1768.0,0.19372100113524027
1777.0,0.19829527394183238
1781.0,0.21740715030822846
1788.0,0.1578297887636854
1795.0,0.22409901731349877
1801.0,0.205754578659077
1808.0,0.22305364627272636
1813.0,0.20967088008580304
1821.0,0.20049111720638524
1832.0,0.19020905773815225
1841.0,0.2153049307958231
1849.0,0.19694451230281332
1855.0,0.20974442026108642
1863.0,0.22222204942848836
1871.0,0.19206192666289149
1880.0,0.14772653802975855
1889.0,0.20061830315770507
1897.0,0.2331427960429969
1905.0,0.20373835973960272
1915.0,0.2525179034598861
1922.0,0.2292402152971397
1930.0,0.20252515133204987
1938.0,0.2084039663084431
1945.0,0.1607478749134387
1954.0,0.20787726645714408
1962.0,0.1453380027873753
1970.0,0.2159631951693938
1978.0,0.19099594990688196
1985.0,0.20046375205988207
1993.0,0.22553712070669632
2003.0,0.18891823912360195
2010.0,0.1953698557115196
2019.0,0.2419532902308923
2027.0,0.1763422738848012
2036.0,0.17118925730992635
2044.0,0.22987631859686994
2056.0,0.19686854155029543
2064.0,0.2105287512882968
2071.0,0.21710283010217749
2082.0,0.2159596895660095
2091.0,0.20016490786981414
2102.0,0.19639168401747487
2110.0,0.15859711098718204
2120.0,0.19450558376942656
2129.0,0.22476006830822212
2137.0,0.19455096890514237
2145.0,0.1858160075074215
2154.0,0.20314551157349037
2163.0,0.17246118036291835
2174.0,0.1926482718384535
2182.0,0.19709010393442403
2190.0,0.2153721455976814
2195.0,0.20763827995976428
2201.0,0.1956560172916211
2206.0,0.14573993468232818
2214.0,0.20980430093261246
2221.0,0.2242556771807423
2225.0,0.15090945570015826
2233.0,0.1506772053137143
2240.0,0.1885951646511419
2248.0,0.2067354310033576
2255.0,0.19732907650729126
2263.0,0.2129423106846757
2271.0,0.19571522537529448
2280.0,0.1878240927714731
2286.0,0.20662813117073275
2298.0,0.21576566654609636
2306.0,0.21161165814776317
2317.0,0.2013158703133049
2326.0,0.19891314232049068
2334.0,0.1946911134611448
2342.0,0.2111577861284884
2351.0,0.20821007478176198
2355.0,0.17459788937285664
2363.0,0.21256771375202788
2368.0,0.19242430098770194
2379.0,0.17964495524336585
2385.0,0.20169003387460868
2395.0,0.21229507539210454
2401.0,0.19909847538506345
2411.0,0.20579452947086246
2422.0,0.20914444729365117
2429.0,0.1899006458935214
2437.0,0.16071489817764714
2447.0,0.17192606167566132
2458.0,0.17393374091170624
2466.0,0.15551854283499017
2474.0,0.11937112979886279
2483.0,0.14992152635092143
2490.0,0.1981513793469859
2499.0,0.1900000048462478
2507.0,0.1878702925374692
2515.0,0.20946192187962254
2523.0,0.1830543204545277
2531.0,0.20258029393757312
2539.0,0.19267632356975753
2546.0,0.19653780674142612
2555.0,0.16905595273129173
2559.0,0.167792725995414
2564.0,0.19394400609709544
2572.0,0.20804693633385327
2581.0,0.2513438832319352
2589.0,0.21098804407564012
2594.0,0.18157093907308436
2602.0,0.19546873561458275
2613.0,0.15705287288985498
2617.0,0.1829413182201539
2625.0,0.21654439554872124
2630.0,0.258564759651794
2641.0,0.19632567579554933
2646.0,0.22553204602628601
2657.0,0.219854203986739
2661.0,0.16967759131586096
2668.0,0.19431011325521597
2675.0,0.19898513462997583
2682.0,0.14160513798882127
2693.0,0.13932260119069562
2700.0,0.236775555618379
2723.0,0.2534676286984067
2733.0,0.22624832737473122
2742.0,0.19694850642097897
2749.0,0.2047819372978734
2756.0,0.2103754237591577
2763.0,0.21631203320430603
2771.0,0.18899103593384547
2785.0,0.17312064882125186
2797.0,0.15790741878104805
2808.0,0.1787160122429118
2813.0,0.16274889917363639
2820.0,0.16296231179074117
2829.0,0.2124631730018116
2837.0,0.1970318111268663
2845.0,0.18280090335320442
2853.0,0.20018839958173804
2857.0,0.15150166899796827
2863.0,0.2007880028192888
2872.0,0.19833427141135254
2884.0,0.16738307813690814
2896.0,0.1862739823437247
2902.0,0.1950934051249181
2909.0,0.2122503555143551
2914.0,0.22629016407362354
2921.0,0.18899752947975737
2929.0,0.20622957413195478
2937.0,0.226679874503674
2951.0,0.15996694225765123
2957.0,0.18503116613468626
2965.0,0.16360536247624843
2969.0,0.17467290949182243
2975.0,0.21649704464640304
2983.0,0.20280434789849847
2994.0,0.17093144663775559
2999.0,0.20523280253324547
3008.0,0.1958113761896209
3016.0,0.17898122411591913
3023.0,0.2391494052195439
3030.0,0.21891099859673857
3041.0,0.18190797421902188
3052.0,0.19382247239704925
3057.0,0.17048051052295168
3065.0,0.20073588850406568
3076.0,0.18966417483819323
3083.0,0.2032375199979092
3087.0,0.20717821704415001
3095.0,0.15079627984724456
3101.0,0.19011096711470493
3110.0,0.21700601488167087
3118.0,0.18069737934167293
3126.0,0.22612815687355375
3135.0,0.1843880955880986
3143.0,0.19893002198646093
3154.0,0.22365080260500939
3165.0,0.21719165531909815
3173.0,0.22153073873584783
3184.0,0.18961673426535064
3195.0,0.23088961727157314
3202.0,0.19938506149315743
3210.0,0.21052265198647743
3214.0,0.2284616182912576
3221.0,0.21354674108696325
3228.0,0.1154550583163614
3236.0,0.22382099822917884
3245.0,0.20652662956879408
3252.0,0.1933791412386842
3259.0,0.21295871184844892
3273.0,0.20121842589150143
3280.0,0.2393031747261337
3284.0,0.20007161472162424
3291.0,0.16644522357570482
3298.0,0.16502954639860692
3304.0,0.22945021328343013
3312.0,0.15816734484230527
3319.0,0.1852680699024244
3327.0,0.1980744649892765
3339.0,0.1766210366729812
3348.0,0.18064507057210086
3355.0,0.22606799091957214
3361.0,0.18739353563430988
3372.0,0.1611035773443997
3379.0,0.20145675722619943
3388.0,0.1577774637850911
3402.0,0.2011059122627256
3407.0,0.23000036282866143
3418.0,0.16452519823176723
3427.0,0.18983093413376065
3435.0,0.2236964974769145
3446.0,0.1802302392588096
3452.0,0.19929633604831765
3461.0,0.17456318275859392
3468.0,0.18174935322507815
3475.0,0.17992191979666017
3482.0,0.22747439900804314
3489.0,0.21243282855445206
3497.0,0.23160168650512147
3505.0,0.2249559845962199
3514.0,0.19461408767813804
3522.0,0.22145194629265091
3526.0,0.2102233789236512
3537.0,0.20639420745159093
3543.0,0.22781121025282744
3551.0,0.22445162911120378
3559.0,0.16605413642722716
3565.0,0.22248590856287018
3574.0,0.1820479875544221
3582.0,0.17221331179548618
3590.0,0.24771095798647963
3600.0,0.1516906191635289
3612.0,0.1826834788306102
3620.0,0.2090479186270238
3627.0,0.18978167056915732
3635.0,0.17331782204678078
3644.0,0.20166903792365848
3655.0,0.15263049151795602
3663.0,0.18487021608806348
3669.0,0.15675773452912817
3674.0,0.16705286066943417
3683.0,0.179353854676178
3688.0,0.19782996924611373
3693.0,0.22773525119962926
3701.0,0.2009677342668376
3706.0,0.19429199672520725
3716.0,0.17303848315757445
3723.0,0.2126503608926157
3734.0,0.17629342630849779
3745.0,0.21452631905632577
3754.0,0.17169267002416422
3762.0,0.18980264091163232
3769.0,0.16096010571154284
3776.0,0.1906508930754602
3785.0,0.19816313317869336
3792.0,0.2308042360616617
3799.0,0.2085854468570377
3806.0,0.21470618760472424
3816.0,0.1827106631438074
