,6
2.0,0.20853320191171262
11.0,0.2171813690503654
19.0,0.1877689212065695
28.0,0.2177693454177165
37.0,0.1792827307241941
44.0,0.17540391541485767
51.0,0.1801146783329888
59.0,0.20821762509982192
69.0,0.18391395293141868
77.0,0.1864846854841688
83.0,0.17878350451075017
97.0,0.18436493589723998
105.0,0.1685512023535728
111.0,0.1675449041685143
119.0,0.1542497159664845
125.0,0.19010644770361437
136.0,0.18489149651374584
143.0,0.16919795384478029
151.0,0.17640723779396042
157.0,0.15544040841635523
163.0,0.19034072810730907
172.0,0.17395260082179853
183.0,0.1796144115842114
191.0,0.17377631462802334
195.0,0.16288223046071548
203.0,0.19004270633860615
209.0,0.1935504115563845
214.0,0.19286772683938858
222.0,0.16840695248109194
229.0,0.1858995758637796
233.0,0.1791417757802447
239.0,0.18154088856682093
248.0,0.1865074816727475
259.0,0.18941371138733978
268.0,0.20019957158226714
276.0,0.19685405006598256
283.0,0.19172098798586434
294.0,0.17910712739964907
305.0,0.1776031885818925
313.0,0.16956383982987858
320.0,0.1883659705513948
329.0,0.16943073208141715
338.0,0.197701225240427
346.0,0.18912023839564368
353.0,0.14248252139467713
362.0,0.18681109011677832
371.0,0.18875249436016694
379.0,0.16908384907532573
388.0,0.1720780949851023
394.0,0.15597656275132118
400.0,0.17603718304048013
404.0,0.19201155723425115
412.0,0.16918824580935646
421.0,0.1616762741851787
429.0,0.17144520897157903
437.0,0.17383457969992266
448.0,0.18457842016763143
455.0,0.17133741665632587
466.0,0.18940794082824414
472.0,0.17775914514791827
479.0,0.1857340461486565
490.0,0.1624111295559169
494.0,0.18677890269818354
503.0,0.17447114438135466
511.0,0.16397465760744667
517.0,0.16901772767022338
526.0,0.17200917815789696
538.0,0.209918964484327
549.0,0.18353806835388173
556.0,0.19173344963630715
563.0,0.17510046240010535
571.0,0.1774334118859657
579.0,0.1790661565920362
587.0,0.1641731815524694
595.0,0.17235980171374812
603.0,0.18540321585022926
615.0,0.17482999414384517
624.0,0.13714425208864028
633.0,0.18345762662387605
639.0,0.16120213784433088
643.0,0.17332501161092698
651.0,0.1913274294939482
659.0,0.1715575938571199
666.0,0.17655738540573507
676.0,0.17991048197913084
686.0,0.1887970778176601
696.0,0.18725824850971373
703.0,0.203089241298376
711.0,0.18668774627418278
716.0,0.1840037127772907
724.0,0.17192413734043863
728.0,0.2096917303840355
732.0,0.16836537635880305
739.0,0.20063741487636266
746.0,0.17416549538329787
754.0,0.19974073145922944
762.0,0.1764638564716487
767.0,0.15806919438112838
773.0,0.18051352387002936
779.0,0.18731044868465155
785.0,0.18323875169226697
794.0,0.15820379778874843
802.0,0.1690641642690013
810.0,0.18120244843070218
819.0,0.16737127131540985
828.0,0.1860895547161896
836.0,0.1895901091154684
843.0,0.18652795034040387
850.0,0.17741470953111396
856.0,0.19300476523379176
864.0,0.1653873802198768
873.0,0.17731570069356187
881.0,0.19466107306992247
893.0,0.18655781008473954
904.0,0.17719712519214548
913.0,0.1783639188672976
920.0,0.16630996908734372
928.0,0.17410306328083083
936.0,0.19133840397259025
946.0,0.17580079214783298
952.0,0.1681651654941854
964.0,0.15404255477335496
968.0,0.18457180412270333
972.0,0.19169177868556933
980.0,0.18185549763854958
984.0,0.18865944355967454
995.0,0.17278574543900022
1001.0,0.19609517737369841
1007.0,0.16494340201290608
1015.0,0.201705485207143
1022.0,0.17430800353476503
1027.0,0.16417433126106504
1032.0,0.17426160958094758
1038.0,0.17194510439676966
1046.0,0.16348400003456426
1054.0,0.1718280797364334
1062.0,0.17426149966777743
1074.0,0.1809172988074892
1082.0,0.19262726086801085
1088.0,0.19258920582989375
1096.0,0.16430655372330247
1103.0,0.17760948633867452
1111.0,0.16758928218419905
1117.0,0.19439671425438207
1124.0,0.1880111873258359
1133.0,0.2041984725885162
1142.0,0.1827488168882588
1147.0,0.18643099585361395
1155.0,0.16057651950316673
1163.0,0.17334440362655537
1169.0,0.1948911276389287
1177.0,0.18168295676931828
1188.0,0.16828525616450193
1196.0,0.19016865637498118
1204.0,0.1801839643954684
1215.0,0.1738232641242814
1219.0,0.1758154722121805
1225.0,0.19841483512453467
1229.0,0.1747020859216094
1234.0,0.20114964202524355
1242.0,0.1565685408385684
1251.0,0.17053266184259544
1258.0,0.20132780398689396
1266.0,0.18094576350837208
1275.0,0.16879923477733486
1284.0,0.19644347392144879
1296.0,0.1652388311228365
1304.0,0.1648965097654601
1316.0,0.1916858220187395
1324.0,0.16727223180561873
1334.0,0.20318755343777067
1343.0,0.18374447027814206
1354.0,0.2057585465059762
1365.0,0.1800636549150381
1373.0,0.18440245012496972
1382.0,0.17315290582101187
1390.0,0.16514021781243476
1395.0,0.16090479705811514
1400.0,0.16184659972393933
1410.0,0.17543001249441562
1418.0,0.1488969958573009
1424.0,0.17185618800699723
1430.0,0.16902435158335855
