,5
2.0,0.2042022193247269
11.0,0.20615218068689037
19.0,0.20966234694479077
28.0,0.17861788316545857
37.0,0.17992313955176437
44.0,0.18960377313113308
51.0,0.17512087418391029
59.0,0.22165528769492585
69.0,0.19342646953939513
77.0,0.19363244418517428
83.0,0.1829473623221737
97.0,0.19825064248728919
105.0,0.14534072766530604
111.0,0.19404654624933523
119.0,0.186596088979207
125.0,0.2057828091503604
136.0,0.19963164464014752
143.0,0.1857698842563227
151.0,0.15698800498761598
157.0,0.18627464784767053
163.0,0.19598368057230184
172.0,0.18189298413294933
183.0,0.17305272353147344
191.0,0.19135032231787227
195.0,0.17927134927592245
203.0,0.19744476612421535
209.0,0.1734429498086487
214.0,0.18809463275061367
222.0,0.20715053489505572
229.0,0.18271105031771379
233.0,0.1921456066347951
239.0,0.19728468974222943
248.0,0.18844734104999825
259.0,0.17549110360393713
268.0,0.17403082248451895
276.0,0.18865209077534567
283.0,0.20012609680795526
294.0,0.15874580330342097
305.0,0.18301975325718273
313.0,0.18987867533028818
320.0,0.17676555279201525
329.0,0.1655199910439861
338.0,0.21535874919277875
346.0,0.18550461836883625
353.0,0.160308924586437
362.0,0.22414236831296513
371.0,0.16292846957937077
379.0,0.19144593391594059
388.0,0.18375510334554496
394.0,0.18529165351434004
400.0,0.19474670228536128
404.0,0.15682378564593524
412.0,0.19182783431842423
421.0,0.20327663419399106
429.0,0.17914528515026182
437.0,0.19951623482164793
448.0,0.20410581418163506
455.0,0.18707417847286034
466.0,0.18002007760414115
472.0,0.19608501469211792
479.0,0.195474021382704
490.0,0.19170704921051543
494.0,0.20303609442636078
503.0,0.18080117169020746
511.0,0.1678467549255034
517.0,0.19385552503662062
526.0,0.19200139539443895
538.0,0.18811928572887332
549.0,0.20067855404830667
556.0,0.18940503383595456
563.0,0.1877374817981894
571.0,0.1813012414503522
579.0,0.1915574220565704
587.0,0.16985641496049714
595.0,0.19995728560080916
603.0,0.1954833257059915
615.0,0.17555581641126877
624.0,0.1817821511166919
633.0,0.1833184481691832
639.0,0.19191691470773842
643.0,0.18714921376850818
651.0,0.19048492026093092
659.0,0.1801696729629392
666.0,0.1644135029467106
676.0,0.18685582535616121
686.0,0.22335662755169478
696.0,0.18557060915020407
703.0,0.19713334379792397
711.0,0.20600665156929585
716.0,0.20317205204479089
724.0,0.21293503150707843
728.0,0.1956863159757921
732.0,0.19500908573736456
739.0,0.18418973875460154
746.0,0.1668453733102485
754.0,0.19057947777576506
762.0,0.17491808971639847
767.0,0.20115695927384342
773.0,0.19669710264113527
779.0,0.16821275145602313
785.0,0.20103310498956867
794.0,0.1978482668042432
802.0,0.18807491113642444
810.0,0.17040656613576366
819.0,0.1757096044065813
828.0,0.14679598283980272
836.0,0.18922314385279884
843.0,0.19627616197504047
850.0,0.17477991400368192
856.0,0.21796891739145957
864.0,0.1339736409742967
873.0,0.19650877495748634
881.0,0.2003546778573318
893.0,0.1974754240140455
904.0,0.20069942948188893
913.0,0.17773267914425922
920.0,0.16773970419551038
928.0,0.1657337061363176
936.0,0.17189819129451894
946.0,0.18985301504431357
952.0,0.19225604957543566
964.0,0.19376094422744308
968.0,0.21636835581190977
972.0,0.20593921453942682
980.0,0.19485756210383584
984.0,0.21533272825430663
995.0,0.1982150208455002
1001.0,0.18418421997664525
1007.0,0.19772260076860113
1015.0,0.19129480068128638
1022.0,0.20275679585560155
1027.0,0.1908724218225527
1032.0,0.18569342158526522
1038.0,0.17895378999795156
1046.0,0.20081571941668314
1054.0,0.19586680770239648
1062.0,0.19463248185803442
1074.0,0.17780067094944968
1082.0,0.18256717352385257
1088.0,0.18908572498380366
1096.0,0.18133674700453914
1103.0,0.14844745930635644
1111.0,0.20632425500605217
1117.0,0.20180684814332162
1124.0,0.16113025783954388
1133.0,0.1891438735236901
1142.0,0.20956903624919732
1147.0,0.18031721653733904
1155.0,0.17136896352305872
1163.0,0.17796344031885086
1169.0,0.1841931924457561
1177.0,0.18110935648446436
1188.0,0.18687224109313832
1196.0,0.16595816168220495
1204.0,0.15205604192464497
1215.0,0.1960242096923579
1219.0,0.19252835809203211
1225.0,0.20338953171657423
1229.0,0.20112304997827488
1234.0,0.19035524882721844
1242.0,0.1786989902311701
1251.0,0.1862761227023995
1258.0,0.17961933396838156
1266.0,0.14888238575522628
1275.0,0.19135162518713988
1284.0,0.1939930951866306
1296.0,0.18509039062827065
1304.0,0.15992518080589246
1316.0,0.19180369851061752
1324.0,0.17746942699814872
1334.0,0.21613155214093954
1343.0,0.20847790265246807
1354.0,0.19135500694492355
1365.0,0.20114761087920635
1373.0,0.19510525230362974
1382.0,0.18465188568725283
1390.0,0.1439428651214825
1395.0,0.18488999431469325
1400.0,0.15757725704930559
1410.0,0.1667396791913488
1418.0,0.17688992057497419
1424.0,0.16340035296161512
1430.0,0.19111295020409477
