,5
1442.0,0.13505641637857904
1450.0,0.15609037180137844
1459.0,0.1797002624237641
1467.0,0.1974681751020384
1478.0,0.20144208627867477
1487.0,0.17273646237412488
1496.0,0.1935221669340004
1503.0,0.21031418798725704
1512.0,0.19159868385957252
1521.0,0.18809256473357416
1529.0,0.20976045405374139
1533.0,0.1882890650082392
1542.0,0.18555693218588387
1546.0,0.20415876868256885
1553.0,0.14917949409393613
1565.0,0.20538803482961587
1569.0,0.21304664675229262
1576.0,0.2133797119662872
1583.0,0.2007594270764424
1595.0,0.2095877655011031
1604.0,0.19544705050426672
1609.0,0.18909704582744316
1620.0,0.2133852693442748
1628.0,0.18042638630055918
1637.0,0.18174463555258835
1645.0,0.16643020698770875
1652.0,0.20487806339972192
1656.0,0.13860511559555697
1665.0,0.14019000083276348
1672.0,0.16306472972010314
1679.0,0.19952309953812614
1684.0,0.2053860288117741
1692.0,0.18193926383742184
1701.0,0.20839397355930908
1710.0,0.14601863223146835
1718.0,0.21214170203775
1729.0,0.18681891561750333
1737.0,0.20969989962292018
1745.0,0.22222478198916268
1752.0,0.18400555397727603
1761.0,0.20074570772538008
1768.0,0.1790010264020584
1777.0,0.15359341395064935
1781.0,0.18036726536953215
1788.0,0.17647522576635966
1795.0,0.21084261735570034
1801.0,0.21014608978163435
1808.0,0.1874019227046337
1813.0,0.18257520307417235
1821.0,0.19205064844390718
1832.0,0.19809385741385363
1841.0,0.1707475184113855
1849.0,0.1842434567160854
1855.0,0.21042479935636116
1863.0,0.175585516851423
1871.0,0.1349884147522194
1880.0,0.1571938223414244
1889.0,0.2115069416426816
1897.0,0.24316457731981853
1905.0,0.19358293759543058
1915.0,0.16205549125470103
1922.0,0.1964170420064129
1930.0,0.1870209694572179
1938.0,0.20831374416272475
1945.0,0.1898343677114938
1954.0,0.19578996202427756
1962.0,0.20779114234695759
1970.0,0.18096176378082798
1978.0,0.19001905918949055
1985.0,0.19189387542817388
1993.0,0.21056746169608592
2003.0,0.17089134517096077
2010.0,0.17823042365142802
2019.0,0.1980198128792965
2027.0,0.1966076802773443
2036.0,0.2107145082291937
2044.0,0.2008276854761363
2056.0,0.20720512228082072
2064.0,0.2075671282868865
2071.0,0.21047529298276835
2082.0,0.20967145349068936
2091.0,0.18763163948895623
2102.0,0.18357171438464864
2110.0,0.20409067069440354
2120.0,0.19356877029630523
2129.0,0.22018550335181708
2137.0,0.16544120123566558
2145.0,0.17178063905777144
2154.0,0.22342393400184057
2163.0,0.18188252935824706
2174.0,0.17872346332711983
2182.0,0.20160038044846232
2190.0,0.18335621192729715
2195.0,0.16262859637643737
2201.0,0.16905502246480336
2206.0,0.23511893978324616
2214.0,0.18775441078697433
2221.0,0.1919191636937914
2225.0,0.1980027908505267
2233.0,0.20608929935134804
2240.0,0.17229323093428575
2248.0,0.18322711373937237
2255.0,0.16486221944251356
2263.0,0.18332095563192904
2271.0,0.17925414732820125
2280.0,0.19408611383077568
2286.0,0.17981311850271064
2298.0,0.168178095612478
2306.0,0.18419266608360954
2317.0,0.19001298402156225
2326.0,0.19315114027854088
2334.0,0.18814878678290492
2342.0,0.19565261131446662
2351.0,0.20206368870338723
2355.0,0.16857740194686283
2363.0,0.19015071197765074
2368.0,0.18458322592574178
2379.0,0.1897009335571668
2385.0,0.1970124764724234
2395.0,0.17532283514209315
2401.0,0.19810983268488677
2411.0,0.20178097697886455
2422.0,0.1852540466667949
2429.0,0.20581528296257443
2437.0,0.15985631454056193
2447.0,0.19274731915083046
2458.0,0.178788894953508
2466.0,0.21031876658721282
2474.0,0.14788390011091618
2483.0,0.19941156206592967
2490.0,0.19144379320921173
2499.0,0.17578236851709889
2507.0,0.18125025576857795
2515.0,0.17764916295349129
2523.0,0.19729394095278224
2531.0,0.18780163283608592
2539.0,0.16435875463280245
2546.0,0.17895250652428452
2555.0,0.18126951313137002
2559.0,0.18067105207774245
2564.0,0.21297949410853487
2572.0,0.21206570854196258
2581.0,0.18887152798263815
2589.0,0.21488582175997428
2594.0,0.18536012085573914
2602.0,0.2040067846544169
2613.0,0.20661510369148206
2617.0,0.1812019032907278
2625.0,0.16649595857823415
2630.0,0.22257488647878784
2641.0,0.1834347932714099
2646.0,0.19404912123014145
2657.0,0.16577715886121294
2661.0,0.18738183230796593
2668.0,0.19117548311569457
2675.0,0.19926648326740173
2682.0,0.1849388307612065
2693.0,0.158680707164535
2700.0,0.2069801388224882
2723.0,0.20496459612638318
2733.0,0.2059168530528013
2742.0,0.18822007140876448
2749.0,0.21934789652036346
2756.0,0.18606850832553098
2763.0,0.24858095802439067
2771.0,0.18537240245350534
2785.0,0.22515838133397748
2797.0,0.17237975320206425
2808.0,0.20570400127514296
2813.0,0.17774997900600112
2820.0,0.163370049061769
2829.0,0.1619878533794384
2837.0,0.1695285371984286
2845.0,0.1980339908404603
2853.0,0.1901240661586587
2857.0,0.18973720956245177
2863.0,0.17557525905992222
2872.0,0.18983105553957424
2884.0,0.20649056904064186
2896.0,0.17566420785445797
2902.0,0.18664061563754672
2909.0,0.19910766976891997
2914.0,0.1752291678625813
2921.0,0.1933347941477678
2929.0,0.18632364728731546
2937.0,0.17969378997243057
2951.0,0.18607485965665377
2957.0,0.18291505229480237
2965.0,0.2020910477953896
2969.0,0.1869781932662753
2975.0,0.18101272282622502
2983.0,0.1906307418026928
2994.0,0.18197133631459525
2999.0,0.20131243389032494
3008.0,0.20483849742505908
3016.0,0.1500371259449895
3023.0,0.21298871011270684
3030.0,0.18735780570593502
3041.0,0.20525189069116423
3052.0,0.15282788016638824
3057.0,0.19390236470302302
3065.0,0.20775411583619602
3076.0,0.2092918862818419
3083.0,0.20655586075716598
3087.0,0.19927499509800137
3095.0,0.1728787066221175
3101.0,0.19147655102237943
3110.0,0.1980652531862023
3118.0,0.20758823252548303
3126.0,0.19969349779000625
3135.0,0.18458343991847756
3143.0,0.19820714199781755
3154.0,0.2161602844844812
3165.0,0.1838086209901305
3173.0,0.1907607061558444
3184.0,0.1799437508308418
3195.0,0.1781053032336119
3202.0,0.1835914121728292
3210.0,0.19781455769561132
3214.0,0.19321536713122284
3221.0,0.1841768318550774
3228.0,0.20026196083721878
3236.0,0.20870934840653027
3245.0,0.19212756329098996
3252.0,0.18980052968534333
3259.0,0.18695198701482832
3273.0,0.18648732979687463
3280.0,0.16009051845172098
3284.0,0.19264577036373695
3291.0,0.17501146484155505
3298.0,0.17305647706458693
3304.0,0.20839381342685576
3312.0,0.16252640620268202
3319.0,0.18936343867190947
3327.0,0.2104269191901381
3339.0,0.19090335005972944
3348.0,0.17897209982705833
3355.0,0.1927172396761465
3361.0,0.1671230912887034
3372.0,0.19695277194358302
3379.0,0.19450111650934893
3388.0,0.19323674520513112
3402.0,0.18570191615001802
3407.0,0.1946221550730067
3418.0,0.24761097596356815
3427.0,0.17351915829461348
3435.0,0.18894767546422508
3446.0,0.18489282374044955
3452.0,0.19667671035019374
3461.0,0.17447808192142705
3468.0,0.1940105297250677
3475.0,0.17018492539442626
3482.0,0.22530745049207054
3489.0,0.20605199754368292
3497.0,0.20267685485430945
3505.0,0.17964986435559696
3514.0,0.19988506808975373
3522.0,0.18455169642384492
3526.0,0.20120858033831565
3537.0,0.18640379340163601
3543.0,0.17706643536224626
3551.0,0.19058815436876858
3559.0,0.19649249174320466
3565.0,0.200933579921207
3574.0,0.17745434300404433
3582.0,0.18649975272012367
3590.0,0.21980809144859714
3600.0,0.17570197975797597
3612.0,0.19388225956365643
3620.0,0.22018746413079202
3627.0,0.19699228830946347
3635.0,0.185863195526209
3644.0,0.18993802290036757
3655.0,0.18062895554037545
3663.0,0.17040847794064767
3669.0,0.1815797068992935
3674.0,0.20087044562082762
3683.0,0.18335603073569173
3688.0,0.2264564479992342
3693.0,0.19858668467449384
3701.0,0.19769925634532418
3706.0,0.19035547032687056
3716.0,0.2111289424866593
3723.0,0.19629717649018522
3734.0,0.18653157515455016
3745.0,0.20450564822218417
3754.0,0.17297713014693838
3762.0,0.1703167625038314
3769.0,0.17745953522610033
3776.0,0.1783480096745045
3785.0,0.2076854202926669
3792.0,0.18653722681209978
3799.0,0.1881109655264055
3806.0,0.14723333957514878
3816.0,0.1482260613768665
