,6
2.0,0.17860089538469168
13.0,0.17523964577870707
20.0,0.16983852602172797
27.0,0.1876481939834123
36.0,0.17595241403231768
44.0,0.16418267538291473
52.0,0.1673829529925217
60.0,0.1751734323470676
68.0,0.18116558619496956
72.0,0.176353333912399
77.0,0.1949455369916893
81.0,0.2128598375161967
90.0,0.1877099837333619
96.0,0.1987884960877338
100.0,0.18941628935807042
109.0,0.1724698422948249
115.0,0.17570855946642214
122.0,0.16983645715724524
130.0,0.17987851797077745
137.0,0.17467607160077148
146.0,0.16939579530706994
155.0,0.16705083962563924
163.0,0.17035445039042357
172.0,0.1731014527296197
180.0,0.1823548003745367
188.0,0.1921611778464981
198.0,0.1845040855294157
207.0,0.17390179844953185
215.0,0.1740061698380043
219.0,0.1898737373368471
231.0,0.21209482454776485
237.0,0.19233006208654735
245.0,0.1633678402023559
254.0,0.17644451032292277
263.0,0.17166105258048825
269.0,0.17964473352641622
277.0,0.18584078512036517
286.0,0.18434985524626132
297.0,0.18070970633485225
305.0,0.18798325938297825
310.0,0.1912850807640448
318.0,0.1766022862491642
326.0,0.18017778067734325
338.0,0.18901870937813636
342.0,0.19721471457918968
350.0,0.20317312157617798
357.0,0.2031877014555328
365.0,0.1915295663126209
374.0,0.18577800561873506
380.0,0.1873466251960885
388.0,0.18144119207734816
396.0,0.18378081579460814
401.0,0.18410503780550777
409.0,0.17299342372365065
416.0,0.1642530799323667
427.0,0.18266953707137576
432.0,0.17725678905824627
440.0,0.1615538284951737
447.0,0.1651257771694425
454.0,0.18769479434002526
462.0,0.15422766291068768
470.0,0.21952457756646396
478.0,0.18635154505878418
487.0,0.190675277104126
499.0,0.18830613103156385
503.0,0.18988736486052252
511.0,0.19740028483563338
517.0,0.1886926864283692
522.0,0.16420947942111772
533.0,0.16226957799803565
542.0,0.1841107498786454
550.0,0.1841966435825078
558.0,0.17833871514129573
563.0,0.19192549088513092
574.0,0.18372187781355087
583.0,0.1816080625578279
591.0,0.18172847909183706
599.0,0.20381751310029086
609.0,0.1974813329378663
617.0,0.18359143218391724
622.0,0.17108165428929248
630.0,0.15772202461561527
637.0,0.18232162026950857
645.0,0.17014581826515168
654.0,0.20122535867166907
663.0,0.17742325733335867
667.0,0.19380009105168813
674.0,0.19214960862864705
682.0,0.17301310531756128
689.0,0.16153333220404087
698.0,0.15345571748129486
707.0,0.184763084488323
715.0,0.1783229100848508
721.0,0.17128406363002233
729.0,0.16151903872175605
737.0,0.19649449833414306
745.0,0.18637055847427153
754.0,0.2025609696809011
765.0,0.18342375696326507
773.0,0.16650440813869508
787.0,0.17760945289889266
796.0,0.19455773806170248
804.0,0.16343535055171712
810.0,0.16745089606750369
814.0,0.18695175888107804
822.0,0.18221666819886395
831.0,0.15661508700068222
836.0,0.17602544533642964
842.0,0.1660512143275845
853.0,0.18952449954224818
861.0,0.16869112951766932
872.0,0.15763140582650667
877.0,0.14859374915206497
883.0,0.1987650419454734
892.0,0.1882105081983197
904.0,0.15662156385717374
913.0,0.20043135831761338
921.0,0.20192988514023247
929.0,0.1942889767035051
937.0,0.17799488379439465
943.0,0.1897299571224506
948.0,0.19812936648567933
952.0,0.18047097072193835
964.0,0.18964546569279345
976.0,0.16477725343747157
984.0,0.17106468441747785
990.0,0.19244857661004042
998.0,0.1823466314389688
1006.0,0.1850509968893278
1015.0,0.18170561775544913
1026.0,0.17507402509674588
1034.0,0.19378775910479087
1041.0,0.1685429490207021
1048.0,0.22888959536030218
1055.0,0.16263047983789
1059.0,0.205154064928548
1071.0,0.2016241771313174
1078.0,0.17252396619065283
1085.0,0.18322414787447594
1092.0,0.20414714232240258
1101.0,0.1753552287457766
1110.0,0.1898430093032474
1118.0,0.19005821373823412
1125.0,0.1872585711974784
1133.0,0.18284064636266437
1144.0,0.17593206052683247
1150.0,0.2035282079891244
1161.0,0.18177157057791765
1168.0,0.20375655675315868
1177.0,0.19589888593227714
1184.0,0.190786941889502
1191.0,0.16734486081670782
1195.0,0.16869571720451249
1203.0,0.18777318048893848
1211.0,0.18543072052707785
1220.0,0.17861883799720288
1227.0,0.19149775851246992
1236.0,0.17876027608306458
1247.0,0.1933057262308617
1253.0,0.16631951481324533
1264.0,0.18250795539281114
1273.0,0.1736947185108724
1281.0,0.15379178240439226
1289.0,0.17841972034591397
1297.0,0.16909706078292724
1308.0,0.19299790164597147
1319.0,0.18471756334622028
1327.0,0.205111791924103
1338.0,0.19095667878233932
1346.0,0.18879474883639608
1353.0,0.18005208629871733
1357.0,0.18650001979533287
1361.0,0.1831490611613976
1370.0,0.21020702928987828
1381.0,0.20139694329690488
1387.0,0.182749395134453
1396.0,0.1864554388665913
1407.0,0.19942433791484765
1416.0,0.18539779681732335
1425.0,0.18590225497756535
1439.0,0.19619269036065695
1447.0,0.17768808895227212
1457.0,0.18729917471111646
1463.0,0.19164298804198557
1474.0,0.19055436610638468
1483.0,0.18868696725233783
1487.0,0.1944473665428034
1494.0,0.1979015206439364
1501.0,0.18638214848557036
1506.0,0.17876547735289441
1514.0,0.18964672947597705
1522.0,0.1589923045843739
1533.0,0.18537251880240077
1539.0,0.19900471512320236
1546.0,0.1779691397952177
1551.0,0.1735451217162442
1559.0,0.17716657302355207
1565.0,0.17049203525233736
1573.0,0.17830325066809602
1585.0,0.19434785979572838
1593.0,0.1802326495902265
1601.0,0.19546490995485988
1608.0,0.1677709561160562
1616.0,0.1914433190707243
1621.0,0.16469898232557428
1630.0,0.17852623614771854
1638.0,0.1804846485399356
1647.0,0.19175274267203576
1656.0,0.197453570745317
1664.0,0.200119582039957
1672.0,0.17472991227735246
1683.0,0.16154404544250017
1691.0,0.19184739891026917
1701.0,0.16317390350273467
1710.0,0.17696002064200705
1716.0,0.15155055774568232
1724.0,0.2335742151533283
1733.0,0.18345327925505409
1741.0,0.17706526246955628
1752.0,0.16920912525541265
1760.0,0.20516180719243557
1766.0,0.17901527934030922
1774.0,0.19719505850030783
1780.0,0.17463580898443581
1788.0,0.17653797226770115
1796.0,0.1924123649988523
1805.0,0.18279475942893209
1819.0,0.16604757157974634
1830.0,0.18227005821982142
1837.0,0.1625996820545189
1845.0,0.1937104830878195
1852.0,0.20850167794583777
1858.0,0.18900069240166692
1866.0,0.18313270397154766
1874.0,0.17716117482141125
1882.0,0.16699505484021088
1893.0,0.17704881409811313
1901.0,0.17865174136599085
1909.0,0.17539892080954345
1918.0,0.18251173627337777
1927.0,0.18424431646235048
1935.0,0.1834831857454224
1943.0,0.17866462327623767
1954.0,0.18025208531540463
1963.0,0.1742403228573679
1972.0,0.17940450024245552
1981.0,0.16846924396766189
1989.0,0.2093398132151421
1998.0,0.18120575452594048
2007.0,0.19664543187836164
2013.0,0.17356773983716006
2020.0,0.1744891739706994
2028.0,0.19565703180228292
2035.0,0.15539697038532527
2043.0,0.18136825461408465
2049.0,0.19308944790771804
2061.0,0.16195701081785946
2068.0,0.20287048146925982
2077.0,0.1934445041767209
2089.0,0.1372234788863814
2094.0,0.14905829050935748
2098.0,0.1623158219790485
2104.0,0.1837317622207518
2112.0,0.17941854070636173
2119.0,0.18027339926036867
2131.0,0.18171956247082757
2140.0,0.16907581017520487
2149.0,0.16311411915563095
2154.0,0.15681808553378482
2158.0,0.16722211592961833
2166.0,0.16820686231043772
2178.0,0.17832026241414176
2186.0,0.1827061675406975
2195.0,0.18647506305555833
2202.0,0.16782665913873693
2211.0,0.1790881265339319
2222.0,0.17423841065249798
2230.0,0.1730938676434178
2239.0,0.19731888915484058
2247.0,0.19804398740698853
2255.0,0.15471443251915634
2263.0,0.19056601940763016
2274.0,0.19494392136917454
2285.0,0.19426179886915476
2293.0,0.1751920082955695
2300.0,0.16929590933182936
2309.0,0.200373647340189
2318.0,0.1862353742035869
2326.0,0.18385383407960676
2338.0,0.18374382396938588
2344.0,0.16817799383676943
2354.0,0.1993952461798892
2362.0,0.18204189214272853
2369.0,0.1723031077357174
2375.0,0.18633655853297923
2380.0,0.17161573512566708
2387.0,0.16723393526039793
2395.0,0.17152823762248703
2402.0,0.17240045589165923
2411.0,0.17554012467596863
2419.0,0.1859405063258213
2426.0,0.1730081646539968
2435.0,0.17108264948293528
2446.0,0.1949000208498698
2453.0,0.18656400832459608
2464.0,0.18719353985944787
2472.0,0.1821597993053241
2477.0,0.18698744713725188
2484.0,0.18212722381757557
2491.0,0.17822944304895813
2499.0,0.18425855315625972
2507.0,0.2034770686372143
2515.0,0.19226428320750877
2523.0,0.18645472315587958
2532.0,0.17073712176897496
2541.0,0.19044980295061364
2549.0,0.1728567122663193
