,8
0,0.18525379632135147
1,0.1798559335247791
2,0.1680804673185443
3,0.15427300495566962
4,0.1562337338944472
5,0.13481973328191357
6,0.15180186117605765
7,0.15400336137795434
8,0.1592264099341185
9,0.15203933430260458
10,0.1618267437803529
11,0.17842798846712793
12,0.16900997076121932
13,0.1880637937469797
14,0.15942720410351663
15,0.1772487742092723
16,0.18323708286631782
17,0.15426538422713035
18,0.16204221746202432
19,0.16473907218223466
20,0.15476617666005893
21,0.16037125710190672
22,0.15518009093216537
23,0.1566497591287796
24,0.1652156360448484
25,0.170356040996054
26,0.14230871409386436
27,0.18444048095195187
28,0.14585140814963873
29,0.16788145778576846
30,0.16502070189337692
31,0.1603663800267274
32,0.18524489638090294
33,0.15927941805498547
34,0.17483638236466653
35,0.14177642888326386
36,0.15999494181528462
37,0.16039011480369925
38,0.15724896447828307
39,0.17619293364205435
40,0.1824277033197262
41,0.15964260999360608
42,0.1564611435468016
43,0.15925750519963877
44,0.16970041770711933
45,0.1442936525253384
46,0.18710470633315815
47,0.17614362551005067
48,0.16144677909001193
49,0.1501422047369694
50,0.17108979418963322
51,0.17522422153641545
52,0.16205053137724065
53,0.15439994259421377
54,0.17601867731821336
55,0.16980012303507871
56,0.14619489170375172
57,0.151649318687354
58,0.14547239714398277
59,0.1647958599458538
60,0.1683833300327814
61,0.16662387431320272
62,0.20619542227553517
63,0.16543725415309798
64,0.18114057362343625
65,0.16242307281835874
66,0.15948449814139978
67,0.16840370094446594
68,0.15680290432967417
69,0.17525164390817038
70,0.1716323103915608
71,0.16260588714222884
72,0.15535307228395104
73,0.16520742263396007
74,0.16581630235891845
75,0.14988652974975739
76,0.1931219715301631
77,0.190240827148042
78,0.1566249363850041
79,0.16190496891293463
80,0.16422703843653136
81,0.13453627958277914
82,0.16910552160943793
83,0.16439585587214428
84,0.15535070047925995
85,0.14865767534152782
86,0.15707087524367858
87,0.15367572504784274
88,0.14894804047057444
89,0.15463086399485362
90,0.17443807332795142
91,0.15440947898987972
92,0.15818193346059684
93,0.17575582235873954
94,0.15902698874582838
95,0.1544458447597192
96,0.1704073148583695
97,0.1738674787897992
98,0.15249200046800845
99,0.1593648963539069
100,0.17435493543112596
101,0.14694743707086214
102,0.14351756903632765
103,0.1518704852215969
104,0.15045343591993793
105,0.16923200098431992
106,0.15145118608003594
107,0.14504144150987117
108,0.1542657103498808
109,0.15786718838357722
110,0.16654040287533597
111,0.17540043632702673
112,0.19915955901918206
113,0.1744231000226513
114,0.16139502823796228
115,0.17946020722598893
116,0.1995556516874548
117,0.16601533400938873
118,0.2015597762466449
119,0.16056399923227174
120,0.1512802685134475
121,0.15226374083796082
122,0.1651804806772291
123,0.14989464196781963
124,0.15196358234098128
125,0.16132788559417438
126,0.15862997684371194
127,0.14755729343693536
128,0.17974535400891234
129,0.17783207764296713
130,0.157997447598118
131,0.18589248966396324
132,0.1917647373431497
133,0.19333932816642005
134,0.1632429105651369
135,0.14368348016734017
136,0.17816379565666482
137,0.1546606032909183
138,0.1695990508944077
139,0.16806048072084406
140,0.1537094328202128
141,0.13479320662225375
142,0.14523255368578283
143,0.15139529044037062
144,0.16089243095772024
145,0.15402732348380896
146,0.1918692493542801
147,0.16396223552900124
148,0.1691652406895893
149,0.16845870792188272
150,0.16778859596555618
151,0.1510517912998964
152,0.15713826845691595
153,0.16729910080138824
154,0.17124226420068045
155,0.1488551257304955
156,0.1524387545977757
157,0.1514171325307263
158,0.13934578825565114
159,0.14801131637061257
160,0.1718894154944079
161,0.1750015172384683
162,0.1736464965734208
163,0.141939763089139
164,0.15110792581473112
165,0.14744696005533292
166,0.15590279315677832
167,0.14510078509377786
168,0.1578190005569585
169,0.14030052248486438
170,0.1646497364040368
171,0.1661108100695057
172,0.1593695671688074
173,0.1961233842912717
174,0.19976603880871827
175,0.15465234324289082
176,0.18116315898379734
177,0.17479589632054052
178,0.17208253812792448
179,0.17261760981588195
180,0.20281575851879172
181,0.17114838260244786
182,0.18519789885062649
183,0.18872536453665217
184,0.17795729551708428
185,0.1841600781269424
186,0.16925293344201953
187,0.16449851665740994
188,0.16142476909817532
189,0.15585921630469166
190,0.15430895812084716
191,0.16121552813297613
192,0.14995143573225697
193,0.14119380622851863
194,0.15292010414124843
195,0.15757206802738424
196,0.14649980780357616
197,0.1507438629804563
198,0.14294732428191673
199,0.15155415779983225
200,0.16794834745171733
201,0.16081317368741427
202,0.16126544858792388
203,0.1717668386451999
204,0.18133016707762872
205,0.16035564985567527
206,0.172025337929258
207,0.15839397936738542
208,0.17431006006486266
209,0.1481535813609057
210,0.1513490290058252
211,0.15506890756556024
212,0.1677281472889293
213,0.14832710215806483
214,0.1451267575532746
215,0.16084860177334243
216,0.17114959433906607
217,0.1698099480680528
218,0.15624216233091046
219,0.15620640240876554
220,0.16371743001944689
221,0.1591789583028533
222,0.1609397685486597
223,0.16229317216140368
224,0.18149259171193624
225,0.15403091534199584
226,0.16416231962101405
227,0.1722142817919477
228,0.1710287231868227
229,0.1920751868981035
230,0.17798569307633758
231,0.1739823005902449
232,0.15924321609043873
233,0.15426007853185006
234,0.14819684394097857
235,0.15905101501653535
236,0.14305475909610388
237,0.1556843737026011
238,0.16438708186387246
239,0.15723123983253987
240,0.17598358400524508
241,0.15960500196157673
242,0.15866615444744778
243,0.16627685706130332
244,0.16614320836831753
245,0.15266362860711824
246,0.1685616348057958
247,0.16889158801792628
248,0.18451197134868222
249,0.17902458719242875
250,0.1611445738970441
251,0.1459470812594189
252,0.16855846711549224
253,0.15207968666596675
254,0.14694430128731678
255,0.1721008699765209
256,0.15988117438771757
257,0.1904194305213065
258,0.15754829899733952
259,0.14904005824290167
260,0.1434840111974523
261,0.14106761029637474
262,0.15800856904312
263,0.18899271493699374
264,0.17713316347494212
265,0.17072950181775906
266,0.15344536734761274
267,0.15058545465148165
268,0.164010392116793
269,0.16519263735944262
270,0.16020199330513626
271,0.14198581971729574
272,0.16315577265499723
273,0.17882636680049158
274,0.15804373077943912
275,0.1473863122768423
276,0.1720775603146132
277,0.14075173387927056
278,0.1681406565915146
279,0.15821800773801667
280,0.1621202551601162
281,0.19502846862128764
282,0.167830621864486
283,0.1665809594269165
284,0.16546242231645655
285,0.18640663304098617
286,0.187371848406075
287,0.1500760124737485
288,0.1779612427657847
289,0.16126443070227747
290,0.1592490241110282
291,0.15877597487491385
292,0.15722027638902283
293,0.17799751506489708
294,0.1633373895822867
295,0.16114992243348883
296,0.16232759559578683
297,0.1570518034011465
298,0.18077123993284122
299,0.17264186325169392
300,0.15121185724981076
301,0.1518271127497701
302,0.1731697721817643
303,0.1663252173975515
304,0.16177438176578315
305,0.16216899460370154
306,0.17280868616427777
307,0.1524227914178208
308,0.15816811131021208
309,0.16548014284624027
310,0.1653980400179554
311,0.15979849305233282
312,0.18874678639385603
313,0.15357334155308047
314,0.18158901490146936
315,0.1715838980739892
316,0.1687109118009547
