,3
2.0,0.21702303471818593
13.0,0.1655337904683139
20.0,0.2559531988357838
27.0,0.12406955905663633
36.0,0.20852904064309877
44.0,0.21677641927001895
52.0,0.19328840394519256
60.0,0.27669825587947505
68.0,0.1514562665206979
72.0,0.24228711043520063
77.0,0.2559667467453882
81.0,0.2016746826620975
90.0,0.1987983643603322
96.0,0.1961529819988927
100.0,0.22443052061462151
109.0,0.23183212386208954
115.0,0.22565197055001648
122.0,0.21924393514251453
130.0,0.1991100161989427
137.0,0.16401533847461375
146.0,0.24668750133286604
155.0,0.18080219174251513
163.0,0.18801620709133468
172.0,0.22690831985651158
180.0,0.15722776949065714
188.0,0.2232958911306808
198.0,0.18463274897595217
207.0,0.23072863469235866
215.0,0.23750007378177443
219.0,0.20471868628516277
231.0,0.23032557890113337
237.0,0.2139860725905361
245.0,0.2224542056042923
254.0,0.16749839309077158
263.0,0.21142241596312392
269.0,0.22150285791125857
277.0,0.1928306347476992
286.0,0.23287833981647144
297.0,0.2182423021058894
305.0,0.19133497917178455
310.0,0.1679025730073564
318.0,0.21732086283472404
326.0,0.23789454068358998
338.0,0.2208594345573551
342.0,0.24544048777459557
350.0,0.19952834690718985
357.0,0.21602220997033258
365.0,0.16467076933113448
374.0,0.1944606001165976
380.0,0.21975500304400922
388.0,0.1938841760642906
396.0,0.1877505494950599
401.0,0.20122829047240817
409.0,0.23041795903444678
416.0,0.1912158664710094
427.0,0.2531685228063148
432.0,0.205946747889701
440.0,0.1895513227368341
447.0,0.1604846150098889
454.0,0.23975313088265698
462.0,0.21233735644273125
470.0,0.19004856822948557
478.0,0.19330574825914104
487.0,0.21803990689702749
499.0,0.21619921834772518
503.0,0.17867625943200022
511.0,0.194235316990238
517.0,0.24630086360682918
522.0,0.23388118636471783
533.0,0.19697795723148248
542.0,0.22491651195535592
550.0,0.20388099672851323
558.0,0.17744252832034266
563.0,0.16010090324116155
574.0,0.2085126500670873
583.0,0.21611905494090225
591.0,0.16514700322626524
599.0,0.1822623996055634
609.0,0.18303890337403333
617.0,0.20998659378265158
622.0,0.1926684928439808
630.0,0.22092180557489355
637.0,0.2227838413080839
645.0,0.16573604153254934
654.0,0.2165693320902526
663.0,0.17976143121037466
667.0,0.22913328689703813
674.0,0.2338845341011897
682.0,0.25243754984508404
689.0,0.1868690149129615
698.0,0.1875402524147622
707.0,0.17042734500124462
715.0,0.1818012156595413
721.0,0.2208598311941297
729.0,0.1865754345250977
737.0,0.19274194276275602
745.0,0.23142325112595824
754.0,0.23796326612976912
765.0,0.19721983155442602
773.0,0.15653774185560845
787.0,0.2330782269555038
796.0,0.1469767564355615
804.0,0.23081779133215255
810.0,0.27704889677573646
814.0,0.15723261284196954
822.0,0.20227478258001408
831.0,0.23173988921119681
836.0,0.21998666024829955
842.0,0.1979121729785653
853.0,0.2213920388914713
861.0,0.19030879727207953
872.0,0.23272069590150246
877.0,0.2059397114149499
883.0,0.2233684463062826
892.0,0.19896864593842553
904.0,0.18509890457126407
913.0,0.18986204131537232
921.0,0.21105127059574197
929.0,0.22758716454940156
937.0,0.1837860714910277
943.0,0.18966861780305153
948.0,0.2086785335939212
952.0,0.17925857389310387
964.0,0.24491264751801758
976.0,0.19055549818809595
984.0,0.22774130210064417
990.0,0.20432458616920057
998.0,0.17026618737914884
1006.0,0.13818806203799475
1015.0,0.22410270761099269
1026.0,0.23577955076117832
1034.0,0.23013253215730595
1041.0,0.19285693139126076
1048.0,0.22495192163894467
1055.0,0.23323903135767088
1059.0,0.18404470749907537
1071.0,0.17948223182263057
1078.0,0.21531816298303497
1085.0,0.22962882521996605
1092.0,0.23992495660878707
1101.0,0.21957538842680807
1110.0,0.23979279216071575
1118.0,0.21782116648382854
1125.0,0.16915443951316195
1133.0,0.2089819652036806
1144.0,0.1740911345405325
1150.0,0.22813469494471272
1161.0,0.1568591330834128
1168.0,0.12599463395239363
1177.0,0.18500166708619303
1184.0,0.2266002552232655
1191.0,0.25136559950958287
1195.0,0.18983437974094872
1203.0,0.17679978656693127
1211.0,0.15352531553213397
1220.0,0.21099883629280455
1227.0,0.19958808279028692
1236.0,0.23481021375010908
1247.0,0.29228827699504756
1253.0,0.18975622715374868
1264.0,0.1937779747996945
1273.0,0.24297558387429016
1281.0,0.17258681039545512
1289.0,0.21156194751022586
1297.0,0.186137086355603
1308.0,0.2607666907493617
1319.0,0.2056632663705412
1327.0,0.18942314609372415
1338.0,0.08219341279934915
1346.0,0.22674381055554144
1353.0,0.19581026700817228
1357.0,0.21515510329175533
1361.0,0.22484706362521606
1370.0,0.2386189967566057
1381.0,0.20422063297827167
1387.0,0.22250695860813371
1396.0,0.2307348474770386
1407.0,0.19770294057936355
1416.0,0.1868462251263878
1425.0,0.17953868728483405
1439.0,0.21849857173442147
1447.0,0.22370287539028544
1457.0,0.24029639894806284
1463.0,0.22832364410424466
1474.0,0.24439946472231783
1483.0,0.21329841101443447
1487.0,0.250929217527265
1494.0,0.1491937453520445
1501.0,0.1714485183098811
1506.0,0.2676685842127596
1514.0,0.19678891658269904
1522.0,0.18555783313765287
1533.0,0.19180926407948026
1539.0,0.23727221411202232
1546.0,0.20681520323463742
1551.0,0.20354579873769182
1559.0,0.22799634369760305
1565.0,0.205367842729561
1573.0,0.2270849891100232
1585.0,0.24199827508777105
1593.0,0.24247273057178556
1601.0,0.22078564845274315
1608.0,0.22148461083781049
1616.0,0.20378901745442593
1621.0,0.1699557838739802
1630.0,0.22039151677928967
1638.0,0.2298868238228135
1647.0,0.16400236153638395
1656.0,0.18609675654565677
1664.0,0.21286384270279735
1672.0,0.22184972006930487
1683.0,0.2318887764079526
1691.0,0.2047713605812858
1701.0,0.19250965410104973
1710.0,0.1879526968852636
1716.0,0.18857433863801576
1724.0,0.21547820709381643
1733.0,0.22557584641856177
1741.0,0.22873983114137778
1752.0,0.21288307496121403
1760.0,0.1716823791602669
1766.0,0.21358868455439511
1774.0,0.1864195863662212
1780.0,0.2175095091938439
1788.0,0.20185317450214182
1796.0,0.19054935920599064
1805.0,0.2357444084079475
1819.0,0.22527416434064573
1830.0,0.20361569776008664
1837.0,0.15468310158360743
1845.0,0.20221118173438768
1852.0,0.1862558374609623
1858.0,0.2592124453546636
1866.0,0.1995236182479624
1874.0,0.2034716066651901
1882.0,0.23817838150001502
1893.0,0.1978741454637769
1901.0,0.21883181874029797
1909.0,0.20564581969491247
1918.0,0.21841399568103803
1927.0,0.19002458464203803
1935.0,0.15818904662167174
1943.0,0.19800118563586233
1954.0,0.13094121771785072
1963.0,0.21091537284507322
1972.0,0.16974965805883396
1981.0,0.23025412597461659
1989.0,0.21017018593354653
1998.0,0.2488421128633574
2007.0,0.22337725791573623
2013.0,0.217563209171004
2020.0,0.2046893398659929
2028.0,0.21738115751527137
2035.0,0.1728518265595024
2043.0,0.21592215590809213
2049.0,0.1994726497559011
2061.0,0.17709251491013853
2068.0,0.20830163931657822
2077.0,0.2192950465803832
2089.0,0.23084781561115453
2094.0,0.22362147877769661
2098.0,0.16215246680706363
2104.0,0.16698141776142242
2112.0,0.258137880223646
2119.0,0.14699241232288174
2131.0,0.23636531277525055
2140.0,0.19961198347138173
2149.0,0.19910798222944878
2154.0,0.2573027661573919
2158.0,0.20743759786745986
2166.0,0.19442170366122402
2178.0,0.16332603033862755
2186.0,0.11725509063698705
2195.0,0.1852921450153254
2202.0,0.230363878010507
2211.0,0.20801151611595306
2222.0,0.2064960034472021
2230.0,0.2251919850822705
2239.0,0.19751263262246802
2247.0,0.21335703949341786
2255.0,0.18589888976488889
2263.0,0.19166355151006756
2274.0,0.18870951866231894
2285.0,0.22983914345704823
2293.0,0.18319136733548944
2300.0,0.16249039170075708
2309.0,0.2210098440250927
2318.0,0.13528427758079434
2326.0,0.23447837713232234
2338.0,0.14952592063436063
2344.0,0.22311648811479842
2354.0,0.16470815868630165
2362.0,0.2638916421620654
2369.0,0.20092386377799895
2375.0,0.2163188319957972
2380.0,0.23108678991703505
2387.0,0.23203469627982748
2395.0,0.21560207551039653
2402.0,0.2147401572358168
2411.0,0.20114309388238374
2419.0,0.22762980676439304
2426.0,0.21334082224059703
2435.0,0.1735438351265406
2446.0,0.218129657969541
2453.0,0.21721039950709176
2464.0,0.13352964447549967
2472.0,0.26124684801363607
2477.0,0.2346169658712655
2484.0,0.23140017502764454
2491.0,0.22160751910143522
2499.0,0.20949992234530374
2507.0,0.17865613477648876
2515.0,0.19920892382314528
2523.0,0.1994795304661069
2532.0,0.1634191540985161
2541.0,0.2025634057702451
2549.0,0.203376090233454
