,3
2558.0,0.2160931310552447
2566.0,0.22203376055375115
2574.0,0.23534235519598448
2581.0,0.21662965405002663
2588.0,0.12104445873473685
2597.0,0.213411685724711
2605.0,0.11638149712662278
2616.0,0.22310283180054583
2623.0,0.22937030972222736
2632.0,0.1973681846378239
2643.0,0.21438119388618274
2657.0,0.21098812654873192
2662.0,0.2131968277006619
2673.0,0.20771922480366217
2681.0,0.18959450875829928
2692.0,0.20830058810212207
2698.0,0.22959040068137893
2707.0,0.2099884681036295
2715.0,0.18363624727643696
2723.0,0.22488706256135893
2734.0,0.21232281943493467
2742.0,0.24209999426925685
2749.0,0.21923634072054654
2758.0,0.22985100844918163
2762.0,0.16462010255877324
2773.0,0.2195230525192712
2782.0,0.14127667809264077
2788.0,0.21776019768715832
2799.0,0.1612258995777976
2808.0,0.22038100846032005
2818.0,0.1929814252491733
2829.0,0.23247767921717782
2837.0,0.20732256665532728
2848.0,0.16538640116294553
2857.0,0.22264690268208
2866.0,0.18496585879966104
2877.0,0.21950668906411955
2883.0,0.2392330081860335
2887.0,0.19277279652664647
2896.0,0.21470118325927737
2904.0,0.2178140626602819
2912.0,0.2660599849696249
2916.0,0.20582641963648465
2927.0,0.19827072001318413
2941.0,0.23020934022498252
2950.0,0.21430069825703624
2955.0,0.173664912258249
2961.0,0.20319874503614316
2970.0,0.15047394877582665
2978.0,0.21181313187956138
2986.0,0.16913081870253832
2995.0,0.22629819550077432
3007.0,0.19931799743652506
3011.0,0.20573050085498487
3019.0,0.2096826645255705
3028.0,0.19846489146080715
3034.0,0.2359068573029282
3043.0,0.20837542676887733
3050.0,0.16664651254601395
3059.0,0.2314139803014336
3068.0,0.1450782982860427
3077.0,0.20344443567969292
3082.0,0.19031877054506893
3091.0,0.23486161974149564
3100.0,0.1606857977252277
3108.0,0.2157137388862661
3120.0,0.18077752433415478
3129.0,0.22073679099003307
3137.0,0.2786271833308237
3148.0,0.20017330467428124
3156.0,0.25700387838189825
3161.0,0.24602979073992823
3168.0,0.24341616370447586
3172.0,0.25563081568285134
3177.0,0.23575896457805476
3188.0,0.1457611432267103
3199.0,0.17753787374886237
3213.0,0.24330615665685856
3221.0,0.2366982234567613
3229.0,0.20681336378653248
3237.0,0.2138873230437517
3245.0,0.20974007593473587
3249.0,0.16946657995367026
3258.0,0.22292185894858532
3265.0,0.21034632298083136
3273.0,0.17609191844868058
3281.0,0.15674556661991568
3289.0,0.2171221199373126
3296.0,0.21762590494180753
3303.0,0.11904445360477622
3312.0,0.20473124652971095
3316.0,0.22757236816306428
3324.0,0.16863607729082708
3333.0,0.22213868756818464
3343.0,0.22671696472946437
3350.0,0.21490167788509604
3360.0,0.19374830850144878
3371.0,0.17110235535808194
3383.0,0.24178535024760078
3390.0,0.1785597241184532
3398.0,0.22230527283085902
3406.0,0.186834733893884
3411.0,0.18321452277126155
3416.0,0.16972170529947886
3425.0,0.19492496517599706
3432.0,0.21019944835598628
3442.0,0.19939677709466655
3450.0,0.20564269410047326
3462.0,0.2526923700879036
3470.0,0.21546020257409018
3478.0,0.16855219205841648
3486.0,0.19295858595274734
3495.0,0.16915462292434919
3504.0,0.2041046428609135
3512.0,0.1706874295594323
3518.0,0.1897482926741702
3530.0,0.23079446750848043
3535.0,0.17978571558215106
3546.0,0.17121978482834085
3558.0,0.21558442475739004
3566.0,0.25763448260538396
3575.0,0.20052433996552815
3581.0,0.17907425790148596
3588.0,0.1935776251207958
3596.0,0.13934928653879883
3608.0,0.2040411569804033
3617.0,0.13586500526260048
3626.0,0.22897141226713663
3634.0,0.22841807966096092
3642.0,0.2426360441314612
3647.0,0.22286183254524916
3656.0,0.17002076826090165
3661.0,0.2308045550417549
