,8
0,0.19835961725486786
1,0.2047610719545868
2,0.16227771144358813
3,0.18182508345055945
4,0.16334026102625313
5,0.1626423964453413
6,0.1781305775822082
7,0.15770908567661082
8,0.1704876130347447
9,0.18214424762937392
10,0.15770438706234638
11,0.16275205357611197
12,0.15398917847879426
13,0.17129124412898658
14,0.14925086832479328
15,0.16410487200264115
16,0.16701598821634397
17,0.14434644310176034
18,0.14533566126472403
19,0.1485028623338355
20,0.15859519020896887
21,0.1678714014325373
22,0.16760934468857247
23,0.15529283367190386
24,0.1600193762365795
25,0.1701889627806241
26,0.14639530559090555
27,0.16128838334271653
28,0.15260685537625088
29,0.15379923573823392
30,0.17060108773990496
31,0.16261895643785512
32,0.18517102690412232
33,0.17574421429885165
34,0.16147735327484225
35,0.15515628823443892
36,0.1587734042549576
37,0.16164867607403724
38,0.17425206441238703
39,0.1606314387646132
40,0.16704576054587467
41,0.16238540229747003
42,0.15413818279003083
43,0.1530147962338413
44,0.17034776727870393
45,0.18707415021016757
46,0.15641500833773936
47,0.1738471948127362
48,0.1631367080244977
49,0.15479881441687218
50,0.16431459673260845
51,0.15153002637719337
52,0.1547203840103258
53,0.16514975863073164
54,0.15113079263493137
55,0.19572523906690575
56,0.1436369173363259
57,0.14619853751301362
58,0.17757511429867492
59,0.17427234705735423
60,0.17279066308073981
61,0.1639085827626783
62,0.1828827214490137
63,0.17348839715265182
64,0.15251399150919331
65,0.14776975930722006
66,0.17760681260143715
67,0.17626796011639453
68,0.15226934821196625
69,0.14273999381835625
70,0.16115727204428412
71,0.1879030917288647
72,0.184193399727054
73,0.13907247684509408
74,0.1616427816761319
75,0.1694503874765972
76,0.16943852142382576
77,0.15305152431017868
78,0.170202828416647
79,0.18362593067647687
80,0.1565771942409001
81,0.14499444597821226
82,0.17763358885695452
83,0.18061565621754525
84,0.16428073335283824
85,0.16353771284741142
86,0.19781052084592013
87,0.1681738276521285
88,0.15577061824140845
89,0.169616549772807
90,0.1891216730981375
91,0.1811715806478179
92,0.15656871207501366
93,0.15951807285011585
94,0.1659012902802125
95,0.1562168856269973
96,0.17150672829203417
97,0.15187052967581605
98,0.168750129768396
99,0.16737429006611423
100,0.18682363609444377
101,0.1852703455861433
102,0.15353761705175245
103,0.16017996310624488
104,0.15456019715548316
105,0.17956469966841032
106,0.15535251697518457
107,0.15583674062507558
108,0.17792398216316732
109,0.16746755723679677
110,0.1577021138644716
111,0.16676495910947
112,0.1663594166872323
113,0.18165341902297016
114,0.14625916891318894
115,0.15134679294288314
116,0.1839502025754451
117,0.15324684320066936
118,0.14534053920074178
119,0.17042692636142223
120,0.1652708120577043
121,0.16440977138341586
122,0.1668124371597763
123,0.173569928120691
124,0.1542314516335577
125,0.1509167156774081
126,0.16943676352517992
127,0.16424448432424865
128,0.1733381663656042
129,0.15777915375406928
130,0.17437379545776613
131,0.1493330500130006
132,0.17062184178814008
