,4
2558.0,0.20436567668776187
2566.0,0.18066821582480663
2574.0,0.19902019895555625
2581.0,0.15816373955104607
2588.0,0.11363371949482975
2597.0,0.19723205337635863
2605.0,0.1500385193648061
2616.0,0.19773441677173464
2623.0,0.2102800630597184
2632.0,0.1955150652877073
2643.0,0.19922082238852348
2657.0,0.21351994492019147
2662.0,0.1845025508083237
2673.0,0.18790758536347907
2681.0,0.19052442430767202
2692.0,0.19718493605078152
2698.0,0.20598587390369505
2707.0,0.17922962012264623
2715.0,0.1913993658020447
2723.0,0.2085282143342511
2734.0,0.2179884955448048
2742.0,0.1901178110838327
2749.0,0.19916489404689403
2758.0,0.22286546077192815
2762.0,0.22226050241708517
2773.0,0.215670918406339
2782.0,0.19789624186143814
2788.0,0.1949596750937026
2799.0,0.1143730748923512
2808.0,0.20644581485922375
2818.0,0.19926264779654304
2829.0,0.20362134266731616
2837.0,0.2243998555481927
2848.0,0.12453031295934895
2857.0,0.19842497675842494
2866.0,0.19523682744850634
2877.0,0.18966475587147505
2883.0,0.1538309105099123
2887.0,0.22495929869840753
2896.0,0.18589824232814786
2904.0,0.22218076735379447
2912.0,0.24224328583
2916.0,0.2059604352426532
2927.0,0.24473887205417985
2941.0,0.20063720853096403
2950.0,0.24248061581791674
2955.0,0.22079081314912807
2961.0,0.21008146440587508
2970.0,0.21602762010875148
2978.0,0.23024289804031192
2986.0,0.1601382511956937
2995.0,0.16856365841284607
3007.0,0.2289719019006511
3011.0,0.19297350805513783
3019.0,0.1746404198952957
3028.0,0.21980405487653937
3034.0,0.18162457702923354
3043.0,0.22674210563448466
3050.0,0.16907308580449415
3059.0,0.1914853177167857
3068.0,0.2247387642928837
3077.0,0.24681274046969984
3082.0,0.16812123776491808
3091.0,0.22576280685772132
3100.0,0.16604263690750706
3108.0,0.187648385975071
3120.0,0.2088791574328876
3129.0,0.1946230135824483
3137.0,0.23721474032758622
3148.0,0.19080904475059174
3156.0,0.2042315582719554
3161.0,0.22700128833604621
3168.0,0.22257333940873844
3172.0,0.1533041362004195
3177.0,0.16537286929495
3188.0,0.19029810646021175
3199.0,0.18277889288262605
3213.0,0.19253896856960706
3221.0,0.17443661728903467
3229.0,0.21170984008741814
3237.0,0.16086026445801294
3245.0,0.1982698173654163
3249.0,0.20257908123511853
3258.0,0.18838838325524648
3265.0,0.18777778415826352
3273.0,0.19899523399073762
3281.0,0.22396374847935413
3289.0,0.2004885430677773
3296.0,0.23229980165397715
3303.0,0.17096528120606816
3312.0,0.20552026059747586
3316.0,0.1940537706087527
3324.0,0.19579890254752894
3333.0,0.20126055557552788
3343.0,0.1946204985565215
3350.0,0.21725814670991617
3360.0,0.16624619112212785
3371.0,0.23233415313570002
3383.0,0.16804561303068816
3390.0,0.1536383686375323
3398.0,0.2604947399357291
3406.0,0.2071735983601673
3411.0,0.16762779246352177
3416.0,0.17584808970710666
3425.0,0.19523204346920633
3432.0,0.18330562060702982
3442.0,0.1776627232666847
3450.0,0.1908826023967882
3462.0,0.19421172560245045
3470.0,0.18258145857586824
3478.0,0.17413892198669478
3486.0,0.20991323672707946
3495.0,0.1813613497308796
3504.0,0.17632933564168016
3512.0,0.18531743239075582
3518.0,0.20027368978565355
3530.0,0.21151585603542264
3535.0,0.20247799116096632
3546.0,0.19957857248609617
3558.0,0.18204681742384068
3566.0,0.18185473308999847
3575.0,0.16781362723341026
3581.0,0.16951596345913525
3588.0,0.1652259071854826
3596.0,0.16090733334944257
3608.0,0.17504755141530887
3617.0,0.16841018139008776
3626.0,0.20105387704045957
3634.0,0.2073180435338764
3642.0,0.17464212283588304
3647.0,0.20558970056215137
3656.0,0.19623580688101433
3661.0,0.1930302275166194
