,3
927.0,0.18289969056331412
931.0,0.19472225632586151
937.0,0.16250659484539315
947.0,0.1902312317787617
955.0,0.1800138574016944
962.0,0.2535457773166484
971.0,0.1800371608566571
979.0,0.17648694564617481
988.0,0.22242318130838729
995.0,0.22106659533682685
1006.0,0.1782565510810045
1015.0,0.2006205016150108
1024.0,0.20840402254688728
1036.0,0.19860748291424543
1048.0,0.20410670315863808
1052.0,0.15289031715801288
1060.0,0.15817257039996502
1067.0,0.23561574352403306
1074.0,0.17628302110997293
1081.0,0.20266297928159818
1088.0,0.262814346842603
1092.0,0.25094677461871556
1097.0,0.21762115628951434
1108.0,0.222782393887794
1112.0,0.253446583748993
1119.0,0.15598112014992604
1130.0,0.16003561393187388
1138.0,0.12898773080298379
1149.0,0.23540445813521887
1157.0,0.2477258869573496
1165.0,0.19383331829340342
1172.0,0.16802979596379009
1176.0,0.2395224866636571
1184.0,0.14564893154317174
1192.0,0.2481246300614331
1199.0,0.19289118166605634
1208.0,0.17583518536662815
1216.0,0.20541675675773738
1223.0,0.17002898905319508
1232.0,0.15132267201035576
1237.0,0.1786124442973779
1246.0,0.24652091058467634
1251.0,0.20648969384541624
1260.0,0.17104558983797682
1270.0,0.21781381995320184
1278.0,0.16560378639435422
1292.0,0.182601907962315
1306.0,0.200207766942599
1315.0,0.1593051763925505
1319.0,0.1931142221547311
1330.0,0.11529791680704665
1338.0,0.2234818189838887
1345.0,0.18765466674181205
1350.0,0.22926089605483763
1357.0,0.20933237273908933
1365.0,0.21950827982917687
1374.0,0.2706235335744696
1381.0,0.14848871963049817
1385.0,0.1851663743701263
1399.0,0.18974106140101601
1410.0,0.17548022018279527
1417.0,0.17324513330160418
1423.0,0.20249686897179267
1431.0,0.23683412597487705
1442.0,0.22684317579392427
1449.0,0.17854378007392172
1459.0,0.24923211810461282
1466.0,0.17180306716136337
1478.0,0.20860622844673044
