,5
927.0,0.2031789087013808
931.0,0.1252363195729268
937.0,0.1667166916747475
947.0,0.15113652398003444
955.0,0.16408013121698292
962.0,0.21629923698060685
971.0,0.18827416524307156
979.0,0.17974568140271524
988.0,0.2096680982078451
995.0,0.18333449255432746
1006.0,0.19047391614921133
1015.0,0.19996082993034278
1024.0,0.2077320381394955
1036.0,0.19773490343230124
1048.0,0.17235089842721427
1052.0,0.1840297720870731
1060.0,0.18667373706448
1067.0,0.16883712559783293
1074.0,0.19698877172895396
1081.0,0.2047953633965455
1088.0,0.19798212946098254
1092.0,0.21189768938134174
1097.0,0.15277456190815827
1108.0,0.17597911182964404
1112.0,0.19462649849825123
1119.0,0.1909444216981206
1130.0,0.19677064047110854
1138.0,0.1914114244973692
1149.0,0.18515881065497483
1157.0,0.19092873999599164
1165.0,0.18580144739336465
1172.0,0.1757563952810362
1176.0,0.16188910038456086
1184.0,0.15135953252535703
1192.0,0.19332481474604854
1199.0,0.1555935565014334
1208.0,0.19952991376878973
1216.0,0.19777704722832679
1223.0,0.19499187996032805
1232.0,0.1903635241607716
1237.0,0.18428931700503765
1246.0,0.19092895889325195
1251.0,0.20146141613564975
1260.0,0.18451678144781422
1270.0,0.17460657671162158
1278.0,0.21038487643669934
1292.0,0.1852907567662766
1306.0,0.169907421156995
1315.0,0.19317696354739664
1319.0,0.183913393551196
1330.0,0.1792470649162865
1338.0,0.18075315522243152
1345.0,0.20267301732082688
1350.0,0.17165424887152883
1357.0,0.21159406154462762
1365.0,0.16914711627582246
1374.0,0.1794418512183567
1381.0,0.18615304090444407
1385.0,0.17741004406380703
1399.0,0.19399819553124154
1410.0,0.1818951721365272
1417.0,0.20810140030837085
1423.0,0.1961536736828702
1431.0,0.19540153803946889
1442.0,0.18032919187120292
1449.0,0.15904828942497998
1459.0,0.1723736418684887
1466.0,0.19227742738578074
1478.0,0.22090190179732927
