,8
0,0.17734402931501111
1,0.18345578287321948
2,0.19407439100623633
3,0.16813573880374133
4,0.1727982328266752
5,0.1608055059721991
6,0.1503911056537664
7,0.1389442836939327
8,0.15255728592161572
9,0.14686042401488897
10,0.144586199581852
11,0.1437689464765735
12,0.1461134360879427
13,0.16299650946806682
14,0.1533770364459245
15,0.17363676516499932
16,0.17232425593694284
17,0.14801224402109348
18,0.15879350487478386
19,0.18384609211834574
20,0.15659169470161974
21,0.17899480678309287
22,0.16379344404575316
23,0.15580347371435233
24,0.145908064575284
25,0.15272915442154802
26,0.1664120474161753
27,0.1671662859402727
28,0.15049741040555753
29,0.1503645682686106
30,0.15285641603906036
31,0.14853386799613263
32,0.15743958318338228
33,0.14588701841056115
34,0.14741724137642298
35,0.15578994356893125
36,0.14535620334508434
37,0.1601419972680299
38,0.17849180515952556
39,0.18844825052795383
40,0.19925150782371356
41,0.16979225755614608
42,0.17528152387310292
43,0.16792621235311928
44,0.16690949875138622
45,0.14700277226251626
46,0.15473141200433388
47,0.141752889346
48,0.15364578741490664
49,0.15025328527312043
50,0.15841455756518513
51,0.17440584860063277
52,0.1643443495416337
53,0.16005362391918623
54,0.1498320369647146
55,0.16039585988357816
56,0.15167749235715713
57,0.1388555080844743
58,0.14231933923247136
59,0.13917851533855025
60,0.15351541336713595
61,0.15867385797246378
62,0.16406166630385655
63,0.1367129517678319
64,0.15064567427457395
65,0.14853738423942786
66,0.15326524379557557
67,0.1567561975089348
68,0.1634353244949688
