,5
458.0,0.2139919585484599
465.0,0.19448544257822675
477.0,0.22052018729910577
484.0,0.17521294057731193
493.0,0.19031268518020675
498.0,0.1887132799658877
506.0,0.19549586659182458
517.0,0.19008444569212568
525.0,0.1974545137005894
536.0,0.1905675304330263
544.0,0.18704824192893515
551.0,0.1662563943798433
560.0,0.20726186657593093
569.0,0.18850228603044952
577.0,0.17908636614089843
581.0,0.21750031135877407
590.0,0.19116702461676038
598.0,0.18862945710078727
602.0,0.1811044217987573
613.0,0.18876046499659668
624.0,0.18273716281545554
635.0,0.18032627856745076
639.0,0.18785713267213816
647.0,0.19986827267543378
658.0,0.17863827681470576
666.0,0.19985964414636717
676.0,0.19184811096523616
683.0,0.1906879719640265
691.0,0.21082368980496527
699.0,0.1678642476004649
707.0,0.19785195664438385
713.0,0.16691427696752192
721.0,0.18899433342661143
728.0,0.17482832352589409
736.0,0.20572822256399748
750.0,0.16986402997941463
764.0,0.18811481589078383
773.0,0.18798054281143473
777.0,0.18576027583460683
782.0,0.18848437804573023
788.0,0.1574126771156124
798.0,0.18564981044839202
802.0,0.19299333954187456
811.0,0.1762567954788355
818.0,0.1892942925691757
822.0,0.1820013351101823
830.0,0.18123652589531358
841.0,0.1902536235036892
848.0,0.17819976209514846
859.0,0.20216160450656895
867.0,0.19820998217378266
879.0,0.18823541994391585
886.0,0.18840137028493065
893.0,0.18578039299805402
900.0,0.18097287237549192
907.0,0.20065799748107854
915.0,0.18428868088091468
