,6
927.0,0.221696455911715
931.0,0.14767995446251522
937.0,0.17074044948643605
947.0,0.1663807324410102
955.0,0.17675697838510104
962.0,0.179557754836712
971.0,0.1650766380736257
979.0,0.16273919092527742
988.0,0.17430034805342293
995.0,0.1771442835685614
1006.0,0.19092305074706442
1015.0,0.17400172591832852
1024.0,0.18255431865013125
1036.0,0.19174143630378362
1048.0,0.18851888533539676
1052.0,0.1808754117763252
1060.0,0.1805592813154814
1067.0,0.1657032235487289
1074.0,0.18670127959266855
1081.0,0.1918005602975782
1088.0,0.20961856021876676
1092.0,0.19234906494780882
1097.0,0.15924656505224913
1108.0,0.1819004482243182
1112.0,0.19816501528784417
1119.0,0.18475468864510677
1130.0,0.18851428690789376
1138.0,0.1850279044574973
1149.0,0.16463038369565938
1157.0,0.1737547319232497
1165.0,0.1664417809486424
1172.0,0.1718903543125703
1176.0,0.17417938575863634
1184.0,0.1792677424553499
1192.0,0.15983733572835435
1199.0,0.18216792012851993
1208.0,0.17810997054087657
1216.0,0.1680209622618321
1223.0,0.19007901557342075
1232.0,0.20408003669589198
1237.0,0.16575543617503247
1246.0,0.20492686835664814
1251.0,0.1848025875161902
1260.0,0.1937126559547521
1270.0,0.1849373573444339
1278.0,0.17038471003404107
1292.0,0.18393826182219397
1306.0,0.17828734848724337
1315.0,0.17563775835844225
1319.0,0.1834869972214205
1330.0,0.17845587331630994
1338.0,0.18515929383707086
1345.0,0.14490231734464992
1350.0,0.17223230121056662
1357.0,0.16971238649349837
1365.0,0.1611146473308279
1374.0,0.17763855066270476
1381.0,0.16318008452183155
1385.0,0.1700449353145411
1399.0,0.1716859014196921
1410.0,0.19027924043297947
1417.0,0.1889865222901993
1423.0,0.17388658498294726
1431.0,0.1614270206941325
1442.0,0.1801206520423811
1449.0,0.18493111264822523
1459.0,0.16907043769605534
1466.0,0.179948242145589
1478.0,0.15443039128775712
