,6
2.0,0.17998706586615776
7.0,0.16670202462035272
15.0,0.17141860907510093
23.0,0.20806808511159183
28.0,0.1997637347722498
37.0,0.20042098987287715
48.0,0.18660509173557568
56.0,0.1790944657484144
65.0,0.16994164612795226
75.0,0.16626596263015256
83.0,0.15694553307429887
91.0,0.18546033804633205
98.0,0.16056797839933565
105.0,0.19767587199473244
112.0,0.1981093724829228
118.0,0.18132136265761128
122.0,0.16969203563119603
127.0,0.17344510200864843
131.0,0.17026089344607262
140.0,0.20096932049707533
149.0,0.1603038627837942
157.0,0.17352819390492222
165.0,0.191033387944044
173.0,0.18592021828277902
177.0,0.17636855608145544
185.0,0.18101702527956848
192.0,0.17756748940402958
199.0,0.19100137380787083
206.0,0.1961081659747349
213.0,0.18673295371292112
221.0,0.18602612746689634
226.0,0.18537998222664895
233.0,0.17540853415973295
243.0,0.1849902935439251
255.0,0.16692487594087416
263.0,0.17169770510939053
271.0,0.20232164554087434
280.0,0.20083480291556252
287.0,0.19889066115939985
296.0,0.18411354341985448
305.0,0.19667468085765058
319.0,0.17199629164244368
328.0,0.19166858177005777
337.0,0.17569831219088808
348.0,0.19024673100466166
352.0,0.20511127398672718
360.0,0.2046374289471439
369.0,0.166613398602785
378.0,0.201001511981248
389.0,0.1857806537588085
398.0,0.1856341060681828
402.0,0.1936929739911624
407.0,0.17321398531699495
415.0,0.19927794727330092
424.0,0.19164790315602534
432.0,0.1772262655948362
440.0,0.18972039924512543
449.0,0.18590507487063915
458.0,0.17418037335497577
462.0,0.1726946311702556
474.0,0.15764101208503697
481.0,0.1899479944742756
490.0,0.18698634810768375
499.0,0.1761639941505861
507.0,0.1857348757265051
512.0,0.19360025029884612
523.0,0.18968668675439307
534.0,0.19797206200335435
543.0,0.2042208979498103
550.0,0.18454007985402265
556.0,0.18674784367112618
562.0,0.15543896522234793
567.0,0.1581613807486946
578.0,0.16396743270641873
583.0,0.1813564695392622
588.0,0.1839395163257649
599.0,0.166887694580166
606.0,0.20427986474586277
615.0,0.18949331101433783
626.0,0.1852477121919332
631.0,0.18724947984638807
638.0,0.18743899743246545
644.0,0.18035560662183528
651.0,0.1702385304647388
665.0,0.17799091616912996
673.0,0.16728972495144068
680.0,0.1733120184790251
685.0,0.16998675539365393
697.0,0.18566920580622062
704.0,0.19040385441141847
711.0,0.16805606271888054
720.0,0.1661499435747094
727.0,0.18851038175921025
738.0,0.18376068795181807
744.0,0.19825466047382262
752.0,0.1896766593540723
757.0,0.19781908224848987
764.0,0.19569405023782943
772.0,0.2018122942866252
780.0,0.18276861372314518
788.0,0.17688626144793165
793.0,0.19185236813714765
801.0,0.1617244440755465
809.0,0.1855946123669296
815.0,0.16238425577429838
824.0,0.17924577634659525
831.0,0.19793709171366672
839.0,0.18286310118516108
845.0,0.19720921934795688
849.0,0.17294300846611527
854.0,0.1764286688709478
861.0,0.17029835501717072
870.0,0.17898689321747313
884.0,0.1683860025396847
892.0,0.16194629372621303
900.0,0.1831120516812495
908.0,0.17251572829168874
917.0,0.1985476932344032
926.0,0.19187266491185503
935.0,0.1655071690348371
944.0,0.177132463099479
951.0,0.1607869851349009
959.0,0.18046259945686835
963.0,0.17613778496590496
970.0,0.18234352151270716
981.0,0.19434046320039713
990.0,0.17765196305205488
999.0,0.18290530430266708
1007.0,0.1822397770134818
1012.0,0.2050314707188141
1019.0,0.19538000017490043
1026.0,0.20227044362089663
1034.0,0.16855311255148628
1044.0,0.18916683474177592
1053.0,0.19154939715759584
1062.0,0.19406998567725847
1070.0,0.17803662060262695
1078.0,0.19179426935564903
1082.0,0.1681326636870767
1086.0,0.19118264699847448
1094.0,0.17164470440802584
1105.0,0.19437392969398515
1113.0,0.1984629614693326
1121.0,0.19556909524627258
1129.0,0.19074097119866137
1138.0,0.21705091008827632
1147.0,0.19764676772472187
1155.0,0.1787389300372374
1163.0,0.17998035141486324
1168.0,0.17138666003599556
1176.0,0.16801112314181235
1183.0,0.16063151816742446
1188.0,0.19300005630396866
1199.0,0.18189125534406905
1206.0,0.16370964182093628
1214.0,0.18980123052201162
1222.0,0.18438055336913672
1228.0,0.18051903919756065
1236.0,0.16957585704374648
1245.0,0.17870403249059208
1254.0,0.17245767892886701
1259.0,0.18842128114068066
1268.0,0.19562891045667521
1276.0,0.19890395289184898
1284.0,0.1712834086685856
1290.0,0.19132426150129958
1299.0,0.19721674944564696
1308.0,0.17562268759012317
1317.0,0.17961981626649418
1324.0,0.1493398144883739
1332.0,0.18360156175408424
1338.0,0.1620696494306227
1346.0,0.174605993302495
1353.0,0.16559161231212127
1357.0,0.18727588480752047
1363.0,0.18121532106608346
1371.0,0.1781251913535567
1378.0,0.169400806030087
1387.0,0.18228202902815394
1392.0,0.16702420077520796
1396.0,0.1639701846340362
1404.0,0.1895554637966103
1415.0,0.17180737074795188
1423.0,0.19782641155748823
1432.0,0.1652194758718732
1437.0,0.17120287518967817
1445.0,0.18721958491751045
1457.0,0.1713288348017639
1465.0,0.18915842052426068
1473.0,0.19209572237948047
1481.0,0.2148773771354957
1490.0,0.176173713122427
1501.0,0.18911275526212554
1507.0,0.1675570906091843
1519.0,0.17409890027746133
1526.0,0.16995470569459975
1533.0,0.1711544900769029
1538.0,0.19034875345753957
1546.0,0.17148197573430987
1551.0,0.1665887848472826
1555.0,0.1797759235895472
1567.0,0.16090193270587916
1572.0,0.16882701622051116
1580.0,0.18365340650139556
1585.0,0.18216937674356268
1594.0,0.1609209614139917
1602.0,0.1994354918828421
1606.0,0.17444390695469902
1617.0,0.16406052787921277
1625.0,0.18370221351884444
1634.0,0.18635727607698277
1638.0,0.18004659162438366
1645.0,0.17156783208107584
1653.0,0.16704809098753118
1661.0,0.19954346843118942
1669.0,0.1997341681809277
1678.0,0.16594265516843804
1689.0,0.18388023177070612
1697.0,0.1551261346063414
1704.0,0.17842789252286864
1711.0,0.1756599448152958
1716.0,0.20777908787618754
1725.0,0.15354344482763732
1733.0,0.20032406600147665
1742.0,0.1747198390283198
1750.0,0.17244721753072337
1761.0,0.17564095295839396
1775.0,0.18541303614942659
1784.0,0.19362365605934545
1792.0,0.198920249435308
1799.0,0.18300208245696678
1803.0,0.19664702489445796
1812.0,0.17522719218863786
1821.0,0.18061641342835938
1829.0,0.1579947018160247
1841.0,0.1862265322721364
1849.0,0.19409063952273745
1856.0,0.1820732819628558
1865.0,0.17463298310807568
1870.0,0.16313165735097634
1877.0,0.1781807903746959
1883.0,0.17721498534255478
1895.0,0.16531280732587955
1900.0,0.1697632106606578
1908.0,0.18148590586659707
1916.0,0.18353697696937393
1921.0,0.17229191075733372
1929.0,0.18420422402390707
1937.0,0.17907417327414776
1946.0,0.16827825173710625
1954.0,0.19888166288480982
1963.0,0.178440832061297
1971.0,0.21636279533377573
1982.0,0.17775992449155611
1990.0,0.17547071651147458
2001.0,0.1783446194503784
2008.0,0.18800442930261502
2015.0,0.1866778626578921
2022.0,0.18242371844964647
2029.0,0.17928329335609722
2036.0,0.18136039889185113
2047.0,0.16583220932290402
2061.0,0.1506402813659438
2069.0,0.19109203738907704
2077.0,0.15065228679718665
2086.0,0.21266805736870462
2095.0,0.18438583107715287
2106.0,0.18508945692451537
2118.0,0.2003309490234968
2130.0,0.20562330783279467
2134.0,0.2027922659942058
2138.0,0.17198971464602286
2142.0,0.1652243886648586
2154.0,0.15778448341025628
2158.0,0.18940297617340668
2164.0,0.20608477184277882
2171.0,0.18831024526468024
2180.0,0.18217987553305248
2185.0,0.16856766547964014
2192.0,0.17482866393571841
2203.0,0.17682492712444095
2211.0,0.183711304326894
2218.0,0.18565780940082244
2229.0,0.180016824958749
2238.0,0.16055724243802152
2243.0,0.16695069246190106
2251.0,0.16983415898596305
2256.0,0.16996769811001297
2265.0,0.1654407057010151
2277.0,0.19948281859518185
2286.0,0.18550632430447336
2295.0,0.18124365020001282
2303.0,0.18558309023483743
2308.0,0.19811435684219095
2315.0,0.15880130993372443
2321.0,0.17139078209593672
2329.0,0.1754281227356028
2339.0,0.17482351120422832
2348.0,0.19275062934506887
2357.0,0.1537887923685506
2365.0,0.21976618015479168
2373.0,0.195912748423002
2381.0,0.20135530095353207
2389.0,0.19298564366056686
2396.0,0.1669923285677208
2402.0,0.1788014652870621
2410.0,0.18048746560184742
