,5
2420.0,0.17714050475562992
2425.0,0.20568319149526162
2433.0,0.20019953113126954
2439.0,0.18551433749629104
2445.0,0.18866275634426055
2449.0,0.206608439277957
2455.0,0.19069839619849788
2462.0,0.18535579144735362
2469.0,0.189102468865616
2476.0,0.20288793006978714
2484.0,0.2248107404386742
2492.0,0.21177962006683465
2500.0,0.1842126297550831
2504.0,0.20326928538140318
2515.0,0.18716948624157467
2523.0,0.17616732236125118
2529.0,0.21972569891726612
2541.0,0.22693111843392977
2553.0,0.18394164917931333
2559.0,0.15757930436690815
2566.0,0.18161478987534946
2573.0,0.1704680506006817
2581.0,0.17642885770972092
2586.0,0.1774236344378821
2593.0,0.1750282580920421
2597.0,0.17222410990079587
2604.0,0.18506590473860546
2611.0,0.17498349153298434
2619.0,0.2134179381556098
2630.0,0.22758796321350427
2642.0,0.18861244462652205
2648.0,0.18766835253815686
2654.0,0.18457296387404734
2660.0,0.1758477799168115
2664.0,0.1951072943083288
2671.0,0.21259993735465268
2682.0,0.19351457759714186
2693.0,0.2111662146229841
2701.0,0.18621221571964602
2709.0,0.1999901741102866
2713.0,0.1764360397950165
2722.0,0.19384637110099442
2731.0,0.22239659522973357
2737.0,0.17989970811741585
2745.0,0.20475044816918886
2753.0,0.19806626779055145
2759.0,0.1844334027649079
2767.0,0.17191552010808725
2774.0,0.19688433851477577
2783.0,0.2045889831374597
2791.0,0.21506976204726924
2800.0,0.20335329312511602
2807.0,0.1994159974849159
2815.0,0.2103822630823813
2819.0,0.19557220443818932
2826.0,0.185448693115229
2840.0,0.183656996673723
2848.0,0.1707729037068932
2857.0,0.19993910286092806
2864.0,0.19358687286388637
2869.0,0.19642175075360344
2876.0,0.18181875188860425
2885.0,0.20810604515438919
2891.0,0.198815051992411
2900.0,0.1772287257568344
2912.0,0.19423241105737013
2923.0,0.19110211437805885
2931.0,0.20683320355764703
2940.0,0.16968661119626055
2952.0,0.21181543930724905
2958.0,0.19251098076727594
2964.0,0.2218685513593554
2970.0,0.1595985758926492
2977.0,0.2007659654892133
2986.0,0.16045163752143704
2993.0,0.16638509855976477
3001.0,0.19203355343838155
3008.0,0.18520002536620947
3015.0,0.19300311102046383
3019.0,0.20084293211877194
3023.0,0.20749108949600736
3035.0,0.1987749251798369
3044.0,0.20851521792130218
3052.0,0.20503416555212908
3063.0,0.2403569382045939
3067.0,0.2040260879809352
3073.0,0.1789863073056702
3080.0,0.20779946138834515
3087.0,0.19256424086587665
3099.0,0.17061270869527526
3110.0,0.1882057221170698
3120.0,0.19497283676465965
3124.0,0.1664149123083784
3132.0,0.17985749443717527
3138.0,0.19521197782994784
3145.0,0.19906324802130423
3152.0,0.18266063215390438
3163.0,0.21087164796392555
3168.0,0.19733323192770105
3174.0,0.19374498348694236
3183.0,0.18467361941913116
3190.0,0.18915775507263244
3198.0,0.20340311461878785
3209.0,0.19716636738286156
3215.0,0.1787138285640556
3223.0,0.20022867720116577
3231.0,0.1874207584770284
3235.0,0.22972623398871664
3243.0,0.20186904693667387
3252.0,0.20319657982730413
3258.0,0.18786188334686219
3265.0,0.1780583764072477
3279.0,0.174932644919018
3285.0,0.19377775194966745
3294.0,0.2154444589515812
3299.0,0.18714862043817587
3307.0,0.19502625009591082
3315.0,0.18933839330086735
3323.0,0.20006882530052222
3337.0,0.1918420196635621
3341.0,0.19590460731097645
3348.0,0.18253966155015233
3355.0,0.1598070401560462
3366.0,0.2078353964797435
3374.0,0.20831814865288456
3381.0,0.19505093542897112
3388.0,0.18296852985017759
3394.0,0.17858754407505406
3401.0,0.18976118164116837
