,4
2420.0,0.18069027458880935
2425.0,0.19869980739693416
2433.0,0.19751440796429154
2439.0,0.17230816192809437
2445.0,0.1486445222219682
2449.0,0.19425162681853753
2455.0,0.20656185127841664
2462.0,0.21106516515572168
2469.0,0.2003380707437702
2476.0,0.17086959878038016
2484.0,0.19104129684447638
2492.0,0.16178057875872828
2500.0,0.20835123106442574
2504.0,0.19438171849100802
2515.0,0.18325653572243764
2523.0,0.1841231869022867
2529.0,0.18012780682697593
2541.0,0.15653737497718176
2553.0,0.19133218416162406
2559.0,0.17391663939430563
2566.0,0.18676781813051777
2573.0,0.17949940713931647
2581.0,0.15723905605355337
2586.0,0.1663421931872455
2593.0,0.22814852964300442
2597.0,0.1778851756086192
2604.0,0.20680942400718236
2611.0,0.20493622711407872
2619.0,0.21709584354048697
2630.0,0.1964235097310326
2642.0,0.1394608249262001
2648.0,0.17307018941885033
2654.0,0.17587888773853394
2660.0,0.20683745835567124
2664.0,0.20944882542653562
2671.0,0.20691716318353046
2682.0,0.1820094560028284
2693.0,0.21007541835806234
2701.0,0.21207061199492055
2709.0,0.18505478109760093
2713.0,0.18685578343358464
2722.0,0.23267621143208875
2731.0,0.17703410763493396
2737.0,0.2276334698986671
2745.0,0.21353669668435382
2753.0,0.17268655685686835
2759.0,0.20060605830787276
2767.0,0.2011223025370951
2774.0,0.1632082104154724
2783.0,0.20280236196995136
2791.0,0.17572017315549535
2800.0,0.22938127368086364
2807.0,0.1983928564330619
2815.0,0.17186011841704688
2819.0,0.20273834465608281
2826.0,0.1908762615473118
2840.0,0.18759117768894146
2848.0,0.164300804353458
2857.0,0.18294529381433455
2864.0,0.19096527745605893
2869.0,0.1693081378608183
2876.0,0.18154968782035216
2885.0,0.22169029940569984
2891.0,0.18605621265359792
2900.0,0.2098964898572164
2912.0,0.21072799283075122
2923.0,0.1735848937387626
2931.0,0.22964774189385923
2940.0,0.20667607175705333
2952.0,0.1949177923058835
2958.0,0.20875640912182108
2964.0,0.20350098341315237
2970.0,0.18177512614421068
2977.0,0.17894718522650369
2986.0,0.19457708070871976
2993.0,0.16855569064655634
3001.0,0.15855438375422315
3008.0,0.16169220227309872
3015.0,0.2267159885199084
3019.0,0.2407075677160078
3023.0,0.20509971687304537
3035.0,0.22579001989184008
3044.0,0.2256411039771351
3052.0,0.20001237881019931
3063.0,0.2001827224930144
3067.0,0.187192881176026
3073.0,0.20952095616554992
3080.0,0.17517324879456983
3087.0,0.20284976507023483
3099.0,0.12926733483411776
3110.0,0.17888378197324215
3120.0,0.235815898380283
3124.0,0.19108805244466065
3132.0,0.1635039474655473
3138.0,0.19309877042934273
3145.0,0.18578506705625217
3152.0,0.22049156997126937
3163.0,0.16366509303067503
3168.0,0.2107447675540873
3174.0,0.23096976224105908
3183.0,0.1879420922492172
3190.0,0.16435282690822728
3198.0,0.2196949888880879
3209.0,0.21428697819912815
3215.0,0.20728621129551741
3223.0,0.18008721492813137
3231.0,0.1631424157074293
3235.0,0.15474740474759988
3243.0,0.18602029499559466
3252.0,0.20017708500970993
3258.0,0.18293374326645098
3265.0,0.20396340691668646
3279.0,0.1752303033180316
3285.0,0.20528836701070682
3294.0,0.15069344190991715
3299.0,0.2039799304318991
3307.0,0.21154379541772625
3315.0,0.17200926038260644
3323.0,0.15914284656576494
3337.0,0.11183657740303443
3341.0,0.18048072405347487
3348.0,0.21157396876014534
3355.0,0.16892084490200318
3366.0,0.20255805675543412
3374.0,0.2257625049500511
3381.0,0.17767792160567297
3388.0,0.2059814534779817
3394.0,0.21012321700603842
3401.0,0.16987571033078827
