,4
2.0,0.2463990221103384
7.0,0.1615556126351222
15.0,0.19914881160726905
23.0,0.20974529678545825
28.0,0.20609293287154484
37.0,0.21214785986420728
48.0,0.22414058118763988
56.0,0.1633139656064735
65.0,0.2075247718266197
75.0,0.16766375310313145
83.0,0.21566825492416625
91.0,0.18864838168315154
98.0,0.22684766035776446
105.0,0.210087375731092
112.0,0.1839397827123921
118.0,0.21973539443438564
122.0,0.17628947099373166
127.0,0.19715167026113734
131.0,0.16296333945451494
140.0,0.18867027754436594
149.0,0.21224484977951455
157.0,0.21071519288291568
165.0,0.21411992980909272
173.0,0.22516664288554367
177.0,0.21471147562133677
185.0,0.21596283268350244
192.0,0.19326962318553007
199.0,0.19037685887711636
206.0,0.20630564221033415
213.0,0.23029091026788198
221.0,0.20013585291020075
226.0,0.22491389551532454
233.0,0.1837253451116271
243.0,0.19377150193214238
255.0,0.2226307842053203
263.0,0.16910172822293065
271.0,0.20527035094239177
280.0,0.19686129774884212
287.0,0.20178000972455246
296.0,0.15723091301654543
305.0,0.19298606406230256
319.0,0.19291449365185934
328.0,0.16545473874407085
337.0,0.20106588564685354
348.0,0.20266412467580888
352.0,0.22139958672947196
360.0,0.20045657485002252
369.0,0.19036913236006744
378.0,0.2205459811280241
389.0,0.1973848946194044
398.0,0.25922233694198155
402.0,0.21905100312688303
407.0,0.20464977587591543
415.0,0.24101165230650953
424.0,0.2006914055080926
432.0,0.22764928536433826
440.0,0.18892538538768308
449.0,0.19706853199318017
458.0,0.18963374614249767
462.0,0.20915775444264753
474.0,0.1968843468443133
481.0,0.22096167330471567
490.0,0.19022148823162158
499.0,0.16992801660695797
507.0,0.17858925184596916
512.0,0.22712584861653015
523.0,0.2325299160426487
534.0,0.21184293663072679
543.0,0.22518000229109184
550.0,0.19038095662341104
556.0,0.18126350304346253
562.0,0.16605073198195908
567.0,0.2117212256809079
578.0,0.1769618317151959
583.0,0.1956298916911111
588.0,0.13934340352665947
599.0,0.198512085196123
606.0,0.18404808517204554
615.0,0.19557037818622344
626.0,0.18456831833027573
631.0,0.21949851149632216
638.0,0.21045720933711118
644.0,0.21916499630053388
651.0,0.2264492480744552
665.0,0.2552410226991266
673.0,0.21437961949498452
680.0,0.17499134605027453
685.0,0.19159003441652786
697.0,0.2069768240599081
704.0,0.202820291510626
711.0,0.19346141931309116
720.0,0.19234359224121195
727.0,0.1978865447228501
738.0,0.2175308516529492
744.0,0.1930722055172308
752.0,0.19456451223969132
757.0,0.18871186331705728
764.0,0.14572335248928575
772.0,0.18679800546746483
780.0,0.22080544530675666
788.0,0.1808188974695197
793.0,0.16989626682133033
801.0,0.1880982488120879
809.0,0.21135784392494264
815.0,0.2056958890290098
824.0,0.21067038455608927
831.0,0.1689906444870536
839.0,0.20469368498550358
845.0,0.20862000094239808
849.0,0.19478948843581806
854.0,0.1954676817338087
861.0,0.20860723123303512
870.0,0.18356233083555237
884.0,0.19803606604767438
892.0,0.20353698231250208
900.0,0.1836891201849205
908.0,0.21172960312856728
917.0,0.20145260299282214
926.0,0.18731446181147002
935.0,0.23643344804385502
944.0,0.2038252710597758
951.0,0.2077240514756849
959.0,0.22146120937041536
963.0,0.23100915302926547
970.0,0.1913999844077678
981.0,0.11511205014709439
990.0,0.12903085838150882
999.0,0.17058328195858635
1007.0,0.2108026048769875
1012.0,0.18753568427273734
1019.0,0.18735376696261016
1026.0,0.19806059531028086
1034.0,0.1926588659825963
1044.0,0.19357077374744477
1053.0,0.13750661436741632
1062.0,0.21170836017258945
1070.0,0.18568885725812936
1078.0,0.22685539988200545
1082.0,0.19562401913978653
1086.0,0.17572092675772782
1094.0,0.1992033488486275
1105.0,0.1596931151688052
1113.0,0.16627045823923278
1121.0,0.2517690304773452
1129.0,0.1441922206638162
1138.0,0.16239795226618753
1147.0,0.18249116706004054
1155.0,0.21574266053487737
1163.0,0.2386087670785118
1168.0,0.19961915553325518
1176.0,0.1809138246153797
1183.0,0.19057915641514933
1188.0,0.22278758653132863
1199.0,0.21948040954228695
1206.0,0.2209820412282415
1214.0,0.2109236144291176
1222.0,0.18855681900511448
1228.0,0.22787204694232724
1236.0,0.21614827553156832
1245.0,0.18454083683875566
1254.0,0.22973134875531823
1259.0,0.16811641792196402
1268.0,0.23049194974350642
1276.0,0.21268058075050655
1284.0,0.20262476261357018
1290.0,0.2203831232087064
1299.0,0.18905875540592798
1308.0,0.14669977215301266
1317.0,0.19477842947974985
1324.0,0.2569079705718298
1332.0,0.18316053413077996
1338.0,0.21794769815254922
1346.0,0.16116288399629433
1353.0,0.20985416987769143
1357.0,0.2192213907861116
1363.0,0.2024027353109041
1371.0,0.18170592881978892
1378.0,0.20009611113429424
1387.0,0.1689994486805433
1392.0,0.16011370805798342
1396.0,0.21635037402982488
1404.0,0.21027445167243128
1415.0,0.17746959630633946
1423.0,0.12976819706866963
1432.0,0.18323928348288232
1437.0,0.2013237904577177
1445.0,0.1851529505787237
1457.0,0.2049906722739837
1465.0,0.2109482012484289
1473.0,0.25155935637809285
1481.0,0.20851934816277903
1490.0,0.241095116271221
1501.0,0.21163866263974693
1507.0,0.22061658833502382
1519.0,0.1558601667901269
1526.0,0.2014007879259832
1533.0,0.19479429648137542
1538.0,0.19224755221522072
1546.0,0.1499110083947535
1551.0,0.19169543626053925
1555.0,0.2215388218117727
1567.0,0.2058636050209242
1572.0,0.22489096988506568
1580.0,0.20657248131567735
1585.0,0.20119608578050913
1594.0,0.23040561622337916
1602.0,0.22719249233214733
1606.0,0.1949760476492174
1617.0,0.2002248576100562
1625.0,0.2139183442672829
1634.0,0.17335701813484203
1638.0,0.16106647846563965
1645.0,0.19715374120759105
1653.0,0.14375397091334438
1661.0,0.1950998315180367
1669.0,0.21759868457123524
1678.0,0.18908803254855744
1689.0,0.22089208936568613
1697.0,0.20040375552132206
1704.0,0.23050288900408444
1711.0,0.16317677247185552
1716.0,0.17583927904754604
1725.0,0.20931912443920395
1733.0,0.19284200518162345
1742.0,0.18141742795479232
1750.0,0.18511746853963545
1761.0,0.20043758610571122
1775.0,0.17823030136187037
1784.0,0.20292789558626137
1792.0,0.23188259837116676
1799.0,0.2086612270680465
1803.0,0.13551211224885237
1812.0,0.21649835953491758
1821.0,0.20004303251422836
1829.0,0.18157492873500172
1841.0,0.2219794043698276
1849.0,0.20156568965626773
1856.0,0.1886872468771537
1865.0,0.22403090231548867
1870.0,0.2171530204826637
1877.0,0.19564302347528872
1883.0,0.18746699292172847
1895.0,0.20263770811211332
1900.0,0.16278468498184492
1908.0,0.21536277006745994
1916.0,0.18665451582557122
1921.0,0.20236614393169955
1929.0,0.2124122605920377
1937.0,0.18614397719161702
1946.0,0.1816352522670684
1954.0,0.1669498153897472
1963.0,0.17853472181750601
1971.0,0.2022948703661099
1982.0,0.21708409104206147
1990.0,0.18278007364167986
2001.0,0.18637770801639325
2008.0,0.22011069839612044
2015.0,0.2013160295993854
2022.0,0.18338940691852182
2029.0,0.2325293797552275
2036.0,0.17851073834122438
2047.0,0.1958558023760477
2061.0,0.2050416044343616
2069.0,0.20267926239248016
2077.0,0.1688364336109622
2086.0,0.17450244567034623
2095.0,0.18379947884817577
2106.0,0.21764324431722204
2118.0,0.21350378722739224
2130.0,0.23376998970699114
2134.0,0.1853696157658252
2138.0,0.17302488418957848
2142.0,0.1757232350624946
2154.0,0.159148489598276
2158.0,0.16786179089323908
2164.0,0.2386403559709971
2171.0,0.21754332854836134
2180.0,0.18171469650633706
2185.0,0.19853914621252464
2192.0,0.18484482611765676
2203.0,0.1878779079861806
2211.0,0.18998579351688508
2218.0,0.17534564813748044
2229.0,0.21434538266839784
2238.0,0.16103527251723282
2243.0,0.20844872248138893
2251.0,0.1822288108157362
2256.0,0.23379444226107618
2265.0,0.19079340694670838
2277.0,0.18011605871018285
2286.0,0.1834982381268173
2295.0,0.20950085900080168
2303.0,0.2319925815443118
2308.0,0.21659665128511627
2315.0,0.24711884679196702
2321.0,0.2199421431062854
2329.0,0.2151367594636633
2339.0,0.17633362689643467
2348.0,0.20859193490272637
2357.0,0.18446618833567005
2365.0,0.216530655160179
2373.0,0.09426116897559536
2381.0,0.1792530819104199
2389.0,0.22130552765699832
2396.0,0.2146956824670425
2402.0,0.19699243930226115
2410.0,0.2269898903120037
