,6
2420.0,0.19485365130693785
2425.0,0.1598989660508722
2433.0,0.18251513812431913
2439.0,0.20643286005487801
2445.0,0.173808267884238
2449.0,0.20652801069605864
2455.0,0.1875734573512774
2462.0,0.17010018605006594
2469.0,0.18706905896252576
2476.0,0.21341567498012587
2484.0,0.18956139113591097
2492.0,0.17430573346170142
2500.0,0.1992839089292472
2504.0,0.21124965142002236
2515.0,0.19350538875403014
2523.0,0.20404278140246668
2529.0,0.21916998640823687
2541.0,0.21604764057370163
2553.0,0.15386316467910913
2559.0,0.20783902867872717
2566.0,0.22755392394787483
2573.0,0.19717732753601974
2581.0,0.1797970871817657
2586.0,0.17707196803676387
2593.0,0.15901202099300105
2597.0,0.16264371693094837
2604.0,0.1840611577719906
2611.0,0.16835424825916445
2619.0,0.1852979096798894
2630.0,0.165967683520104
2642.0,0.17495794517925384
2648.0,0.1911491721429098
2654.0,0.18946339578008503
2660.0,0.22415628244508748
2664.0,0.2099732405524848
2671.0,0.1604612158162886
2682.0,0.17911263483309575
2693.0,0.17887058382700496
2701.0,0.17966753116190853
2709.0,0.17095038904827833
2713.0,0.19019395174566955
2722.0,0.17570975762376376
2731.0,0.16757700848424137
2737.0,0.18647562801057438
2745.0,0.1987408236948152
2753.0,0.1729596490108992
2759.0,0.19198361100724795
2767.0,0.1941279500948477
2774.0,0.18899175094271065
2783.0,0.19595715158636412
2791.0,0.16931695194950833
2800.0,0.1831021596712572
2807.0,0.18540881335394233
2815.0,0.18089241646874235
2819.0,0.16556544647108842
2826.0,0.16589201782107071
2840.0,0.2053567105414051
2848.0,0.1575862548436985
2857.0,0.17904180545928985
2864.0,0.16795047552961218
2869.0,0.1873040326310626
2876.0,0.17261530069966227
2885.0,0.18854397780387117
2891.0,0.1756830937159337
2900.0,0.17224844774770479
2912.0,0.17039160684728233
2923.0,0.17932425789885786
2931.0,0.18770357867642629
2940.0,0.17802856330360411
2952.0,0.18256201037615116
2958.0,0.16900316057216316
2964.0,0.19638617961727048
2970.0,0.18564907942919526
2977.0,0.20543375187583734
2986.0,0.17569300894351605
2993.0,0.1558800868776123
3001.0,0.20998202141885255
3008.0,0.20050378147678094
3015.0,0.17714998146249925
3019.0,0.17405962670671649
3023.0,0.16763620390968006
3035.0,0.1908396785621838
3044.0,0.16947536943134392
3052.0,0.19910570516459367
3063.0,0.14136300167558377
3067.0,0.1900641603864028
3073.0,0.1782457874418029
3080.0,0.18932223596379263
3087.0,0.1761323775377
3099.0,0.17394289018147988
3110.0,0.17282685370578185
3120.0,0.17530688662496788
3124.0,0.1607616793158515
3132.0,0.15962252555385056
3138.0,0.19539580222107836
3145.0,0.19102122621464304
3152.0,0.15851887734134346
3163.0,0.17057167037176216
3168.0,0.17111543829617076
3174.0,0.16958469634308007
3183.0,0.21270244813035005
3190.0,0.18654199436390068
3198.0,0.17603228435859647
3209.0,0.18521925983205045
3215.0,0.17401673899297318
3223.0,0.1782367944927977
3231.0,0.14460307162605388
3235.0,0.19077812737039446
3243.0,0.20399712183999286
3252.0,0.1779079974317682
3258.0,0.172580678876281
3265.0,0.1774261231689047
3279.0,0.17931264238680586
3285.0,0.19355012818863082
3294.0,0.20512752401934845
3299.0,0.18518536737449137
3307.0,0.16281218511087137
3315.0,0.17822522483602954
3323.0,0.17068796726347832
3337.0,0.1786225774737722
3341.0,0.17165128176599243
3348.0,0.1869251766219038
3355.0,0.19102802532348476
3366.0,0.1773135179180283
3374.0,0.19751401920680242
3381.0,0.19111996551032737
3388.0,0.17632349323218158
3394.0,0.15130638494216817
3401.0,0.1631478996272916
