,3
2.0,0.23704926498123624
7.0,0.24179356286767903
15.0,0.21641990107369521
23.0,0.24161553664251845
28.0,0.22464244146367512
37.0,0.1720654125950091
48.0,0.21962843897802836
56.0,0.15509249575309716
65.0,0.22359353357835102
75.0,0.21174910930442017
83.0,0.23783185411440044
91.0,0.22236509219911052
98.0,0.24566573994312227
105.0,0.23393317774267416
112.0,0.16039381227154767
118.0,0.26097914659687926
122.0,0.22835657181637398
127.0,0.24811982917472333
131.0,0.21811190206924078
140.0,0.16294815069689148
149.0,0.23059199324010402
157.0,0.17302882097893155
165.0,0.25304008549376295
173.0,0.28936107984287446
177.0,0.18989346992816067
185.0,0.23100302071390907
192.0,0.23794768656547927
199.0,0.23185633137686298
206.0,0.22281364916698423
213.0,0.1937302998065131
221.0,0.18825764222662789
226.0,0.22960715153215533
233.0,0.12352284246556855
243.0,0.19823822370347774
255.0,0.214266958677828
263.0,0.16639462598987179
271.0,0.171367884824679
280.0,0.2432273984000282
287.0,0.20026624390345657
296.0,0.19310267529383737
305.0,0.17858900590193816
319.0,0.18640718124217537
328.0,0.23850210532307267
337.0,0.18622776790459186
348.0,0.15284350868542956
352.0,0.2082188302945739
360.0,0.2080208832331865
369.0,0.2480758319330231
378.0,0.17145094699714827
389.0,0.21855776841056665
398.0,0.27943726177292716
402.0,0.19799460910538022
407.0,0.1658905342541214
415.0,0.17781453161195562
424.0,0.18621712713738292
432.0,0.2066690646253503
440.0,0.1883188169890239
449.0,0.21463782075144516
458.0,0.1972710121250129
462.0,0.15065731888062003
474.0,0.23754608277148637
481.0,0.24315495425068528
490.0,0.2145780269611901
499.0,0.20556655544004884
507.0,0.22653608098560452
512.0,0.2399027861296614
523.0,0.21780437138747194
534.0,0.2686420585359885
543.0,0.23478950521560552
550.0,0.2283554709596617
556.0,0.16172957005446092
562.0,0.24920816878809698
567.0,0.24887867662818547
578.0,0.16268361943118523
583.0,0.21644846414307875
588.0,0.19779760476653774
599.0,0.22465445376550555
606.0,0.22272225529979192
615.0,0.22815957505724813
626.0,0.23388378871657475
631.0,0.24863976023442388
638.0,0.22423830675572612
644.0,0.2351100110714074
651.0,0.2178290006264348
665.0,0.19040382132140354
673.0,0.22217025817013825
680.0,0.21634470612189188
685.0,0.2236223688670534
697.0,0.22363266995225545
704.0,0.18149211150694075
711.0,0.21154977121322646
720.0,0.2086691037128901
727.0,0.21389478918334523
738.0,0.24285500286813438
744.0,0.2100146971963471
752.0,0.25579529360610276
757.0,0.23628281775651377
764.0,0.17169375459136227
772.0,0.20979838058691477
780.0,0.24979734594976863
788.0,0.22429021534535146
793.0,0.21079590148337665
801.0,0.20252560149151716
809.0,0.18879743230320317
815.0,0.18124654851783736
824.0,0.1762737594705227
831.0,0.1915840735284879
839.0,0.232825539714646
845.0,0.2045095384457757
849.0,0.18588996022353
854.0,0.21301934906815378
861.0,0.2225798662690731
870.0,0.11591611393246061
884.0,0.21768232307893334
892.0,0.2231098963812307
900.0,0.19774485412024018
908.0,0.23335797519147086
917.0,0.22961503663863472
926.0,0.16123061748864842
935.0,0.23389895031493563
944.0,0.1946319220723066
951.0,0.21709142883622054
959.0,0.1876689772513805
963.0,0.21472865041529546
970.0,0.19201642502813562
981.0,0.16718975062510918
990.0,0.1886528350281048
999.0,0.20840365471099037
1007.0,0.22105261749113087
1012.0,0.1758958924181935
1019.0,0.22736400207195348
1026.0,0.18405230696175046
1034.0,0.21283444736697293
1044.0,0.22741012998921345
1053.0,0.1593517130651924
1062.0,0.1967301370093015
1070.0,0.2514551151294618
1078.0,0.20638738541659296
1082.0,0.25059557994203974
1086.0,0.2296566352382368
1094.0,0.16660299499076164
1105.0,0.2061292577343261
1113.0,0.2202718425152575
1121.0,0.2181362973653221
1129.0,0.21602776351021338
1138.0,0.18617549364960068
1147.0,0.21072539424000084
1155.0,0.2635323016984118
1163.0,0.2610486550418633
1168.0,0.19598795871406863
1176.0,0.16543121005205788
1183.0,0.19688034899672285
1188.0,0.15479164445011284
1199.0,0.23835429729352556
1206.0,0.2115321212067268
1214.0,0.18780202846380661
1222.0,0.17120066104790563
1228.0,0.2202160921571222
1236.0,0.20206086618652927
1245.0,0.18461336286855062
1254.0,0.2296947244972398
1259.0,0.1716714050132095
1268.0,0.23076693188979433
1276.0,0.21323504092017775
1284.0,0.18798292557420257
1290.0,0.1897188231719991
1299.0,0.24109888796170154
1308.0,0.16272948427982217
1317.0,0.23171176976748314
1324.0,0.25174171385568966
1332.0,0.19157154960435352
1338.0,0.1357662254678088
1346.0,0.1771365488300721
1353.0,0.21847288209235463
1357.0,0.12876173768103574
1363.0,0.2161274182871595
1371.0,0.1684105255263773
1378.0,0.22241727123270205
1387.0,0.2038087172859926
1392.0,0.22183611808087125
1396.0,0.2200462335219958
1404.0,0.148639800469683
1415.0,0.1856206177301922
1423.0,0.1429222885666434
1432.0,0.2515346592066784
1437.0,0.25493531478284315
1445.0,0.14912873765910317
1457.0,0.23994005956839146
1465.0,0.1645728705193613
1473.0,0.2519120855571328
1481.0,0.1971209182138593
1490.0,0.25558792791424245
1501.0,0.18071363718011027
1507.0,0.17223111124585322
1519.0,0.21077795576728717
1526.0,0.23907387377518538
1533.0,0.19768212938091725
1538.0,0.22211121587101504
1546.0,0.20143875327216437
1551.0,0.235557953383839
1555.0,0.19591339771546512
1567.0,0.21305729542025184
1572.0,0.2351832987273294
1580.0,0.24999272097122172
1585.0,0.17005492282837084
1594.0,0.23792667439974727
1602.0,0.19402708504493893
1606.0,0.2523875469853266
1617.0,0.2441268215519935
1625.0,0.20933310798467417
1634.0,0.26503273386877163
1638.0,0.16450630365479477
1645.0,0.17079539404228034
1653.0,0.18219867213947977
1661.0,0.19406313202018055
1669.0,0.21594535389847436
1678.0,0.20724090922947613
1689.0,0.16429361912855542
1697.0,0.22776091696760747
1704.0,0.22848715715966134
1711.0,0.18261926128878223
1716.0,0.1984545281989732
1725.0,0.21669973165261464
1733.0,0.18988610731951264
1742.0,0.21275991027152194
1750.0,0.2178187833214173
1761.0,0.23111941104781042
1775.0,0.24997884399604403
1784.0,0.24614030169580609
1792.0,0.25352734959880247
1799.0,0.19865514176403648
1803.0,0.15935262976461986
1812.0,0.2104954785763185
1821.0,0.1972426380165369
1829.0,0.21160286188116692
1841.0,0.24191039879981513
1849.0,0.2360100958302955
1856.0,0.21617876004106776
1865.0,0.26818808820396656
1870.0,0.20498878990626337
1877.0,0.17455146837758273
1883.0,0.2080267221127512
1895.0,0.18950494469074305
1900.0,0.17494637925864676
1908.0,0.22020896762197928
1916.0,0.21174984924655976
1921.0,0.23431686401826315
1929.0,0.2719260961720563
1937.0,0.219258914758666
1946.0,0.20503006285255188
1954.0,0.22645488702082617
1963.0,0.24634843262965894
1971.0,0.20191024099057503
1982.0,0.23160131499587971
1990.0,0.19233724836001787
2001.0,0.21550307245791708
2008.0,0.23229689653088692
2015.0,0.23977566084177995
2022.0,0.1775227558363524
2029.0,0.20217688132234918
2036.0,0.18692951055023654
2047.0,0.13302486435037736
2061.0,0.20388965862580227
2069.0,0.1932097628611786
2077.0,0.2341298189683988
2086.0,0.2191771681132176
2095.0,0.15502238906614907
2106.0,0.2115469591019731
2118.0,0.20680226226728105
2130.0,0.2562465006187192
2134.0,0.2638471857739071
2138.0,0.25300938127363887
2142.0,0.11659490974793449
2154.0,0.21552579887985204
2158.0,0.22963585858140032
2164.0,0.24196285638789977
2171.0,0.22816343257466795
2180.0,0.24716551395763636
2185.0,0.2336436720426874
2192.0,0.21063961975084872
2203.0,0.209362461939841
2211.0,0.17044005351496683
2218.0,0.26192220418840667
2229.0,0.2165432878118304
2238.0,0.18625745581407072
2243.0,0.20292397202789336
2251.0,0.19737571166647144
2256.0,0.1557756821656109
2265.0,0.2232564566120067
2277.0,0.20537162587296462
2286.0,0.2253648500715859
2295.0,0.20763068657969513
2303.0,0.24122494613179785
2308.0,0.25008298820489083
2315.0,0.22422386573994182
2321.0,0.23668978541870875
2329.0,0.22202822879116565
2339.0,0.1897474942024502
2348.0,0.22492253383544084
2357.0,0.15794797911423533
2365.0,0.21228441677764368
2373.0,0.13276933720391715
2381.0,0.18937861000612813
2389.0,0.21639706711208356
2396.0,0.22674988247813918
2402.0,0.23941138792237104
2410.0,0.2224349073012855
