,6
2.0,0.22005275843959532
8.0,0.17706017123058704
12.0,0.15073455367872038
19.0,0.1947258591998188
26.0,0.19204692666446085
31.0,0.1832013962722038
39.0,0.17036743004255767
48.0,0.1822547647084652
55.0,0.18679184849187425
62.0,0.17958178157467714
70.0,0.1708781033361664
76.0,0.19463478183888974
80.0,0.1740398369831557
88.0,0.17503926068180417
95.0,0.17574171846233175
103.0,0.18070996421268035
107.0,0.17028210328426638
116.0,0.18391889282342888
125.0,0.17670534354807912
130.0,0.1738679782005403
137.0,0.18226247446850158
144.0,0.16216150285428332
148.0,0.19002498738417445
154.0,0.17281945829758968
168.0,0.19933245886964437
175.0,0.1762031230135606
189.0,0.19128558125767903
198.0,0.18740052166635665
205.0,0.16715816353647797
211.0,0.16169343418976953
219.0,0.18934591301693457
228.0,0.17595707237439231
236.0,0.19396112301066457
245.0,0.17894271391462377
252.0,0.17241731496791182
256.0,0.17018145593603343
267.0,0.16580174538157647
277.0,0.1733475529505102
288.0,0.19113627538614278
294.0,0.18246188289353663
298.0,0.17843539774595807
302.0,0.1829960103926771
308.0,0.16109813530447775
316.0,0.1812743704560091
324.0,0.1851082008885094
332.0,0.17743080256041824
341.0,0.15728975107990767
349.0,0.15332466897516922
363.0,0.1926050970862377
370.0,0.19347736267258112
377.0,0.19000862220482118
384.0,0.17255976926040312
389.0,0.1980191098177923
394.0,0.1679391093824213
404.0,0.19878897802602533
410.0,0.17528183469590944
414.0,0.17524522890979166
421.0,0.17893379807669055
428.0,0.18366284833231855
435.0,0.16409232282869587
441.0,0.20830036017473363
449.0,0.1869752347715114
456.0,0.18487856814056727
463.0,0.19978426665029533
470.0,0.17769702612303348
475.0,0.1932252394996487
479.0,0.18308635591181588
488.0,0.17710601943750712
499.0,0.17285868402544535
507.0,0.18837961139643897
516.0,0.15295370559050717
520.0,0.16104727433677507
526.0,0.1959799786222865
532.0,0.1705233788941972
538.0,0.21078065615013905
547.0,0.19256168212025504
556.0,0.186344381091509
564.0,0.18448009773557988
573.0,0.19306632201850085
582.0,0.1910093246451994
590.0,0.1772678615827582
599.0,0.1957333115641723
607.0,0.17082011238085906
612.0,0.18611166877885943
621.0,0.18268846629221977
628.0,0.18738094304687336
639.0,0.18613236485737011
648.0,0.18714198275183452
656.0,0.19598336989256046
662.0,0.1904254918051608
671.0,0.16169700433908904
683.0,0.18642355143426642
691.0,0.18895717097064682
697.0,0.1845421247458309
705.0,0.15484437030671566
712.0,0.1817893058136271
720.0,0.18492677613573105
728.0,0.1542346384312985
736.0,0.1753070168293183
744.0,0.17707532843783222
752.0,0.18165755410469164
759.0,0.176160176588287
767.0,0.179642458935282
775.0,0.19169525059079187
784.0,0.18445066081450012
792.0,0.17426324383447758
798.0,0.16984642713310347
805.0,0.1974621627230535
810.0,0.19468151080023718
815.0,0.18418213958296295
821.0,0.17271661732286184
832.0,0.1778097944561886
838.0,0.23110178325557662
847.0,0.177108489074748
854.0,0.1692454812170753
861.0,0.16983599570985541
867.0,0.16336466829356253
872.0,0.19887830238712845
879.0,0.17391365361034852
885.0,0.16647850138297193
893.0,0.1611462154710306
900.0,0.17133446208400085
906.0,0.19443756618221822
911.0,0.14655682982939655
917.0,0.1792906916735277
925.0,0.1971330724129967
933.0,0.20724503398673563
944.0,0.16910800867734485
949.0,0.1973560150493201
954.0,0.1962864679422683
958.0,0.17593644002642175
965.0,0.18048643142625548
972.0,0.18608211964915713
978.0,0.17665461776515254
985.0,0.1865244672971895
992.0,0.18758084882475798
999.0,0.18253249704155933
1003.0,0.17936153708160943
1017.0,0.1933023937394629
1021.0,0.17903789346935156
1029.0,0.18354370329367883
1036.0,0.19133844619242985
1047.0,0.2034778016389551
1059.0,0.15646963578463807
1067.0,0.1721964880169268
1074.0,0.20422288604640043
1081.0,0.16148783132276723
1089.0,0.18252957359368177
1100.0,0.172891921819631
1108.0,0.1690487877186944
1117.0,0.1584267529178592
1126.0,0.19090367074753745
1131.0,0.1830311648488974
1137.0,0.18362109967958043
1145.0,0.1745185173056508
1152.0,0.19822625041124114
1160.0,0.2199470015518134
1168.0,0.20851388418693625
1174.0,0.1935402725164438
1182.0,0.1613448232929149
1189.0,0.15834418314469678
1197.0,0.17675185486247819
1203.0,0.17619299626567983
1212.0,0.15032863505672134
1221.0,0.16966628420803473
1233.0,0.16959335493563024
1247.0,0.1826969022335561
1251.0,0.1954273966537541
1258.0,0.19847871398235406
1267.0,0.18039100942876124
1275.0,0.17767916785955196
1284.0,0.18648817190336972
1292.0,0.21319166535955358
1297.0,0.18457569284560427
1305.0,0.1858963719439594
1313.0,0.17642830105709303
1319.0,0.18289658147487572
1324.0,0.18999326957584303
1328.0,0.20283340875533237
1333.0,0.17937606179100526
1339.0,0.18591427691507265
1343.0,0.18972779618703087
1350.0,0.1524703431880216
1356.0,0.1845536043425821
1362.0,0.17841656450140558
1368.0,0.18580954363489155
1376.0,0.22943087957771238
1380.0,0.1839757618630448
1388.0,0.19837860354074988
1394.0,0.1706093870890534
1398.0,0.1849691460894561
1402.0,0.19528367899498997
1409.0,0.19291200887618623
1417.0,0.18620906764763803
1424.0,0.18459414148153128
1430.0,0.18185945847450902
1439.0,0.19711611802114856
1448.0,0.17700138213147565
1456.0,0.15097990106062212
1460.0,0.1667289293505737
1465.0,0.17537614086153422
1479.0,0.1760421473775525
1486.0,0.16807529831434678
1494.0,0.18231201049595622
1501.0,0.1758504950023479
1505.0,0.17778926985410287
1513.0,0.19443458567550634
1520.0,0.18998811805439694
1526.0,0.19966282549333242
1540.0,0.1859971149259881
1544.0,0.2063479129262417
1550.0,0.18167470733243304
1556.0,0.18253926753241312
1563.0,0.20354917339159295
1569.0,0.16669499470910615
1575.0,0.18635884298067434
1582.0,0.1784274886212102
1588.0,0.1845685470846791
1595.0,0.18343179301069812
1602.0,0.20049515288467076
1606.0,0.18369412106720617
1613.0,0.17235982169795105
1625.0,0.16556620316676654
1630.0,0.17536959270819422
1641.0,0.19560586693504944
1648.0,0.17110178237247287
1655.0,0.16469814967676513
1660.0,0.1835605076384159
1668.0,0.18394537493401783
1675.0,0.17648273267694792
1683.0,0.166625678179841
1697.0,0.17175900717129208
1704.0,0.16643245229702983
1713.0,0.17523109956063077
1722.0,0.1625510552355846
1729.0,0.17610728904972783
1737.0,0.1606279300920213
1742.0,0.18907887679096408
1747.0,0.1970471439441295
