,8
0,0.15067826048998098
1,0.15118845348992077
2,0.1519591507951791
3,0.1525403378281312
4,0.18485899758161214
5,0.157640981165578
6,0.1709939343472505
7,0.17324073570656906
8,0.17655504982223355
9,0.17664831893348648
10,0.20386484729746673
11,0.21142827758406044
12,0.1506855864830502
13,0.17516472701872848
14,0.1981408143143019
15,0.19597378845399402
16,0.15240279138985185
17,0.16187299909066674
18,0.15157609961613008
19,0.1615304945928966
20,0.1869719935810532
21,0.16867671535833892
22,0.15984666774044942
23,0.15525377572029161
24,0.15834647326158208
25,0.16710580520446963
26,0.15854590018733586
27,0.14139727126917348
28,0.15734818275186868
29,0.14419046441512098
30,0.17147780591315634
31,0.16203009679712063
32,0.18751860397556389
33,0.1575463376332029
34,0.19319239741311775
35,0.16268257648734602
36,0.15914936270126134
37,0.1579208939581497
38,0.15424653608503172
39,0.14411276063848186
40,0.14631606357251262
41,0.15142397741938476
42,0.14744383892171303
43,0.14627627400453427
44,0.14244463225078768
45,0.15135079635376403
46,0.15734620287263323
47,0.15218493694006102
48,0.15704562665821956
49,0.1487155744828169
50,0.15080173434986505
51,0.1401533036874021
52,0.14734619539710303
53,0.16074302718909958
54,0.15815282549383242
55,0.1711633763809654
56,0.1435940055753624
57,0.17813113192452565
58,0.150606766582012
59,0.19313671171616847
60,0.15716513035801333
61,0.14407462928657228
62,0.15474304306541198
63,0.14907124764734347
64,0.15218937206486136
65,0.17035314677302546
66,0.1753001123913762
67,0.14594332567304988
68,0.17225472406907577
69,0.16325082399210358
70,0.14293482575096797
71,0.16251408087778674
72,0.19364780471613924
73,0.1906033662284974
74,0.18374342286231585
75,0.1788502926457109
76,0.18155435996852903
77,0.16305820482859068
78,0.16698506098059518
79,0.16094724708291233
80,0.15713714339732512
81,0.1569108533096828
82,0.1647799416438421
83,0.14589047007444145
84,0.15441021220883594
85,0.1581369568533684
86,0.15708157185718305
87,0.15825175767761207
88,0.17756498499107645
89,0.1776648875429391
90,0.16269727728381556
91,0.13852750150191342
92,0.14941107737013423
93,0.16795499312100715
94,0.16549320475843332
95,0.16166778020302966
96,0.16837581126027162
97,0.1583959846515341
98,0.14808610615490345
99,0.1595610302672837
100,0.1533766133396365
101,0.13787351219410682
102,0.14808642461009922
103,0.16459556825602675
104,0.14645198387370562
105,0.16788581891345916
106,0.14415219681612118
107,0.1772988887285603
108,0.13750341176525305
109,0.17233542787596384
110,0.16643124665294606
111,0.14562805923284305
112,0.1489409030458032
113,0.15783751738598575
114,0.1459742681728699
115,0.15341428325833797
116,0.14260185584592186
117,0.1657499284252964
118,0.15087206843171522
119,0.16027515728759328
120,0.14937355533821225
121,0.16188641297323964
122,0.1691454750455891
123,0.1428483317445735
124,0.1591174847502828
125,0.17561299531051286
126,0.17963313016472998
127,0.16020540601090738
128,0.16687698499949855
129,0.17643183500527523
130,0.1670511287898963
131,0.16791365180702839
132,0.15377198085844637
133,0.15702653750790074
134,0.15838081959357594
135,0.14548910179775032
136,0.1452615329064882
137,0.13799256716773559
138,0.1569296533321332
139,0.16924515659736142
140,0.1727274652976333
141,0.19094515517768443
142,0.1513485956473229
143,0.16945724246931143
144,0.17778078086896446
145,0.15613170812876764
146,0.15454814323067265
147,0.1518829299402125
148,0.16050311921268634
149,0.14603979316708987
150,0.14639723757376255
151,0.15928783639359745
152,0.18546017350148253
153,0.16273681053541109
154,0.15554984089503474
155,0.17021904681761987
156,0.18477828282059708
157,0.16597889011229233
158,0.15688351553989224
159,0.15977142709313044
160,0.17415509203098803
161,0.15647780165674424
162,0.1589890924167492
163,0.17777207403602602
164,0.14833360882769028
165,0.14870810565625625
166,0.16542677427223856
167,0.17799324313759302
168,0.16653812315324534
169,0.1660243296274186
170,0.16240123298475284
171,0.17036743197886572
172,0.1744183407163188
173,0.14896893395093475
174,0.14762183568718212
175,0.15592826426623424
176,0.15170455959524018
177,0.16399273650025234
178,0.16154034453210042
179,0.14698056047828803
180,0.16352220617212265
181,0.14469632790965192
182,0.16602816045717775
183,0.16919688634272373
184,0.19068856688588876
185,0.18658854953014867
186,0.1560399388323947
187,0.15936760643580372
188,0.17318804994669895
189,0.16006351665566212
190,0.15450774971012562
191,0.1468586474461261
192,0.14796691274580473
193,0.14419802743683707
194,0.1650995081873557
195,0.1525974775247265
196,0.15039489424260277
197,0.16884095635455998
198,0.15778944148659643
199,0.1647276860420745
200,0.14873808236541103
201,0.14384818925821405
202,0.1430527581069666
203,0.1517055763434724
204,0.1592493266480144
205,0.1439517411247513
206,0.15774404620667914
207,0.15762921241243485
208,0.18099402288906566
209,0.20163951067585487
210,0.18684756970925342
211,0.19333478340579563
212,0.1889524423996267
213,0.1850545700197508
214,0.17041063587020655
215,0.17132285832728694
216,0.16229558620421156
217,0.17168802692018606
218,0.1519038141741258
219,0.15993191998071618
220,0.15019166693036495
221,0.1548516449309778
222,0.14317210678673536
223,0.16644556159018678
224,0.1457821287535689
225,0.16330634307291336
226,0.17387633160931804
227,0.15517707890646643
228,0.1440679144131924
229,0.16936526603429827
230,0.16856569580979747
231,0.15039079220380394
232,0.14673927718813357
233,0.16726969052129814
234,0.14748288696016884
235,0.1592763125048704
236,0.15935171155983996
237,0.18962159099980525
238,0.1639087762618015
