,3
2.0,0.2012956489789851
8.0,0.21206298091649955
12.0,0.23538113833548088
19.0,0.24062754164692737
26.0,0.19145988088215637
31.0,0.218567069762241
39.0,0.212948879549418
48.0,0.1697245844333694
55.0,0.2413780122317772
62.0,0.1999974299000804
70.0,0.16998735888777222
76.0,0.14310436834738383
80.0,0.12537066857963805
88.0,0.17712171228173607
95.0,0.21986820998654202
103.0,0.23390582220337558
107.0,0.22489005976115925
116.0,0.13833897778319745
125.0,0.2538446770186547
130.0,0.20772329286424684
137.0,0.24308667424887723
144.0,0.20706350616254013
148.0,0.21760079288069614
154.0,0.21552162273628525
168.0,0.26435621189702885
175.0,0.22933838269223705
189.0,0.15891252007457363
198.0,0.22291331727648725
205.0,0.23593416179455354
211.0,0.17824132717736293
219.0,0.24444959060313018
228.0,0.17591560003876344
236.0,0.23731060778656052
245.0,0.2465880182958117
252.0,0.19896609209444713
256.0,0.16668978180936034
267.0,0.20661320444061634
277.0,0.22703891510965832
288.0,0.2189534447335663
294.0,0.1832364958141222
298.0,0.02545861985554574
302.0,0.19580219766640328
308.0,0.15161507709268485
316.0,0.24306739733359609
324.0,0.1752299155848459
332.0,0.17994523702527612
341.0,0.22004494392262522
349.0,0.18143449387562732
363.0,0.23777949413339355
370.0,0.14073528245009773
377.0,0.20877870234149223
384.0,0.203478600425684
389.0,0.18346704130726135
394.0,0.2181993926955601
404.0,0.20963423363027414
410.0,0.23650940752811883
414.0,0.2186606376029684
421.0,0.18600219857082387
428.0,0.21068954517278163
435.0,0.22614954821384417
441.0,0.2063958236017765
449.0,0.22841913321668494
456.0,0.20423126055531038
463.0,0.20902331958092732
470.0,0.25470655083266713
475.0,0.2336321039975774
479.0,0.23485144680650846
488.0,0.21074073524709402
499.0,0.21544717996543225
507.0,0.22905601264289266
516.0,0.22633955905573924
520.0,0.19322513861155544
526.0,0.2153280448036067
532.0,0.22318841971393497
538.0,0.24307231145950806
547.0,0.21314635719684122
556.0,0.22540111299927212
564.0,0.1716118247508718
573.0,0.18880367544470425
582.0,0.18018514843370606
590.0,0.20684343934215535
599.0,0.15645775203750098
607.0,0.2075354340214932
612.0,0.22300993645268113
621.0,0.14824433644830062
628.0,0.23184133584178146
639.0,0.1839461256144465
648.0,0.21120191195535187
656.0,0.22937078285771212
662.0,0.22965188267268763
671.0,0.17059296694093207
683.0,0.22110552920052282
691.0,0.21206920987290553
697.0,0.1759487999967259
705.0,0.19328288137118319
712.0,0.21889555671192884
720.0,0.22878392552418186
728.0,0.16896282997201084
736.0,0.22806375077533558
744.0,0.1759160489080269
752.0,0.2248476115082543
759.0,0.19540989054886274
767.0,0.21547069660586549
775.0,0.22198170597754585
784.0,0.20723488623729097
792.0,0.18729525215532006
798.0,0.23556879673213774
805.0,0.24720070576671405
810.0,0.19115917970932741
815.0,0.17797768648488194
821.0,0.22644939682799553
832.0,0.1941330446866072
838.0,0.22070907427896846
847.0,0.2445393435979902
854.0,0.2038709488913342
861.0,0.16399737877439238
867.0,0.19850002242859763
872.0,0.19617914443350368
879.0,0.23654040878055899
885.0,0.19312273169287242
893.0,0.23434529483929686
900.0,0.18213173597248158
906.0,0.20768772064561092
911.0,0.22580507089748628
917.0,0.19525260037113085
925.0,0.198518189376116
933.0,0.22571322383852704
944.0,0.21958170524346743
949.0,0.21724996937811283
954.0,0.22042626651528216
958.0,0.21813900453714097
965.0,0.12855721892658672
972.0,0.2202250214259446
978.0,0.20781666656964812
985.0,0.1273931132685005
992.0,0.2418700917244531
999.0,0.15430984874892997
1003.0,0.22925490966437076
1017.0,0.19947842450185843
1021.0,0.2260132869700286
1029.0,0.21470133009692768
1036.0,0.1805454801621396
1047.0,0.2334354523447642
1059.0,0.26683713107600965
1067.0,0.24220018746080552
1074.0,0.23587641541997842
1081.0,0.22427749154476517
1089.0,0.1975270156026111
1100.0,0.2232775894369575
1108.0,0.21094988702789688
1117.0,0.19335040573983978
1126.0,0.17675850501327015
1131.0,0.1732761695643264
1137.0,0.15805292094298734
1145.0,0.19974177509357174
1152.0,0.19568412710585542
1160.0,0.21764981930931418
1168.0,0.17805485639008636
1174.0,0.2342014371647096
1182.0,0.16547655238517212
1189.0,0.2339370872345513
1197.0,0.17262448934526828
1203.0,0.2174129438443921
1212.0,0.19193576039084503
1221.0,0.21260076091403868
1233.0,0.23543942890411848
1247.0,0.19244084797550115
1251.0,0.22201139442906395
1258.0,0.17968189129179252
1267.0,0.2449952238501935
1275.0,0.19413337580141438
1284.0,0.2433654417889363
1292.0,0.1791550347018205
1297.0,0.1763257902573448
1305.0,0.16720526708432346
1313.0,0.211192275254029
1319.0,0.17996027823030142
1324.0,0.2204617721603513
1328.0,0.21012497896841972
1333.0,0.19591084065649703
1339.0,0.20021212084854115
1343.0,0.2484738958481691
1350.0,0.16813352438515664
1356.0,0.19512974477529751
1362.0,0.2033284566105922
1368.0,0.21681410825825745
1376.0,0.17020872511621452
1380.0,0.2542319666871678
1388.0,0.2275292548905308
1394.0,0.18295736101584856
1398.0,0.19000206267173184
1402.0,0.2589776014780822
1409.0,0.18218538426372222
1417.0,0.23278480009420915
1424.0,0.17284776274795577
1430.0,0.20185912843900256
1439.0,0.18150709105542293
1448.0,0.2202932747844634
1456.0,0.23650438515973915
1460.0,0.24234940533865185
1465.0,0.2482221610823835
1479.0,0.22711299989072506
1486.0,0.20505182489907345
1494.0,0.2506221407370326
1501.0,0.19985670035291106
1505.0,0.18737414165068528
1513.0,0.15167954633207073
1520.0,0.1675067651958495
1526.0,0.2058482252345409
1540.0,0.05379266093945233
1544.0,0.23077297198433971
1550.0,0.1952647173721392
1556.0,0.2227513291782725
1563.0,0.13602545152225073
1569.0,0.17682508119992899
1575.0,0.2269988276054695
1582.0,0.20733126148800884
1588.0,0.1926157166465731
1595.0,0.21331877938775978
1602.0,0.27738492725304736
1606.0,0.18965562221152632
1613.0,0.16622656669819671
1625.0,0.18926548211872565
1630.0,0.19830667678460986
1641.0,0.19939647668093546
1648.0,0.2291811038518559
1655.0,0.21986820480770344
1660.0,0.23499791083319047
1668.0,0.16206885540340352
1675.0,0.21933917361835836
1683.0,0.15997810042522975
1697.0,0.19151391495003778
1704.0,0.2211705247468246
1713.0,0.24406851795459222
1722.0,0.22269352288852454
1729.0,0.18731511936922057
1737.0,0.24560177201336855
1742.0,0.17290963049472008
1747.0,0.19815511450133047
