,5
2.0,0.20609001398062682
8.0,0.18773972409833936
12.0,0.1901064735493513
19.0,0.21587726558127482
26.0,0.1751632770328939
31.0,0.17857871495710406
39.0,0.20041493881324876
48.0,0.18611156632932338
55.0,0.19760868075214774
62.0,0.22441210123650462
70.0,0.18950553880542814
76.0,0.157665588130995
80.0,0.17342296716271516
88.0,0.18938567011350266
95.0,0.21302495419402873
103.0,0.18495368056559525
107.0,0.18583558995629637
116.0,0.18505998121290315
125.0,0.19519389164316484
130.0,0.20502395596841105
137.0,0.18454852608415517
144.0,0.20206098310564632
148.0,0.1886196849955927
154.0,0.20309765638802882
168.0,0.20183975547357366
175.0,0.2062234934275942
189.0,0.19450905166807328
198.0,0.19009336477239744
205.0,0.170340015331247
211.0,0.19205842550411323
219.0,0.214759279989372
228.0,0.19791929039966183
236.0,0.18795692812959844
245.0,0.1816415604663728
252.0,0.18569003171034182
256.0,0.21050302950385227
267.0,0.1922046341814652
277.0,0.18929977270865364
288.0,0.20437852675267174
294.0,0.21410180849157942
298.0,0.18023781417207962
302.0,0.18237019466482476
308.0,0.16958749550904895
316.0,0.19099175510761304
324.0,0.18741757637316442
332.0,0.21121869607984475
341.0,0.17684441733550246
349.0,0.19868824008614216
363.0,0.2040393210920825
370.0,0.15771064292821668
377.0,0.18233273833484898
384.0,0.19468994650525653
389.0,0.1903681604632239
394.0,0.18332741634713706
404.0,0.18801988680612514
410.0,0.18749580064343616
414.0,0.17738340672691022
421.0,0.1798460306351467
428.0,0.1833935480201152
435.0,0.16119279487752058
441.0,0.20245764767023736
449.0,0.19756077941069283
456.0,0.19653614714228249
463.0,0.16069804526346257
470.0,0.21131917975247438
475.0,0.17533821694972862
479.0,0.19552505989505684
488.0,0.19168164750210612
499.0,0.208492146099161
507.0,0.21294444711748164
516.0,0.2018203533000141
520.0,0.18725847625665168
526.0,0.2438855636374875
532.0,0.14589866918403926
538.0,0.22048474532160267
547.0,0.22455671689783138
556.0,0.18822328842269684
564.0,0.13890194538513775
573.0,0.19481187495198848
582.0,0.21540400519235348
590.0,0.1755446477651721
599.0,0.17017563557142737
607.0,0.19770189200943952
612.0,0.21519123630381565
621.0,0.179432878462188
628.0,0.1682836150396928
639.0,0.17532162416719405
648.0,0.20598064309699496
656.0,0.17816240733501565
662.0,0.18316870515662056
671.0,0.1705407641032805
683.0,0.19584854314665576
691.0,0.19164027529996677
697.0,0.20924548227604858
705.0,0.18373187624252083
712.0,0.2036737071133241
720.0,0.183069342184565
728.0,0.21502940967693093
736.0,0.20458457093658367
744.0,0.202370658560168
752.0,0.20327395215630514
759.0,0.18734351764314264
767.0,0.18798805509507405
775.0,0.21513528131701487
784.0,0.1789956961027142
792.0,0.17971916804070023
798.0,0.2103457665014248
805.0,0.22573282423095414
810.0,0.18287190512348367
815.0,0.17982497252718857
821.0,0.19940176376067154
832.0,0.1519231198251623
838.0,0.2305362386387415
847.0,0.1879011152193004
854.0,0.19203639950427148
861.0,0.18941666037808397
867.0,0.18017280084306017
872.0,0.20129096898876334
879.0,0.19098003685705955
885.0,0.17352998271512787
893.0,0.17178770769808233
900.0,0.14966282562216324
906.0,0.19329681127656906
911.0,0.16256053732381548
917.0,0.2208795711719581
925.0,0.19306152543328395
933.0,0.18798195004341592
944.0,0.19540790434371058
949.0,0.18054416015548394
954.0,0.16753591020875225
958.0,0.1496788879166019
965.0,0.1739145437158313
972.0,0.2019186608138754
978.0,0.18538594281299484
985.0,0.20079578776277074
992.0,0.18854407620137373
999.0,0.21938187778884355
1003.0,0.22041141756488458
1017.0,0.1957438916253474
1021.0,0.18208122797308632
1029.0,0.1893780905385744
1036.0,0.20908981793855788
1047.0,0.19910058746495923
1059.0,0.18485411089976325
1067.0,0.20328036327297336
1074.0,0.19649745387668624
1081.0,0.21423695758688874
1089.0,0.18685720518778595
1100.0,0.19772061660379284
1108.0,0.18907553572575747
1117.0,0.18607972484020355
1126.0,0.21802761879052052
1131.0,0.19837165300895762
1137.0,0.20989657991551525
1145.0,0.19912990422127463
1152.0,0.21572050884431504
1160.0,0.184134990160339
1168.0,0.24247563058549737
1174.0,0.22153801236509885
1182.0,0.18763497260816245
1189.0,0.18207981342591897
1197.0,0.1990093054474343
1203.0,0.17554382637914448
1212.0,0.19358267625989553
1221.0,0.16183985857189712
1233.0,0.19041252935714617
1247.0,0.22085976346311267
1251.0,0.2030382483089159
1258.0,0.18521096867784823
1267.0,0.1886759686582218
1275.0,0.18514529291975626
1284.0,0.16468451990095162
1292.0,0.18740368580642106
1297.0,0.19831246026172927
1305.0,0.19059317861496028
1313.0,0.20416329472478342
1319.0,0.20462686799809165
1324.0,0.21373249423223678
1328.0,0.1636490534446062
1333.0,0.223083493621865
1339.0,0.1832784990350313
1343.0,0.17262968187868347
1350.0,0.18642438257136967
1356.0,0.19998044106526502
1362.0,0.1866956027952228
1368.0,0.18697309461630385
1376.0,0.20600616978829273
1380.0,0.19174782925381958
1388.0,0.1981964009851878
1394.0,0.18036167881274276
1398.0,0.20266785976959922
1402.0,0.21682592578159682
1409.0,0.1965164935149388
1417.0,0.20551896273731396
1424.0,0.1856352264368364
1430.0,0.19137860533568965
1439.0,0.19757275433801924
1448.0,0.158991142008454
1456.0,0.17813372447110173
1460.0,0.20813486745062273
1465.0,0.20377328639897865
1479.0,0.16252263750692184
1486.0,0.20005605827937198
1494.0,0.1777981878105593
1501.0,0.18304092358147017
1505.0,0.18518268308960903
1513.0,0.18773363765251494
1520.0,0.21913748492874843
1526.0,0.1916101048833
1540.0,0.2135712474409758
1544.0,0.22611421761115072
1550.0,0.17837019184808206
1556.0,0.16923544899210635
1563.0,0.1801422881118238
1569.0,0.21655550459804832
1575.0,0.17051422752450712
1582.0,0.1996781545172164
1588.0,0.20309943572437042
1595.0,0.17780109924469267
1602.0,0.19759046131301575
1606.0,0.18575559622658844
1613.0,0.2133091878106531
1625.0,0.19303052793495593
1630.0,0.18123759354033597
1641.0,0.18931064120968394
1648.0,0.19315003439939918
1655.0,0.20049251992827072
1660.0,0.19602579626399078
1668.0,0.1896312089083803
1675.0,0.1797222734561831
1683.0,0.1964676960331888
1697.0,0.18369288091280953
1704.0,0.1765698287659851
1713.0,0.19166351163524595
1722.0,0.18877872787598032
1729.0,0.18759249095339162
1737.0,0.15285803351660263
1742.0,0.17455332982969948
1747.0,0.20157499617713465
