,5
5267.0,0.1903964762645675
5275.0,0.17223636990485458
5281.0,0.18241216350639133
5287.0,0.18684919290833674
5296.0,0.1718814225275859
5303.0,0.1770578443019699
5307.0,0.23174955873756717
5316.0,0.17494146399736585
5323.0,0.18864927045216082
5334.0,0.2019916828968534
5343.0,0.17234301271149954
5351.0,0.1759301644790449
5360.0,0.1909430009356561
5366.0,0.2073661988023366
5374.0,0.18828765881532553
5381.0,0.19624048399971825
5387.0,0.1842335358923137
5398.0,0.1719712451087993
5404.0,0.16981458678035935
5408.0,0.20383292672982178
5413.0,0.21620073694804032
5421.0,0.16795076402151982
5425.0,0.1788680394643025
5434.0,0.21302758436589075
5440.0,0.18020089335532422
5445.0,0.16888544409552633
5450.0,0.20472819963319672
5456.0,0.19645181369761178
5463.0,0.18267789210655222
5471.0,0.19039472405839233
5480.0,0.18163966487619745
5485.0,0.20768384208076948
5491.0,0.18786206363403168
5498.0,0.22263312686597697
