,4
2.0,0.19900193408103234
8.0,0.18699018450971897
12.0,0.22430026098657185
19.0,0.1934808216653317
26.0,0.1908101829232869
31.0,0.16171200756087692
39.0,0.2140606316929713
48.0,0.1650140356719821
55.0,0.1943240714788015
62.0,0.10873645064078255
70.0,0.17746317577045598
76.0,0.14733848991869922
80.0,0.18758899698223555
88.0,0.20677528256424357
95.0,0.20205230187014522
103.0,0.18648692086783378
107.0,0.20982004044755623
116.0,0.1472667715152064
125.0,0.20180252639878388
130.0,0.2333229271251939
137.0,0.2268699499867872
144.0,0.20056639879621882
148.0,0.20955138927741512
154.0,0.20316137716522775
168.0,0.20009204839113454
175.0,0.2212011673996728
189.0,0.20310891610380813
198.0,0.18087807940781853
205.0,0.20705360323166927
211.0,0.15225617047780304
219.0,0.18460831730511734
228.0,0.19409182243142176
236.0,0.20546356104737729
245.0,0.22298169813923893
252.0,0.19110555887129763
256.0,0.19587303153811259
267.0,0.204272555568948
277.0,0.2138275416821171
288.0,0.19627437530946898
294.0,0.21134307153739262
298.0,0.20007763446535234
302.0,0.1650219243003855
308.0,0.16839138886897764
316.0,0.20716505312201103
324.0,0.15974156946870818
332.0,0.20130507347544774
341.0,0.17457370258993582
349.0,0.16903779923197637
363.0,0.21074496257177736
370.0,0.22912754717683198
377.0,0.188841640254148
384.0,0.18832612735937315
389.0,0.17132094721931626
394.0,0.18053260702604088
404.0,0.16633227711953752
410.0,0.1887885034662564
414.0,0.21358923198098512
421.0,0.18214606593422833
428.0,0.21150169345211828
435.0,0.24225162365289135
441.0,0.20549572564259558
449.0,0.1967893031394358
456.0,0.17725323678348417
463.0,0.2126482710884473
470.0,0.1709672689010986
475.0,0.18061452004084658
479.0,0.2046631293501133
488.0,0.17757913019960925
499.0,0.19365654431247634
507.0,0.195778361727186
516.0,0.19967283289968396
520.0,0.1728098035813299
526.0,0.22439768687925213
532.0,0.20376333777885874
538.0,0.22067392308806164
547.0,0.1937299088823973
556.0,0.19696804374407142
564.0,0.1605770504114946
573.0,0.17034392878130772
582.0,0.15256585076964205
590.0,0.20113910084217354
599.0,0.1907534082373163
607.0,0.19276597540372212
612.0,0.16298367581508283
621.0,0.18056122880953013
628.0,0.2002555300955861
639.0,0.16473514675977943
648.0,0.19190780988021794
656.0,0.23455184112323912
662.0,0.18871801429257995
671.0,0.2052133763133178
683.0,0.20362088254666136
691.0,0.16891961412918852
697.0,0.14092129953971258
705.0,0.200476554446282
712.0,0.16118726452242757
720.0,0.2157545355528671
728.0,0.17782922973766027
736.0,0.2314027969539556
744.0,0.18503290027310898
752.0,0.18585109446061032
759.0,0.15675140099141693
767.0,0.20043946767132045
775.0,0.20204927688327393
784.0,0.21927655389639827
792.0,0.1933324420807932
798.0,0.19135976718253433
805.0,0.24721657906675668
810.0,0.1613182611308009
815.0,0.16886766632228833
821.0,0.20036184814518174
832.0,0.189419028153631
838.0,0.20352845704719116
847.0,0.2022449714416248
854.0,0.20063257851822397
861.0,0.18680347787982532
867.0,0.19535096397964938
872.0,0.2035721604955363
879.0,0.19246106699092175
885.0,0.15295197727767268
893.0,0.1968310642362636
900.0,0.17152177694123014
906.0,0.2055085763585041
911.0,0.22913328506754582
917.0,0.15788655424815212
925.0,0.14685225441261313
933.0,0.20749620726842619
944.0,0.19511889063242496
949.0,0.18427274881590777
954.0,0.23970174598361707
958.0,0.18140217468018152
965.0,0.18764759091461664
972.0,0.2448944289834269
978.0,0.2122865387194224
985.0,0.1699721262429387
992.0,0.1916524951978792
999.0,0.14818205034462906
1003.0,0.2045132557881637
1017.0,0.21046795654496897
1021.0,0.22650941882800885
1029.0,0.19375868691098028
1036.0,0.197921285281099
1047.0,0.1749614510153767
1059.0,0.24811307396521368
1067.0,0.21866573790858923
1074.0,0.19279361694239747
1081.0,0.1764349554611175
1089.0,0.20328103068814424
1100.0,0.22847542430430656
1108.0,0.2255393871463998
1117.0,0.16834302197485945
1126.0,0.18639487480290642
1131.0,0.18296821517710696
1137.0,0.12145951797952846
1145.0,0.1437056191126657
1152.0,0.21942211298938796
1160.0,0.18061277091903105
1168.0,0.14844092570284048
1174.0,0.20187501790270918
1182.0,0.18157983601370123
1189.0,0.20589599185836224
1197.0,0.1940058103903399
1203.0,0.2000800135796455
1212.0,0.23988060907069392
1221.0,0.15548320462071144
1233.0,0.198776947971318
1247.0,0.1379601020242578
1251.0,0.22325296637139622
1258.0,0.2255224280901106
1267.0,0.21787397427592006
1275.0,0.1676758075434177
1284.0,0.1765345266146307
1292.0,0.21352806028504892
1297.0,0.18432374396274168
1305.0,0.2180362207243707
1313.0,0.18976902080845348
1319.0,0.2017688396932689
1324.0,0.19107321326504464
1328.0,0.2092232903605381
1333.0,0.17957023461797358
1339.0,0.23910303889055573
1343.0,0.1949982570632922
1350.0,0.16538692167057117
1356.0,0.20417219983456086
1362.0,0.21528025165676104
1368.0,0.1792147902931248
1376.0,0.23872587027059594
1380.0,0.2165121815630457
1388.0,0.1936526428443321
1394.0,0.21867805227824585
1398.0,0.17972977909606286
1402.0,0.20348807556594772
1409.0,0.14686496613983988
1417.0,0.18315518473745582
1424.0,0.17157266503609286
1430.0,0.18940153962798947
1439.0,0.22044580810919762
1448.0,0.16055216099435188
1456.0,0.16225429265022742
1460.0,0.19916833168264958
1465.0,0.2203071327646138
1479.0,0.18154433424984096
1486.0,0.20282992029486163
1494.0,0.19507226488576898
1501.0,0.20467333063945883
1505.0,0.1811223631377392
1513.0,0.2317639274729729
1520.0,0.21829546598162783
1526.0,0.16737034516964416
1540.0,0.18148608235283897
1544.0,0.19020785208176644
1550.0,0.21868367504939654
1556.0,0.2295491266566278
1563.0,0.15824814859735503
1569.0,0.20292118705296705
1575.0,0.21028366773938997
1582.0,0.17056492305586246
1588.0,0.16534943297450752
1595.0,0.16811392359127195
1602.0,0.1857798842029893
1606.0,0.18674299550876497
1613.0,0.19761542814314795
1625.0,0.1938078051706618
1630.0,0.1780562219846658
1641.0,0.19612270515906133
1648.0,0.2029357599460834
1655.0,0.21002130118137516
1660.0,0.1865222807870449
1668.0,0.17619793764403832
1675.0,0.20895437428066532
1683.0,0.17394139506685677
1697.0,0.14116585673332127
1704.0,0.20132146128333467
1713.0,0.20577392413779758
1722.0,0.19215385654391354
1729.0,0.2098086467990285
1737.0,0.20541651046081225
1742.0,0.18665297373153394
1747.0,0.19072214397926546
