,4
5267.0,0.1774086836074713
5275.0,0.20780328172482218
5281.0,0.17178661521028304
5287.0,0.17557281677837522
5296.0,0.218536397624002
5303.0,0.23892122911338845
5307.0,0.18063816885709166
5316.0,0.19494087698467233
5323.0,0.1917430286548199
5334.0,0.16558525999728227
5343.0,0.17176159375107258
5351.0,0.15880185039155853
5360.0,0.19756820678041012
5366.0,0.22845845436614426
5374.0,0.19337854968471632
5381.0,0.18834131502995582
5387.0,0.21164278008204349
5398.0,0.19033277966384451
5404.0,0.18296097105231932
5408.0,0.19464398008453987
5413.0,0.2211434592020867
5421.0,0.20419299847721
5425.0,0.22196047200251504
5434.0,0.16223313893356056
5440.0,0.19118744240089072
5445.0,0.20294471121142377
5450.0,0.20279632185868637
5456.0,0.1831497863936536
5463.0,0.19501156686725044
5471.0,0.18344744627640716
5480.0,0.19709328936196663
5485.0,0.20837396202047523
5491.0,0.21637194835932774
5498.0,0.21434532628667036
