,8
0,0.16913018311263414
1,0.15135890382077988
2,0.14557206861068087
3,0.1446069016865927
4,0.14639541661104133
5,0.14213085789505903
6,0.14021965945622394
7,0.14723936267165336
8,0.18017312995808932
9,0.17275752316877468
10,0.1714726465980308
11,0.15634038301576755
12,0.16257424047817667
13,0.1549480225174658
14,0.14779531507568364
15,0.1499471453287209
16,0.15439122802314698
17,0.1527317152005749
18,0.1441487941560159
19,0.1562852469471527
20,0.17720547898224975
21,0.16058923427207075
22,0.1557542347676827
23,0.19122294729031605
24,0.16587058298143628
25,0.17607217778140727
26,0.1790151270188024
27,0.1550210419802071
28,0.1679867326165306
29,0.15724036931625185
30,0.16726715061425082
31,0.15318487838441494
32,0.1784316686666131
33,0.16492008783736273
34,0.16627346610210655
35,0.14432855784244514
36,0.15002588265145814
37,0.16970853795840796
38,0.17559312204438834
39,0.1747909019307557
40,0.16152223013145467
41,0.15110511274712957
42,0.15587704994006019
43,0.1517016877800087
44,0.17208454683845603
45,0.1505667846996878
46,0.15136903940057544
47,0.15234617009720675
48,0.1458378988009138
49,0.15411119095473588
50,0.1788587426197966
51,0.15610298390653987
52,0.13689505198921084
53,0.1670595276076855
54,0.17395191713487426
55,0.15631158403919343
56,0.16105887025502313
57,0.1652159665574466
58,0.16558116303878667
59,0.15924197993012934
60,0.1667282500128283
61,0.1602735666129169
62,0.1570490178819498
63,0.17629327194972438
64,0.1746362528130273
65,0.1710734449901815
66,0.17898227262043026
67,0.16444761866602461
68,0.160405739924519
69,0.17618299787029632
70,0.16250299623398143
71,0.15990508111731186
72,0.1612803514283543
73,0.1448305261050399
74,0.15225532987074156
75,0.1513187153127397
76,0.14708754525238837
77,0.1518511774651
78,0.15962326387591202
79,0.1535980637342226
80,0.14249531125496653
81,0.1421102337010391
82,0.1410274145948209
83,0.14460507051077712
84,0.14178631661801688
85,0.15491912034958918
86,0.1533575156183332
87,0.163977258166512
88,0.17473917658778784
89,0.15796735554293917
90,0.15667967238787023
91,0.15941799489125194
92,0.15588133680325342
93,0.16109223710755305
94,0.1574160620437432
95,0.16272574494064967
96,0.1527258554527563
97,0.14382202535531688
98,0.1359987942612153
99,0.1401445843499376
100,0.14591005115819763
101,0.15096641716865417
102,0.14686545137909743
103,0.18477543624517828
104,0.1521841663783632
105,0.16779576793031342
106,0.1579629479248135
107,0.14651732688562122
108,0.15027053757701553
109,0.16045522768055337
110,0.17752250359850819
111,0.1594168010767367
112,0.14992390478272824
113,0.16491337393789815
114,0.1625313589770267
115,0.15387767302935693
116,0.15065857607542668
117,0.14906345592842213
118,0.1493073221334949
119,0.16505675166778136
120,0.15143158023741946
121,0.15495416866947784
122,0.17806307945198002
123,0.15700005238464362
124,0.14621469905242715
125,0.17392711689170837
126,0.16606470203558346
127,0.16376953117739534
128,0.15566826272763798
129,0.1632765537892585
130,0.14271501395810743
131,0.13864329119620664
132,0.1459297805553552
133,0.13767329386854324
134,0.1384190640853578
135,0.15712322365734913
136,0.1492747870039246
137,0.13904673490699138
138,0.15159271803351243
139,0.15083229278528093
140,0.15350215923046406
141,0.14783514049232915
142,0.15968340825981592
143,0.16709948570944885
144,0.17729265030731786
145,0.1638319497721586
146,0.16348452672012792
147,0.17203873081529775
148,0.15038362183303702
149,0.17225177675978667
150,0.1481813812050236
151,0.148828852673919
152,0.1610109177220437
153,0.1690066064430671
154,0.15859929003876086
155,0.1813572759694347
156,0.1524873419283888
157,0.1567731417298431
158,0.1495303055374066
159,0.14930799708422918
160,0.1504357407273541
161,0.15360647456007295
162,0.15357769607325564
163,0.14932034460547386
164,0.14518301825674015
165,0.15305366394639017
166,0.15592534437720962
167,0.14062583399851558
168,0.15673593844840536
169,0.1668130986406176
170,0.15304665516609206
171,0.14185845587613316
172,0.19536010347687863
173,0.15861399800344453
174,0.15256459785584559
175,0.1510728775815444
176,0.15327208066225131
177,0.15057788479898576
178,0.15159689823635147
179,0.14428475796818022
180,0.15399301117327252
181,0.14174034491938953
182,0.1548428881810566
183,0.15317823801156638
184,0.13624238237343422
185,0.14683750497873127
186,0.1576987241605788
187,0.1476647997752529
188,0.13756373407517078
189,0.16138386750033784
190,0.1325729389809976
191,0.15687943744400834
192,0.1417005344258937
193,0.16272394215997601
194,0.1703851431877805
195,0.15439835700965204
196,0.14528640443992233
197,0.17479783983361344
198,0.1834049888476097
199,0.14953604903519596
200,0.14602238659543007
201,0.15863553815336842
202,0.16731358477226266
203,0.14346778877142524
204,0.1866831472702429
205,0.1545396041899161
206,0.1629973998314507
207,0.18166785244203731
208,0.1736476030189696
209,0.15532368013196654
210,0.1756399209765869
211,0.18921134693754918
212,0.16871511555790975
213,0.15212147705936468
214,0.15402207167030416
215,0.1650356826890304
216,0.13740436168829456
217,0.1495353114949723
218,0.16517732506954652
219,0.16371190979466554
220,0.1467903689046892
221,0.15141341058936436
222,0.160805291021167
223,0.1696298551157452
224,0.17603021677655017
225,0.20207072568751405
226,0.15665998167577752
227,0.1714428075916151
228,0.1503166655075249
229,0.14911616286257673
230,0.15081989352667485
231,0.1440928606292566
232,0.14636394325754432
233,0.1594148348076171
234,0.16588537261147482
235,0.16219642213069801
236,0.14857796590509964
237,0.14822971007645905
238,0.14668584916772825
239,0.16170069542883764
240,0.15132450562375216
241,0.1599715892769734
242,0.16103490592802328
243,0.17497019444250617
244,0.15500101430231616
245,0.14643465795929822
246,0.16914723849817584
247,0.1760325559371958
248,0.1875785982997162
249,0.15068795953139072
250,0.16979776444640976
251,0.15122411493265633
252,0.14995464606799955
253,0.1484155235358421
254,0.15707743209481706
255,0.1690820609400828
256,0.16105480173699221
257,0.17185050746811992
258,0.15485622760943976
259,0.14784482434122426
260,0.15049555105770332
261,0.1439377855926969
262,0.15418061829560448
263,0.1460993020783716
264,0.16829761684129305
265,0.1779207195146687
266,0.16387199692280727
267,0.1687810368312899
268,0.178005881478449
269,0.15647349363920834
270,0.19644918913759052
271,0.15640558956515282
272,0.15216779834169172
273,0.1649336103004659
274,0.15105187353536917
275,0.14552519002064296
276,0.15018805042278827
277,0.15279111539545875
278,0.14662148043585996
279,0.15461126032329925
280,0.1500633747002665
281,0.15121345577231918
282,0.16947706157857034
283,0.1721883536926614
284,0.17935743676849464
285,0.14561222808467228
286,0.15947145645886993
287,0.16115533769406645
288,0.1337095294240807
289,0.14113392899785435
290,0.14449321601530388
291,0.15188418302676424
292,0.14992498072938565
293,0.13631991131465152
294,0.14521241301508683
295,0.14453732151308632
296,0.1480831740536823
297,0.15430087191391328
298,0.15016447321093734
299,0.17172865903350376
300,0.18855696251499734
301,0.14991594090803756
302,0.15994398014050717
303,0.163420177292406
304,0.16637607683513342
305,0.15140338899408526
306,0.15517333509112333
307,0.16776757777583812
308,0.15326042698899375
309,0.14098809035523732
310,0.16334008901763977
311,0.17050571190659822
312,0.15441727368169433
313,0.16600827059091103
314,0.17097620951988854
315,0.1716906910888468
316,0.18907818512586416
317,0.1632282084203811
318,0.16961738273980914
319,0.1681720660912208
320,0.17565733381135126
321,0.1543982834755614
322,0.14673615909916574
323,0.15490040243254638
324,0.15058288743196788
325,0.17393822667598438
326,0.1812359183295679
327,0.1621594205026058
328,0.1455191617286021
329,0.17197071086391263
330,0.21691618308663801
331,0.1636717383010055
332,0.15413615146353754
333,0.1577978767117596
334,0.1587077265692501
335,0.16179884649282467
336,0.1596265997659396
337,0.18582182711996528
338,0.14629179308867876
339,0.14508677080363264
340,0.15495880666059667
341,0.15280118492041428
342,0.15370925823775303
343,0.16619691304540488
344,0.13887001574344715
345,0.15143879219863673
346,0.15391183241595932
347,0.15650110000747589
348,0.156540390593756
349,0.14510051279447989
350,0.16037264641962676
351,0.18539131072455947
352,0.15656679816278457
353,0.1775348054966542
354,0.16314790404436416
355,0.15205086130161752
356,0.15803195789411928
357,0.1781364308136846
358,0.13205312646846873
359,0.13824030221566952
360,0.18253422911491116
361,0.17816530120370846
362,0.18505265051286787
363,0.154499339194532
364,0.15065722656012948
365,0.15296066871647165
366,0.15669820236823556
367,0.14685782991263477
368,0.14799277975688852
369,0.16277735446480837
370,0.15414409129520848
371,0.15509289802624124
372,0.15840745655722666
373,0.13815917793267346
374,0.15027920844932732
375,0.13635384864568426
376,0.15196819331334027
377,0.14838268079492495
378,0.14563011148173857
379,0.14959594102367035
380,0.1517063093467833
381,0.15728225548360614
382,0.16707269631715488
383,0.15366844316500655
384,0.14571815910399066
385,0.16160048503863886
386,0.16498655957707017
387,0.1662274639533978
388,0.16692409227677965
389,0.20236429666909528
390,0.1893510859250424
391,0.18183857719801147
392,0.1689043419493355
393,0.16123308958626067
394,0.15322501852240739
395,0.14772551229325206
396,0.15636897909401767
397,0.14746133918434262
398,0.15322931544833057
399,0.19060346673382283
400,0.17560499809270558
401,0.17226357450625548
402,0.15061236285456592
403,0.14762880133489506
404,0.1613281662352912
405,0.14918052404455545
406,0.16608297074875536
407,0.1384206174277575
408,0.14646852352583067
409,0.1524570506008771
410,0.16172145029025467
411,0.15034380860243637
412,0.14956408228630827
413,0.16166750386468745
414,0.15556746011278658
415,0.15052761388602376
416,0.1493161781412726
417,0.17863695735134083
418,0.16187233240166238
419,0.15111010706516756
420,0.1479353550333171
421,0.1445446113579249
422,0.15487072031453633
423,0.18497128537074017
424,0.17053028934824627
425,0.15857996742767197
426,0.1889358911369794
427,0.17194061905592928
428,0.1557484144133541
429,0.15777893388738426
430,0.15640473847697617
431,0.15006472909801513
432,0.14658548586155523
433,0.14812074196531055
434,0.1597314369688068
435,0.13581412389287287
436,0.15351844497099135
437,0.14343967872963478
438,0.15011987200769286
439,0.17792108067880494
440,0.15482916697660173
441,0.15076713349452647
442,0.14378034641983298
443,0.1733788336315362
444,0.18376910742063976
445,0.17532830942021999
446,0.15623563859826645
447,0.1586873199279787
448,0.1634041770480032
449,0.17197891866089168
450,0.16380109442560972
451,0.1638282149985493
452,0.16870049898131992
453,0.15750356557276815
454,0.15521326081281092
455,0.16249997103912556
456,0.15182777506408032
457,0.15119191527886516
458,0.14460856917148085
459,0.1565977047279509
460,0.15987570184287292
461,0.16374905323870445
462,0.1610579719463495
463,0.1678957707477458
464,0.167347126442281
465,0.15929334231998177
466,0.15446010409188402
467,0.16021156827959002
468,0.14368984278462277
469,0.15861332194930206
470,0.1752207561043122
471,0.16151773696970165
472,0.15334665976667242
473,0.15255601775869468
474,0.17986916998986383
475,0.15035556473014458
476,0.14259998746425118
477,0.16874728454170065
478,0.1551207361091126
479,0.14972941888333505
480,0.15004114418852704
481,0.15578711942387702
482,0.15320326597497222
483,0.1432657457510289
484,0.15566209630623312
485,0.14488506597392733
486,0.15036788345452984
487,0.15467417350668822
488,0.1750257412774061
