,8
0,0.1911902275704525
1,0.20553186482688846
2,0.18347789035679052
3,0.19281948680433264
4,0.17418562027899917
5,0.1532565432687762
6,0.1274112244923649
7,0.13061587233200228
8,0.1449700394722065
9,0.17353676411678545
10,0.19015360212997431
11,0.18863402459092768
12,0.17308756882139759
13,0.16399153313346593
14,0.16236364092092048
15,0.14925217117057651
16,0.15444827443703282
17,0.15197651912357255
18,0.15903705382589944
19,0.16610775108368547
20,0.1725933745973709
21,0.16299901424001154
22,0.16030305657729416
23,0.1657726550779301
24,0.15070092387139203
25,0.1542641390984361
26,0.14804007619537582
27,0.1523434613657302
28,0.1454556612864412
29,0.16427841053352943
30,0.17233101946830184
31,0.15281398853207226
32,0.1707000339982889
33,0.16102613400770963
34,0.16599178223050656
35,0.16433693838467514
36,0.16112179808906643
37,0.165125363656613
38,0.1652701649797065
39,0.15800483968945678
40,0.15743755305267385
41,0.150147835554486
42,0.14845875083796692
43,0.1435084922183483
44,0.1484242855766502
45,0.151745572433118
46,0.15829541022804233
47,0.16004913740700483
48,0.15337206471828663
49,0.16531080176428065
50,0.16871005647393036
51,0.15186239624162956
52,0.1500389269331387
53,0.1411906358885474
54,0.15893744148495226
55,0.1710741370981148
56,0.17391544759845104
57,0.16209479571539592
58,0.1610924759585966
59,0.15797631543260288
60,0.16020940365362793
61,0.14568458310453627
62,0.1444255489199477
63,0.15821694548941473
64,0.14737736709572347
65,0.16025056171925853
66,0.15433647635787576
67,0.14253800955394874
68,0.14433666619390162
69,0.14602575224136924
70,0.1742883775716457
71,0.15379078116466297
72,0.15366053611266303
73,0.15230729280284133
74,0.1666082908514467
75,0.18513586886147246
76,0.1458219592396631
77,0.14818517400982464
78,0.16867528201282986
79,0.15800058007704948
80,0.1598392868143383
81,0.1349024511630217
82,0.16153815653985423
83,0.150657245587123
84,0.15640006552906136
85,0.1666154396963727
86,0.1666519468598103
87,0.14598621596763672
88,0.1512537410314674
89,0.1393535919110156
90,0.16142240429709626
91,0.18009791463480634
92,0.17654637982842825
93,0.16182006231724685
94,0.16804172570560016
95,0.1579914687493872
96,0.15447639665076096
97,0.13736230356302503
98,0.16938109333912252
99,0.1734968486129039
100,0.15974966544854619
101,0.16026657696516533
102,0.17119700207616279
103,0.13184047241124466
104,0.16169168896831693
105,0.15681926262111534
106,0.1676337776648288
107,0.1689271372284859
108,0.16991099510333918
109,0.1522853364835844
110,0.16579216136584124
111,0.1515322134237126
112,0.15104099414744718
113,0.14774889162979885
114,0.15395039510283767
115,0.1561882234169997
116,0.15980449700930097
117,0.13745591324986878
118,0.15273077851159877
119,0.14134006287484133
120,0.16635852263717593
121,0.1751634643338954
122,0.1625161681092158
123,0.1573903140838397
124,0.16445999207626413
125,0.16909186378586524
126,0.16928999411571338
127,0.15980826236855067
128,0.14275617441649405
129,0.15047341761389987
130,0.1446533122791267
131,0.14006545839387924
132,0.14941984631571067
133,0.17039972734456418
134,0.1784401144531681
135,0.15584092940800676
136,0.15264219346189353
137,0.1595255320114875
138,0.1582773371203004
139,0.1483807395264754
140,0.15285858325975687
141,0.16450752814949726
142,0.16703315883245176
143,0.1573024845376653
144,0.16398461736187148
145,0.17770758118261876
146,0.17154476017130074
147,0.16707670368520233
148,0.15389902717361595
149,0.1732540382880781
150,0.16474628900181362
151,0.15753928529000047
152,0.1570088237616775
153,0.15694957357890488
154,0.17239103987739338
155,0.1540684755626581
156,0.14142012366975712
157,0.1496214060604374
158,0.14313998676165546
159,0.15797396091126314
160,0.15789426692836597
