,5
2.0,0.1587545576853994
6.0,0.1850956293688549
11.0,0.1614925959405516
22.0,0.21701157181676553
30.0,0.2203723103680291
35.0,0.1811874688354606
43.0,0.14345853875504674
48.0,0.15718836918789153
54.0,0.21095452440165294
62.0,0.18717568325076442
69.0,0.16652196705145303
74.0,0.20256199186718485
81.0,0.20477876627784558
89.0,0.18144398056388855
98.0,0.18814063088224586
106.0,0.17738419283991747
114.0,0.1905196785487236
119.0,0.19253352859562042
126.0,0.21633048458499327
134.0,0.18895996031028559
140.0,0.1972711003737016
144.0,0.18255942834958816
153.0,0.22061139868076005
161.0,0.1733162852804801
168.0,0.18641106049644193
176.0,0.19420652289063023
184.0,0.18875039108091252
193.0,0.21376626585602726
201.0,0.20399874257846512
208.0,0.1731471653186364
215.0,0.19949633963374225
223.0,0.19674519581964076
230.0,0.19116172607555237
237.0,0.15520189951243385
248.0,0.17245788874300574
253.0,0.18918225780291156
262.0,0.18692670319893892
271.0,0.18681080963301575
279.0,0.1868314708432061
286.0,0.21355299429942937
290.0,0.1835846999835127
298.0,0.18395766093473573
302.0,0.17501965800649896
310.0,0.1763074461787906
315.0,0.17629336457069175
323.0,0.16547889519473338
332.0,0.1661207587569525
339.0,0.21370600364854803
346.0,0.1589852333551281
350.0,0.20953771717726247
358.0,0.18702837540998998
367.0,0.16991926116576664
375.0,0.19714250885879017
382.0,0.2103541894490221
387.0,0.1875371006171054
394.0,0.18956126688579691
401.0,0.17274215047640543
409.0,0.18282623710706486
413.0,0.19260786720685746
420.0,0.18979691971700566
428.0,0.1939873004555671
432.0,0.19334019785217638
441.0,0.1888815110944412
449.0,0.21376666178459813
460.0,0.16715114867480557
469.0,0.20141342549866834
476.0,0.20787041923448338
484.0,0.1825125209034859
494.0,0.20257029489275682
499.0,0.1865771596139676
510.0,0.20498128617060526
516.0,0.20868438888252572
524.0,0.17600950462818604
533.0,0.2085691324170257
539.0,0.2068117203150668
547.0,0.1805311746286508
553.0,0.1820846141560607
557.0,0.19989715460756138
564.0,0.20187913766651777
573.0,0.18786806009813792
581.0,0.19975194416602277
592.0,0.15533600582729312
599.0,0.17959998582966202
609.0,0.18660064576560031
620.0,0.1891181271352934
624.0,0.20846155206530176
632.0,0.2109212845949537
640.0,0.21526890124724934
647.0,0.18126574819760155
654.0,0.18671140318925017
663.0,0.17529175655787774
671.0,0.2016962392294745
680.0,0.19992352262876936
684.0,0.20322207426483205
693.0,0.1907562261040842
697.0,0.20517770091665133
708.0,0.1856424038578187
717.0,0.2012468021048934
728.0,0.2055377546465338
736.0,0.1957934375454186
741.0,0.17382729667648686
750.0,0.18841021246187545
759.0,0.18067763997052247
763.0,0.18477776336918653
772.0,0.19964252713783165
783.0,0.20259421536764688
790.0,0.1719172477130883
794.0,0.17664518653340858
801.0,0.18302321869824056
805.0,0.17878661444279342
813.0,0.19869991942353013
820.0,0.17782927797147655
827.0,0.18880458836169725
835.0,0.17402441302371205
844.0,0.19467293756178677
855.0,0.18893386275391832
863.0,0.16790239734758663
871.0,0.17473143738983107
878.0,0.19982656106786187
886.0,0.18211987736957955
894.0,0.17523874567614794
903.0,0.16014049108688763
912.0,0.19023374051853414
921.0,0.1862518600901815
926.0,0.18435289076029124
931.0,0.2074900843283544
937.0,0.17377790224922968
944.0,0.18090431463534085
952.0,0.20068062314152801
959.0,0.18144254286031244
966.0,0.1902922250369355
973.0,0.1911962570045341
980.0,0.18510138308435992
988.0,0.17468496595224065
994.0,0.18152628880412539
1002.0,0.18665982481664276
1010.0,0.17312882693791376
1018.0,0.1803876883480078
1027.0,0.20050959768210125
1035.0,0.16248718737357412
1044.0,0.20681536676307385
1053.0,0.19700239503882863
1061.0,0.19506252769313387
1069.0,0.1852693278145643
1078.0,0.17891755162266343
1086.0,0.19862314634238784
1092.0,0.2081485176985637
1096.0,0.15217118433759577
1102.0,0.18877335916699994
1109.0,0.16233633774695921
1116.0,0.17358396214458058
1123.0,0.18766027353484185
1127.0,0.21447092683245833
1136.0,0.16229670872370333
1143.0,0.20240585674257974
1150.0,0.19103094015336824
1157.0,0.18287362414324615
1165.0,0.1663439503022133
1176.0,0.2215027305373795
1184.0,0.20325410390337278
1193.0,0.18874050866482983
