,4
1204.0,0.2569389657380598
1209.0,0.16634575338461013
1221.0,0.14919607322201045
1229.0,0.205660851009581
1236.0,0.1898452351639691
1241.0,0.17095028526188777
1249.0,0.2007929394104144
1257.0,0.21229035664533602
1266.0,0.14563201733022796
1270.0,0.19793346253359856
1277.0,0.22544835549906206
1284.0,0.18976551845253972
1290.0,0.20959895445465088
1296.0,0.18384543947062112
1307.0,0.21399205861659484
1312.0,0.19625560578424214
1319.0,0.16149454313269446
1326.0,0.18443414307142808
1334.0,0.23788656691709903
1342.0,0.18201285337094153
1352.0,0.2057012277091549
1360.0,0.16170014624852744
1365.0,0.20182558082979205
1373.0,0.22820644954384012
1381.0,0.24192800700277717
1386.0,0.16713760946244702
1392.0,0.18404163817407035
1399.0,0.18831058638862747
1405.0,0.20815426867402623
1414.0,0.2513672367982226
1425.0,0.15612605669423626
1434.0,0.19274860874198446
1445.0,0.1760208233139525
1454.0,0.1626638808391809
1463.0,0.17085818646782377
1471.0,0.13290285145504208
1483.0,0.13822351388051998
1490.0,0.18346127291089773
1499.0,0.2326082335038363
1506.0,0.17161225879378708
1510.0,0.20397229317976223
1524.0,0.19192613218371687
1531.0,0.21121706228235929
1540.0,0.1778893719723881
1550.0,0.19835899601842855
1558.0,0.16869389819042865
1565.0,0.21981951850284295
1573.0,0.17350047278693997
1582.0,0.1816001435873726
1590.0,0.2272480962096795
1604.0,0.2139243546157343
1609.0,0.19529942565860042
1616.0,0.18588701037238461
1625.0,0.2181863290637419
1631.0,0.1938992080764244
1637.0,0.21210556128448027
1644.0,0.10787661662818364
1652.0,0.1715309494386985
1659.0,0.2055006580748047
1668.0,0.18932010550101638
1675.0,0.18287252529698209
1683.0,0.20647842312031103
1688.0,0.22786083469232385
1697.0,0.2037640766893933
1702.0,0.20389789376553705
1710.0,0.2123866720848635
1718.0,0.15600692884374498
1724.0,0.2185846706906052
1730.0,0.2052864890910438
1738.0,0.1743382961251066
1747.0,0.17601226599984401
1755.0,0.24991253145209646
1760.0,0.15962649385894678
1765.0,0.1916972251616803
1773.0,0.2134727417489529
1777.0,0.16688797008282433
1785.0,0.20221371442898703
1792.0,0.21386206297182517
1800.0,0.18412683147884373
1809.0,0.22248609387934695
1820.0,0.2521076619483171
1829.0,0.19730639002736078
1836.0,0.1923646578647189
1843.0,0.212392240178215
1851.0,0.16241246307176138
1858.0,0.15628872584230266
1872.0,0.1915347385851712
1881.0,0.15054569876421645
1886.0,0.18689334873942656
1891.0,0.19115215086697251
1898.0,0.19951899494624475
1902.0,0.13644872814798495
1911.0,0.20065741433664058
1918.0,0.22981826178746617
1926.0,0.16103489242030328
1938.0,0.21664085322499757
1946.0,0.19200307029235228
1951.0,0.13698131112629305
1959.0,0.1771653499064206
1966.0,0.2004582486930095
1980.0,0.16060790229741445
1989.0,0.2011575565656394
1995.0,0.19445641963655713
2006.0,0.21893226649764486
2017.0,0.17581387347052266
2024.0,0.1838278784687247
2029.0,0.136210660658652
2038.0,0.16835714098568735
2046.0,0.19987684511708886
2052.0,0.16515869100370478
2061.0,0.17771309094518636
2071.0,0.16941520117219522
2079.0,0.2066986700721955
2088.0,0.1497632470361159
2099.0,0.1936634721937784
2107.0,0.17494783698179936
2111.0,0.17424827952640543
2119.0,0.18109719615623263
2128.0,0.1870819890796635
2136.0,0.1756031027226011
2148.0,0.1703925713322914
2156.0,0.18444068851723291
2167.0,0.19783447861742068
2173.0,0.1820116710124203
2181.0,0.16178346740650307
2188.0,0.1831252704938502
2192.0,0.17270186620952546
2200.0,0.13926802655760875
2207.0,0.1469084850014423
2215.0,0.19896311218205012
2223.0,0.18720577510993036
2230.0,0.18835525108616033
2242.0,0.17445216066221592
2253.0,0.18780671918814182
2259.0,0.193032332457254
2263.0,0.2049239571356618
2270.0,0.18772627149295235
2279.0,0.17741328223171313
2286.0,0.1874928803074155
2295.0,0.20806678270371115
2309.0,0.1919645671108773
2317.0,0.19444269708463877
2325.0,0.19232892901861015
2333.0,0.17958468851743598
2343.0,0.19886211474823637
2350.0,0.18387778755365197
2359.0,0.187074585138652
2363.0,0.18689106101437605
2369.0,0.1841779785257104
2380.0,0.20997311796682153
2389.0,0.1648060406941078
2400.0,0.19066298519713434
2405.0,0.18111979606876843
2416.0,0.2230497948802993
2421.0,0.17449568321257514
2425.0,0.22920875458097875
2430.0,0.19237518660989822
2438.0,0.1988068260390903
2446.0,0.22107957486021676
2457.0,0.19153274647260352
2461.0,0.1944644398219542
2468.0,0.20774440005476397
2475.0,0.15336698446332753
2483.0,0.1921883041293935
2490.0,0.1692782899694505
2504.0,0.23541668931987877
2512.0,0.16919948332068563
2520.0,0.21486074308911363
2534.0,0.18361817944704248
2543.0,0.19125526631469414
2551.0,0.21281538118250987
2558.0,0.23496619180426787
2563.0,0.2106290843420506
2567.0,0.2154786718716882
2572.0,0.15002605511538689
2579.0,0.16652618265541408
2589.0,0.1763495942991875
2596.0,0.20873663956804187
2603.0,0.2110564846404402
2611.0,0.20811295094010043
2623.0,0.16094475277142622
2630.0,0.17923171075379127
2638.0,0.15912990043459108
2643.0,0.22653800220450118
2649.0,0.16909143639436158
2660.0,0.2114553352119605
2667.0,0.17401261446972463
2675.0,0.16051188434350122
2683.0,0.20128274312259126
2694.0,0.1874238390498456
2702.0,0.21541871993121428
2710.0,0.19136546462012147
2720.0,0.22543008763658695
2727.0,0.17519152738506935
2735.0,0.19619724460788873
2743.0,0.232822028469803
2757.0,0.1988230690975871
2765.0,0.1956725452396646
2773.0,0.2330956272427306
2778.0,0.18848758348757794
2786.0,0.1722950310644649
2794.0,0.19587709514755344
2803.0,0.1984540146556414
2810.0,0.16497551271566752
2818.0,0.20572988696344965
2826.0,0.16926061051085423
2834.0,0.18926541116797596
2841.0,0.19470351679545184
2852.0,0.16362361763983696
2861.0,0.21437666816783627
2869.0,0.1861308744703747
2877.0,0.21127826060305316
2884.0,0.20401190604403116
2893.0,0.23485635905564203
2900.0,0.1662959502448878
2911.0,0.20919926705028083
2922.0,0.20331997192380222
2928.0,0.17224998298611433
2934.0,0.16483835199204963
2943.0,0.18754109028881916
2950.0,0.18394943554619644
2962.0,0.11223550508826656
2966.0,0.17910205322984846
2975.0,0.2068739955266158
2982.0,0.21095716281947238
2990.0,0.20230570580045043
2995.0,0.19172096233542257
3000.0,0.12283143433648858
3007.0,0.16576534219598232
3015.0,0.20527345646689665
3021.0,0.1813531913040008
3025.0,0.20663428177111964
3033.0,0.19677774521867686
3038.0,0.2062986890080308
3042.0,0.1538475181099801
3050.0,0.1872922228971464
3059.0,0.15727132978127578
3068.0,0.22082898265634165
3073.0,0.19655070694412363
3078.0,0.21746073181954467
3086.0,0.18614632628796798
3097.0,0.20445115523640098
3101.0,0.2193102497904291
3110.0,0.19306636173222955
3118.0,0.20575518555468683
3124.0,0.22385434061304188
3131.0,0.15277665464486886
3140.0,0.2307453193629461
3149.0,0.22929388772568393
3153.0,0.19592608650971247
3161.0,0.14955018076522533
3166.0,0.17625328228962153
3175.0,0.1834760683412239
3183.0,0.17990319677852673
3190.0,0.2096488216478852
3202.0,0.16534296473998109
3206.0,0.18986031243896365
3213.0,0.22994702216969706
3217.0,0.14454961918475787
3223.0,0.16635483103720794
3234.0,0.19282745429516143
3242.0,0.18493018265425307
3250.0,0.20473567131276066
3258.0,0.227295067942892
3266.0,0.18347243180414863
3273.0,0.15628654641877107
3277.0,0.15231063832134098
3286.0,0.11535683489410427
3295.0,0.17353699270867456
3300.0,0.18787792115570368
3307.0,0.17026522204597275
3312.0,0.17549196364870917
3318.0,0.1409804605722675
3327.0,0.17445632913333856
3335.0,0.16652783895746506
3339.0,0.16916498961964746
3347.0,0.17171885527393124
3355.0,0.18652843458306928
3362.0,0.16896571228490243
3369.0,0.17950322208994307
3377.0,0.15453864634497927
3382.0,0.18415674328205184
3388.0,0.19598050523294397
3392.0,0.1911788492776638
3399.0,0.18634860104484607
3406.0,0.21560164395767545
3410.0,0.17305315224399134
3419.0,0.21248511081116372
3426.0,0.2057004701218564
3434.0,0.13439521540120078
3446.0,0.22332080947286165
3451.0,0.17577577063810923
3459.0,0.20504616269392636
3468.0,0.18957589091581242
3472.0,0.18424347360767035
3477.0,0.1915525978178737
3484.0,0.22585988563962117
3495.0,0.17423620789549413
3503.0,0.17049225644658725
3508.0,0.17231843023030133
3512.0,0.16403386721887075
3517.0,0.2308248412083742
3523.0,0.21467827709383483
3531.0,0.19761709128567626
3540.0,0.23657550129176777
3554.0,0.1754407709696085
3562.0,0.24428851071866073
3573.0,0.18299180195217526
3581.0,0.17285085139299652
3590.0,0.1997905906040699
3598.0,0.21288565066082757
3607.0,0.2085451527388116
3615.0,0.1661438004245682
3623.0,0.21603960566702823
3631.0,0.15535369300568533
3639.0,0.19738290502682784
3644.0,0.22592435440605077
3649.0,0.2300118915713011
3657.0,0.19128778416321846
3663.0,0.17189630885213134
3672.0,0.17516851201763406
3684.0,0.1561213878120316
3695.0,0.17245412438085034
3700.0,0.19550355876412873
3707.0,0.2533958655911493
3716.0,0.1883478350785489
3723.0,0.1703944381327194
3732.0,0.22512727544247274
3740.0,0.18864340657510464
3747.0,0.1650075773178011
3755.0,0.170406042737514
3759.0,0.20214538400760887
3766.0,0.20250265185525
3778.0,0.18462288576269992
3785.0,0.13950271916707557
3792.0,0.19067609195378407
3799.0,0.17490055289851147
3804.0,0.18918994798627498
3815.0,0.21451704144087094
3822.0,0.19328792637602824
3826.0,0.1265997852961699
3834.0,0.16525973188223778
3838.0,0.15099091886618668
3843.0,0.2164880000453077
3850.0,0.15975328749476336
3862.0,0.19996772443536417
3876.0,0.18542667110622235
3884.0,0.18301051506891924
3891.0,0.20677709940732783
3903.0,0.1874439062836198
3908.0,0.18207285028248
3919.0,0.1590052950189002
3923.0,0.12240535254686795
3928.0,0.15423776217487511
3936.0,0.16992801175386982
3947.0,0.18530215370050995
3951.0,0.17988534972963172
3959.0,0.1757859416399284
3966.0,0.19285953376990123
3977.0,0.2055615608848346
3981.0,0.19785756402299542
3988.0,0.19467873248485162
3996.0,0.20823432301659406
4001.0,0.21200645558078018
4009.0,0.2100465220155732
4019.0,0.18221029543539036
4027.0,0.2147848027694625
4035.0,0.10402935690414568
4046.0,0.19005454975803668
4051.0,0.21840355562218616
4058.0,0.1495770295767808
4066.0,0.20307692533674962
4075.0,0.19529618439969337
4081.0,0.21158200778311723
4089.0,0.1970805356815868
4094.0,0.17929071647740608
4106.0,0.15492913049871687
4115.0,0.21161593119010266
4122.0,0.1702443145223114
4133.0,0.1754405169860932
4141.0,0.21475211745887737
4148.0,0.21304384594390943
4156.0,0.16188797523800846
4165.0,0.22682005686520335
4170.0,0.17883564619712033
4178.0,0.17910816215109177
4187.0,0.2029951635008024
4192.0,0.15699342117402876
4200.0,0.21419758582005285
4206.0,0.2564703964574426
4210.0,0.17710541949169106
4218.0,0.14073895815824267
4229.0,0.20968596921035576
4237.0,0.21018914364496302
4247.0,0.17356315169026026
4252.0,0.17681200524183507
4260.0,0.20000573533806032
4271.0,0.1899363323876429
4278.0,0.18826195021555786
4286.0,0.18915737691121493
4290.0,0.1673588740481452
4294.0,0.21924130974073897
4299.0,0.21824806602617125
4306.0,0.20670704331952522
4311.0,0.1993075002454113
4319.0,0.22479252445990988
4327.0,0.20569784614617737
4338.0,0.2188766993677408
4346.0,0.1948633868011587
4354.0,0.22020731149982486
4363.0,0.21835829484114566
4374.0,0.18543122763410566
4383.0,0.18770246750819672
4389.0,0.18829823464501863
4397.0,0.20015532090620278
4405.0,0.20946318281641663
4413.0,0.19630181476642922
4417.0,0.16649651151229994
4424.0,0.18399402095315326
4435.0,0.19636183973245314
4442.0,0.2124071297533293
4451.0,0.17496316625932656
4462.0,0.14167019935302505
4469.0,0.17686782539237825
4478.0,0.1816363118861847
4485.0,0.18105797673917776
4490.0,0.18567611494431807
4495.0,0.20123515694038924
4502.0,0.21214651480724953
4509.0,0.17634465076724032
4514.0,0.1820437801484874
4522.0,0.20470224122106165
4526.0,0.20329576679549488
4531.0,0.25694181200254185
4536.0,0.21372845505549146
4548.0,0.21219186400356638
4556.0,0.233557234041177
4561.0,0.19489099332439447
4565.0,0.21401441095673057
4573.0,0.22021858282705073
4578.0,0.21218655511111215
4585.0,0.2204528425276782
4589.0,0.1912189100887871
4600.0,0.18573938057402312
4614.0,0.21851253373042576
4619.0,0.19923687785930608
4627.0,0.21661570241622932
4635.0,0.21136826749014562
4643.0,0.16932279261483824
4648.0,0.19377386586897208
4656.0,0.21742171622799708
4665.0,0.211159408747901
4674.0,0.22388111727780352
4679.0,0.20305161123974055
4684.0,0.17508991611589272
4691.0,0.18397713751177144
4699.0,0.18071848095457363
4708.0,0.19378237116850633
4719.0,0.17704116427483022
4728.0,0.18642419048867376
4739.0,0.20232676389327706
4744.0,0.19608624195596183
4751.0,0.13348388057570784
4755.0,0.20085991491992297
4763.0,0.19211971514870674
4772.0,0.20269542254093953
4779.0,0.19733456071660616
4786.0,0.17081341904094866
4795.0,0.163768441678069
4806.0,0.20476315774221648
4814.0,0.18124169655705336
4826.0,0.15556266551757614
4837.0,0.2314024291281615
4849.0,0.19054760049415198
4854.0,0.211540936581322
4858.0,0.18952573538194173
4872.0,0.16526962606848403
4881.0,0.10646399598803308
4890.0,0.18474800347480905
4895.0,0.19163941605042745
4902.0,0.1942303330693506
4911.0,0.1836422970161733
4922.0,0.2087976987382396
4927.0,0.1508170208930175
4935.0,0.21380859499346097
4940.0,0.22343374791075493
4954.0,0.19093989266629618
4963.0,0.16439503994860918
4972.0,0.17097693797501057
