,6
2.0,0.2339844688129726
6.0,0.19649468532683184
11.0,0.16807582213051644
22.0,0.19819301748161464
30.0,0.17573760818311726
35.0,0.16728653655880799
43.0,0.13252740871619081
48.0,0.1523017341272419
54.0,0.1795082404838483
62.0,0.16160183575725376
69.0,0.19871787840190094
74.0,0.18790229926387342
81.0,0.1789085381079052
89.0,0.19613926664564266
98.0,0.1946166697078612
106.0,0.19008091624720844
114.0,0.17647312453777597
119.0,0.1824193195069021
126.0,0.18251901404017515
134.0,0.1668739695158877
140.0,0.18429426989883638
144.0,0.17583536272977865
153.0,0.18844852931327755
161.0,0.1788229876836255
168.0,0.19033613853051445
176.0,0.1988585983284715
184.0,0.1613638411448788
193.0,0.16908907017806696
201.0,0.1925798432125899
208.0,0.17501295505201506
215.0,0.1666680318955832
223.0,0.17436779317464834
230.0,0.17799988799015426
237.0,0.1683167679530485
248.0,0.16514840322627664
253.0,0.1611727801245633
262.0,0.1713692559383534
271.0,0.17085396008750703
279.0,0.1752061825307654
286.0,0.18669566311433117
290.0,0.18247744356366194
298.0,0.18157833309606508
302.0,0.17856695298622516
310.0,0.1698565057500467
315.0,0.18594706103441092
323.0,0.1882469724983692
332.0,0.18584606400962578
339.0,0.2006167456916867
346.0,0.19241521456812108
350.0,0.17638882275268541
358.0,0.18839006278922055
367.0,0.1642995965239555
375.0,0.16029515799862587
382.0,0.1585034286077302
387.0,0.1727890256171988
394.0,0.16390490786479947
401.0,0.18965272678690318
409.0,0.18549713624337763
413.0,0.16730920917893796
420.0,0.20026807298033483
428.0,0.16988114200832066
432.0,0.18483470105630295
441.0,0.18640173172158608
449.0,0.17494727859074458
460.0,0.18128506572660277
469.0,0.19967229583277618
476.0,0.17272891653898967
484.0,0.16418217253272552
494.0,0.16980583180485606
499.0,0.17338233390027907
510.0,0.18377546735467734
516.0,0.18093797017784186
524.0,0.19381391564824182
533.0,0.19099077606629578
539.0,0.17741550538480755
547.0,0.18075547995935035
553.0,0.16347690995812597
557.0,0.1792095754380488
564.0,0.1818025561205926
573.0,0.19139353547492308
581.0,0.1906295821573889
592.0,0.1859521118620595
599.0,0.17223238274656463
609.0,0.1660375020221715
620.0,0.17150345268160558
624.0,0.18889588391599543
632.0,0.21083886109489297
640.0,0.19708861382816845
647.0,0.18528696192398986
654.0,0.20470446196973666
663.0,0.19508263972940992
671.0,0.19637376566782483
680.0,0.1710347230147141
684.0,0.20102037441396053
693.0,0.1914238591490717
697.0,0.17715600986750882
708.0,0.20527841257838783
717.0,0.1812906032031588
728.0,0.17762219254410244
736.0,0.19593278516809345
741.0,0.19835731979009588
750.0,0.19168330874133002
759.0,0.17730030328659752
763.0,0.18441042489696474
772.0,0.15581552134942714
783.0,0.17078133544413157
790.0,0.16443800013683704
794.0,0.1880358241915399
801.0,0.18920567340782102
805.0,0.1779446963424722
813.0,0.17075178344902409
820.0,0.19139004742726007
827.0,0.17771628427398004
835.0,0.16802138156341673
844.0,0.18314945479519465
855.0,0.17867218803874765
863.0,0.17367982901012535
871.0,0.14638419099783587
878.0,0.15792306487102054
886.0,0.16959271582728874
894.0,0.1855834466222532
903.0,0.20743266360369314
912.0,0.17414170564794476
921.0,0.18693685606317323
926.0,0.1909791419546798
931.0,0.20543379657044555
937.0,0.19175023133868485
944.0,0.18428020773368028
952.0,0.1742489435365736
959.0,0.17492226012088818
966.0,0.18866830117593786
973.0,0.1788838345625037
980.0,0.18061796993518855
988.0,0.19540475641477845
994.0,0.19506731810962608
1002.0,0.1763257431425638
1010.0,0.20100756023133873
1018.0,0.17895754319849422
1027.0,0.1821904158431557
1035.0,0.19569813871492064
1044.0,0.20328741364614142
1053.0,0.18743812969071422
1061.0,0.18176104530361167
1069.0,0.18061066441786305
1078.0,0.17999381565395664
1086.0,0.17577531320876075
1092.0,0.1963678030086063
1096.0,0.164817710439174
1102.0,0.16305633838791986
1109.0,0.1743521024702344
1116.0,0.17062253052590745
1123.0,0.19119513301845106
1127.0,0.17621473462404313
1136.0,0.18374525549419055
1143.0,0.18676718211067797
1150.0,0.19288100946904355
1157.0,0.16187834070943974
1165.0,0.18499484830392438
1176.0,0.20189233354803407
1184.0,0.18909210988521716
1193.0,0.1878272479209169
