,5
2.0,0.1920197910230491
10.0,0.19420221694201587
16.0,0.20419274574292925
21.0,0.1922830393845839
30.0,0.18122489654272136
38.0,0.1562223960728882
47.0,0.19989511471722934
52.0,0.18207256030644603
57.0,0.1749449735182513
64.0,0.18959991539243765
73.0,0.19342818863070857
84.0,0.19708211792720118
90.0,0.19176479340709537
99.0,0.17673542362598532
107.0,0.18729098311122894
115.0,0.1849261434375125
123.0,0.16296864453272733
134.0,0.1853672015522908
142.0,0.1817892677453482
150.0,0.19111861811817435
161.0,0.18553654278560047
170.0,0.17344805046180362
178.0,0.1782910145947384
182.0,0.1992826523926463
191.0,0.18149308203541414
200.0,0.18848665526178174
205.0,0.19109588865723898
210.0,0.21197754633549654
221.0,0.20326484798121539
230.0,0.2033975010414627
237.0,0.21062549010707093
246.0,0.1683121684490127
254.0,0.18945527029925177
262.0,0.19311990041986746
270.0,0.18673452545760863
278.0,0.20724051588778777
282.0,0.17398342733253416
287.0,0.19802708330737373
291.0,0.20963343895976608
300.0,0.20292744001992133
306.0,0.19872529627226238
310.0,0.17498832030446423
319.0,0.1678374168181115
325.0,0.17829491945637604
332.0,0.19093351501332262
340.0,0.19286963861582856
347.0,0.21179588629276794
356.0,0.16540922024473734
365.0,0.1888144585565335
373.0,0.16860198985065825
382.0,0.1984555761952923
390.0,0.1755559039727135
398.0,0.1962739995218887
408.0,0.19392780611345764
417.0,0.21635401747102542
422.0,0.19381136447562317
426.0,0.1899275113667019
438.0,0.18294308840296541
444.0,0.16699984746357102
453.0,0.1812862291253132
462.0,0.17993828271507314
471.0,0.19020337889197625
477.0,0.18831452791402858
486.0,0.15925787566982055
495.0,0.17020799780922485
507.0,0.18191322975991983
516.0,0.18743076543953635
521.0,0.19751518431085652
528.0,0.18748204794349266
535.0,0.1916629624013789
547.0,0.19961612210378374
553.0,0.20013326850226465
561.0,0.18064572325663464
568.0,0.18376372139712738
576.0,0.18808618761572915
585.0,0.22289546105892943
591.0,0.19468226662097993
599.0,0.18137037810921222
607.0,0.1771059792234926
612.0,0.18115491333488165
620.0,0.1707751965199165
628.0,0.18877930903693052
639.0,0.19624932457794156
644.0,0.1984680777144161
652.0,0.18994222577319683
656.0,0.19140364915388447
667.0,0.20398063057072527
675.0,0.19073079868949153
684.0,0.17069563637214705
692.0,0.18007076997456264
700.0,0.19454767393785466
711.0,0.17256218547000898
715.0,0.1958392143383165
723.0,0.1548722188589513
728.0,0.19827066089876733
733.0,0.18738216949925246
744.0,0.1817780699928121
749.0,0.18064830373038746
757.0,0.1983944604070902
765.0,0.17797638832024587
770.0,0.18724422229293494
781.0,0.19724725789341566
790.0,0.1745093290184623
798.0,0.21016735526313698
809.0,0.2010138866150695
816.0,0.20397609590116306
824.0,0.1916912549735214
829.0,0.19972347344542038
833.0,0.15779598814610332
838.0,0.18314129752377437
843.0,0.16262680092567136
852.0,0.23505796727397096
861.0,0.2233276192439949
865.0,0.1640978034349834
876.0,0.13716052128429362
884.0,0.18148321200216436
891.0,0.19628965675341348
896.0,0.16461063463177206
905.0,0.19091715454498534
913.0,0.19173849363151427
918.0,0.20721408529114316
922.0,0.17017244761023387
929.0,0.19697847798950605
937.0,0.19410719246753616
946.0,0.19617771355817135
957.0,0.20196815862953274
965.0,0.18633737646346238
979.0,0.20036014001468663
988.0,0.18555998822609882
996.0,0.1677053723001585
1002.0,0.18442862277768315
1006.0,0.186044239592712
1013.0,0.2001195977126695
1022.0,0.17483684198445712
1027.0,0.20469423066968778
1033.0,0.18896934175326188
1044.0,0.17374911573976887
1052.0,0.18124298011301757
1063.0,0.18231263968591988
1069.0,0.22566757649242153
1080.0,0.16815583294451195
1089.0,0.19492654070204035
1101.0,0.20917632654141755
1110.0,0.16714810586406748
1118.0,0.1923643605260617
1126.0,0.19474024467436077
1134.0,0.18751119251168105
1140.0,0.18812817646102775
1145.0,0.20608334020819122
1150.0,0.16533343833218445
1162.0,0.17635872509468484
1174.0,0.19407736982619753
1182.0,0.16636496394590242
1190.0,0.19321103858978364
1198.0,0.19081425709089822
1206.0,0.18023363053675362
1214.0,0.21869836459634806
1225.0,0.21371357165901383
1233.0,0.18922474925308472
1238.0,0.1842353324375516
1247.0,0.21109841934448528
1254.0,0.18810324359283873
1262.0,0.17053788492400226
1274.0,0.1732758953675595
1282.0,0.19296954239281272
1289.0,0.17333255157215297
1296.0,0.1949190218874511
1305.0,0.17863360972796513
1314.0,0.200167589437317
1322.0,0.2089690281040927
1329.0,0.1555259517146945
1337.0,0.18972745501031593
1348.0,0.1909025863598226
1355.0,0.18842556979013012
1366.0,0.1625352881849303
1373.0,0.15846428460036607
1382.0,0.1959824554885138
1389.0,0.20002224387935758
1396.0,0.14572258088415974
1400.0,0.2095260116869401
1408.0,0.16591921361647413
1415.0,0.1513710082394088
1424.0,0.1505509652429191
1431.0,0.15681315463495413
1441.0,0.20809832781882343
1452.0,0.19588984436109036
1459.0,0.22077105400967653
1470.0,0.16920129170512047
1479.0,0.17472789797640464
1487.0,0.18439588075088714
1495.0,0.17895885632781103
1505.0,0.18876317874465431
1516.0,0.20093276389262696
1525.0,0.1553720292819845
1533.0,0.1551853282245585
1544.0,0.16110789218929542
1552.0,0.20967057079079388
1559.0,0.18712058313500327
1563.0,0.18262696898239103
1567.0,0.1900770958294361
1576.0,0.20454425267313822
1587.0,0.20623743820669063
1593.0,0.18557554372726806
1602.0,0.2088586165216729
1613.0,0.19016239944321423
1622.0,0.1729307182707912
1631.0,0.2049612694340483
1645.0,0.15896069687979708
1653.0,0.1809976505307508
1663.0,0.18719462082223728
1669.0,0.1906995136911851
1680.0,0.1748173099067763
1689.0,0.1862063796918728
1693.0,0.16331091922412078
1700.0,0.14128800324149532
1707.0,0.2007357335288054
1712.0,0.18656631420189837
1720.0,0.16525488119215787
1728.0,0.181569468077849
1739.0,0.20577746033230898
1745.0,0.2149768284653028
1752.0,0.19956666377499066
1757.0,0.19116532819962234
1765.0,0.20057601210448917
1771.0,0.20148848721809123
1779.0,0.1985762692625746
1791.0,0.20412054051683837
1799.0,0.22439883625769544
1807.0,0.1775089190686319
1814.0,0.23741079122734216
1822.0,0.21925925941994473
1827.0,0.22880899928107118
1836.0,0.21362384450452948
1844.0,0.18402237714418251
1853.0,0.18708095506214156
1862.0,0.18011592273842505
1870.0,0.2147164690494164
1878.0,0.17603012515537012
1889.0,0.19390800969986494
1897.0,0.19906373921694864
1907.0,0.1707633628836636
1916.0,0.1965412724733558
1922.0,0.1803848102414182
1930.0,0.20823565534370833
1939.0,0.16063511002890465
1947.0,0.19185080906689905
1958.0,0.18064999027498485
1966.0,0.15903795528060932
1972.0,0.19739373507799002
1980.0,0.17220987827120562
1986.0,0.20596984966945212
1994.0,0.17967298556503808
2002.0,0.19669639128321265
2011.0,0.21206680196202302
2025.0,0.19256461909935615
2036.0,0.21567181494500395
2043.0,0.17254084290592184
2051.0,0.17528555574707155
2058.0,0.1499125589054777
2064.0,0.16042689653782644
2072.0,0.16450516669300516
2080.0,0.18433946525751144
2088.0,0.2091226889359374
2099.0,0.17553025391530758
2107.0,0.2046595110698443
2115.0,0.20445859997701624
2124.0,0.1992172915470092
2133.0,0.21463962424689717
2141.0,0.1951731796719861
2149.0,0.184146277001784
2160.0,0.1942336698265017
2169.0,0.17707297265810598
2178.0,0.19627439030507246
2187.0,0.1870589362661766
2195.0,0.19615839573466298
2204.0,0.20134372718507984
2213.0,0.19823396496028511
2219.0,0.19157003269164855
2226.0,0.2080018636926531
2234.0,0.21872123940951405
2241.0,0.20928983739299614
2249.0,0.17291026859812111
2255.0,0.1938017877752653
2267.0,0.1789053773788656
2274.0,0.19170370392565692
2283.0,0.20374077595079046
2295.0,0.1717646562994262
2300.0,0.2096037270825449
2304.0,0.18771988201542877
2310.0,0.19411487314152667
2318.0,0.20612218180886635
2325.0,0.19413714310707453
2337.0,0.1792461264713092
2346.0,0.1782837268029149
2355.0,0.18066391194040296
2360.0,0.1744096605712407
2365.0,0.17505595215145664
2370.0,0.19494701251348068
2382.0,0.17093738119240773
2390.0,0.1720728871522597
2399.0,0.18382582193569583
2405.0,0.1881237544893545
2414.0,0.17945958724940386
2425.0,0.20001879897722735
2434.0,0.19355167373209306
2442.0,0.21082016621739746
2450.0,0.19893065590949172
2458.0,0.20107009510224583
2467.0,0.20678498798936304
2478.0,0.17801895825170233
2487.0,0.18790768851131817
2495.0,0.17072775814253335
2502.0,0.17758879256066662
2511.0,0.19057370212617072
2520.0,0.20423839311653735
2528.0,0.1947591160851779
2540.0,0.16396732047053877
2547.0,0.2050665010646535
2557.0,0.18695620037571978
2568.0,0.18441439642270246
2575.0,0.20018241166197082
2581.0,0.1913786084931737
2586.0,0.20034109913366632
2593.0,0.17842854901966373
2601.0,0.1788363886095104
2608.0,0.17531162833776323
2617.0,0.1902387936397271
2625.0,0.1669419204148597
2632.0,0.19201211099081195
2641.0,0.17718484688889896
2652.0,0.17599905464834603
2659.0,0.1740032806856091
2670.0,0.17788129759671217
2678.0,0.17300148345197566
2683.0,0.15592978670118535
2690.0,0.1864163476062192
2697.0,0.17459094229056318
2705.0,0.17601345928353013
2712.0,0.1650431812268676
2720.0,0.20185645821665574
2728.0,0.16367759736344314
2737.0,0.18789191713126607
2745.0,0.1686866276305198
2753.0,0.1883032099632781
