,5
2762.0,0.13855732589351505
2768.0,0.21284007300465801
2777.0,0.18765382940418945
2785.0,0.1879138936759251
2793.0,0.1816602459601548
2802.0,0.17586425364326494
2810.0,0.17526945175894718
2821.0,0.1791585056695435
2830.0,0.2092368056573514
2839.0,0.18515167223974563
2844.0,0.18258332398082902
2853.0,0.19025126158862302
2862.0,0.18701958656964118
2870.0,0.20818413192816554
2879.0,0.1734044732784791
2887.0,0.22582412800532425
2896.0,0.17905610901450908
2904.0,0.21239394318321284
2915.0,0.17816053471901808
2923.0,0.19396491941224264
2928.0,0.20127056137349644
2939.0,0.1752127859241705
2948.0,0.17520342695425414
2953.0,0.16772280187007146
2959.0,0.16543629871488638
2964.0,0.19176187628295505
2972.0,0.20268776212672154
2977.0,0.2066421380338984
2984.0,0.15298166878489505
2992.0,0.18896951010088506
2998.0,0.21005324238583536
3007.0,0.20085732225939695
3015.0,0.18047974243295561
3022.0,0.18500338954290732
3030.0,0.1548755012334251
3038.0,0.20663811021414005
3046.0,0.20032225408453141
3054.0,0.1923200618402413
3061.0,0.19973311692061174
3068.0,0.15872538795278185
3072.0,0.2202976780661485
3083.0,0.17202367889055092
3091.0,0.15488794801786285
3100.0,0.22154543968719512
3108.0,0.173472218692506
3119.0,0.1856389830830683
3126.0,0.20764065305732982
3137.0,0.19940637886574628
3148.0,0.20453445283336188
3155.0,0.20404871736475855
3163.0,0.20144008496280966
3174.0,0.18561045483179806
3178.0,0.17047308647780995
3188.0,0.16648562146166954
3196.0,0.18558146010888568
3201.0,0.18486926149559094
3210.0,0.20602523883318088
3218.0,0.1933154334881793
3230.0,0.19855883905931218
3235.0,0.17952446528437513
3243.0,0.19038942357162897
3253.0,0.19178924643468076
3267.0,0.19019028658433815
3271.0,0.20350768370081046
3278.0,0.18269283618820278
3286.0,0.22165230453524515
3292.0,0.18500926647628915
3303.0,0.19209182833788027
3311.0,0.17861939488493947
3319.0,0.20737404167122234
3326.0,0.19691866990741938
3332.0,0.19771159001588667
3337.0,0.2153739593910471
3343.0,0.18913077201616868
3352.0,0.18800065335750846
3360.0,0.18996577400487033
3364.0,0.17746655560696567
3373.0,0.17590725467589272
3381.0,0.1799737987752502
3389.0,0.19827033610493502
3397.0,0.18157761760998464
3411.0,0.2001566383434526
3419.0,0.204129858294911
3425.0,0.20887624601164456
3437.0,0.18372134223116723
3444.0,0.193387284070755
3451.0,0.16725833136004756
3459.0,0.19831945574759352
3468.0,0.14991369067616003
3475.0,0.21170735272615193
3485.0,0.19365951702736126
3490.0,0.19139312065274647
3498.0,0.19180330358341174
3505.0,0.17961688898077072
3513.0,0.18347453318030776
3524.0,0.20034469714467712
3530.0,0.2125588527059502
3536.0,0.19059312784716553
3550.0,0.16856917236622976
3557.0,0.19036089964540362
3565.0,0.17574256055168935
3572.0,0.19141227473491512
3578.0,0.21232376965675934
3583.0,0.18774823108169536
3595.0,0.19580759887951069
3600.0,0.21217577470155033
3607.0,0.19818664845128167
3613.0,0.17719861158158054
3617.0,0.1874316597714369
3625.0,0.18603503791136225
3637.0,0.18323837695628242
3644.0,0.18558768041827964
3649.0,0.1905499243701906
3655.0,0.19281063214148797
3659.0,0.1952493444250923
3663.0,0.19393386660696485
3671.0,0.15270705926695713
3679.0,0.19176770295934892
3687.0,0.17929898156651072
3695.0,0.18206223762971682
3701.0,0.18397856197352738
3707.0,0.18392718162411023
3715.0,0.21223915668252646
3727.0,0.21274661139580708
3735.0,0.1970811100937852
3743.0,0.19292813692163174
3752.0,0.2139417484507064
3759.0,0.17019306477843835
3770.0,0.19769795804843046
3779.0,0.18584833192395817
3783.0,0.16367153744217197
3791.0,0.19525949057664665
3798.0,0.20794290828175907
3809.0,0.17745679280777535
3816.0,0.15990225269757952
3822.0,0.1849492338263706
3833.0,0.16945031821074458
3842.0,0.16534872936558512
3850.0,0.17215761806649055
3855.0,0.21443234732124877
3859.0,0.1722791591057569
3869.0,0.1889487357668902
3876.0,0.1701485005458944
3880.0,0.21641212882362273
3892.0,0.1840058236708352
3900.0,0.2103741391834492
3906.0,0.1885223967988085
3912.0,0.1894893233743712
3918.0,0.16947557060429955
3929.0,0.18752388052777774
3940.0,0.20736756201851242
3948.0,0.20804668489706382
3956.0,0.17857435084698015
3964.0,0.1941721374432481
3972.0,0.1969563640441456
3981.0,0.1897289446290136
3989.0,0.19135482691998745
3996.0,0.18880308252121528
4003.0,0.19108402527779
4009.0,0.18734837667562942
4015.0,0.20920650729348997
4019.0,0.17507066186082104
4027.0,0.16922736907144928
4034.0,0.1801920073577359
4041.0,0.18663191516455516
4047.0,0.18574223001313467
4052.0,0.19773252532496674
4060.0,0.19319943531496883
4074.0,0.17032023704639618
4082.0,0.21644728993168685
4090.0,0.20349748684763955
4099.0,0.20079361868912562
4106.0,0.19608563800449155
4110.0,0.20797339986817714
4119.0,0.19027539997436846
4128.0,0.1765211826929384
4135.0,0.19801679534269265
4142.0,0.17248144851077485
4149.0,0.19970771765823203
4160.0,0.21165472602781923
4167.0,0.18461840492660422
4171.0,0.19200840881654035
4181.0,0.191715600199631
4188.0,0.1834396430835649
4192.0,0.19497753282018485
4200.0,0.18787559750867064
4207.0,0.18172790015445328
4215.0,0.19405160135278166
4221.0,0.175033967504922
4229.0,0.20432208171743338
4235.0,0.19503287279464612
4243.0,0.18568662185595625
4248.0,0.18167060020921638
4255.0,0.18839711138203358
4263.0,0.20657824357960788
4270.0,0.19384225178188338
4281.0,0.19603047669552326
4289.0,0.20799352776381289
4300.0,0.18464114401604856
4307.0,0.19402349110107958
4313.0,0.1714092053553622
4317.0,0.1925527009208424
4322.0,0.18211200394519753
4328.0,0.1827734218437028
4336.0,0.2000864080641146
4341.0,0.19718349966347157
4347.0,0.17732508025237373
4352.0,0.19468723993378245
4361.0,0.18583225760424213
4369.0,0.20763298363904886
4383.0,0.1964797524017922
4391.0,0.19268879873771466
4398.0,0.16195314741794944
4409.0,0.16620129556833735
4418.0,0.22148802602893608
4422.0,0.24251034128986088
4430.0,0.1969181713702199
4436.0,0.20566545551248072
4447.0,0.185313322206689
4456.0,0.17534819969110635
4463.0,0.16203723557628624
4474.0,0.15633758829054117
4481.0,0.1860561596654128
4485.0,0.21371759907355095
4495.0,0.19481613356315622
4504.0,0.18671591817814168
4510.0,0.18787688344844697
4518.0,0.18425827232407357
4526.0,0.16521262074974993
4534.0,0.2183905679787851
4539.0,0.18794557794545969
4547.0,0.17820319102691523
4553.0,0.20052912197029304
4564.0,0.190985472776899
4575.0,0.19036579130480286
4582.0,0.17311409754481427
4590.0,0.18837072651977327
4594.0,0.19776515878681647
4602.0,0.19811595433473086
4607.0,0.19010716061494876
4618.0,0.21512448936609324
4623.0,0.2062239999923439
4630.0,0.18914230701445503
4634.0,0.18598950612347306
4640.0,0.17850947120841013
4648.0,0.1764909715768742
4656.0,0.178855173331177
4661.0,0.1834770717351582
4668.0,0.18912856504546996
4674.0,0.18574275506094365
4685.0,0.20058825661199706
4693.0,0.20033925156867005
4704.0,0.2051795471864599
4712.0,0.19945478428637017
4720.0,0.20413930465317745
4731.0,0.2078012139012031
4736.0,0.1907889415645764
4744.0,0.19660577938045523
4753.0,0.205496653855188
4762.0,0.18956584162821932
4770.0,0.19045859135498697
4778.0,0.20652043532430886
4785.0,0.20718374176803098
4797.0,0.22096911699831623
4803.0,0.18548852810373648
4813.0,0.1741446972040698
4821.0,0.14249272703538304
4829.0,0.20347290056633557
4837.0,0.22083228578860672
4845.0,0.17508466593358257
4851.0,0.19305770264362615
4855.0,0.220018227402164
4863.0,0.22933334365472074
4870.0,0.189629719069521
4876.0,0.18921219929168562
4883.0,0.18411748201554293
4889.0,0.19242133366786485
4900.0,0.17963198395621208
4906.0,0.19280636925822728
4915.0,0.20311460196430667
4921.0,0.17672028253094751
4925.0,0.20175059270665402
4936.0,0.17374835148163617
4944.0,0.18063943621577822
4952.0,0.19590600813148593
4960.0,0.1931057552487168
4965.0,0.17518876539219416
4969.0,0.18594334308475366
4981.0,0.20193858409756596
4989.0,0.1867305680106998
4997.0,0.18650009839965306
5008.0,0.18132968307872055
5016.0,0.19875684679929534
5022.0,0.18118596205582174
5030.0,0.20422081703236414
5037.0,0.20240142728504565
5051.0,0.18386453967555735
5059.0,0.2167075213339034
5064.0,0.19309119760057789
5072.0,0.2046385123917999
5081.0,0.16443444045278474
5086.0,0.16807446495146802
5094.0,0.1782297598026217
5105.0,0.2019227113477548
5110.0,0.14229139226792667
5114.0,0.1781187880737165
5121.0,0.20087926700707617
5129.0,0.22002531039241013
5134.0,0.25088672129213685
5138.0,0.17214793165967432
5148.0,0.18896874225189064
5156.0,0.19029189526227383
5164.0,0.18111599143945423
5175.0,0.17660872238823033
5182.0,0.18607650527102335
5188.0,0.19254384163561145
5194.0,0.20405150856105583
5202.0,0.19854246219595742
5206.0,0.1996810640482833
5213.0,0.21509118753073356
5220.0,0.20011580402055767
5228.0,0.18666163111378586
5236.0,0.2146627885104135
5240.0,0.17525074962012818
5248.0,0.2116755046831755
5253.0,0.19142678546655909
5260.0,0.21455757367757766
5265.0,0.2322849176981356
5272.0,0.208649363624188
5276.0,0.1986746374893975
5282.0,0.18875399564427855
5296.0,0.15817547335390675
5304.0,0.17718389467381077
5310.0,0.20560787082591464
5321.0,0.19632731241692591
5329.0,0.18584373089056597
5338.0,0.1941389918360272
5346.0,0.19576672857339975
5360.0,0.1948785297897694
5370.0,0.22429096039383078
5376.0,0.1927556539877617
5384.0,0.20420433911790445
5389.0,0.19514688653253273
5398.0,0.18495219447281366
5403.0,0.1908205345699213
5414.0,0.21583207406216678
5423.0,0.19786892637034895
5431.0,0.17428671999945916
5438.0,0.17037304558701008
5447.0,0.18717541800700432
5456.0,0.17199057067584198
5464.0,0.17038351242805247
5473.0,0.1934624536363081
5481.0,0.1901268765354945
5490.0,0.17563885817795094
5495.0,0.18491434482467092
5503.0,0.20088996843086981
5511.0,0.18035314579922926
5519.0,0.19317020561096454
5530.0,0.19364864657078038
5538.0,0.21024299810053573
5547.0,0.19038854732981667
5554.0,0.2093433502125858
5560.0,0.19025371875568006
5569.0,0.2025048923462909
5574.0,0.20287625261244968
5579.0,0.17698685153203242
5584.0,0.21131165875912997
5592.0,0.19120017981349344
5600.0,0.20363626290757245
5608.0,0.18964188175706845
5613.0,0.20695861648932448
5625.0,0.19864672175416162
5631.0,0.20564711337861752
5640.0,0.16542644984323088
5645.0,0.12606229167424196
5655.0,0.1782850735314064
5660.0,0.21171085361774683
5669.0,0.21578833498061326
5678.0,0.19615506465970164
5686.0,0.19284396694046135
5693.0,0.204122648835441
5701.0,0.20739851835089676
5709.0,0.2086707621825086
5716.0,0.1989306268123001
5723.0,0.18003608789289458
5730.0,0.19117072150917208
5737.0,0.17934856654507822
5742.0,0.20528302026772607
5748.0,0.1721802400242368
5757.0,0.17102012238713213
5765.0,0.20060972940672026
5772.0,0.19100606818084426
