,4
2.0,0.18409993224510748
10.0,0.15171612174436053
16.0,0.17520491646134054
21.0,0.13295062540172545
30.0,0.19265283232486322
38.0,0.17193253172413991
47.0,0.1750424269316508
52.0,0.1741780989514886
57.0,0.16277870710951983
64.0,0.19410589734882233
73.0,0.19229704710818527
84.0,0.21935878304746656
90.0,0.21424848325168527
99.0,0.16411718548509088
107.0,0.2230436241000278
115.0,0.15987047525965273
123.0,0.22751372704407477
134.0,0.20710263183096778
142.0,0.20030731310311162
150.0,0.20979533895895364
161.0,0.22370545799803884
170.0,0.17564399066611155
178.0,0.19182964168240463
182.0,0.21747248047809647
191.0,0.16489782411692058
200.0,0.17796795886703795
205.0,0.18020791603419312
210.0,0.14593920753069214
221.0,0.2078803997404604
230.0,0.20076867433213286
237.0,0.16647510474941407
246.0,0.15608421846976334
254.0,0.17152811648295774
262.0,0.178203678294916
270.0,0.19652850975288214
278.0,0.1990048153817235
282.0,0.1679774624894472
287.0,0.204855707872664
291.0,0.20306078660641683
300.0,0.23387081856933004
306.0,0.21406380588122176
310.0,0.16795782843381182
319.0,0.2138300153218854
325.0,0.2245149995472214
332.0,0.20430472065159175
340.0,0.20505730143149167
347.0,0.15317519044833508
356.0,0.1988022212992523
365.0,0.1772060923541699
373.0,0.17950204480712625
382.0,0.2105905904436771
390.0,0.1483127505162281
398.0,0.16109760025004885
408.0,0.19926248162227797
417.0,0.1993676183201194
422.0,0.2551507501160006
426.0,0.184215828983224
438.0,0.213972537544405
444.0,0.18118979265664265
453.0,0.16411324651492593
462.0,0.19070228066291264
471.0,0.17937121325388686
477.0,0.19397084739962991
486.0,0.19565681496979287
495.0,0.2013442088699459
507.0,0.21451234410706754
516.0,0.2342299316573716
521.0,0.1606223158134557
528.0,0.18949863768665334
535.0,0.23472887482892077
547.0,0.19709181273304227
553.0,0.2035912889078077
561.0,0.13779275238267244
568.0,0.20080224136683866
576.0,0.19031225253955245
585.0,0.21054921709385094
591.0,0.20191263758832975
599.0,0.17421419509540514
607.0,0.1839129855093281
612.0,0.20067260546274818
620.0,0.19764054477625592
628.0,0.1944882541744445
639.0,0.18197541729297037
644.0,0.1873137302484108
652.0,0.22163871063950066
656.0,0.18945475040557955
667.0,0.2177406638416501
675.0,0.1956056619506161
684.0,0.16613031402369283
692.0,0.16051932216939227
700.0,0.17176205161694996
711.0,0.17827690283403963
715.0,0.11222998874290319
723.0,0.2234867608357407
728.0,0.23568471021221296
733.0,0.20898613724440723
744.0,0.18591755734866786
749.0,0.20335695599554957
757.0,0.17208132853218605
765.0,0.18256765266399502
770.0,0.19134256465419788
781.0,0.2205438407212344
790.0,0.21551891760755482
798.0,0.1799092741743433
809.0,0.2189756172270088
816.0,0.19094311719651294
824.0,0.17820463749650942
829.0,0.1434483853671474
833.0,0.1737269753855059
838.0,0.15349974661003932
843.0,0.20312936514723082
852.0,0.1887867302870233
861.0,0.21363118549572083
865.0,0.16659956298679937
876.0,0.17222355752073665
884.0,0.18326328155978494
891.0,0.2346384762470094
896.0,0.1736083266952264
905.0,0.19025166499919707
913.0,0.19667947952601447
918.0,0.1467580654896875
922.0,0.16683479689339653
929.0,0.18191805752494752
937.0,0.19426085003516425
946.0,0.20567098216731453
957.0,0.1706229683736705
965.0,0.2201871819835429
979.0,0.23270477968074538
988.0,0.22505588523842027
996.0,0.2005085796052027
1002.0,0.17655583589513177
1006.0,0.20753401299350674
1013.0,0.19600265481417567
1022.0,0.22047051170657436
1027.0,0.21390465764353775
1033.0,0.19338025442689466
1044.0,0.1707180014997119
1052.0,0.18403512334435493
1063.0,0.18697837281371035
1069.0,0.20931761960891515
1080.0,0.18726741962518642
1089.0,0.21186698474101506
1101.0,0.19630503046604422
1110.0,0.14282881156187985
1118.0,0.19652769145841492
1126.0,0.21441670311586633
1134.0,0.19980258936215406
1140.0,0.1585493467820557
1145.0,0.1598890185920468
1150.0,0.18425111256866772
1162.0,0.19768878368052653
1174.0,0.20890153237186032
1182.0,0.20486128854277158
1190.0,0.16948073583532394
1198.0,0.21183558462439647
1206.0,0.18184661245154493
1214.0,0.19669597820531015
1225.0,0.13469591370381592
1233.0,0.2006808674957862
1238.0,0.17106183645639192
1247.0,0.25453993656656015
1254.0,0.1813365568887278
1262.0,0.15645444875245593
1274.0,0.20212659072277475
1282.0,0.18732499375608672
1289.0,0.18811692475029348
1296.0,0.1720510428390463
1305.0,0.20313351024062057
1314.0,0.1791134037687178
1322.0,0.18834264913035126
1329.0,0.2049349900731039
1337.0,0.19830548078792007
1348.0,0.1802897062325775
1355.0,0.1939289666062151
1366.0,0.1734850522271129
1373.0,0.17808254361486925
1382.0,0.1648027079968856
1389.0,0.22358273981282506
1396.0,0.15143634811331186
1400.0,0.1635092255496163
1408.0,0.18594984816140683
1415.0,0.1229242860017096
1424.0,0.17076806029303918
1431.0,0.16063517703572727
1441.0,0.2084026666488252
1452.0,0.20148235525064898
1459.0,0.19327722124105734
1470.0,0.17476118865991386
1479.0,0.14346802431624686
1487.0,0.11309681897241158
1495.0,0.1548130728931011
1505.0,0.15000411865071483
1516.0,0.17213237243481427
1525.0,0.19302437645014683
1533.0,0.16946071090410553
1544.0,0.1481339099227702
1552.0,0.1608773390897737
1559.0,0.17397371897105127
1563.0,0.1753590857283012
1567.0,0.21276542299856838
1576.0,0.21476391555520544
1587.0,0.16300252466764484
1593.0,0.1855926790194006
1602.0,0.23651519634364393
1613.0,0.19574900244683405
1622.0,0.19548475812429994
1631.0,0.20472139757287763
1645.0,0.20431516933025934
1653.0,0.15468185479157326
1663.0,0.1648390679629318
1669.0,0.18697186614436578
1680.0,0.172668546178281
1689.0,0.19097247881082555
1693.0,0.19353180181867624
1700.0,0.1700090789694583
1707.0,0.19472918200999523
1712.0,0.188535157061631
1720.0,0.15319773236718298
1728.0,0.17247492190610778
1739.0,0.14261100736282536
1745.0,0.19222107725382567
1752.0,0.25680807146295326
1757.0,0.17437909876266267
1765.0,0.2359010482939615
1771.0,0.1933461884112616
1779.0,0.23694593509382875
1791.0,0.19446420137361442
1799.0,0.1951395582757835
1807.0,0.19640987564150164
1814.0,0.20060903489804846
1822.0,0.22116613746189395
1827.0,0.24143927504173152
1836.0,0.19023512797933645
1844.0,0.18287688291573817
1853.0,0.2029516246122954
1862.0,0.19628531918081232
1870.0,0.20476606407096862
1878.0,0.19349405681688145
1889.0,0.1721517315774498
1897.0,0.19924338690190235
1907.0,0.15616898556615266
1916.0,0.22177224867231138
1922.0,0.1691719852931983
1930.0,0.20437243442383968
1939.0,0.2291501841271641
1947.0,0.18756790222431186
1958.0,0.2214007833031621
1966.0,0.22554730978096743
1972.0,0.20398627305349476
1980.0,0.18472918106774783
1986.0,0.2245890494829434
1994.0,0.17020923483172098
2002.0,0.2190582603425226
2011.0,0.23914079487632567
2025.0,0.17691984004568456
2036.0,0.21045596746778042
2043.0,0.1942778977146564
2051.0,0.19385652306244225
2058.0,0.2062618572403306
2064.0,0.2054460754841818
2072.0,0.19068795789640958
2080.0,0.20592680996226964
2088.0,0.20364485141478444
2099.0,0.19265827822674028
2107.0,0.20196125330366263
2115.0,0.1968534513563003
2124.0,0.1966263895192612
2133.0,0.18232720797400337
2141.0,0.19188058865919713
2149.0,0.1945079883064509
2160.0,0.17657032868382486
2169.0,0.22119858673955886
2178.0,0.1439674425950063
2187.0,0.21862853480829536
2195.0,0.16519403323103193
2204.0,0.175043603043406
2213.0,0.18992538362892608
2219.0,0.17003659708281865
2226.0,0.2357756279438433
2234.0,0.18871247812960115
2241.0,0.19975920671032707
2249.0,0.17537011571563052
2255.0,0.18091783249684165
2267.0,0.1847322348932412
2274.0,0.22748510942891817
2283.0,0.20163756354327952
2295.0,0.21201180476073958
2300.0,0.16702363993554933
2304.0,0.19843857006692475
2310.0,0.2341820713028485
2318.0,0.19094248760271199
2325.0,0.17275290253034473
2337.0,0.1563027348060291
2346.0,0.2071057534853599
2355.0,0.19417701276761384
2360.0,0.158970204485542
2365.0,0.20746956594524846
2370.0,0.2333119926476484
2382.0,0.19699029592125436
2390.0,0.18909412840379244
2399.0,0.21121212750941093
2405.0,0.1980675594592114
2414.0,0.2189685293392867
2425.0,0.22235941543660068
2434.0,0.19630004415037788
2442.0,0.2119964686295781
2450.0,0.19944580099727552
2458.0,0.20070746580213755
2467.0,0.1610036171927641
2478.0,0.15566147160171898
2487.0,0.1982486299189012
2495.0,0.16168050534622583
2502.0,0.16138053133938515
2511.0,0.14757752160348642
2520.0,0.15918955802608226
2528.0,0.1717612189766336
2540.0,0.19597104124546605
2547.0,0.2052368500703551
2557.0,0.19772562949890757
2568.0,0.1802437818661342
2575.0,0.23342577459137837
2581.0,0.2005303664945207
2586.0,0.19128934408050985
2593.0,0.1844248075612278
2601.0,0.20859807339491016
2608.0,0.14721793777096817
2617.0,0.21393852463406235
2625.0,0.1819783897085257
2632.0,0.18974406894012497
2641.0,0.2227500617551425
2652.0,0.20772301811521438
2659.0,0.2045120641741346
2670.0,0.2041884837977255
2678.0,0.211045270753053
2683.0,0.22927943240726872
2690.0,0.22848473972574257
2697.0,0.18569662376583487
2705.0,0.231966989487452
2712.0,0.2151167615566121
2720.0,0.20558262604326116
2728.0,0.1743367975826818
2737.0,0.1752683102551616
2745.0,0.20590308894612716
2753.0,0.186898976322843
