,6
2762.0,0.1439756240759225
2768.0,0.2053972375755289
2777.0,0.16855781225546895
2785.0,0.1852892369475853
2793.0,0.19156043517123997
2802.0,0.18075119236073836
2810.0,0.18879475796501013
2821.0,0.18218289341445762
2830.0,0.1847832685172055
2839.0,0.1902316652503187
2844.0,0.18964316932775943
2853.0,0.1829708807949665
2862.0,0.17651649482739398
2870.0,0.1914701441092523
2879.0,0.17240309442908938
2887.0,0.1841854900923886
2896.0,0.20125893382535406
2904.0,0.15270911764753922
2915.0,0.16263065658375972
2923.0,0.17739558281239556
2928.0,0.17510169058075867
2939.0,0.15906056423897896
2948.0,0.14726723013093773
2953.0,0.17953966288419415
2959.0,0.15256051996726236
2964.0,0.1671401494347756
2972.0,0.17921244364072164
2977.0,0.20470267832860486
2984.0,0.1835762164123532
2992.0,0.18239186320342204
2998.0,0.1921928310485458
3007.0,0.1583331246793694
3015.0,0.18681330851481392
3022.0,0.19631439937245468
3030.0,0.16278276633915845
3038.0,0.19925314011678202
3046.0,0.19077823130807506
3054.0,0.1570831040825301
3061.0,0.21808760811702796
3068.0,0.21276227402683032
3072.0,0.20791374201884624
3083.0,0.17799935357546037
3091.0,0.13954683090258763
3100.0,0.19395290862330122
3108.0,0.20214113765973768
3119.0,0.17583650510503826
3126.0,0.1785014958575566
3137.0,0.1700619237594442
3148.0,0.1707220156012192
3155.0,0.19120820501489688
3163.0,0.18345141408605534
3174.0,0.18154617109532264
3178.0,0.1564893084581678
3188.0,0.17926538677031545
3196.0,0.1804874308225214
3201.0,0.16303137837395634
3210.0,0.1761082003562692
3218.0,0.18720346367268736
3230.0,0.18093998580693724
3235.0,0.17774364852340807
3243.0,0.16741420860645015
3253.0,0.18026296595118538
3267.0,0.1909952985444393
3271.0,0.19965386720675984
3278.0,0.19007782518273966
3286.0,0.1805589461576732
3292.0,0.17957430643010316
3303.0,0.159318830242167
3311.0,0.16791288450268585
3319.0,0.1578254545266669
3326.0,0.15910533502768173
3332.0,0.18170728062636377
3337.0,0.17042247438440158
3343.0,0.1769162970365422
3352.0,0.20035740000901242
3360.0,0.18006536900572748
3364.0,0.16496010630822472
3373.0,0.18009647437204565
3381.0,0.17072684173162456
3389.0,0.18279805269742166
3397.0,0.17225675947773622
3411.0,0.18382543099130164
3419.0,0.17436761269147802
3425.0,0.18522351727551986
3437.0,0.1635400273284178
3444.0,0.1738810863162934
3451.0,0.18332486854784305
3459.0,0.1680039127591136
3468.0,0.16786738570112467
3475.0,0.17837339876440209
3485.0,0.16633651399289656
3490.0,0.1818833429302704
3498.0,0.17534283814340593
3505.0,0.19979969847135834
3513.0,0.17632103524782072
3524.0,0.19201721459542687
3530.0,0.18143523668307968
3536.0,0.1689753767793508
3550.0,0.17725765065768717
3557.0,0.18952035765268652
3565.0,0.16589729177354268
3572.0,0.1841545176318117
3578.0,0.1638397145600039
3583.0,0.17964375130247803
3595.0,0.17544381290393846
3600.0,0.21558227676033173
3607.0,0.20187143092716175
3613.0,0.19909923162493104
3617.0,0.1720462720367581
3625.0,0.1770640782930228
3637.0,0.16380660308282569
3644.0,0.16411698009022413
3649.0,0.15362741629990526
3655.0,0.17343108326981316
3659.0,0.18111388244006799
3663.0,0.15850258955154325
3671.0,0.1581541471655177
3679.0,0.18638158599586904
3687.0,0.17056909893939515
3695.0,0.18124978036386308
3701.0,0.16910726528842984
3707.0,0.1598140884711446
3715.0,0.1667110166230933
3727.0,0.18550981726366716
3735.0,0.18708421025385408
3743.0,0.19708231520693012
3752.0,0.21288288545565684
3759.0,0.19902759523516464
3770.0,0.17717648631416522
3779.0,0.1848710587184167
3783.0,0.1886971059513072
3791.0,0.20837678302276866
3798.0,0.22096378273124884
3809.0,0.1741580591930481
3816.0,0.1858892323673572
3822.0,0.15536509611486765
3833.0,0.18071070324212254
3842.0,0.18157250369884903
3850.0,0.17045873201671324
3855.0,0.1848812208555423
3859.0,0.1898224046800239
3869.0,0.18506210462507025
3876.0,0.188733805892097
3880.0,0.17702697778879495
3892.0,0.17310903617852724
3900.0,0.17185395969066872
3906.0,0.1825117591944645
3912.0,0.16712161170577494
3918.0,0.17659804009020266
3929.0,0.16656284875622065
3940.0,0.1767648185763047
3948.0,0.19829302212219455
3956.0,0.1770402895058579
3964.0,0.19834974370075542
3972.0,0.1735949280368059
3981.0,0.17337895048250995
3989.0,0.16024638463552277
3996.0,0.18047369186247592
4003.0,0.1624464622039348
4009.0,0.15788916399207842
4015.0,0.1629375518763984
4019.0,0.17369545094762343
4027.0,0.16090624842885695
4034.0,0.1834541823614672
4041.0,0.18414579668927675
4047.0,0.1636824646593318
4052.0,0.16459758467851016
4060.0,0.17432048037441464
4074.0,0.1782657635585985
4082.0,0.17921331975689636
4090.0,0.19571758627395114
4099.0,0.19889012207276016
4106.0,0.17796911148704533
4110.0,0.18082041490662135
4119.0,0.180575620233244
4128.0,0.14952479516973324
4135.0,0.16397712204558443
4142.0,0.1837552123278498
4149.0,0.1736830059676237
4160.0,0.1881706452003359
4167.0,0.1653208861237041
4171.0,0.18648340503986036
4181.0,0.18391386728143122
4188.0,0.17508229680114637
4192.0,0.14836008110191906
4200.0,0.17180807790436933
4207.0,0.199292244495494
4215.0,0.1697648423106321
4221.0,0.17246397393892993
4229.0,0.19090564443216976
4235.0,0.18460330729455401
4243.0,0.17083438834012132
4248.0,0.15944167882535526
4255.0,0.1863698410982402
4263.0,0.19498507587001243
4270.0,0.1929201639698652
4281.0,0.17991446738572525
4289.0,0.17299642541225974
4300.0,0.16848753423528576
4307.0,0.17229135709821441
4313.0,0.15347599037797385
4317.0,0.16983046321483902
4322.0,0.17410884072531585
4328.0,0.19211172968953014
4336.0,0.15380119540580592
4341.0,0.17647087759610605
4347.0,0.16987465167060697
4352.0,0.16869741601746302
4361.0,0.1865264123517152
4369.0,0.16489445603419042
4383.0,0.18955068936784
4391.0,0.18788375743925678
4398.0,0.19151430122655883
4409.0,0.1933676844554777
4418.0,0.18394213000557055
4422.0,0.1930485007968866
4430.0,0.18423524285997095
4436.0,0.18858885921114774
4447.0,0.16768322220834944
4456.0,0.18329370086695104
4463.0,0.1751344167681521
4474.0,0.17430588832977084
4481.0,0.1801414540926766
4485.0,0.17076993500212934
4495.0,0.1743798260379728
4504.0,0.17707002069648364
4510.0,0.16515812357294726
4518.0,0.17036518538701506
4526.0,0.1751660046451031
4534.0,0.1942299696964955
4539.0,0.16182902531581167
4547.0,0.17495011765732868
4553.0,0.1877963758680067
4564.0,0.19214984126730583
4575.0,0.17882539435220315
4582.0,0.19898708297956097
4590.0,0.17228964698504262
4594.0,0.1688747257407306
4602.0,0.15631892203175624
4607.0,0.19500020553619715
4618.0,0.17474434855524393
4623.0,0.160308894461168
4630.0,0.16256348566753925
4634.0,0.1645540929420318
4640.0,0.15565052334256152
4648.0,0.1628376932812057
4656.0,0.18146513364260594
4661.0,0.1613882965976256
4668.0,0.16940245894826444
4674.0,0.15695698414864637
4685.0,0.1859920452261895
4693.0,0.15775384300889408
4704.0,0.19156079168038861
4712.0,0.19364738168963333
4720.0,0.20786275833391377
4731.0,0.18021190340325077
4736.0,0.18380664116688594
4744.0,0.20604630095821552
4753.0,0.1912341882225266
4762.0,0.18695000690660835
4770.0,0.14978868303022833
4778.0,0.17573780360773888
4785.0,0.17845718923127546
4797.0,0.17739672933198847
4803.0,0.20369779955501416
4813.0,0.1788640680907397
4821.0,0.17217868674208842
4829.0,0.17136246726101542
4837.0,0.16880457696557588
4845.0,0.1823130748455904
4851.0,0.18921887609271004
4855.0,0.18779208581382678
4863.0,0.18919497150336517
4870.0,0.18543129435130878
4876.0,0.18152177767334082
4883.0,0.19780865972040096
4889.0,0.19315459551481215
4900.0,0.17818776500961184
4906.0,0.17720946856773775
4915.0,0.1755125042423151
4921.0,0.17044025865782408
4925.0,0.18647622689212043
4936.0,0.18057068162780965
4944.0,0.16407943425229277
4952.0,0.15943299329560356
4960.0,0.15986994334673593
4965.0,0.16068678046303972
4969.0,0.1855463787741702
4981.0,0.18176624786925744
4989.0,0.1675218478994188
4997.0,0.15472728924170662
5008.0,0.18991995866363787
5016.0,0.1617231383265111
5022.0,0.17616661215930818
5030.0,0.18604133425093125
5037.0,0.16904758004622986
5051.0,0.1758833279207195
5059.0,0.18188605333712365
5064.0,0.17817129802817971
5072.0,0.16072674760331035
5081.0,0.1768192242861014
5086.0,0.15570598413552986
5094.0,0.1833552862124444
5105.0,0.17517896071824743
5110.0,0.2066918902927139
5114.0,0.16355479914026702
5121.0,0.1731302560450879
5129.0,0.1781156699172835
5134.0,0.18285324649509543
5138.0,0.16135114647379317
5148.0,0.17653559073059963
5156.0,0.1721078859380461
5164.0,0.17011095345570498
5175.0,0.17480780176030217
5182.0,0.18336654458207396
5188.0,0.18889780566130304
5194.0,0.17132352524808817
5202.0,0.1792103946200644
5206.0,0.17666978191132318
5213.0,0.1780959520456265
5220.0,0.18233445413870056
5228.0,0.1453759843875027
5236.0,0.18283703196363135
5240.0,0.18516438010049666
5248.0,0.17906208379266467
5253.0,0.17498394221805436
5260.0,0.1778101738788552
5265.0,0.18805260030939722
5272.0,0.17884988782194602
5276.0,0.17003448707418395
5282.0,0.17322842499267685
5296.0,0.18810834500307902
5304.0,0.1709221078137912
5310.0,0.17543885800412745
5321.0,0.16079010922086917
5329.0,0.16812509122383712
5338.0,0.18275596716318457
5346.0,0.17045443954464878
5360.0,0.18481318131911093
5370.0,0.21991580530610305
5376.0,0.20218784545884858
5384.0,0.19419489243452173
5389.0,0.21104415700308998
5398.0,0.21572659088692803
5403.0,0.1905406292197807
5414.0,0.2177792798479558
5423.0,0.1504743188505678
5431.0,0.18301432384273064
5438.0,0.19506622245119473
5447.0,0.16036204547459876
5456.0,0.17566386761229585
5464.0,0.18988547193224262
5473.0,0.1769905001370188
5481.0,0.18305901256891238
5490.0,0.18789091673864122
5495.0,0.1628430134652501
5503.0,0.18695427803115558
5511.0,0.16194696796778596
5519.0,0.17884753289833935
5530.0,0.19015260330037298
5538.0,0.19063002497495346
5547.0,0.16668489342091766
5554.0,0.20358837957274903
5560.0,0.15721560705132603
5569.0,0.20121428994238266
5574.0,0.18052736501383793
5579.0,0.1712355299741567
5584.0,0.2094341891229097
5592.0,0.1714958720363081
5600.0,0.17972718371631283
5608.0,0.19597632195582843
5613.0,0.18556880698398437
5625.0,0.17678636239507456
5631.0,0.19638175054165152
5640.0,0.15143705972817662
5645.0,0.19384047417305145
5655.0,0.18592881965545102
5660.0,0.16806111768599966
5669.0,0.16167535493173474
5678.0,0.1732955057057389
5686.0,0.19868156732093303
5693.0,0.19555965176627885
5701.0,0.19940468695696234
5709.0,0.20058104081572237
5716.0,0.17805592755173366
5723.0,0.17498837980342008
5730.0,0.1708943057498773
5737.0,0.15019505688599863
5742.0,0.1873468129495249
5748.0,0.19387527003323674
5757.0,0.2053875571929597
5765.0,0.20195944313920414
5772.0,0.18001936145868497
