,8
0,0.20554850640997338
1,0.19468052593656543
2,0.16091175863360732
3,0.15262448836464299
4,0.16729050484121089
5,0.17669921665885835
6,0.1702549424506311
7,0.1640784922791539
8,0.16244385865358957
9,0.17327485176126625
10,0.15338322613156075
11,0.16984079473883526
12,0.16403847081434692
13,0.15825622104098833
14,0.19344658942520537
15,0.1515642183337652
16,0.16578910184026127
17,0.1810197194212753
18,0.14260620151846917
19,0.16046157095784108
20,0.15191650396059922
21,0.1357978834888243
22,0.1505807217279418
23,0.1634145730971175
24,0.18417472765736176
25,0.17522898740876416
26,0.18605333623096307
27,0.17604299183911654
28,0.14846548105600826
29,0.16751382626705483
30,0.17263642962647188
31,0.15438085395660378
32,0.1565317060651188
33,0.17554567645992847
34,0.1729593058433529
35,0.18540205187785572
36,0.15362389716717684
37,0.1567692929431482
38,0.1597792681225238
39,0.19624859148011004
40,0.18000810595336045
41,0.18235249792027003
42,0.20097591908284554
43,0.19056972153111446
44,0.17873517655030058
45,0.1710034718357452
46,0.16188270687486472
47,0.14913394638980756
48,0.1635004216456801
49,0.15573149345481108
50,0.1596076595121898
51,0.1516498800874747
52,0.15250105502847247
53,0.18376906263067685
54,0.14490100197289518
55,0.13466169249928348
56,0.13670742254794044
57,0.14816968781696946
58,0.1494196042999092
59,0.1477175146917453
60,0.15346557900659902
61,0.16942009309057893
62,0.17126393601855344
63,0.1736929286298414
64,0.14879592501094624
65,0.17144537735857732
66,0.1428707398550825
67,0.14435038880382894
68,0.1450833438838624
69,0.14198620252748892
70,0.13372109390072806
71,0.13937903463455756
72,0.1537353501109781
73,0.15964843133297354
74,0.16812111857435458
75,0.15121780929630296
76,0.14119706006131788
77,0.14586653790536208
78,0.1486316624458973
79,0.14384955219229625
80,0.15423666516780654
81,0.15951342872840518
82,0.1469701229587553
83,0.1511307660671958
84,0.1618404647204441
85,0.16514656194150043
86,0.16885243537053995
87,0.16310034746993154
88,0.1601270590288483
89,0.16205465014258713
90,0.1627343456389021
91,0.15220510011892616
92,0.1436568977545843
93,0.168030297278127
94,0.17911813931357232
95,0.1759048208884606
96,0.17633139647818583
97,0.1589521315499166
98,0.15641781027857835
99,0.16560111017737209
100,0.14763922849550046
101,0.14907221473508506
102,0.1553476779711264
103,0.15619612695378562
104,0.1586749704164792
105,0.18435432577344693
106,0.17714244882307395
107,0.1689431055556635
108,0.14151938800679
109,0.1458077149457188
110,0.14483517339148516
111,0.14037790037550696
112,0.14611409629035227
113,0.1384122020177925
114,0.15215880098940773
115,0.1542924814296547
116,0.16346217605846783
117,0.17629761853953382
118,0.14471864238909957
119,0.1516968659417242
120,0.1550649459142435
121,0.15638947665055622
122,0.13985076695184498
123,0.16251972797303219
124,0.1745589077589482
125,0.19848445864341402
126,0.16985930477257627
127,0.184803796802085
128,0.17341586791903102
129,0.20280934044200374
130,0.16666913354072604
131,0.15808291790868256
132,0.1700878434723377
133,0.1685513667012161
134,0.17175521270540947
135,0.16103929084661586
136,0.14482855751812257
137,0.1597197890677415
138,0.16922397113931692
139,0.17190353532551053
140,0.15510374553191603
141,0.16356366096152872
142,0.1689448898197777
143,0.149519715476241
144,0.13990792692487183
145,0.14482089634028164
146,0.1378814035402991
147,0.1517947131245545
148,0.1543493934699097
149,0.15517597913853207
150,0.16067644803289752
151,0.17716690068091856
152,0.17387602636372537
153,0.17329467040626786
154,0.1568760552717234
155,0.1467098752980939
156,0.1430904631013206
157,0.1487400997308789
158,0.14462293685893043
159,0.15163645130047013
160,0.16765067925980676
161,0.15329707643264198
162,0.13883198559594442
163,0.15452051808395326
164,0.14451637811107382
165,0.14443550231405272
166,0.14316362981176203
167,0.13685765971742334
168,0.1506574998876142
169,0.16398152859687315
170,0.16016747574110338
171,0.16442638537719576
172,0.14867028796140294
173,0.17669075582325247
174,0.18268481254047333
175,0.14876582258560558
176,0.15828855856461074
177,0.18186140781203472
178,0.16436866668154737
179,0.1687717957257594
180,0.16236662816985897
181,0.152142211186942
182,0.1514137207600606
183,0.14692162585347304
184,0.14462637800096892
185,0.14414292796818926
186,0.14324777737471361
187,0.15699198673045345
188,0.1644243458045384
189,0.15053896685597537
190,0.1546799969293541
191,0.15466936706653672
192,0.16244214917899497
193,0.1631977304200604
194,0.16432248430034785
195,0.16097630657153855
196,0.16461928650303154
197,0.15272159893813372
198,0.14229380832646946
199,0.14431525876578388
200,0.14745059131263472
201,0.14398304486006466
202,0.1463342837511015
203,0.1545101678749187
204,0.14821709333834568
205,0.16356770700873915
206,0.1455933754202942
207,0.1572965873464712
208,0.14906954847069237
209,0.15265392674196826
210,0.1509337660652569
211,0.16580651943888275
212,0.17692537010234569
213,0.17333598946257064
214,0.1641565221347454
215,0.17152948133203472
216,0.17282937422625297
217,0.1714893827859605
218,0.16311060118390946
219,0.1753884327897958
220,0.1555348286645105
221,0.17337646563251818
222,0.17688587573724684
223,0.16546988984112082
224,0.18009798282146924
225,0.15703807727556962
226,0.1427631316788994
227,0.14272599146504153
228,0.14285908257884233
229,0.14921411166484186
230,0.1562457207089312
231,0.14015460405850919
232,0.15245675285503915
233,0.16565268141223116
234,0.1698929051867613
235,0.17145946704051138
236,0.17755314232071764
237,0.1543766674236061
238,0.1531089332718247
239,0.15263544339779403
240,0.15041401928016296
241,0.14482724547683767
242,0.15118803276227363
243,0.14208140437370587
244,0.16445272539454783
245,0.16335300773583383
246,0.16579690266752542
247,0.16575405086875264
248,0.1449767682254913
249,0.15269932154368226
250,0.14734914489630627
251,0.14633882749504293
252,0.15277296836999035
253,0.13627134424552406
254,0.1744806805369843
255,0.14197494610047348
256,0.16426738289811774
257,0.17209337848165904
258,0.1721341636129931
259,0.15500680265834876
260,0.1621179913696711
261,0.17694320631210939
262,0.14699480669202106
263,0.17545470876185273
264,0.17296007757423584
265,0.18103550190990053
266,0.19603955604950096
267,0.16868422882087064
268,0.15095370117789567
269,0.17977721924179257
270,0.16575388474405622
271,0.14742904647438684
272,0.1448225896275373
273,0.16193329175359755
274,0.1484180231091803
275,0.17177847898636386
276,0.15657415052728302
277,0.15640702334782872
278,0.1723225739666887
279,0.16144249209346703
280,0.15996920982581087
281,0.15747421616841584
282,0.15024037338612511
283,0.16256035088668488
284,0.14839860440553057
285,0.14468355971801022
286,0.15483122809551939
287,0.14555731233239227
288,0.15673010594069162
289,0.15096397041003318
290,0.13477096620615134
291,0.1483580876405049
292,0.1537541311300931
293,0.15158031802673896
294,0.1622352967159857
295,0.15374954937286076
296,0.1453745612821913
297,0.15697727673958128
298,0.16519877446348172
299,0.15214103189349512
300,0.171195063566821
301,0.1824242159699785
302,0.1758809521853963
303,0.17520763517177065
304,0.18466692567229445
305,0.18242798558861578
306,0.14835346192474452
307,0.1573537094335933
308,0.16048193187417073
309,0.1524535084410282
310,0.1505404397819406
311,0.15136094684621149
312,0.13162226985273068
313,0.1438559976763283
314,0.16159991598675297
315,0.15411270350757234
316,0.1429420609647702
317,0.16392265283634416
318,0.16417415370432079
319,0.16026124108387882
320,0.14502543297364795
321,0.17484147133602765
322,0.1579814423037279
323,0.16665126036188618
324,0.15694328861635506
325,0.14825563155472807
326,0.15630678643045187
327,0.15544372382236799
328,0.14520995567982942
329,0.14293727435974163
330,0.1435079782673048
331,0.13612644911552838
332,0.15256424308346436
333,0.14158675506636909
334,0.14485688119142506
335,0.15619102492832196
336,0.15623099736243973
337,0.1440789878531953
338,0.1622810591517684
339,0.17610735603719463
340,0.17481358251926432
341,0.17189020880001485
342,0.18391334593036504
343,0.17061687111041968
344,0.16921575748225182
345,0.18272226280958992
346,0.17641316476344823
347,0.1574237341877806
348,0.1581152978697526
349,0.21028263620986304
350,0.15399084023388068
351,0.17457856705414168
352,0.17570813453346618
353,0.17510146583783903
354,0.1393261404386956
355,0.18115526045648672
356,0.15852769992596424
357,0.1375311091675811
358,0.1608430914318419
359,0.162885171631033
360,0.1559514419182437
361,0.1539694391461317
362,0.161484981095804
363,0.16775728471150242
364,0.1601270840913464
365,0.1487039766541232
366,0.16177921175794957
367,0.17052725163852528
368,0.1613908764812084
369,0.15818890987686735
370,0.17232461082765493
371,0.18652786714721636
372,0.1462563936625088
373,0.18539695360048267
374,0.15040955298923078
375,0.17542286973104526
376,0.1786820560928539
377,0.1595776573651686
378,0.1813603096306666
379,0.1660945070570646
380,0.16646963812093502
381,0.14183441098373162
382,0.16708934881996912
383,0.1995353152411421
384,0.1832230942182442
385,0.1728034535825483
386,0.15060342529768703
387,0.1604217353946677
388,0.16820771894490616
389,0.20291330032201194
390,0.1730705802863134
391,0.16352092232280166
392,0.18569431815438991
