,3
1940.0,0.2501133665285154
1948.0,0.23384613975462876
1959.0,0.14509169232046096
1967.0,0.13851754033991273
1971.0,0.1835732730541101
1979.0,0.19961800245419248
1987.0,0.2074907504349877
1993.0,0.2006951891090787
2000.0,0.20574301503282655
2004.0,0.18605878254748007
2011.0,0.2497723816494709
2015.0,0.11269957512553884
2023.0,0.22679972514909505
2031.0,0.21749853595604918
2039.0,0.17963500812309882
2047.0,0.2102706755013513
2055.0,0.16646086675505128
2067.0,0.2006269950137871
2078.0,0.21400153097077165
2082.0,0.1775219375467616
2089.0,0.17730286929573086
2098.0,0.18382376669247835
2109.0,0.27774390036448043
2114.0,0.23006225498938732
2120.0,0.20247559876466972
2129.0,0.22577357232598294
2137.0,0.2319751785202121
2148.0,0.19228598782222306
2157.0,0.19978075598131953
2165.0,0.18713988516688
2172.0,0.20571086172382108
2178.0,0.21368004774582944
2186.0,0.1913192757854651
2195.0,0.18094901925917178
2203.0,0.1267211167415371
2210.0,0.23396140158338138
2219.0,0.13871971784485662
2225.0,0.175065230907231
2232.0,0.21279179948115318
2243.0,0.157917899571441
2251.0,0.19867415671070987
2259.0,0.20522791413884753
2267.0,0.2326413186770026
2279.0,0.1737616391850477
2287.0,0.1556536776582917
2295.0,0.1783834360200572
2303.0,0.16038458417139512
2314.0,0.21768575342383562
2322.0,0.24283127176510289
2329.0,0.15968495679445677
2333.0,0.1921594436722147
2340.0,0.11099036312623631
2344.0,0.20195284885045411
2354.0,0.17822255696249473
2365.0,0.2448860658185122
2369.0,0.21642364820730367
2378.0,0.17154322634809446
2382.0,0.19491817058776026
2390.0,0.22320614015102755
2401.0,0.17137234248447183
2412.0,0.16478279718253902
2420.0,0.156207409662244
2431.0,0.2221272335963465
2440.0,0.18913724482951033
2448.0,0.19520765031179801
2456.0,0.2144911298022516
2464.0,0.21952505822131568
2472.0,0.20814629993556663
2480.0,0.1737710522859398
2491.0,0.17367432253980086
2498.0,0.14311993170971402
2509.0,0.19326827500828442
2518.0,0.1755055527323848
2528.0,0.22475778846334882
2535.0,0.23166049585387602
2544.0,0.21620267487657727
2552.0,0.21609104649193442
2561.0,0.1641370809964825
2572.0,0.2129645574303246
2584.0,0.20146325288224262
2591.0,0.1554539811983486
2598.0,0.25464043971008227
2602.0,0.18738910259462635
2609.0,0.2140493112313851
2615.0,0.21269373748932494
2623.0,0.1865115111492135
2627.0,0.19997504987686596
2635.0,0.22539257831158088
2644.0,0.20726002203417143
2652.0,0.19491825402263327
2660.0,0.19639802412465066
2671.0,0.19964794415570022
2680.0,0.14778460428754545
2689.0,0.18496451036710698
2695.0,0.23287564043668096
2704.0,0.17915950842224393
2713.0,0.18995331667744228
2718.0,0.1804390104416655
2725.0,0.21451765260423705
2729.0,0.21498641502772997
2736.0,0.1748794989897936
2745.0,0.17130745312423648
2749.0,0.17253319644871434
2757.0,0.17858883948045698
2763.0,0.2049070432322915
2771.0,0.24802039270172047
2779.0,0.21916219028245312
2788.0,0.16474236669179707
2792.0,0.2057934923123572
2800.0,0.16497102061498284
2807.0,0.16158985790222014
2814.0,0.18558267842218326
2823.0,0.17647779318793727
2831.0,0.22902119140478702
2842.0,0.2542227831832928
2848.0,0.20645636224520983
2859.0,0.1796908791144115
2870.0,0.21392136851707214
2878.0,0.1992542541914784
2885.0,0.20939876660199083
2895.0,0.16910129270025348
2903.0,0.15584783312038472
2907.0,0.1679247822099455
2921.0,0.17825779392295515
2929.0,0.18325744853590026
2938.0,0.22943055366662332
2945.0,0.15711442054809427
2953.0,0.18993337662665488
2964.0,0.20585066747254244
2973.0,0.16507815132011947
2981.0,0.19747684774793106
2988.0,0.20938226252121234
2999.0,0.21183999736433962
3006.0,0.16094039104211372
3014.0,0.16648378011354487
3018.0,0.21948248843264606
3030.0,0.2134333221079057
3042.0,0.22777375955712895
3054.0,0.17241377491653273
3065.0,0.21416184790177878
3072.0,0.24045976328597304
3082.0,0.24764482937846422
3089.0,0.2485977540469903
3101.0,0.22671115752992263
3112.0,0.18855924096614654
3117.0,0.1975246824903315
3124.0,0.22822915997929263
3130.0,0.2109895872668848
3139.0,0.21354150313216944
3148.0,0.16552618137163475
3157.0,0.24026919337034042
3167.0,0.21527650390395422
3174.0,0.23285681982826062
3182.0,0.14969783833939948
3186.0,0.13420364646809702
3193.0,0.14266424024811733
3200.0,0.18428472563669937
3209.0,0.19814700475503258
3221.0,0.18629677388494736
3229.0,0.17232226601403483
3233.0,0.19701910004442108
3242.0,0.1267461011107362
3250.0,0.2102060054483226
3261.0,0.21646991981921043
3268.0,0.15961641005066982
3274.0,0.17459859632137603
3279.0,0.19217875644125423
3286.0,0.16658047012683952
3297.0,0.18712494376188663
3306.0,0.2085082272606131
3310.0,0.23344586230536085
3321.0,0.20468458122193395
3329.0,0.12637136648175962
3337.0,0.18635151400497305
3341.0,0.23580516684746994
3352.0,0.21962963942273286
3361.0,0.19105005933277203
3372.0,0.23181293056101168
3382.0,0.18296459388042874
3389.0,0.2175559376175617
3398.0,0.20577818233713394
3407.0,0.1915297986957464
3413.0,0.17694206195836074
3419.0,0.16833031355969633
3428.0,0.24303708114765032
3436.0,0.2996001372597921
3440.0,0.2108187815593682
3451.0,0.21175628436368507
3460.0,0.21081350371941973
3468.0,0.22857230966127362
3476.0,0.19718438019992132
3485.0,0.16787771944106955
3494.0,0.1858058847455406
3501.0,0.23240131478663578
3509.0,0.18428414828446246
3518.0,0.21295006547721462
3524.0,0.1735179885289211
3530.0,0.19730310846770638
3538.0,0.22266232933632846
3544.0,0.1950488235491246
