,8
0,0.19785019131878265
1,0.21002608374405007
2,0.1738598674015951
3,0.1657949483821291
4,0.15744170620995449
5,0.1480400784142273
6,0.15408433692246987
7,0.15087892724682442
8,0.1659289227892479
9,0.16457119197737272
10,0.16659910812852327
11,0.1437472508150006
12,0.15318735218471902
13,0.18616068431447405
14,0.16706151246315767
15,0.164888493295268
16,0.15474541405528036
17,0.16636418475212414
18,0.17661581407394364
19,0.20021012982779252
20,0.17660137461030787
21,0.17697376143519714
22,0.18040728545608206
23,0.18129772864699464
24,0.17133126510173333
25,0.17776421520224708
26,0.15309601234201656
27,0.16133605636855985
28,0.15593164079026367
29,0.15281958799535209
30,0.17131280267533006
31,0.1704887125194601
32,0.16250311571284975
33,0.18809904934281116
34,0.15513793012187324
35,0.1548444886926376
36,0.18319560260815088
37,0.15126711614509744
38,0.15031757287837294
39,0.17503167528217076
40,0.17089142227123133
41,0.19054540518918803
42,0.16623791551929787
43,0.14725021009949713
44,0.16745837177030978
45,0.1552237434394773
46,0.1452566711601948
47,0.15907553328911964
48,0.14313273242055613
49,0.15556323910599187
50,0.15444290694796228
51,0.20573209127121017
52,0.16086763983263783
53,0.15303839715955533
54,0.18339757904117573
55,0.19888585358018146
56,0.16934493289653502
57,0.1661799142378001
58,0.15390513535573713
59,0.16171168085067222
60,0.1702742550979352
61,0.1611682573374885
62,0.1443633723594567
63,0.16922381131439812
64,0.16015066695332947
65,0.15874216457468027
66,0.1567564561360998
67,0.15872749398126912
68,0.15860220366722017
69,0.13879289395020586
70,0.1563462669028112
71,0.14928987782237368
72,0.15031784188409394
73,0.14849864491138612
74,0.15509251771045393
75,0.17176725796757047
76,0.156178048911922
77,0.1550583081837273
78,0.15223999129378152
79,0.16714732637484175
80,0.1655065228352168
81,0.17823805971469925
82,0.158087835900416
83,0.16986078860617868
84,0.15926882221392405
85,0.16742678441300243
86,0.17314425152722338
87,0.16950822346980465
88,0.1619921904163
89,0.16114359951502746
90,0.16493572555070962
91,0.156203646479367
92,0.14427076075972503
93,0.1609733346193565
94,0.17322763800340413
95,0.15630471043760807
96,0.15154994362183463
97,0.14260735506238942
98,0.16130187252309416
99,0.14987777829911833
100,0.17049625555240178
101,0.147480465603278
102,0.16787290300300756
103,0.17683325693602278
104,0.17171558638748358
105,0.14580660374830423
106,0.1646232960304437
107,0.16448610806983538
108,0.17946993102623773
109,0.1633846507045494
110,0.16753338797295111
111,0.16321160751563396
112,0.14833479313029702
113,0.163849546336857
114,0.15993762518074928
115,0.15210799913705267
116,0.14937068788153973
117,0.16467527650655842
118,0.16519205371391826
119,0.14810812351496147
120,0.16799353146737706
121,0.16069765686749543
122,0.15164517557498464
123,0.16788241210606836
124,0.15138619135477122
125,0.1562819726293012
126,0.14759726575713686
127,0.15252438986229128
128,0.1642755643853588
129,0.15948764070969876
130,0.14490478046188382
131,0.15163530409397863
132,0.16912749239208827
133,0.18241442720907802
134,0.18672074030259966
135,0.16343928246520642
136,0.15760274978189615
137,0.16393976984917225
138,0.14521751329592103
139,0.15247034687710273
140,0.15991031362572114
141,0.1526902024031364
142,0.1553402905515231
143,0.17908152334989963
144,0.1711373119164973
145,0.1778470182464564
146,0.16479512199971202
147,0.16247380495336955
148,0.1669030562288264
149,0.13563012274761366
150,0.15822495536715067
151,0.16580426692794525
152,0.1549951303258146
153,0.15970982774955483
154,0.1723459403011435
155,0.15231063620171528
156,0.15034330694959805
157,0.16139284299603787
158,0.17616866756919242
159,0.1529093191317606
160,0.15324359008787666
161,0.17211249771398265
162,0.18457570621800348
163,0.13742291553398792
164,0.16117893144618056
165,0.1523589874584894
166,0.1511024040265766
167,0.14378094957584722
168,0.14433918677062557
169,0.15501685587472566
170,0.16757353680336645
171,0.15363987882748598
172,0.16125283098803694
173,0.16615282674200882
174,0.18182218985007276
175,0.1593446153554153
176,0.18402402855118746
177,0.1723342905855091
178,0.16836233790178187
179,0.15458346681660068
180,0.16347698048965972
181,0.15617751394590884
182,0.15674847682019624
183,0.15798670267555412
184,0.1494864755220388
185,0.16101093468065258
186,0.1640067592252107
187,0.15234766801069982
188,0.14654751616310263
189,0.13905086895854527
190,0.15365441560719142
191,0.1673966240364871
192,0.1532780458344312
193,0.15996898775428123
194,0.15022012727567582
195,0.16466867524225143
196,0.1482309987537019
197,0.14882503263758456
198,0.1484978377326004
199,0.15633105885117604
200,0.15977741309125348
201,0.16193863389696672
202,0.153755661841933
203,0.16336791097272446
204,0.16912377871393722
205,0.17703849427847576
206,0.1531727696498038
207,0.1581981801931981
208,0.15999950872760751
209,0.14530804363154093
210,0.1502700414356075
211,0.15105621238325942
212,0.15567480570056103
213,0.145126651700382
214,0.1611023923423283
215,0.17685547414809533
216,0.1440235615250769
217,0.15193263323305647
218,0.17119315543896677
219,0.15462494623557904
220,0.14531892196736523
221,0.15263687717799482
222,0.15555565462306373
223,0.171151418391063
224,0.1781168366525803
225,0.16203169058087166
226,0.16477947996593972
227,0.15526073988386807
228,0.1711923578430188
229,0.16844831012623648
230,0.15429304395159507
231,0.16211371904454694
232,0.16772673622498985
233,0.1527767914408294
234,0.16844003635087734
235,0.17143583985728272
236,0.15451152990340078
237,0.15978267299988066
238,0.16196393780673907
239,0.18297683983050114
240,0.1484521055425899
241,0.14569589988792342
242,0.17414190188528342
243,0.1470904632412356
244,0.14835062477217895
245,0.16900652889493994
246,0.16528798905951064
247,0.14964585113447515
248,0.19080684761490052
249,0.1590188932405848
250,0.1692356488979386
251,0.1782269773640387
252,0.2005941021157575
