,3
2.0,0.19565494418941862
10.0,0.18597270520893605
18.0,0.24073369301789255
23.0,0.22761913837671685
32.0,0.19535953788598034
43.0,0.2527933516443827
51.0,0.177461649373481
59.0,0.22249294688542817
64.0,0.18226741719602857
70.0,0.23540477050199046
78.0,0.16945581290977962
86.0,0.22688043770033914
93.0,0.19345016669669088
102.0,0.21279447680181052
110.0,0.19623136366306249
114.0,0.20826843325745212
125.0,0.17077187527506876
132.0,0.22003256997190887
139.0,0.19675887427550018
148.0,0.16040792133571774
152.0,0.16784178826478574
159.0,0.20684378074195836
167.0,0.15877990449892995
178.0,0.18735795935388783
183.0,0.2281451941216862
188.0,0.21001198595732878
196.0,0.21471925090025976
207.0,0.11942773472442586
215.0,0.13301702604273685
221.0,0.18797629493292298
225.0,0.14530495259783474
233.0,0.17879194176208962
240.0,0.1470288333655409
247.0,0.2156410593337334
256.0,0.14384104180189952
264.0,0.2233472894263378
268.0,0.224550128516104
277.0,0.17734314258922618
288.0,0.22918928756857732
300.0,0.18720077548937256
306.0,0.21049605942424257
315.0,0.22303172873023963
323.0,0.1966633041311079
327.0,0.21637991878552906
335.0,0.2114727194363468
343.0,0.2297758583680138
352.0,0.24144471151065666
360.0,0.20546578380231215
367.0,0.23807728761000901
378.0,0.19016889435133164
386.0,0.18537022256962665
394.0,0.2478039411710839
402.0,0.18687555618874227
409.0,0.1837084656789873
414.0,0.1664833090493298
420.0,0.16685408068848842
427.0,0.21798255018060939
436.0,0.20613366725985321
445.0,0.17380636108271155
456.0,0.2111468451177575
461.0,0.17646445864099375
468.0,0.2354134766190176
476.0,0.18410430483581058
484.0,0.19914439539503026
493.0,0.15458711996325022
501.0,0.23903812781412961
508.0,0.21489721223389743
517.0,0.16002407840971267
526.0,0.22470223539939946
533.0,0.20750291579166547
538.0,0.21901457755859774
547.0,0.24703684659113395
556.0,0.194651966183347
564.0,0.20626279432767294
572.0,0.20863484874969104
580.0,0.24000917569587793
587.0,0.19735125834237027
598.0,0.22343441060609284
605.0,0.2348516474364674
612.0,0.15139413088754364
616.0,0.20152138711092915
620.0,0.20028969926977963
624.0,0.1655567990888336
632.0,0.24357755266929432
642.0,0.17217990281891452
650.0,0.1454661174057866
661.0,0.2223079941261026
670.0,0.22794139605545377
677.0,0.2311962947239756
682.0,0.15405945064605892
688.0,0.16604831598983105
697.0,0.16611016947539065
705.0,0.22081546541987032
713.0,0.23878980555587667
721.0,0.2276276404820317
732.0,0.21224038101846976
736.0,0.2639645822355513
741.0,0.2503066514700762
749.0,0.15945112070718748
758.0,0.2787821856165674
765.0,0.1900433193709954
771.0,0.16905706727247882
779.0,0.21659635175617895
787.0,0.15729482203794629
794.0,0.19496608995788686
799.0,0.24371924573214734
804.0,0.22782791403262453
811.0,0.244448427927203
820.0,0.2476956037617798
828.0,0.2250846490095788
835.0,0.20428917842120375
841.0,0.1603388878239936
849.0,0.22093375776090177
857.0,0.14614050052043953
864.0,0.1523486339261192
873.0,0.21362871541085132
881.0,0.22203580979170323
886.0,0.22793769839008435
895.0,0.1877632057451711
902.0,0.23995781848752154
913.0,0.2470575380703286
917.0,0.2140722529734468
923.0,0.22971382293809076
932.0,0.17348744660835655
937.0,0.13988229733683577
944.0,0.22542980407886232
951.0,0.20121374376301618
958.0,0.2713390767885583
963.0,0.19629089701207425
971.0,0.15930988947774277
979.0,0.16719488010396913
984.0,0.23146147467500888
993.0,0.1731112157550652
1004.0,0.23029801457058174
1011.0,0.1773106696196996
1019.0,0.1830238365944726
1023.0,0.1933056682123868
1032.0,0.18528350393894016
1043.0,0.1766482650425802
1051.0,0.2039285836910182
1058.0,0.18500814773278573
1069.0,0.2513637735727487
1076.0,0.2028318468122547
1088.0,0.18889001329191835
1094.0,0.24012370703363012
1098.0,0.22970650915470886
1107.0,0.18066381543595766
1116.0,0.13186656038941877
1124.0,0.2401839160492157
1131.0,0.22686549131393163
1135.0,0.1972290790008246
1143.0,0.1725106660229623
1151.0,0.1653816275915717
1159.0,0.1561860492737274
1170.0,0.24277492156342437
1178.0,0.17667965441772995
1192.0,0.2093595400620728
1199.0,0.16629505796824437
1206.0,0.18964384620788044
1215.0,0.2274702343363165
1222.0,0.214160932961859
1231.0,0.2282312759452439
1240.0,0.23472279529859674
1251.0,0.20022011465277828
1255.0,0.24397998034335616
1260.0,0.24935509589413396
1264.0,0.2243754417921176
1273.0,0.18560642477104133
1281.0,0.1854343925489024
1289.0,0.14325360009083135
1297.0,0.22474388770699308
1304.0,0.14222067687552317
1310.0,0.18409291251699944
1318.0,0.21416290332328247
1326.0,0.19133786316441687
1337.0,0.12340011606275315
1345.0,0.22007821574473846
1349.0,0.23282464106757234
1356.0,0.2244679276007414
1365.0,0.17677560847751117
1371.0,0.18343883964891658
1375.0,0.22443054791972517
1387.0,0.23698655619187584
1395.0,0.22410583471012652
1402.0,0.2012704680251424
1411.0,0.21192358219028049
1419.0,0.18014353372127526
1427.0,0.18266193118855925
1438.0,0.1811349624302916
1449.0,0.19082050636524372
1456.0,0.17981980393790573
1467.0,0.22686152797817452
1474.0,0.22427620914413499
1482.0,0.18261809987246175
1489.0,0.11724812765588304
1496.0,0.2351981141776138
1504.0,0.19130918729927615
1511.0,0.20092236758073126
1519.0,0.26161990974470584
1527.0,0.26262744649203756
1532.0,0.17059660948863908
1538.0,0.22578156318535206
1542.0,0.2034721224481571
1546.0,0.2116184143054824
1551.0,0.17847750778452415
1555.0,0.16396614254647768
1564.0,0.21008266262008324
1572.0,0.20744744220452455
1581.0,0.1690800054056817
1591.0,0.16395906479242803
1602.0,0.1702365563336198
1610.0,0.21580623178061292
1619.0,0.26457915195823983
1624.0,0.19356280539193077
1635.0,0.19952722786539784
1643.0,0.2389650925702983
1648.0,0.20760564972399567
1652.0,0.26078849327413967
1657.0,0.18314793841951427
1665.0,0.2197929613870823
1670.0,0.2229374109172673
1675.0,0.1747032272133159
1683.0,0.2102191264888568
1688.0,0.19498456583122567
1693.0,0.1772425084140965
1699.0,0.18939164221322385
1706.0,0.20461471547841797
1717.0,0.18434612101850073
1727.0,0.21151989358042747
1738.0,0.1830618910760343
1749.0,0.21603756429342724
1758.0,0.25525558333757975
1766.0,0.18965444445826818
1774.0,0.1942501780739716
1781.0,0.15339783822322767
1792.0,0.20245520191311403
1801.0,0.151707439707342
1809.0,0.22758152891614433
1818.0,0.17504977665884366
1827.0,0.2121697322909753
1839.0,0.17226752030189474
1847.0,0.20552931733129015
1856.0,0.2162264052972274
1865.0,0.22527660775371253
1875.0,0.2528557084577803
1879.0,0.1792020811627759
1886.0,0.2158300440489087
1894.0,0.2404599665610102
1901.0,0.17122278954056455
1912.0,0.1634423640189543
1920.0,0.17617731732919165
1929.0,0.19568828216492917
1933.0,0.19903195491250575
