,4
1940.0,0.1869932658275209
1948.0,0.20284512962722367
1959.0,0.1716890800270464
1967.0,0.20290629634612034
1971.0,0.18461628827312487
1979.0,0.1737016677199182
1987.0,0.18850919198938562
1993.0,0.18655309870970424
2000.0,0.20153423961010863
2004.0,0.17478372377556511
2011.0,0.1783308290445745
2015.0,0.16697859410878416
2023.0,0.2305010272758626
2031.0,0.17938468905543176
2039.0,0.19570812931402926
2047.0,0.17451592089614404
2055.0,0.21027382215487786
2067.0,0.18838730301649245
2078.0,0.1552875052873899
2082.0,0.20367839429509896
2089.0,0.15834380513010402
2098.0,0.19249388838594597
2109.0,0.20267355642387147
2114.0,0.18821865359423148
2120.0,0.1841725047020112
2129.0,0.1642191264713298
2137.0,0.21045791141150225
2148.0,0.16899390418736682
2157.0,0.19483934956647286
2165.0,0.19711650174671752
2172.0,0.15306439603415725
2178.0,0.17763302377460263
2186.0,0.19817858531505392
2195.0,0.16298348059657783
2203.0,0.17161466208095813
2210.0,0.1778742286762126
2219.0,0.14707901912254187
2225.0,0.13589915696125066
2232.0,0.17958011461303502
2243.0,0.15316132165291968
2251.0,0.15067377497250506
2259.0,0.15315095191356295
2267.0,0.22833876305718365
2279.0,0.19166730975605534
2287.0,0.17381735738138276
2295.0,0.17041226304261708
2303.0,0.19985990689423633
2314.0,0.19392075398510905
2322.0,0.21793977062139253
2329.0,0.2699641249151106
2333.0,0.21186043967930873
2340.0,0.11824300611385179
2344.0,0.18684315881885705
2354.0,0.20373906749959791
2365.0,0.19352291202368715
2369.0,0.17822754581258668
2378.0,0.1999224816695052
2382.0,0.20012611838700864
2390.0,0.19645811859533074
2401.0,0.12324571993678347
2412.0,0.20880662467071284
2420.0,0.14978662580328567
2431.0,0.14116436050763906
2440.0,0.17490906186411526
2448.0,0.21390322603567133
2456.0,0.19603518766042424
2464.0,0.18282315504595523
2472.0,0.21399263412636904
2480.0,0.17836818692405731
2491.0,0.22459499694069793
2498.0,0.21202642475798983
2509.0,0.17113059831024238
2518.0,0.1910705727559447
2528.0,0.20676487780867572
2535.0,0.16957177375426757
2544.0,0.17556415642088985
2552.0,0.17124957387926582
2561.0,0.19232106723608033
2572.0,0.22131045108536432
2584.0,0.21126723863962973
2591.0,0.1821321432748301
2598.0,0.19296793299417808
2602.0,0.18756097465585078
2609.0,0.2060638742409334
2615.0,0.15990357491741378
2623.0,0.2006628767581647
2627.0,0.19032064466763252
2635.0,0.17841975143264135
2644.0,0.20057081867957877
2652.0,0.20092937434098215
2660.0,0.19272902471072487
2671.0,0.1966937292045113
2680.0,0.1529470754666336
2689.0,0.13403306447397745
2695.0,0.17069549716398455
2704.0,0.21667258351954163
2713.0,0.17879107394935653
2718.0,0.18692781800553948
2725.0,0.20526684882074686
2729.0,0.20796750659257907
2736.0,0.1556502066957822
2745.0,0.20577074783940763
2749.0,0.20803974573290393
2757.0,0.20772730296121747
2763.0,0.18258702122178375
2771.0,0.19995629838195017
2779.0,0.1703336459178538
2788.0,0.1906853025791878
2792.0,0.16608555343256942
2800.0,0.182258931234263
2807.0,0.13827244043293982
2814.0,0.18642417660218502
2823.0,0.1753307613856727
2831.0,0.19989099305324606
2842.0,0.19671726388180252
2848.0,0.19360488134019507
2859.0,0.18231781691147558
2870.0,0.1905153004484532
2878.0,0.19593626248027565
2885.0,0.17336994800871178
2895.0,0.16004648348912748
2903.0,0.167783110386944
2907.0,0.18214120634877826
2921.0,0.18518250522664334
2929.0,0.17143385516593437
2938.0,0.21360932286116496
2945.0,0.1663077064950766
2953.0,0.18840569659688755
2964.0,0.19276381351385943
2973.0,0.17985963392440887
2981.0,0.15578632261583852
2988.0,0.18953498210518702
2999.0,0.154274752306737
3006.0,0.21824192374043117
3014.0,0.14455682874899575
3018.0,0.20361643294534754
3030.0,0.17282122617838902
3042.0,0.1873424960447381
3054.0,0.19771985244307685
3065.0,0.2005625541864686
3072.0,0.18058469383665507
3082.0,0.23276232647006792
3089.0,0.213290191700971
3101.0,0.18644526878967524
3112.0,0.20183107600624686
3117.0,0.19209894958989931
3124.0,0.1995533885040196
3130.0,0.20851276748920106
3139.0,0.17353661105391036
3148.0,0.214170941654159
3157.0,0.19198919121879185
3167.0,0.21403221716156018
3174.0,0.1884685211401365
3182.0,0.19389933203252266
3186.0,0.1648379943538574
3193.0,0.14546269689134428
3200.0,0.19217703932832336
3209.0,0.18340333300333003
3221.0,0.16405143923802284
3229.0,0.20611509784454415
3233.0,0.13693196464074314
3242.0,0.15825665133999267
3250.0,0.16299706160653255
3261.0,0.1983897878483625
3268.0,0.13375133678737583
3274.0,0.19117909222992488
3279.0,0.1783693926712596
3286.0,0.178886600188626
3297.0,0.13274006933970325
3306.0,0.17798329351619116
3310.0,0.16997786334270745
3321.0,0.1642017678900503
3329.0,0.19792292129579722
3337.0,0.18603137100023626
3341.0,0.21723760935857842
3352.0,0.18304609836065316
3361.0,0.19382344582844124
3372.0,0.23127175516986823
3382.0,0.192428039309313
3389.0,0.2023022422013292
3398.0,0.17682413081202775
3407.0,0.18065660397054728
3413.0,0.15908353293850588
3419.0,0.17489753140968153
3428.0,0.17650876869482113
3436.0,0.20635531725984033
3440.0,0.18522988418857195
3451.0,0.16215585901134957
3460.0,0.17829263597764658
3468.0,0.20021441155578884
3476.0,0.20939157673094885
3485.0,0.18884546662263443
3494.0,0.21982407648849936
3501.0,0.19679236753860915
3509.0,0.20167402827777806
3518.0,0.19733353106381732
3524.0,0.19594680411125684
3530.0,0.18403065649453645
3538.0,0.16609720344293682
3544.0,0.2059047759510868
