,5
2.0,0.1739951816668241
10.0,0.15359479074189683
18.0,0.19629747031810646
23.0,0.17308815123890442
32.0,0.19659207138935814
43.0,0.1747594961477604
51.0,0.20271388889498462
59.0,0.17315629221923895
64.0,0.1655935212225496
70.0,0.15822119645819133
78.0,0.17929271221837906
86.0,0.20394823139401252
93.0,0.18422980969540353
102.0,0.15759930932459607
110.0,0.19926362234599304
114.0,0.2070673242619161
125.0,0.16828031310382638
132.0,0.19757410472721101
139.0,0.20351291127211626
148.0,0.233909967367345
152.0,0.2263442432942122
159.0,0.18829594335656255
167.0,0.15413341304397063
178.0,0.18825581147812373
183.0,0.19624104936778775
188.0,0.2067403681650189
196.0,0.17642655683909367
207.0,0.1826530162009117
215.0,0.16952138234081987
221.0,0.18053668569668369
225.0,0.1910678625513598
233.0,0.19649027742567635
240.0,0.1813980844314445
247.0,0.19389773019850448
256.0,0.19797746315673997
264.0,0.1921576578980103
268.0,0.19170944997678754
277.0,0.16216519763999931
288.0,0.1824518565480083
300.0,0.18338452800014196
306.0,0.21012621987284524
315.0,0.18123729244306408
323.0,0.19207363793508042
327.0,0.19777642745133026
335.0,0.21318795301804705
343.0,0.18411017323221937
352.0,0.19365448519138562
360.0,0.2105361546592675
367.0,0.17507769195759743
378.0,0.19152620394841427
386.0,0.19278210848024785
394.0,0.19267113507778588
402.0,0.1845866057413728
409.0,0.11592015286174731
414.0,0.1801641929561849
420.0,0.199163737704698
427.0,0.20308174161937997
436.0,0.17488433792732447
445.0,0.19004420803865196
456.0,0.196617838565745
461.0,0.17411376064971165
468.0,0.21405380106444777
476.0,0.18488055638905335
484.0,0.18963017750616354
493.0,0.2028911783883192
501.0,0.18754218813062537
508.0,0.20865464305354464
517.0,0.18282735416535
526.0,0.19268676706022417
533.0,0.1768725168756502
538.0,0.20482403852716927
547.0,0.21213591230798376
556.0,0.1586557826332755
564.0,0.16841721466985893
572.0,0.17750415690382831
580.0,0.20726563695816574
587.0,0.19125689740422225
598.0,0.18688287404569587
605.0,0.1867906135397219
612.0,0.19988457862144116
616.0,0.16875988108788728
620.0,0.18967042303479556
624.0,0.19603649279973961
632.0,0.1964208390950675
642.0,0.17849495766564935
650.0,0.17730915523691693
661.0,0.20283489734183702
670.0,0.18217352055459043
677.0,0.19291736545149296
682.0,0.19909657122856286
688.0,0.18353950495013982
697.0,0.19103607237532272
705.0,0.203323613786426
713.0,0.22070380814081247
721.0,0.1920931099185392
732.0,0.17912337744345783
736.0,0.17524191531536942
741.0,0.20314174302811838
749.0,0.181250622237152
758.0,0.168830659296206
765.0,0.19813198228120676
771.0,0.19759953585401485
779.0,0.2113016534410996
787.0,0.1931780905340581
794.0,0.19775774313136651
799.0,0.20440245970588797
804.0,0.194576700521855
811.0,0.16602252321679573
820.0,0.20355630219024626
828.0,0.1952028314311734
835.0,0.2077454402826045
841.0,0.17781432172776665
849.0,0.1856958041526096
857.0,0.18535096373641893
864.0,0.19344556383699915
873.0,0.1886869461834642
881.0,0.2060135137879884
886.0,0.17629987349164394
895.0,0.18717030844749424
902.0,0.1902694713208964
913.0,0.1838037183413043
917.0,0.17805510891149248
923.0,0.20666783841484787
932.0,0.21341785386532394
937.0,0.20742357168168526
944.0,0.19071987310001245
951.0,0.19576166163721545
958.0,0.2102481040129324
963.0,0.21384460113657905
971.0,0.2012519637682543
979.0,0.18785298207974288
984.0,0.20340447139052237
993.0,0.19890965923592305
1004.0,0.18878966317253978
1011.0,0.15455693232654055
1019.0,0.18508905577013987
1023.0,0.21456104904525705
1032.0,0.18503456558780249
1043.0,0.19385940129367477
1051.0,0.17844978723256602
1058.0,0.19064852075213834
1069.0,0.19037390800060647
1076.0,0.1904205823991048
1088.0,0.1947286367044643
1094.0,0.20314881575644195
1098.0,0.19917425705660333
1107.0,0.1721344755445899
1116.0,0.1943734990042506
1124.0,0.21445809690042097
1131.0,0.19502298737728183
1135.0,0.2006160448519232
1143.0,0.20259596900669272
1151.0,0.19708139716381856
1159.0,0.19622559952597907
1170.0,0.19563495178027163
1178.0,0.22116767651810781
1192.0,0.1706053000611284
1199.0,0.14533804175593523
1206.0,0.19046538571457539
1215.0,0.1841383806527531
1222.0,0.19850103486447213
1231.0,0.17085530622958361
1240.0,0.18965775757849299
1251.0,0.1947115365904203
1255.0,0.20956209616243052
1260.0,0.21320830647910985
1264.0,0.2076735744036608
1273.0,0.20457792423677157
1281.0,0.18478622086951355
1289.0,0.19014314245885564
1297.0,0.1931047084981166
1304.0,0.20384212145190034
1310.0,0.20433526293550064
1318.0,0.17356111121486253
1326.0,0.20263992412422352
1337.0,0.18174145339256828
1345.0,0.1510115701245997
1349.0,0.1822596592101836
1356.0,0.22245086507039927
1365.0,0.19716945378590678
1371.0,0.2118289643287573
1375.0,0.20553632986459583
1387.0,0.222193534269895
1395.0,0.183307884578051
1402.0,0.17938598937050082
1411.0,0.1691346859537317
1419.0,0.17903011162361793
1427.0,0.17715891823212132
1438.0,0.17222505643802688
1449.0,0.19036818825866414
1456.0,0.20307791875821568
1467.0,0.1933870695012006
1474.0,0.20437349452964523
1482.0,0.21709024052815695
1489.0,0.20872159360255305
1496.0,0.18284992998614266
1504.0,0.21124306868948314
1511.0,0.17884771731042268
1519.0,0.2043050173964303
1527.0,0.18016014842556474
1532.0,0.2072848871826771
1538.0,0.16835255322015025
1542.0,0.18367451106276236
1546.0,0.23515923478183584
1551.0,0.2065289947842095
1555.0,0.19353521801037485
1564.0,0.1843453874416743
1572.0,0.1810861405086538
1581.0,0.18028710876237622
1591.0,0.18893236172332745
1602.0,0.16546624094921394
1610.0,0.16677044053891854
1619.0,0.1789410617366218
1624.0,0.18210445063996775
1635.0,0.1945569580536425
1643.0,0.16573365162329576
1648.0,0.16607809067539633
1652.0,0.18274723965103962
1657.0,0.1706126778864099
1665.0,0.19678621797029824
1670.0,0.20844108207071432
1675.0,0.19590351163696584
1683.0,0.19927731479652833
1688.0,0.18285483740030092
1693.0,0.16622125596396453
1699.0,0.21689050188581818
1706.0,0.1750473775341304
1717.0,0.16448332099192778
1727.0,0.18872557256217762
1738.0,0.17548998429300497
1749.0,0.15963000278579406
1758.0,0.1581174012200853
1766.0,0.16999061679750216
1774.0,0.18866331973183922
1781.0,0.2071403715333268
1792.0,0.20261092972167682
1801.0,0.17182875592623129
1809.0,0.1942085290987429
1818.0,0.17673071018869652
1827.0,0.19528221334157345
1839.0,0.18040649655647603
1847.0,0.18685715309119344
1856.0,0.18061484300806654
1865.0,0.17494040116310372
1875.0,0.17762845346457726
1879.0,0.1778995417102455
1886.0,0.21298616261618594
1894.0,0.1907941555151646
1901.0,0.2132204936583244
1912.0,0.20766402127652717
1920.0,0.1820295754648473
1929.0,0.16214905574064495
1933.0,0.18447467783469063
