,3
1497.0,0.1907595211416717
1502.0,0.18019174941885982
1509.0,0.219155022462734
1517.0,0.19539924084507368
1526.0,0.210725110758558
1535.0,0.17889649472960115
1546.0,0.1843120858365174
1550.0,0.19048725146804193
1557.0,0.18792929605034114
1563.0,0.1591712752840424
1571.0,0.19183664627013233
1580.0,0.22175610471959406
1590.0,0.16660479437834194
1598.0,0.20825035993049884
1607.0,0.20684260330312015
1616.0,0.21925203626223652
1625.0,0.20625595701555227
1633.0,0.21977773955024033
1640.0,0.18686758992912392
1649.0,0.18022385950041525
1658.0,0.18205031903306104
1667.0,0.2264369293954398
1674.0,0.25633020809841894
1682.0,0.20239649183948788
1689.0,0.1612859588422768
1697.0,0.16229333558797276
1704.0,0.16435111273797404
1712.0,0.19174014461290956
1723.0,0.2350267560855999
1732.0,0.19831138873100337
1739.0,0.16274234085705983
1746.0,0.23547756817177182
1751.0,0.2135610033150014
1763.0,0.1753910066302081
1771.0,0.20818215503246035
1780.0,0.24323709492649453
1785.0,0.2413947411652302
1795.0,0.18142840915161182
1800.0,0.22101252900751417
1808.0,0.23971195466273212
1815.0,0.1644281574558275
1822.0,0.11913232066193703
1831.0,0.21735427538503754
1835.0,0.19608895865861226
1843.0,0.23452629136993572
1854.0,0.12369838012294361
1865.0,0.24097733997660487
1876.0,0.2388873659814026
1882.0,0.23156051246214215
1887.0,0.11836176350740985
1895.0,0.18800074972778155
1902.0,0.12635064290296089
1911.0,0.22277495810171383
1918.0,0.21417067010551652
1925.0,0.1536050254950052
1936.0,0.16273765092375514
1945.0,0.22865733454753395
1952.0,0.20312150460837214
1961.0,0.21236997048069103
1970.0,0.23066061835549925
1979.0,0.1870072723597529
1991.0,0.23830535163734262
1999.0,0.19765023767614906
2007.0,0.22406917882155947
2011.0,0.21935600017890028
2019.0,0.24745971215444376
2026.0,0.14361254807788743
2033.0,0.2414091056568216
2041.0,0.2085860993659971
2052.0,0.18349634305649062
2060.0,0.22556613897326921
2069.0,0.23130896517926727
2081.0,0.2318267415726448
2089.0,0.18039541336345719
2098.0,0.20384654248565653
2106.0,0.20303358457404524
2116.0,0.11468930124797178
2124.0,0.19742718419123068
2131.0,0.1840763279447587
2136.0,0.216714308344571
2143.0,0.21889235583102812
2151.0,0.19610391953189069
2159.0,0.17930591311958227
2168.0,0.20056240324789978
2175.0,0.2107807491220788
2186.0,0.18322363729962826
2194.0,0.14537227410798298
2205.0,0.2198011810020813
2214.0,0.23783014605370204
2222.0,0.19805835186252882
2229.0,0.20955500480340467
2238.0,0.16731280179663302
2245.0,0.20039682299230868
2253.0,0.2029081982276917
2261.0,0.22377997721005718
2268.0,0.209927766763833
2279.0,0.23180212276603163
2287.0,0.22103497577013317
2295.0,0.19832837690606353
2307.0,0.20209249646324975
2314.0,0.20360576234298783
2324.0,0.2309189364969907
2331.0,0.23122504345373723
2338.0,0.16838212437143674
2342.0,0.1239816466995269
2353.0,0.2114774513957324
2361.0,0.22476601115637462
2369.0,0.18330895784625081
2377.0,0.21026634152227733
2385.0,0.15469694578994309
2394.0,0.23592301065781343
2400.0,0.20832672089372628
2409.0,0.22385635059878545
2420.0,0.21821659694313253
2427.0,0.2427919755940549
2434.0,0.1895627404420079
2439.0,0.21647344062176113
2446.0,0.2299134989179211
2454.0,0.2053784233235173
2463.0,0.18237402379993314
2470.0,0.16954887741993946
2478.0,0.227020411026417
2487.0,0.22280633207577719
2494.0,0.18666082099733208
2502.0,0.20594689583786002
2509.0,0.21454349774011816
2518.0,0.182221768220561
2527.0,0.1983866350810149
2535.0,0.19362727476543085
2547.0,0.2044649689216951
2556.0,0.17127997791548388
2563.0,0.12316572000238662
2571.0,0.1680177942096321
2582.0,0.1824391131846869
2593.0,0.14788919733498465
2601.0,0.2617449619180519
2608.0,0.21307001587038138
2613.0,0.21958117359354973
2624.0,0.20698809912884855
2632.0,0.16824914940500457
2639.0,0.12572023407954105
2648.0,0.17728575023357585
2656.0,0.17303691397862747
2662.0,0.23231991784368308
2667.0,0.24556028183482
2677.0,0.16421615861014002
2683.0,0.16936297516235954
2691.0,0.15880573669993553
2700.0,0.17088760486841825
2708.0,0.1566696252370473
2717.0,0.2027386797625083
2725.0,0.21314565125672116
2732.0,0.21964899412784325
2740.0,0.15923444723433033
2747.0,0.2309262184062005
2755.0,0.19627797941302408
2763.0,0.18499186389664846
2768.0,0.1847939265472652
2775.0,0.22473185815450059
2782.0,0.1879640805111861
2793.0,0.25091490710869907
2797.0,0.19936657236124433
2804.0,0.18194020339197245
2812.0,0.2412073013459648
2820.0,0.20614477395923206
2828.0,0.1647063030679222
2842.0,0.2479898301874373
2847.0,0.18955274227332775
2856.0,0.12758705548789423
2864.0,0.20970493024543183
2869.0,0.18164222093411994
2874.0,0.22400588236942323
2882.0,0.1615722793605718
2889.0,0.1566185495308987
2897.0,0.15337030669285606
2906.0,0.2370466161290216
2911.0,0.1728599726657923
2919.0,0.15382315692400259
2927.0,0.1706430407578523
2934.0,0.2165009691317157
2942.0,0.16375137448227584
2950.0,0.22710750615767175
2957.0,0.11700593318407505
2968.0,0.2156803012955125
2975.0,0.16497904127280105
2984.0,0.20876731713524904
2995.0,0.19022141727167657
3003.0,0.23337914201122384
3011.0,0.22264278579538316
3019.0,0.1628185019455759
3029.0,0.12562260949587323
3038.0,0.24282621530717638
3042.0,0.17427702234503453
3051.0,0.16998621013265552
3059.0,0.1826740568623511
3070.0,0.2039869350690012
3077.0,0.061348036512135676
