,6
2.0,0.17276420442192075
10.0,0.18259634769085004
19.0,0.17332594486413228
26.0,0.1628033793582561
34.0,0.1613526577890388
43.0,0.15423063225517666
49.0,0.17829133391511603
56.0,0.15485029251389507
63.0,0.17504856912486663
70.0,0.17469778445931755
74.0,0.17533821028760485
82.0,0.13995076290854325
86.0,0.15425637936308426
91.0,0.1876011257125117
98.0,0.20050486495991238
102.0,0.15002449537878632
111.0,0.18642592181980552
118.0,0.16787046000655484
124.0,0.17522221617215528
132.0,0.16337140220914168
140.0,0.17525926582568074
148.0,0.16328304219183779
154.0,0.17344336841598867
166.0,0.1799879983687946
173.0,0.16223122252940284
180.0,0.17596323626197263
188.0,0.18296863449960918
197.0,0.15941824009898506
208.0,0.20346438275595252
215.0,0.18782968135856587
221.0,0.18160475057252798
230.0,0.1411071436561982
242.0,0.1905312221082956
249.0,0.1748957891159938
256.0,0.1666047094096443
263.0,0.18307118584188525
270.0,0.18733554492364662
281.0,0.18553144646603273
289.0,0.1441511217390213
297.0,0.17172164472182772
309.0,0.16712811871103653
314.0,0.18868131637974891
321.0,0.1731618290344323
328.0,0.18765151161488916
335.0,0.1627617516840393
343.0,0.1515694845093824
351.0,0.1950107261893697
355.0,0.19035430977154427
359.0,0.16158555279818862
368.0,0.18636848914743792
375.0,0.193919057866446
387.0,0.17689518403190718
394.0,0.16493648528658147
402.0,0.17865665982089862
406.0,0.1747760794641805
414.0,0.18150492472598967
425.0,0.19604330329178069
433.0,0.18516146816381182
440.0,0.16282731496018707
445.0,0.16114127689346916
449.0,0.1535120489290784
458.0,0.16498181690847116
467.0,0.16299347723091592
475.0,0.1626490422304005
487.0,0.18865293054437549
495.0,0.15747260190662699
506.0,0.16466972294430463
514.0,0.16349179049018606
525.0,0.1810654901396631
532.0,0.17517639102862415
540.0,0.15261800733775283
546.0,0.16326818125902215
558.0,0.17702373598404436
565.0,0.18129131297324869
574.0,0.1440163818018342
581.0,0.16599435380145758
589.0,0.1646584340270205
596.0,0.1735846153182865
607.0,0.1726459958699963
615.0,0.16976662752411392
622.0,0.18085180628144532
628.0,0.18125086632743836
639.0,0.1660810092876348
645.0,0.15746854518764003
652.0,0.1796305116168858
659.0,0.1897456463807071
665.0,0.17822015520466153
672.0,0.16184564798907358
678.0,0.17347453283568523
684.0,0.1648986454833449
695.0,0.163034706804042
704.0,0.16164386009940793
712.0,0.16293728898435494
719.0,0.17367062991621854
728.0,0.17046488295612042
737.0,0.16887626584145407
746.0,0.16541703470364566
760.0,0.17747261122504762
767.0,0.14935131817738473
774.0,0.157587237593012
783.0,0.15503865010215795
791.0,0.15958635291973544
798.0,0.14696773700414115
808.0,0.16973345671558054
818.0,0.15912798383269008
824.0,0.1734254124185573
831.0,0.18486837422693
840.0,0.17926302260142452
847.0,0.1625565336120526
854.0,0.17215986250886153
865.0,0.16941922939153634
873.0,0.1685104147672206
881.0,0.16883269924998137
888.0,0.15413893117112906
892.0,0.17681128183635902
899.0,0.18846971095296247
908.0,0.1610017904537117
916.0,0.16871524255469333
924.0,0.16419482354018505
932.0,0.15553478677563246
943.0,0.2056011451248531
951.0,0.1699476173029743
959.0,0.16826093604275894
966.0,0.16089520659352405
972.0,0.1630826296750708
979.0,0.18587351927517073
987.0,0.15372407050197262
996.0,0.20450151126427255
1005.0,0.1749568981139743
1013.0,0.18441288642546239
1018.0,0.17775374781003644
1027.0,0.17738836993239787
1035.0,0.167366891897274
1044.0,0.17239113229144606
1053.0,0.19923094257170654
1062.0,0.18901061087577967
1069.0,0.18967371432061372
1077.0,0.1725131711314207
1084.0,0.1826091925754286
1091.0,0.16529944344315642
1100.0,0.17067507734950893
1107.0,0.16802715158654372
1112.0,0.177937952428838
1121.0,0.15941401689212978
1130.0,0.17121945143705516
1138.0,0.18335214698586128
1143.0,0.16549960868566488
1154.0,0.15020769427400335
1162.0,0.17697581157746597
1170.0,0.17798801856866764
1179.0,0.18183909996413936
1184.0,0.16693156960457212
1191.0,0.1705836628252443
1200.0,0.15664861619932577
1212.0,0.1886303066955588
1219.0,0.16969601922870028
1228.0,0.1925089541528885
1234.0,0.17308887330078987
1240.0,0.17936897535366578
1245.0,0.17454662088158823
1253.0,0.14445582463458917
1260.0,0.19062499006458633
1269.0,0.1860281197119507
1278.0,0.19679032106435448
1282.0,0.18127559346424457
1290.0,0.15841263164045252
1299.0,0.19490440737592343
1307.0,0.1858536534207539
1314.0,0.18094814870829307
1325.0,0.16683542831141163
1333.0,0.18712060448529788
1342.0,0.16897114172527633
1347.0,0.173255704040356
1355.0,0.1805803585870404
1363.0,0.169941344812321
1368.0,0.1828151626116076
1373.0,0.16680278651293154
1381.0,0.1826287261222268
1390.0,0.1429393173037334
1397.0,0.1642070399054808
1404.0,0.1837798966667602
1413.0,0.16182158201183441
1420.0,0.16533867778467476
1429.0,0.18288111995362505
1438.0,0.18013827394910797
1444.0,0.151033442468154
1455.0,0.16451313155060207
1466.0,0.172543731629433
1472.0,0.1657436343640001
1479.0,0.17724928942373097
1487.0,0.17050024541300013
