,6
1497.0,0.2016963575415284
1502.0,0.1616602491450783
1509.0,0.14384767659002592
1517.0,0.17254701494911934
1526.0,0.15764757541064858
1535.0,0.18212750684344164
1546.0,0.1518972068831564
1550.0,0.1718526146081814
1557.0,0.16630806897163614
1563.0,0.19765262279389814
1571.0,0.1928879143648825
1580.0,0.18534338497217503
1590.0,0.1926249307244542
1598.0,0.17862209582998642
1607.0,0.17729372702059498
1616.0,0.1755817533588958
1625.0,0.16142936338431124
1633.0,0.1696198128591967
1640.0,0.17391883607602787
1649.0,0.16397858677810204
1658.0,0.1797050388236152
1667.0,0.21480186587495678
1674.0,0.18555235409589946
1682.0,0.16809748906984215
1689.0,0.17391720674155553
1697.0,0.1520730654766744
1704.0,0.16291302702779048
1712.0,0.1548246120061419
1723.0,0.1750548716105372
1732.0,0.17372448712492972
1739.0,0.1785368844453565
1746.0,0.16939561188098656
1751.0,0.16341470289772164
1763.0,0.16625849582756905
1771.0,0.1740878166552608
1780.0,0.16208480407222814
1785.0,0.1930384406131651
1795.0,0.19151648841070532
1800.0,0.16533650983104525
1808.0,0.19900221798298934
1815.0,0.17256366780258794
1822.0,0.19060660567964385
1831.0,0.17722970366626936
1835.0,0.18879035570003505
1843.0,0.17245789564316572
1854.0,0.16496895388887214
1865.0,0.16876802842087038
1876.0,0.19151552992767712
1882.0,0.18371370664801753
1887.0,0.16329368869381106
1895.0,0.1756159595791667
1902.0,0.1510699203987084
1911.0,0.1637248268866777
1918.0,0.18215973338343955
1925.0,0.17377251658590084
1936.0,0.18378999180585442
1945.0,0.19510686724199802
1952.0,0.16591003690741601
1961.0,0.1612129904712385
1970.0,0.1656951873882478
1979.0,0.15961862532986643
1991.0,0.1590639914825698
1999.0,0.16220057487752032
2007.0,0.13694816069060525
2011.0,0.1849169886100402
2019.0,0.15626145298740074
2026.0,0.15530805423404956
2033.0,0.17570070998402135
2041.0,0.18665575903976983
2052.0,0.16175509870546162
2060.0,0.1899281785640542
2069.0,0.1826887560237459
2081.0,0.17971732160577733
2089.0,0.17807536092558468
2098.0,0.1685701176233929
2106.0,0.18550626976813472
2116.0,0.1828788209457184
2124.0,0.17486752578903728
2131.0,0.17288591998134872
2136.0,0.17556162141020132
2143.0,0.17324812298897896
2151.0,0.17555217010155375
2159.0,0.16088665600176807
2168.0,0.16232007974024124
2175.0,0.17617523314173628
2186.0,0.1654511708330218
2194.0,0.16754359469191818
2205.0,0.1643090561682828
2214.0,0.16522984956787956
2222.0,0.18014313601160503
2229.0,0.17779618799666685
2238.0,0.1709029635068576
2245.0,0.16809481319048858
2253.0,0.1689534872928074
2261.0,0.17777198513131084
2268.0,0.18341931529965852
2279.0,0.17391787729166158
2287.0,0.1712309154344817
2295.0,0.17573316984573065
2307.0,0.15595978328175597
2314.0,0.17364799144579507
2324.0,0.17763606692407258
2331.0,0.18050308324764286
2338.0,0.17753852981715587
2342.0,0.1826433090150687
2353.0,0.1841092642155506
2361.0,0.1936121866528305
2369.0,0.17184948382125767
2377.0,0.16762722108685538
2385.0,0.17597764466836313
2394.0,0.17858981164786453
2400.0,0.17783437317487863
2409.0,0.16709328093659856
2420.0,0.19240010292467558
2427.0,0.1677958996096305
2434.0,0.18248219466249724
2439.0,0.17286784840660524
2446.0,0.17656593817620223
2454.0,0.18066458794009577
2463.0,0.16892485095685034
2470.0,0.17516269300644052
2478.0,0.19517940268609507
2487.0,0.1684112231046992
2494.0,0.20208015455425174
2502.0,0.18211248045928438
2509.0,0.17755469768119322
2518.0,0.1703558753876478
2527.0,0.17338262212511887
2535.0,0.1700599015583321
2547.0,0.16157114404320433
2556.0,0.16854540529590176
2563.0,0.15188275644811808
2571.0,0.18083239322405043
2582.0,0.16686500890230685
2593.0,0.17607448213353044
2601.0,0.16789956140549595
2608.0,0.1511501989105891
2613.0,0.18971548139401812
2624.0,0.16518816027627398
2632.0,0.16220971840489057
2639.0,0.1553348939834136
2648.0,0.16636848423317419
2656.0,0.16026083298632957
2662.0,0.18549656628786373
2667.0,0.16045490497217824
2677.0,0.19035968650203092
2683.0,0.17722302759448952
2691.0,0.16257611319191204
2700.0,0.16670343772666596
2708.0,0.18345570595799743
2717.0,0.16068674845403472
2725.0,0.20186690223263754
2732.0,0.16624699627362727
2740.0,0.18336511220783203
2747.0,0.17831821810801374
2755.0,0.18092735250109615
2763.0,0.16063640463979578
2768.0,0.158961304814297
2775.0,0.1650181218438058
2782.0,0.18071182988427462
2793.0,0.17144923764081688
2797.0,0.1715278343478554
2804.0,0.1767992059890114
2812.0,0.1850320261288238
2820.0,0.16371390691575413
2828.0,0.15833188597553194
2842.0,0.1794766250303565
2847.0,0.19490896042849648
2856.0,0.1692093229991573
2864.0,0.17172965097109028
2869.0,0.16046196873321197
2874.0,0.20425263041122074
2882.0,0.17983460658841438
2889.0,0.14819485604696764
2897.0,0.19114906500114864
2906.0,0.1970595388566436
2911.0,0.1867506220690867
2919.0,0.1671430193974374
2927.0,0.1713372781893463
2934.0,0.184172018400175
2942.0,0.17994056959565172
2950.0,0.18723827699105752
2957.0,0.170163944500229
2968.0,0.18499029638483583
2975.0,0.18115778877024544
2984.0,0.1526766898836508
2995.0,0.17741956592555205
3003.0,0.19466408572289134
3011.0,0.16049659663818305
3019.0,0.1573346398622573
3029.0,0.1757929598280671
3038.0,0.17553464490018028
3042.0,0.17322318449349278
3051.0,0.1859994764737936
3059.0,0.17881115189598934
3070.0,0.17540680831623942
3077.0,0.20808881789369604
