,4
2.0,0.19776753211564946
7.0,0.19570931530036997
14.0,0.21186781533359647
20.0,0.18889703382019052
27.0,0.18881961523167168
35.0,0.22116291647736022
43.0,0.1474999957956389
52.0,0.1968217508381514
63.0,0.209706456520827
70.0,0.19919865482134916
74.0,0.21446940767995626
82.0,0.17726059815812947
89.0,0.18314439400866359
94.0,0.18018319496463533
101.0,0.1777096492839002
110.0,0.17506942439716638
117.0,0.18945261964257182
125.0,0.2430421619116426
134.0,0.18782690345301684
143.0,0.17584330934329498
151.0,0.13629257782575183
156.0,0.18912802830973474
163.0,0.18413638558111214
172.0,0.19615512142694527
184.0,0.22312281925609703
192.0,0.1748712824527846
200.0,0.19704124006240964
207.0,0.18352758865237395
218.0,0.1823582098677371
230.0,0.2176686613567858
234.0,0.19797491221409316
240.0,0.19492528310794863
247.0,0.20941661403715273
256.0,0.20476961320582432
265.0,0.20504884649400731
271.0,0.23057775375547426
277.0,0.19596360832747461
285.0,0.1697602055124226
293.0,0.2050164870104619
304.0,0.24475523642212388
311.0,0.20073991583814124
319.0,0.19178354512635762
328.0,0.1601250211192361
336.0,0.182768737181635
343.0,0.19446521288747246
351.0,0.16997813649331167
360.0,0.20251003871883436
369.0,0.18468975792060624
377.0,0.21189652225535474
386.0,0.20042657095330363
395.0,0.1843738445461186
406.0,0.1857083600164788
417.0,0.15693092001876832
421.0,0.20870375892861381
429.0,0.20244009892898845
436.0,0.16332040771096298
445.0,0.16043662002776757
452.0,0.2296207600834627
456.0,0.19959225790711246
464.0,0.2038253208024935
472.0,0.21278095527280347
480.0,0.1599635973834279
489.0,0.17822088416481013
497.0,0.1911227982420359
504.0,0.19280168098734005
512.0,0.20890794147522462
521.0,0.20435310815673075
528.0,0.21160597322492164
536.0,0.2231519064947283
547.0,0.22325789998468695
556.0,0.1826021608907591
563.0,0.18119841352500266
574.0,0.22395538392226455
580.0,0.2218324687390954
584.0,0.1845369400976135
592.0,0.18243079973822313
599.0,0.20602464527829636
607.0,0.15746588758051305
614.0,0.16795080355313943
619.0,0.207145064527552
627.0,0.21443110298168916
639.0,0.17872204533009786
647.0,0.21641719090555853
658.0,0.22002052564094435
669.0,0.19251541176509696
676.0,0.21306654976523323
687.0,0.21596074336797272
696.0,0.21549105161899765
703.0,0.17711510710847128
712.0,0.18306463452897492
726.0,0.19679374802261435
734.0,0.21329214913132574
743.0,0.17372502094992653
751.0,0.11073779199810098
760.0,0.19529605674638895
768.0,0.20642910588633231
775.0,0.15756229109139344
787.0,0.22442005122662
798.0,0.16482988174561683
806.0,0.18928691767584288
814.0,0.1397506791899238
818.0,0.18538209574259487
830.0,0.1799401145672833
837.0,0.18892631832372705
844.0,0.21235229382946375
852.0,0.14790659502972964
860.0,0.19750057695326864
868.0,0.21015549032241615
875.0,0.2066862722875615
884.0,0.2197321096884997
891.0,0.17168220454593547
898.0,0.21373100869909797
906.0,0.19268681465687837
914.0,0.1727676148496506
919.0,0.21065122332657207
930.0,0.1744821823042119
935.0,0.20188536157017561
946.0,0.2396486796272327
951.0,0.17715841464193385
962.0,0.21180732649408682
971.0,0.20999283923538348
978.0,0.1941271063125804
992.0,0.15775902413568327
998.0,0.19333915662330506
1006.0,0.21724487133658293
1013.0,0.2017275235483271
1020.0,0.16933556478449396
1027.0,0.2013047846697122
1035.0,0.1464187176982343
1046.0,0.13375676976620937
1057.0,0.21107449652628044
1063.0,0.17650274199566596
1074.0,0.22447606388335042
1082.0,0.23076627465438512
1092.0,0.18678054812500106
1100.0,0.14840678348865532
1104.0,0.19240359628729967
1113.0,0.2064738522286936
1118.0,0.22153379730482717
1126.0,0.1753548194872146
1134.0,0.19321036367540081
1142.0,0.1798217329052004
1150.0,0.188844793622694
1158.0,0.18801379135827836
1169.0,0.1901528912394349
1173.0,0.17726823391059876
1184.0,0.1826189577478021
1198.0,0.1672160993685135
1207.0,0.21395006798193542
1217.0,0.19837921377358847
1221.0,0.1941770637778585
1229.0,0.15797922791495034
1233.0,0.19881431872194266
1245.0,0.20242964794114754
1252.0,0.1738235862243597
1263.0,0.15094426195494673
1271.0,0.19806257337118854
1275.0,0.20053323796460146
1284.0,0.20883910050099863
1292.0,0.18444042177913972
1296.0,0.2031338461984512
1304.0,0.20879993446271955
1312.0,0.1729340963500788
1317.0,0.16019123457342904
1327.0,0.16470227619590372
1332.0,0.18068649230895273
1343.0,0.22282567658093955
1348.0,0.20805199563417429
1355.0,0.21342952963576586
1359.0,0.1980061590243142
1366.0,0.19773410696816063
1370.0,0.20785186995684451
1377.0,0.21315362347618183
1381.0,0.15379821146631206
1385.0,0.19812758234001013
1393.0,0.19482081345415314
1399.0,0.17473075919467468
1409.0,0.23642472701316417
1420.0,0.10327053048598939
1428.0,0.1801454411283458
1436.0,0.19896230239504012
1444.0,0.1916957519387114
1453.0,0.21691041044471418
1461.0,0.17883107008714383
1475.0,0.18092203566664625
1482.0,0.20017742259781018
1490.0,0.1864987083488625
1494.0,0.20148792192344997
1503.0,0.21520812633845768
1507.0,0.17307380863377153
1516.0,0.17833938709167524
1523.0,0.14751411206734527
1530.0,0.18819210943712275
1541.0,0.20904443847533072
1548.0,0.20011431413146866
1557.0,0.15039336051740199
1569.0,0.16250799815237266
1573.0,0.21915431452102127
1581.0,0.19462825958173122
1586.0,0.2212799433695203
1594.0,0.2055122742592754
1598.0,0.21573996030271955
1607.0,0.17262123928809486
1619.0,0.20572505412536554
1625.0,0.2374242069284774
1634.0,0.17826058799834457
1645.0,0.17825367034552816
1652.0,0.2162352127345866
1663.0,0.20912501766962024
1671.0,0.20136377790047968
1682.0,0.17151658797152514
1690.0,0.20044982649138454
1694.0,0.2109945816030267
1703.0,0.19461805928092965
1712.0,0.14404863834121465
1724.0,0.1945559325009276
1732.0,0.1794093928698385
1738.0,0.1912646558944365
1744.0,0.15506791520008414
1751.0,0.22551152693215978
1759.0,0.2274525848515859
1766.0,0.22073767864746702
1770.0,0.2223976942488324
1781.0,0.16288708696746448
1787.0,0.1873431234845034
1795.0,0.21099216447948504
1799.0,0.16522657409032926
1810.0,0.1586519835336024
1818.0,0.18986674937921472
1832.0,0.2029353150598543
1838.0,0.23231212550211552
1844.0,0.2042234491038153
1851.0,0.16743132401651695
1858.0,0.19939584418232154
1870.0,0.17875960190303394
1878.0,0.17161225575564357
1889.0,0.1452551700654518
1898.0,0.21262837925036077
1907.0,0.19757262099796682
1915.0,0.17742160590726558
1919.0,0.1453015521447707
1928.0,0.2182924532485218
1940.0,0.20082221285270294
1944.0,0.16495473259138504
1955.0,0.1804341844333019
1961.0,0.22660737781760845
1968.0,0.19872960428479153
1978.0,0.19240748381122516
1987.0,0.2462638260277385
1992.0,0.18814273666480386
2000.0,0.19100292213226922
2011.0,0.20920367985841692
2018.0,0.224551464134426
2026.0,0.13421950664141172
2030.0,0.19895297448021226
2034.0,0.2231038409314432
2042.0,0.19944719568822764
2047.0,0.1664910664762834
2056.0,0.17721596009907845
2060.0,0.198605690450691
2069.0,0.15529856228957517
2076.0,0.23518656075381247
2082.0,0.1378467796094412
2091.0,0.1605439234301447
2102.0,0.21308582189708883
2109.0,0.25048851241335784
2120.0,0.1882882706858075
2131.0,0.2176995707950521
2142.0,0.2346727312834365
2151.0,0.20904748341610865
2155.0,0.1912209148521799
2162.0,0.20887087936504284
2168.0,0.20687011122428292
2180.0,0.18061809821745115
2188.0,0.17964910418483
2194.0,0.2037967981682623
2200.0,0.160955796195076
2207.0,0.16985831265240614
2214.0,0.20691977347996396
2223.0,0.19247119909777818
2227.0,0.18858865642058414
2238.0,0.21373540197680146
2245.0,0.2005880120024413
2253.0,0.16460598172773014
2257.0,0.16848925012807264
2269.0,0.1904934415442327
2280.0,0.18182744775184606
2294.0,0.19206564061255557
2300.0,0.1715432542218317
2304.0,0.19107482581540564
2311.0,0.1750765654842634
2318.0,0.2063365893504166
2327.0,0.18251176821907636
2335.0,0.1837350928256298
2347.0,0.2027925981295725
2355.0,0.16566328058987123
2366.0,0.1840375457325263
2374.0,0.17819410145432116
2383.0,0.19266665064609656
2392.0,0.18181991977722986
2404.0,0.1962391303935861
2408.0,0.20615352164666093
2419.0,0.22594688753676942
2425.0,0.22540954064815788
2432.0,0.19182113437228437
2441.0,0.18717226796291753
2448.0,0.1875105630484505
2453.0,0.2081921629662034
2461.0,0.13614465921423902
2467.0,0.18192748961630736
2474.0,0.18225957429917133
2481.0,0.15154854171768392
2485.0,0.21031059945657607
2489.0,0.21218064319157443
2497.0,0.18712875481439517
2503.0,0.17983903483917818
2512.0,0.2317489378810678
2516.0,0.1585573202698936
2521.0,0.2158866858220943
2528.0,0.19126955093968856
2534.0,0.1816899292471375
2541.0,0.22144991579222797
2552.0,0.16964789529770136
2559.0,0.20216775147614668
2570.0,0.17719341758113286
2577.0,0.19677691528039354
2588.0,0.19625935710858552
2596.0,0.16765209839490475
2600.0,0.22831304811038552
2608.0,0.2017984478700731
2617.0,0.19210182325091432
2629.0,0.19434834032556692
2638.0,0.18131479642878104
2644.0,0.23075401933645162
2650.0,0.13744635266208546
2657.0,0.21817408449462314
2663.0,0.15891854532569055
2668.0,0.19923322935052326
2672.0,0.16745062902531546
2683.0,0.20490623690271356
2689.0,0.18120309816412208
2697.0,0.19585339676483318
2701.0,0.22223362658610432
2710.0,0.19245224306315828
2718.0,0.19259298921799978
2732.0,0.21043163703356416
2738.0,0.19406231552823308
2743.0,0.15661454070940525
2750.0,0.1781462486361783
2757.0,0.17633828390936432
2762.0,0.20549410023891265
2770.0,0.21289349314595604
2782.0,0.18851030209485958
2790.0,0.20437470668012514
2798.0,0.2054953003162203
2806.0,0.1896231424965766
2817.0,0.20318026326411653
2826.0,0.20542783463654937
2840.0,0.21102980886065964
2844.0,0.18808243708975778
2855.0,0.21740686387394884
2861.0,0.14850938300777078
2868.0,0.217592455402274
2876.0,0.2268130475386145
2885.0,0.22167109407653818
2889.0,0.22478800366163237
2901.0,0.19762500119012794
2907.0,0.1634478939885184
2915.0,0.21073724636086982
2926.0,0.21105334376464696
2934.0,0.24384244050773546
2941.0,0.2004376135251687
2946.0,0.20794116313426064
2951.0,0.19802000034410225
2961.0,0.1817999143909023
2966.0,0.20419285860958494
2977.0,0.15677482996947736
2981.0,0.23351180597201385
2991.0,0.2216053006180276
2996.0,0.19315980586233744
3004.0,0.22067358248992822
3008.0,0.25332946114104393
3016.0,0.19237687951498494
3025.0,0.1898595156410455
3035.0,0.17704952041640748
3041.0,0.19192629052073454
3050.0,0.17693479645184523
3058.0,0.2312163640663853
3065.0,0.1653063685120127
3069.0,0.222792391094105
3074.0,0.12277526143178362
3082.0,0.21236320246274695
3090.0,0.20343126144209336
3095.0,0.16475506622544178
3102.0,0.21537702411395102
3110.0,0.21698973955522477
3122.0,0.18083482819553695
3129.0,0.17973826821480166
3141.0,0.2177647376401929
3148.0,0.1676537367977229
3157.0,0.14494271220191096
3165.0,0.197272572360624
3176.0,0.13592711122663606
3187.0,0.2254552120750702
3195.0,0.2208360926997939
3201.0,0.19221742632812625
3210.0,0.19460992499143415
3218.0,0.1735218842137842
3226.0,0.2138498254857003
3234.0,0.21629848608382618
3243.0,0.23455375513849738
3247.0,0.19572980262661713
3255.0,0.22875649225751296
3264.0,0.21908656238643096
3273.0,0.1576165833474467
3281.0,0.21243027317924687
3293.0,0.22762149248461355
3297.0,0.18059014912565075
3302.0,0.18914320799614512
3308.0,0.16270677024331123
3315.0,0.2301715226250096
3323.0,0.18330294566064087
3330.0,0.1963785121713451
3337.0,0.18043181693516966
3344.0,0.258818660907233
3352.0,0.1852182635137965
3356.0,0.17931006956344656
3363.0,0.1791255692203288
3370.0,0.19018713047575253
3377.0,0.16909308785461993
3384.0,0.1733439262532593
3393.0,0.19593586280137804
3401.0,0.20292558985448914
3407.0,0.17004245976637689
3416.0,0.19508686242446036
3425.0,0.19154956338146303
3433.0,0.15852210083488244
3441.0,0.20371855858085533
3448.0,0.2085977795999572
3459.0,0.17425230037277895
3467.0,0.2050468519257282
3471.0,0.1859129914180019
3479.0,0.1319701285819374
3484.0,0.1617222390172097
3493.0,0.1811123147830797
3501.0,0.1933733875641762
3512.0,0.1413187856791104
3516.0,0.23834769452688595
3525.0,0.18451226842334895
3533.0,0.202648179067768
3544.0,0.2188422302163709
3555.0,0.21927346010545568
3566.0,0.2089021315984249
3575.0,0.2010356211902581
3583.0,0.10489649929346705
3594.0,0.20392978619040128
3605.0,0.20157489925362396
3613.0,0.17914892220493112
3627.0,0.16026551475411754
3638.0,0.14614966918916306
3645.0,0.1982895436118429
3652.0,0.20656494335723416
3659.0,0.21279681461421576
3666.0,0.16350432627169448
3677.0,0.2022981141466484
3685.0,0.2277896749794258
3694.0,0.20776495696323743
3701.0,0.2181525608255099
3709.0,0.1948702036453554
3713.0,0.11629495793807579
3720.0,0.09328924449708693
3728.0,0.16303861546940182
3736.0,0.20223198901648098
3743.0,0.19055712080310466
3748.0,0.21361593962388384
3755.0,0.16003263425466613
3766.0,0.21717061401250615
3780.0,0.18283931472031265
3787.0,0.20018196620921608
3796.0,0.1520587053342736
3804.0,0.16237535966276007
3811.0,0.21475528258692672
3820.0,0.19695241724683069
3829.0,0.17045881527402376
3837.0,0.18943416885328299
3845.0,0.1500607037645343
3850.0,0.16742969275011033
3857.0,0.18828445011810085
3869.0,0.21430658785634604
3878.0,0.1933402197936187
3883.0,0.19274362494829209
3890.0,0.19548607435264356
3899.0,0.22372999039545433
3908.0,0.1658782929170345
3917.0,0.19627574112927476
3926.0,0.1786554360696404
3931.0,0.1990256842518239
3938.0,0.1692845988921431
3949.0,0.17609835428425483
3960.0,0.16716264818685722
3965.0,0.16191667249877245
3969.0,0.15468373233292626
3977.0,0.20480315893774506
3986.0,0.21455282493982494
3998.0,0.1835517132942856
4012.0,0.19070795066699076
4020.0,0.20797959300420715
4032.0,0.2686230766576054
4038.0,0.18367233101035849
4043.0,0.2078568466486289
4049.0,0.17238858395122925
4056.0,0.17634565316951048
4064.0,0.17425995462365623
4073.0,0.10505649953726007
4084.0,0.17898810580481672
4088.0,0.1861029487447383
4100.0,0.21206159169249084
4107.0,0.177881934669646
4116.0,0.2005860251304909
4123.0,0.1896483475902398
4131.0,0.20611622036379634
4138.0,0.20167744385904726
4144.0,0.2104617341106338
4152.0,0.1603438320617969
4156.0,0.20926957953983713
4164.0,0.18702831870247777
4171.0,0.19099843092844865
4178.0,0.18478141919268393
4186.0,0.19800138256333194
4193.0,0.17746008305531294
4202.0,0.2053354020712204
4213.0,0.19817627328293333
4220.0,0.18031455493841786
4228.0,0.13331683415023238
4233.0,0.13605294374149837
4238.0,0.1324830522522012
4249.0,0.1948880769822417
4257.0,0.19724857176093072
4271.0,0.195262906787942
4277.0,0.1898736405450855
4286.0,0.19265464560670328
4294.0,0.17928576686476244
4303.0,0.15899464290012927
4312.0,0.17226475569657912
4319.0,0.18896113645099927
4331.0,0.18245980684845514
4339.0,0.1414587793667692
4350.0,0.19510323696005077
4355.0,0.16989682218298363
4359.0,0.19183695055904992
4367.0,0.20302374128353406
4376.0,0.16852318480520445
4387.0,0.14464255942462406
4401.0,0.1710862477137948
4412.0,0.1942978931005319
4424.0,0.17342109723836657
4432.0,0.17909011359537907
4441.0,0.24519247954187293
4448.0,0.24556855850554637
4457.0,0.15554067837576094
4466.0,0.18013491050060343
4475.0,0.2345553912067136
4483.0,0.2195637851887664
4491.0,0.20288605941250698
4498.0,0.17961207687237477
4502.0,0.17840679670325724
4513.0,0.17389255158737313
4520.0,0.16605397826693208
4529.0,0.20966901381167596
4537.0,0.17077791306081117
4545.0,0.16640578238964807
4550.0,0.1924685091550005
4558.0,0.18164579775482279
4563.0,0.19926067687559307
4577.0,0.19270962816475987
4585.0,0.20953995106304799
4590.0,0.18737655198412623
4598.0,0.1737403135852738
4605.0,0.16642181305139359
4613.0,0.18072541377122217
4621.0,0.20605553586447345
4629.0,0.19357713171268792
4637.0,0.15034096512636977
4642.0,0.18602649643904284
4649.0,0.18062147805005752
4656.0,0.21436845486611097
4664.0,0.1981289809320741
4672.0,0.16417658488399678
4681.0,0.1736040169244532
4685.0,0.17215981463948044
4689.0,0.18827089920810022
4693.0,0.2050296075942445
4703.0,0.1853651331937939
4709.0,0.19941267791498235
4721.0,0.1906385880890027
4732.0,0.20951059950486506
4743.0,0.19943143553473064
4752.0,0.1664690352681927
4756.0,0.19537621201886934
4761.0,0.20376214296944578
4773.0,0.19982644627676693
4785.0,0.19572977645722361
4793.0,0.15274909319065486
4802.0,0.20410107041430786
4810.0,0.18435643943861607
4819.0,0.21344743808093908
4827.0,0.18034621684668872
4836.0,0.18919383473358864
4842.0,0.2049190322521265
4850.0,0.19044608953302528
4859.0,0.12168191361489451
4865.0,0.17746923935076778
4872.0,0.1926042412693209
4881.0,0.20612744587717072
4892.0,0.18440771290828473
4896.0,0.18619163729455626
4902.0,0.19031833217517463
4910.0,0.19099819916481398
4919.0,0.1664500171863876
4925.0,0.13985783624810366
4933.0,0.18460650533026554
4947.0,0.23012008094274097
4955.0,0.20744101563851142
4959.0,0.20193078012263854
