,6
2.0,0.17922985608613484
7.0,0.16728373957517031
14.0,0.1661881184180739
20.0,0.24037518734795882
27.0,0.19046983702442144
35.0,0.1772406291665059
43.0,0.22915374247340214
52.0,0.1826634794487383
63.0,0.19872442991254605
70.0,0.18800198400138723
74.0,0.22700972710297573
82.0,0.20825449019852435
89.0,0.17639381482600253
94.0,0.19591500403066528
101.0,0.1856761441102221
110.0,0.17388184442248414
117.0,0.19411941063488078
125.0,0.2016746598927406
134.0,0.17527209949637734
143.0,0.16262359628180487
151.0,0.18759339833566066
156.0,0.18450240680530688
163.0,0.17941129857706922
172.0,0.18665616229654064
184.0,0.16413588591568032
192.0,0.17054140940042894
200.0,0.1926697064427593
207.0,0.17934927924495378
218.0,0.1888850889565594
230.0,0.17595823615406114
234.0,0.21249477744901457
240.0,0.1928969946958034
247.0,0.1634459767323383
256.0,0.18919648220961754
265.0,0.18367454427071644
271.0,0.20614637647797093
277.0,0.1929553529812562
285.0,0.16016441609350432
293.0,0.16247480253495253
304.0,0.1975504893873702
311.0,0.17508413360474764
319.0,0.18692147243993357
328.0,0.18690413075824466
336.0,0.17301273441885492
343.0,0.17409674752216775
351.0,0.18837215125328444
360.0,0.19985385282160928
369.0,0.17207874144854904
377.0,0.1751025249775751
386.0,0.1811549382160566
395.0,0.19253374913013688
406.0,0.18751097199716008
417.0,0.1384208621105337
421.0,0.17618567034607577
429.0,0.18100226726992524
436.0,0.17446187085841008
445.0,0.1813472873697125
452.0,0.18724328788718014
456.0,0.1667066133306743
464.0,0.16687202887132116
472.0,0.1770124262290195
480.0,0.20084287335979506
489.0,0.18642358760694516
497.0,0.19168307802411325
504.0,0.21039853178181608
512.0,0.1806374620288576
521.0,0.19105402390204557
528.0,0.17798054144515935
536.0,0.2075409864214204
547.0,0.20230386625420385
556.0,0.18652619639465767
563.0,0.19426405174706848
574.0,0.16454771770537413
580.0,0.16010875523964488
584.0,0.16815289620063775
592.0,0.1853359749622828
599.0,0.1554790355531698
607.0,0.2057923829265235
614.0,0.18729065448414797
619.0,0.19776577725552505
627.0,0.19770247791790987
639.0,0.21899799446192098
647.0,0.1941649840194883
658.0,0.20787508096036508
669.0,0.18670721916019722
676.0,0.1994284539486156
687.0,0.17063949527603386
696.0,0.1987182856914742
703.0,0.1758528772689553
712.0,0.18164101915339362
726.0,0.19922756374993375
734.0,0.19111961544588651
743.0,0.18230720439827336
751.0,0.19422519642548022
760.0,0.17809624099771626
768.0,0.16393569631173738
775.0,0.1734606926983645
787.0,0.17255976508448065
798.0,0.18182271520838494
806.0,0.18621964221419163
814.0,0.19112821576171338
818.0,0.19168948242670783
830.0,0.1907803142786312
837.0,0.17713212590727767
844.0,0.1855023977551405
852.0,0.17603644970862006
860.0,0.17840745087220047
868.0,0.17307522304366726
875.0,0.18817617794085434
884.0,0.19087569113332653
891.0,0.19388674858168728
898.0,0.1910845588362012
906.0,0.17199030189739745
914.0,0.17614506963870794
919.0,0.16665743072269762
930.0,0.17829107805279035
935.0,0.1968604744782317
946.0,0.1813690229446694
951.0,0.18169857244818183
962.0,0.19483827543441243
971.0,0.17385648661638997
978.0,0.16532212573503405
992.0,0.18304619393407606
998.0,0.1755183692481633
1006.0,0.17283250272147324
1013.0,0.18499369010335945
1020.0,0.19035341044441192
1027.0,0.18443694144292508
1035.0,0.20160549786063345
1046.0,0.16452921766805376
1057.0,0.1850809917421512
1063.0,0.1834182864758581
1074.0,0.19929764806682532
1082.0,0.1652307674589305
1092.0,0.19886766322798136
1100.0,0.1849726992871441
1104.0,0.18524406835464818
1113.0,0.1687295672402655
1118.0,0.18524246655233653
1126.0,0.1670514178945442
1134.0,0.17644638473059554
1142.0,0.16199638907850916
1150.0,0.1836229968843103
1158.0,0.18892897096853678
1169.0,0.21358440842646553
1173.0,0.20482097481803138
1184.0,0.17964760147453473
1198.0,0.18008478924070384
1207.0,0.19254446052001747
1217.0,0.20704746041795946
1221.0,0.19263324831814835
1229.0,0.15482424642754058
1233.0,0.18801839641608822
1245.0,0.18368900616667433
1252.0,0.18715404884913617
1263.0,0.2108261257744811
1271.0,0.17297880724914685
1275.0,0.17854100644012993
1284.0,0.19047559218096255
1292.0,0.18130822093216742
1296.0,0.19421489764438918
1304.0,0.18246109036009392
1312.0,0.16227511276938034
1317.0,0.184393954531329
1327.0,0.17063429640368413
1332.0,0.19070034963916976
1343.0,0.18678335956973074
1348.0,0.19100180118248772
1355.0,0.19401801656270493
1359.0,0.20713687934006478
1366.0,0.22398780043979535
1370.0,0.18246515913475453
1377.0,0.18366003885419158
1381.0,0.1825481626892583
1385.0,0.16823830068317816
1393.0,0.18342482067391622
1399.0,0.17537656317629322
1409.0,0.16370116658305897
1420.0,0.16807004826117627
1428.0,0.17598735329126294
1436.0,0.19321533534079047
1444.0,0.15896389390187735
1453.0,0.19425096821077753
1461.0,0.17319633506427926
1475.0,0.16131438228430658
1482.0,0.19581587151639446
1490.0,0.1863004402442824
1494.0,0.20489332611238675
1503.0,0.1866034802371932
1507.0,0.2054644366649436
1516.0,0.18103785810089817
1523.0,0.16630006481443055
1530.0,0.1962402769035196
1541.0,0.16989761901706715
1548.0,0.17802764376837169
1557.0,0.17448937738695494
1569.0,0.17567138446584024
1573.0,0.19450017694549776
1581.0,0.18471452461238044
1586.0,0.16540647608687142
1594.0,0.19417493025155855
1598.0,0.17756967790644837
1607.0,0.1843460841061495
1619.0,0.1900945949529498
1625.0,0.1827589863096017
1634.0,0.15894397124116544
1645.0,0.17363210087901826
1652.0,0.1659775514611046
1663.0,0.1780454376550067
1671.0,0.1947464100490959
1682.0,0.17125430195029528
1690.0,0.19110577678630444
1694.0,0.18590837338953445
1703.0,0.17881477231698445
1712.0,0.18746605591088963
1724.0,0.1736504581573689
1732.0,0.18703931248365216
1738.0,0.1802888533601855
1744.0,0.1903141248003767
1751.0,0.1864593677153465
1759.0,0.16889955152192063
1766.0,0.1688617553334469
1770.0,0.18933706219321783
1781.0,0.16879657028114875
1787.0,0.19829311353833173
1795.0,0.15087916755277658
1799.0,0.18390670358963143
1810.0,0.16714674015559058
1818.0,0.1704969819932944
1832.0,0.16379634607528804
1838.0,0.1579962546448999
1844.0,0.18216966908849125
1851.0,0.18305855298464552
1858.0,0.19163510276423593
1870.0,0.1866418038520363
1878.0,0.18492680067446493
1889.0,0.18346413423596009
1898.0,0.15381599948098357
1907.0,0.18563969575077874
1915.0,0.17958667611733006
1919.0,0.19081390792195066
1928.0,0.18173195555894311
1940.0,0.17631064837307905
1944.0,0.1704012016436416
1955.0,0.1747225267846511
1961.0,0.19914464585434713
1968.0,0.1946541400589114
1978.0,0.18996047118871545
1987.0,0.16995556521455427
1992.0,0.18224555689774666
2000.0,0.19292565668716577
2011.0,0.1765754608118244
2018.0,0.17071212771464414
2026.0,0.1772094286946196
2030.0,0.17062760387347004
2034.0,0.1770571462042517
2042.0,0.19455842135157805
2047.0,0.20401034179275965
2056.0,0.20614055662821043
2060.0,0.16781919487844857
2069.0,0.19030948095141517
2076.0,0.17543847082068315
2082.0,0.17670610498120976
2091.0,0.1633776346031907
2102.0,0.17222940754740337
2109.0,0.19357063524665294
2120.0,0.17546459348919685
2131.0,0.18070486971852548
2142.0,0.17877282041630213
2151.0,0.150370500762206
2155.0,0.17162528592813142
2162.0,0.1931636194146867
2168.0,0.17929304558828218
2180.0,0.1960704108584151
2188.0,0.1834182399576714
2194.0,0.19252094867220937
2200.0,0.1797057643937742
2207.0,0.18451275043547907
2214.0,0.16984340240648838
2223.0,0.18542762017262757
2227.0,0.1960263255762896
2238.0,0.16552036970138745
2245.0,0.18782397886724173
2253.0,0.18227130980763914
2257.0,0.18200360333332077
2269.0,0.1700513591316792
2280.0,0.16790784365114625
2294.0,0.17243805625976333
2300.0,0.16955324654359966
2304.0,0.1589936588905772
2311.0,0.1905605384389909
2318.0,0.1964966272593425
2327.0,0.18977081801837295
2335.0,0.17115429890870115
2347.0,0.16771385492530402
2355.0,0.1723227487989454
2366.0,0.17502093475910355
2374.0,0.1736799694032488
2383.0,0.18319734567457086
2392.0,0.19264192859322735
2404.0,0.18093204443953037
2408.0,0.18094689534259983
2419.0,0.17659785569389821
2425.0,0.22739705621604012
2432.0,0.18112693888168793
2441.0,0.20363500025347983
2448.0,0.16424813104651664
2453.0,0.1939047233763375
2461.0,0.17599879037691205
2467.0,0.1882473067137018
2474.0,0.16785039098053062
2481.0,0.20927469169190183
2485.0,0.17337060262563178
2489.0,0.1885909588832422
2497.0,0.19397134530081306
2503.0,0.19624247469033818
2512.0,0.19225005420677788
2516.0,0.15185160351820357
2521.0,0.16226072655897136
2528.0,0.19483353047760052
2534.0,0.17632992999377203
2541.0,0.17403653780368206
2552.0,0.18155259740387683
2559.0,0.1877980072382776
2570.0,0.17445530185103336
2577.0,0.1787525482692227
2588.0,0.18669894205280915
2596.0,0.19156914572359618
2600.0,0.19078273613447866
2608.0,0.17418634870994498
2617.0,0.18666208775673732
2629.0,0.16483584149472108
2638.0,0.17749054506891795
2644.0,0.17956670392272137
2650.0,0.17282721587569963
2657.0,0.15397835941021057
2663.0,0.1467498751943741
2668.0,0.17365108559231754
2672.0,0.18470891511841378
2683.0,0.18007281018671042
2689.0,0.20800637513909
2697.0,0.16618677282234898
2701.0,0.17921894017075413
2710.0,0.1908648526981776
2718.0,0.16852161334849575
2732.0,0.1719642879281017
2738.0,0.17538271889122958
2743.0,0.17812746874736585
2750.0,0.16579653990785428
2757.0,0.16755181355506163
2762.0,0.1640512424080017
2770.0,0.1828829621839676
2782.0,0.19411050612517458
2790.0,0.1853060122404958
2798.0,0.18967977811433676
2806.0,0.16877224148492562
2817.0,0.1843917880035801
2826.0,0.1713182469757402
2840.0,0.16355087014580882
2844.0,0.18797179652143614
2855.0,0.1787129076874889
2861.0,0.1739016436466142
2868.0,0.18300788435209217
2876.0,0.18507851891586724
2885.0,0.1798547651871663
2889.0,0.1876839592488346
2901.0,0.17931889887719293
2907.0,0.18226070963346788
2915.0,0.17546756008048842
2926.0,0.1930609200990517
2934.0,0.20981941165955215
2941.0,0.18514991340805204
2946.0,0.17850996801168822
2951.0,0.17422210154619922
2961.0,0.18591319317111327
2966.0,0.17636601022596307
2977.0,0.17995160092819332
2981.0,0.1851477745422634
2991.0,0.1784960125359061
2996.0,0.19449885339562
3004.0,0.18912366957904225
3008.0,0.17639501685778436
3016.0,0.18809952162911764
3025.0,0.18308182776418633
3035.0,0.18815096821583402
3041.0,0.17597491277598054
3050.0,0.1795569913268337
3058.0,0.20055104671826984
3065.0,0.17841433415023414
3069.0,0.17390307220023535
3074.0,0.1688429645091226
3082.0,0.1922521820875559
3090.0,0.1828771060981122
3095.0,0.17134511512005243
3102.0,0.19175260068728003
3110.0,0.20657799412635905
3122.0,0.20235781298813835
3129.0,0.18468488990152407
3141.0,0.1778240164474487
3148.0,0.17260933594282216
3157.0,0.2080373994731489
3165.0,0.15179835785374668
3176.0,0.17535971233176367
3187.0,0.15493354705158854
3195.0,0.17751074371651798
3201.0,0.17138498495218665
3210.0,0.19664113264883246
3218.0,0.18505554369368546
3226.0,0.16415057315127485
3234.0,0.2031407420377257
3243.0,0.18103131020677984
3247.0,0.18484544824472504
3255.0,0.18111873979290186
3264.0,0.19846189312925366
3273.0,0.1963569994687263
3281.0,0.1836848589707744
3293.0,0.19231114899714868
3297.0,0.19171898839325316
3302.0,0.18507165271825676
3308.0,0.18896539259396933
3315.0,0.14744425146237775
3323.0,0.19693181499255505
3330.0,0.20198255396330286
3337.0,0.20623345487393524
3344.0,0.1945671633360917
3352.0,0.1595375948146536
3356.0,0.17487577605051985
3363.0,0.16752563196204331
3370.0,0.1891235926250789
3377.0,0.1995264281303284
3384.0,0.21830180456581588
3393.0,0.18900932298376444
3401.0,0.19777108362942827
3407.0,0.19206217964165284
3416.0,0.19405127408492806
3425.0,0.19453369256094427
3433.0,0.1765125587551727
3441.0,0.18527592960402797
3448.0,0.18797838161718758
3459.0,0.17775724983655972
3467.0,0.1891996886180236
3471.0,0.1712676360038678
3479.0,0.1691155669527338
3484.0,0.1927560199668656
3493.0,0.19880350927942925
3501.0,0.21213484808940408
3512.0,0.19333626753929575
3516.0,0.17851390136506154
3525.0,0.17940394418693884
3533.0,0.16638945692690568
3544.0,0.16853524787657845
3555.0,0.1774331833736148
3566.0,0.17317017073093594
3575.0,0.1814063394631403
3583.0,0.19451662121660263
3594.0,0.1793838260055291
3605.0,0.17262026465695224
3613.0,0.1942331948009268
3627.0,0.1763528039534466
3638.0,0.15948731740689095
3645.0,0.1732992093650239
3652.0,0.1840975009932651
3659.0,0.17784285537087957
3666.0,0.19390744385907627
3677.0,0.18902880952689774
3685.0,0.17485568569191814
3694.0,0.19006422049279725
3701.0,0.19826834662498435
3709.0,0.17595610971141817
3713.0,0.19212251378616185
3720.0,0.18206174058179356
3728.0,0.1743869131537077
3736.0,0.16390758524619184
3743.0,0.19262409269100075
3748.0,0.17195595495760896
3755.0,0.19779782747369476
3766.0,0.1691054779199601
3780.0,0.1611093513962854
3787.0,0.18686015013788435
3796.0,0.19013849505631353
3804.0,0.20783427061828913
3811.0,0.1971762874276059
3820.0,0.20248319410072294
3829.0,0.17456456472799867
3837.0,0.18635942084663495
3845.0,0.17258730198050914
3850.0,0.18336047695817145
3857.0,0.1801264840271644
3869.0,0.1815902883581661
3878.0,0.19749110060425779
3883.0,0.20040057471450254
3890.0,0.1446057599046466
3899.0,0.16923722370974378
3908.0,0.17119090764610664
3917.0,0.16269336925834033
3926.0,0.18154758430520296
3931.0,0.18648121859694233
3938.0,0.18158323024106632
3949.0,0.16828496381987512
3960.0,0.18558968772359827
3965.0,0.1462600976193304
3969.0,0.19657358489297969
3977.0,0.18631462847333227
3986.0,0.17441750273069662
3998.0,0.19593137448932874
4012.0,0.19553002304046133
4020.0,0.19032948101344424
4032.0,0.19295383778888517
4038.0,0.18906645845018405
4043.0,0.1880828300289613
4049.0,0.19225033677368145
4056.0,0.18877780406551303
4064.0,0.18339386939168809
4073.0,0.20636761574071577
4084.0,0.18872063721185633
4088.0,0.1857213573039915
4100.0,0.1850469165145166
4107.0,0.18725392341546748
4116.0,0.18049206577321233
4123.0,0.16912412009998135
4131.0,0.17859150692980585
4138.0,0.17497152723870504
4144.0,0.1983886397293315
4152.0,0.1812639660111047
4156.0,0.19125630935997256
4164.0,0.18117005687387763
4171.0,0.18213259490531286
4178.0,0.1648729477657904
4186.0,0.1866167847842115
4193.0,0.18451073079848443
4202.0,0.2034047145281102
4213.0,0.19599814602820312
4220.0,0.18352048190414447
4228.0,0.1852195416836952
4233.0,0.167357320071162
4238.0,0.17288156268503052
4249.0,0.19048718194191566
4257.0,0.16986469530152978
4271.0,0.18047753737022434
4277.0,0.17394788118791996
4286.0,0.1766239091546212
4294.0,0.2118846380744029
4303.0,0.16660173891793428
4312.0,0.18586969664966665
4319.0,0.169562804708943
4331.0,0.16482655845422123
4339.0,0.1849053505513314
4350.0,0.20434117921118117
4355.0,0.17922955278409264
4359.0,0.17213484159140438
4367.0,0.18911474589737792
4376.0,0.17965414987958317
4387.0,0.18377398407153775
4401.0,0.18291131181775164
4412.0,0.1734266402468436
4424.0,0.19582236479649454
4432.0,0.19422250575467212
4441.0,0.19408743422876432
4448.0,0.2024656914454634
4457.0,0.18525866191953588
4466.0,0.16275145713386446
4475.0,0.2022921727852817
4483.0,0.1818697223639252
4491.0,0.20267525168293046
4498.0,0.15355026982905567
4502.0,0.18292331488451186
4513.0,0.18554365847066873
4520.0,0.19357843107376108
4529.0,0.16229074661960202
4537.0,0.19319661930673654
4545.0,0.19008710404212378
4550.0,0.19373436786992562
4558.0,0.1709280391007158
4563.0,0.18534641806144736
4577.0,0.20702217186637645
4585.0,0.15823387131818464
4590.0,0.19417665810304455
4598.0,0.17127491661802466
4605.0,0.191799115760223
4613.0,0.18440422704366913
4621.0,0.17984989811130478
4629.0,0.1886977083094977
4637.0,0.20168051933057235
4642.0,0.17071776666347488
4649.0,0.1797943807263225
4656.0,0.18113066751218698
4664.0,0.19246026053685059
4672.0,0.1957823625022741
4681.0,0.14554667079599093
4685.0,0.2012713824991429
4689.0,0.19068931849179918
4693.0,0.18335137712706365
4703.0,0.16768247584679158
4709.0,0.17145406329379717
4721.0,0.17732838662897565
4732.0,0.20473440007021804
4743.0,0.14079676009282197
4752.0,0.1599843278541468
4756.0,0.19700645512373194
4761.0,0.1931126307044888
4773.0,0.19387220069227928
4785.0,0.17435602568973654
4793.0,0.16981756699869535
4802.0,0.1772066405755238
4810.0,0.1646436540577817
4819.0,0.20137438425550216
4827.0,0.18423669572059148
4836.0,0.20541232284042188
4842.0,0.18224684124929888
4850.0,0.17825203938375658
4859.0,0.20008430475932884
4865.0,0.15929903608144286
4872.0,0.18638447209872103
4881.0,0.18072575319115042
4892.0,0.13759063201523833
4896.0,0.1637518831954519
4902.0,0.1786002280071828
4910.0,0.19418353788079104
4919.0,0.17177898514878095
4925.0,0.1848211966154336
4933.0,0.18585249958728703
4947.0,0.19774945905428387
4955.0,0.18833080923471604
4959.0,0.18929622162376525
