,3
2.0,0.2493441967613391
7.0,0.20730647760090934
14.0,0.18421930619337132
20.0,0.17005514742029182
27.0,0.23885518940897074
35.0,0.22518883961836395
43.0,0.17151303220764377
52.0,0.21294301215592784
63.0,0.18691045248053395
70.0,0.17620594721213867
74.0,0.23645948458299954
82.0,0.20705931012200918
89.0,0.22008331727085684
94.0,0.19262645548409807
101.0,0.1659687852155374
110.0,0.1497696201355222
117.0,0.21283804491256672
125.0,0.221965782034519
134.0,0.20745461516414798
143.0,0.19663810452330732
151.0,0.21097216826790074
156.0,0.23243143640066813
163.0,0.22411808492373025
172.0,0.1976984602148345
184.0,0.28057435937037184
192.0,0.2275577910555526
200.0,0.23066435842907618
207.0,0.2266277205010462
218.0,0.17532669376618915
230.0,0.24285375611232154
234.0,0.22500237252530658
240.0,0.21137174671918313
247.0,0.2525601948953415
256.0,0.2079219490313949
265.0,0.17491896904579235
271.0,0.21192790203370845
277.0,0.19742309332332825
285.0,0.23376109932232683
293.0,0.2142537482447543
304.0,0.21395224739685254
311.0,0.2019878159028765
319.0,0.22419671042015815
328.0,0.2166283653287205
336.0,0.21166303123648375
343.0,0.22251110055300186
351.0,0.2054632577819783
360.0,0.234323873474508
369.0,0.16511769193686845
377.0,0.17879966368150846
386.0,0.2171629924380903
395.0,0.21250102341557298
406.0,0.20244966140340356
417.0,0.21115509793240433
421.0,0.1682138105019394
429.0,0.20438686606607206
436.0,0.2252936407831666
445.0,0.17456542187285412
452.0,0.1754262806899641
456.0,0.24436269304151123
464.0,0.22813395188651314
472.0,0.18439756556985107
480.0,0.19445877483061091
489.0,0.23262433133052837
497.0,0.19170015095021806
504.0,0.21559289263158768
512.0,0.21698404467796423
521.0,0.24259200453831295
528.0,0.20183255040312353
536.0,0.2460956295589337
547.0,0.2648232909205294
556.0,0.20701873327244055
563.0,0.21006420444805393
574.0,0.1908824401759118
580.0,0.18334156477106484
584.0,0.22468715610594706
592.0,0.24884994167684463
599.0,0.22117715209305652
607.0,0.21276077452566633
614.0,0.22812787997493333
619.0,0.21475726820002786
627.0,0.2072197639308335
639.0,0.20998299315850455
647.0,0.21264414739559764
658.0,0.15461038727520982
669.0,0.17706519301079007
676.0,0.21444725594817013
687.0,0.23304439382493677
696.0,0.25596007951200705
703.0,0.1713388542752005
712.0,0.2186163286930969
726.0,0.22797084702890547
734.0,0.21855161716414379
743.0,0.22977884715106686
751.0,0.1306568789518278
760.0,0.2076690963793209
768.0,0.21814250601292332
775.0,0.15168970057605435
787.0,0.21130090489990955
798.0,0.17172043016545907
806.0,0.23317782113136107
814.0,0.18111432195188434
818.0,0.22455973704532464
830.0,0.23558227994866457
837.0,0.22992690728150403
844.0,0.24208178122629992
852.0,0.1655128995057317
860.0,0.1888765204070965
868.0,0.2548579784430994
875.0,0.20876470980169043
884.0,0.21533581795486065
891.0,0.19081361200418445
898.0,0.2073331019588227
906.0,0.17162910273379947
914.0,0.1801671468710901
919.0,0.17538913787224056
930.0,0.19245306770504475
935.0,0.23919289732830307
946.0,0.24514495825893778
951.0,0.2214787671513718
962.0,0.1990581500077304
971.0,0.1941539332639047
978.0,0.18838290516087025
992.0,0.16760193996443817
998.0,0.20975019372872278
1006.0,0.23106044766712788
1013.0,0.2791731729848944
1020.0,0.2140032187594443
1027.0,0.16375248300238346
1035.0,0.13580116383349428
1046.0,0.21166246787957796
1057.0,0.2371881133026093
1063.0,0.20298954260228472
1074.0,0.22925161230456975
1082.0,0.23551395281274895
1092.0,0.20090747942844878
1100.0,0.22382555037851423
1104.0,0.24218978442676753
1113.0,0.23321167126823425
1118.0,0.23833646956484542
1126.0,0.26328433232746923
1134.0,0.2309641323356797
1142.0,0.19680835207202518
1150.0,0.24697009127202843
1158.0,0.20386502978521825
1169.0,0.15705165079408578
1173.0,0.24334020895885325
1184.0,0.1749231070543421
1198.0,0.19658615159678505
1207.0,0.22088542977216538
1217.0,0.22025242284438068
1221.0,0.1921959604388343
1229.0,0.2018920598232792
1233.0,0.17780734116331162
1245.0,0.24706111475977252
1252.0,0.2115085466806675
1263.0,0.175329100900727
1271.0,0.2202902009823626
1275.0,0.18705964572779046
1284.0,0.21601736646040606
1292.0,0.23823325203387222
1296.0,0.23910756475981404
1304.0,0.21023880513681756
1312.0,0.17225391400068724
1317.0,0.16096417224811263
1327.0,0.2470403979886331
1332.0,0.2637272059301096
1343.0,0.22813981495782812
1348.0,0.22419391734497812
1355.0,0.13283240084720246
1359.0,0.2650614830620367
1366.0,0.2268752573287048
1370.0,0.16713632555666594
1377.0,0.2473857046633572
1381.0,0.22869843336281367
1385.0,0.23875401148817965
1393.0,0.1847260645671056
1399.0,0.17947595781042994
1409.0,0.28901961449412794
1420.0,0.08031935479422718
1428.0,0.20700987545463229
1436.0,0.25678789515563977
1444.0,0.23606656922715824
1453.0,0.2216463817617731
1461.0,0.2294666605235416
1475.0,0.24071753156916148
1482.0,0.22898762876341436
1490.0,0.2016967699273449
1494.0,0.20645491201628097
1503.0,0.21514906713937665
1507.0,0.1805273700788807
1516.0,0.22771667991259126
1523.0,0.19445873582903042
1530.0,0.166029982844397
1541.0,0.22432477812528145
1548.0,0.17462446857194064
1557.0,0.2106570717584463
1569.0,0.1886637382288943
1573.0,0.2258443908946932
1581.0,0.21151517827266533
1586.0,0.19567460583044194
1594.0,0.2656224864055783
1598.0,0.21771461135583633
1607.0,0.18034422632051003
1619.0,0.22006475953492924
1625.0,0.21797655062261037
1634.0,0.2112681878232839
1645.0,0.18461396896244905
1652.0,0.21912150368984307
1663.0,0.23323745063921245
1671.0,0.18531959921169586
1682.0,0.2248345527706354
1690.0,0.2068837919085287
1694.0,0.21375472613358582
1703.0,0.18095659425999722
1712.0,0.24155950281158162
1724.0,0.26819738294384726
1732.0,0.2369568358868819
1738.0,0.22046287684398064
1744.0,0.19462417519387334
1751.0,0.2068892209200537
1759.0,0.19294939618335727
1766.0,0.2266286020469734
1770.0,0.18242660569389266
1781.0,0.22782991344315215
1787.0,0.1914472819034536
1795.0,0.22604552950385873
1799.0,0.22067061159332005
1810.0,0.1733416719976088
1818.0,0.16649762680748945
1832.0,0.2253433699777839
1838.0,0.2233321548299999
1844.0,0.21084385724281637
1851.0,0.21826700773167168
1858.0,0.21399943406585037
1870.0,0.2178145815198611
1878.0,0.18483921838077358
1889.0,0.20729911566684162
1898.0,0.18868239832558195
1907.0,0.19233110431429953
1915.0,0.18399941585252858
1919.0,0.1815260421051547
1928.0,0.22005864377588827
1940.0,0.07668432879500456
1944.0,0.20151341265601677
1955.0,0.20299338995546595
1961.0,0.21647844478629402
1968.0,0.24458435962792588
1978.0,0.2094615376776973
1987.0,0.24790446907627867
1992.0,0.21811424833653784
2000.0,0.20695056304304352
2011.0,0.16869586922064003
2018.0,0.25150424652647835
2026.0,0.24681467013024633
2030.0,0.24765274335948198
2034.0,0.21216116734216264
2042.0,0.26121783381250874
2047.0,0.21927895578534082
2056.0,0.2406357091516097
2060.0,0.2161576597708908
2069.0,0.17633270921936894
2076.0,0.20610471805250072
2082.0,0.16584600698365404
2091.0,0.2589633657733563
2102.0,0.22939465740724077
2109.0,0.23077512721584897
2120.0,0.23162879296913458
2131.0,0.23015022162656013
2142.0,0.21339027393180793
2151.0,0.20643306179488916
2155.0,0.20966236515131856
2162.0,0.21370152711056065
2168.0,0.20875582502015222
2180.0,0.24667343523744548
2188.0,0.22173338655998817
2194.0,0.22778164752432023
2200.0,0.20846733257754838
2207.0,0.23817678849816717
2214.0,0.1851929711599672
2223.0,0.22727451062559195
2227.0,0.18052475515183536
2238.0,0.23455674618965944
2245.0,0.23483513848470222
2253.0,0.2292272318037845
2257.0,0.2238077848286225
2269.0,0.20654584101314144
2280.0,0.2289958924858828
2294.0,0.22285554397707336
2300.0,0.21819239685855982
2304.0,0.218210658279798
2311.0,0.16548410768336327
2318.0,0.23071966072077815
2327.0,0.22167481086989194
2335.0,0.22288443314993028
2347.0,0.17038357990573572
2355.0,0.19395384133202068
2366.0,0.17579407055622567
2374.0,0.21852420601716677
2383.0,0.17899693783496556
2392.0,0.16187044457873145
2404.0,0.21154033601745914
2408.0,0.25654107656632086
2419.0,0.20967152144414092
2425.0,0.2447039449906592
2432.0,0.18087662703323723
2441.0,0.2159494687505913
2448.0,0.2704903284957252
2453.0,0.20001160055224965
2461.0,0.20108123393051244
2467.0,0.22124436963751687
2474.0,0.25744704099414983
2481.0,0.21212753045832405
2485.0,0.25752840348372624
2489.0,0.20720286537190824
2497.0,0.22634711926791343
2503.0,0.22576035036645797
2512.0,0.18725489241981785
2516.0,0.25213532393683075
2521.0,0.2020850637864097
2528.0,0.22390010451679446
2534.0,0.18254897713789683
2541.0,0.27482976505975953
2552.0,0.17825736321771157
2559.0,0.1700365070137723
2570.0,0.18769515434356532
2577.0,0.2304573506558899
2588.0,0.2323287303680428
2596.0,0.19644841190907963
2600.0,0.2425047615088689
2608.0,0.1959169529256184
2617.0,0.18172868389275873
2629.0,0.16259568454659457
2638.0,0.22559508872754924
2644.0,0.17768417707663314
2650.0,0.11131935581466913
2657.0,0.2483756209565674
2663.0,0.1879904562549251
2668.0,0.2046262684666266
2672.0,0.2054897418415208
2683.0,0.22015397779760018
2689.0,0.2175549499995944
2697.0,0.20332478568977064
2701.0,0.21781482973848817
2710.0,0.1714757138979496
2718.0,0.2101063946205794
2732.0,0.20775603160001657
2738.0,0.2020010549592984
2743.0,0.23534825293252215
2750.0,0.15384362864210582
2757.0,0.25162382837469394
2762.0,0.22093475688410016
2770.0,0.12782491911747387
2782.0,0.2101006572330084
2790.0,0.18871037639667548
2798.0,0.2113512279014288
2806.0,0.20660833365342843
2817.0,0.20177726036614868
2826.0,0.1899115973959523
2840.0,0.15645782303197042
2844.0,0.18030445439456255
2855.0,0.2157977611024799
2861.0,0.2137049654242126
2868.0,0.2089274388184392
2876.0,0.21829044604370845
2885.0,0.2335559877460093
2889.0,0.1999299507472663
2901.0,0.1790003319976335
2907.0,0.21838407742961513
2915.0,0.22216035389374117
2926.0,0.16090970599000495
2934.0,0.22462844347494004
2941.0,0.1919617325385456
2946.0,0.22177369175447134
2951.0,0.11623962893027259
2961.0,0.23264412555016192
2966.0,0.21233530424012748
2977.0,0.21395459108287954
2981.0,0.22286661799322458
2991.0,0.25478763640716007
2996.0,0.18450857641375637
3004.0,0.1724011722786756
3008.0,0.2511646030588967
3016.0,0.18579106598890552
3025.0,0.16783241446139327
3035.0,0.2225486311776881
3041.0,0.20220603750461527
3050.0,0.23535042681260515
3058.0,0.23557420144700797
3065.0,0.20892231241721018
3069.0,0.19136350203077385
3074.0,0.12675376484506104
3082.0,0.21200389867440866
3090.0,0.22420751226522695
3095.0,0.2323358952156249
3102.0,0.22930789047480266
3110.0,0.19409470296214523
3122.0,0.23510041102492152
3129.0,0.20500080843643229
3141.0,0.23483502103377812
3148.0,0.19878424695524816
3157.0,0.17231747573678427
3165.0,0.17241739836512687
3176.0,0.2130784246823035
3187.0,0.2505957015080336
3195.0,0.22001287660414237
3201.0,0.17541611280718764
3210.0,0.21512361340392366
3218.0,0.19325612435472653
3226.0,0.21468815095168137
3234.0,0.1830557397485408
3243.0,0.1895299494659219
3247.0,0.2121163414443064
3255.0,0.23112960234162525
3264.0,0.22198108974954855
3273.0,0.18405936964150918
3281.0,0.21052362331772204
3293.0,0.2098293026817557
3297.0,0.20538697527745833
3302.0,0.2573073229408766
3308.0,0.2591897488138521
3315.0,0.19000637564435913
3323.0,0.1825191902471319
3330.0,0.1985453713333061
3337.0,0.20650535911983312
3344.0,0.2373611693199241
3352.0,0.23580001819976806
3356.0,0.24049330022061238
3363.0,0.20803235287544705
3370.0,0.22370198646774836
3377.0,0.22565920317735302
3384.0,0.19427355313683572
3393.0,0.1644754774142999
3401.0,0.20675061014261262
3407.0,0.21093472281187048
3416.0,0.24360102716839876
3425.0,0.18524796630848367
3433.0,0.21446550952936383
3441.0,0.2193792596423342
3448.0,0.18113052107602814
3459.0,0.17023508639274257
3467.0,0.18083072489555418
3471.0,0.20233411003925178
3479.0,0.18442162589911115
3484.0,0.1566798215874408
3493.0,0.22240864489834736
3501.0,0.22588036060609668
3512.0,0.1596835873461042
3516.0,0.21096439833050498
3525.0,0.20421981122002347
3533.0,0.19780180273436693
3544.0,0.2053264972192113
3555.0,0.2353602540190018
3566.0,0.17233939397893808
3575.0,0.19167294150691888
3583.0,0.13291891885371646
3594.0,0.17713025640016478
3605.0,0.23750672927567426
3613.0,0.17797523354797054
3627.0,0.1877816764832742
3638.0,0.18081397507443528
3645.0,0.2199305799071024
3652.0,0.21942790933889206
3659.0,0.2567045872894014
3666.0,0.16895521934815544
3677.0,0.13298616217810028
3685.0,0.27009076437545715
3694.0,0.25059126348725147
3701.0,0.18530679620574902
3709.0,0.19033379507665596
3713.0,0.17134838731521895
3720.0,0.17038376417184134
3728.0,0.2090474931718975
3736.0,0.21363233506914303
3743.0,0.24361819035888405
3748.0,0.21622806291181365
3755.0,0.170870190597762
3766.0,0.24446250292496388
3780.0,0.2243516119952082
3787.0,0.19675736503363486
3796.0,0.15533373460328145
3804.0,0.21743268469952953
3811.0,0.2304164613133775
3820.0,0.15792305882581642
3829.0,0.23029417641868152
3837.0,0.1679960277233088
3845.0,0.2636212211730559
3850.0,0.17818496486324917
3857.0,0.1545258949726859
3869.0,0.23018381397258292
3878.0,0.22405943813043128
3883.0,0.19330595347134244
3890.0,0.1732853596450204
3899.0,0.20161897633856857
3908.0,0.2368751374199085
3917.0,0.22648270933349224
3926.0,0.16522468813685634
3931.0,0.17002912363038222
3938.0,0.17305071989019596
3949.0,0.17576101731368443
3960.0,0.14041650268023856
3965.0,0.2593208251128928
3969.0,0.18338236426097382
3977.0,0.19493282200801929
3986.0,0.24914991665936526
3998.0,0.18292226006496407
4012.0,0.23234883983527094
4020.0,0.23801127166783342
4032.0,0.19058737993652988
4038.0,0.22313577582925642
4043.0,0.21623975031714066
4049.0,0.15965690743793753
4056.0,0.190488210393611
4064.0,0.22043975099810406
4073.0,0.14373077882031696
4084.0,0.23247539209962717
4088.0,0.2461875599127204
4100.0,0.24385798936826703
4107.0,0.2573699780595262
4116.0,0.2105477907126718
4123.0,0.1932040712014055
4131.0,0.21480488775826467
4138.0,0.20219759501871112
4144.0,0.1959545479663673
4152.0,0.15040939885352972
4156.0,0.22345658981208774
4164.0,0.236889878117283
4171.0,0.25548471921551386
4178.0,0.1902445131250385
4186.0,0.22567133731513192
4193.0,0.17525196110109478
4202.0,0.1652845983039148
4213.0,0.22715002429080722
4220.0,0.09317349230771071
4228.0,0.174119527006849
4233.0,0.13895219514214888
4238.0,0.20570953987252122
4249.0,0.18531211286356544
4257.0,0.24040268431541434
4271.0,0.2384075619883143
4277.0,0.18994109662877495
4286.0,0.2118491041043399
4294.0,0.20954759888663874
4303.0,0.18750085784273704
4312.0,0.20358102451228485
4319.0,0.13888269164322667
4331.0,0.1445188645556125
4339.0,0.24640151775750638
4350.0,0.19714798528264696
4355.0,0.1865011998251463
4359.0,0.21397997110544192
4367.0,0.15924303477275345
4376.0,0.20746972603116018
4387.0,0.16553722335028612
4401.0,0.1425375926128316
4412.0,0.16081804487638968
4424.0,0.20815017642908762
4432.0,0.22505322537472394
4441.0,0.24271586138944803
4448.0,0.18465985919804415
4457.0,0.22074352014800572
4466.0,0.1781554503402062
4475.0,0.2309221422234769
4483.0,0.24337435915307756
4491.0,0.22307246073825798
4498.0,0.27972196509818786
4502.0,0.21604779338808766
4513.0,0.238073718969752
4520.0,0.188034167724961
4529.0,0.22091195720306223
4537.0,0.19229774132954647
4545.0,0.19751569093205973
4550.0,0.2228816383930341
4558.0,0.2090826236801365
4563.0,0.23787398889112518
4577.0,0.23481208788203717
4585.0,0.1927750610963331
4590.0,0.24426359088129376
4598.0,0.22695881202870707
4605.0,0.1748507167924162
4613.0,0.20475439693016603
4621.0,0.21020195907126865
4629.0,0.18684755290043578
4637.0,0.13645017183429312
4642.0,0.20757275328296126
4649.0,0.20097656084395504
4656.0,0.1659926539849279
4664.0,0.22359553844246094
4672.0,0.20493410639717616
4681.0,0.22693900019216132
4685.0,0.2183106969109903
4689.0,0.21679407115309315
4693.0,0.2176867010578718
4703.0,0.1735289875010079
4709.0,0.16658500943603713
4721.0,0.1721534498253802
4732.0,0.18180173870763336
4743.0,0.24176640437455976
4752.0,0.18836119515341232
4756.0,0.25286050129390786
4761.0,0.2547604282027537
4773.0,0.21442234897606174
4785.0,0.2590451124147191
4793.0,0.12989405327422557
4802.0,0.2505705586663059
4810.0,0.14595393011518681
4819.0,0.16564678652406487
4827.0,0.2026925679189004
4836.0,0.2191831268964931
4842.0,0.19010766337197654
4850.0,0.22386937210377503
4859.0,0.13913600088818703
4865.0,0.16896432466184239
4872.0,0.1876230929182118
4881.0,0.131020538058239
4892.0,0.17454584891982658
4896.0,0.19392712885466298
4902.0,0.23022914668832262
4910.0,0.15013003151332635
4919.0,0.20691796557025527
4925.0,0.15360087825570717
4933.0,0.20904122086580687
4947.0,0.2258167295063062
4955.0,0.241960838712322
4959.0,0.15281175506806066
