,3
9925.0,0.18623809514280273
9931.0,0.195229559431859
9937.0,0.19516790790904773
9943.0,0.19956915304506131
9949.0,0.16737481662006712
9956.0,0.22200279307074888
9963.0,0.17490812990953566
9973.0,0.19800881141196994
9980.0,0.21852667671398932
9989.0,0.18554060680259388
9998.0,0.18018721687311934
10003.0,0.19108903875099453
10014.0,0.18458483660465203
10020.0,0.20277193208309002
10028.0,0.2682695426210086
10033.0,0.22132890677947942
10041.0,0.09976667245145447
10048.0,0.27882885695308157
10055.0,0.16572909480023276
10063.0,0.16183437725261987
10074.0,0.1777904180391676
10079.0,0.22529079942928407
10088.0,0.22888373994918879
10093.0,0.19837999230569822
10100.0,0.21544165427702164
10106.0,0.2177388364880025
10115.0,0.19279334522674382
10124.0,0.12598666348610335
10133.0,0.24187903427640692
10140.0,0.22950328187908042
10148.0,0.20188812538500556
10154.0,0.044331348191449765
10158.0,0.19445192833553218
10166.0,0.16028612425770078
10174.0,0.22069159984775857
10182.0,0.21162811087706968
10194.0,0.21834358255060937
10198.0,0.19378421420703246
10206.0,0.18318788382537493
10213.0,0.16865751194185824
10221.0,0.2089157004316103
10230.0,0.23061885375582616
10241.0,0.23612199477170098
10249.0,0.22042411856728492
10258.0,0.1849329966505748
10270.0,0.19626244572561238
10279.0,0.23015076170405457
10287.0,0.17971391041313747
10296.0,0.15596552445137613
10305.0,0.22252698760903292
10313.0,0.23055364293591818
10322.0,0.19916387506891875
10330.0,0.19619367410405086
10341.0,0.19547479431489603
10350.0,0.19305607020207197
10354.0,0.2369598371724335
10361.0,0.2304858370807807
10370.0,0.2335671908291689
10379.0,0.1743712495487615
10387.0,0.22772121258021902
10395.0,0.28303788828221876
10404.0,0.1922420763431614
10415.0,0.20274631853915714
10423.0,0.24040726549022415
10435.0,0.20344721945909008
10442.0,0.21256225808307977
10447.0,0.2188094973743846
10454.0,0.17019922616063302
10460.0,0.17913518726440641
10466.0,0.14800601336859032
10471.0,0.17833951995721792
10478.0,0.18485041353237405
10484.0,0.21815055235093872
10488.0,0.22925478778120187
10495.0,0.14952026660469755
10501.0,0.25887474110430575
10509.0,0.23502556059012455
10517.0,0.2197282141194192
10524.0,0.2004421065801813
10528.0,0.1260948249880482
10532.0,0.19918062931187275
10541.0,0.18883378270924997
10550.0,0.17075713581806476
10559.0,0.16170418302616585
10571.0,0.20607013482196762
10579.0,0.15336870944402645
10587.0,0.23527892770499303
10592.0,0.212262989342384
10596.0,0.20972742743573922
10605.0,0.20381206049185818
10610.0,0.18437718105366258
10619.0,0.25381528368348494
10623.0,0.21641153413042385
10631.0,0.17532444433521752
10635.0,0.26022401640221965
10644.0,0.1910955712571306
10652.0,0.20477837346901862
10662.0,0.2408423410234726
10670.0,0.17953319320037336
10677.0,0.2019924025244597
10685.0,0.18170823029963518
10691.0,0.1731849272485418
10699.0,0.20900713727026804
10710.0,0.1410685906484793
10718.0,0.18883492503049318
10725.0,0.2082633694881356
10732.0,0.18135505546735106
10746.0,0.21371362849978354
10754.0,0.2121994530423783
10761.0,0.2174492249549241
10769.0,0.1915250924204854
10775.0,0.21446315333731147
10782.0,0.19215655560794964
10789.0,0.16896190935602962
10798.0,0.2539854324775136
10807.0,0.19926007388574377
10816.0,0.19798153306506378
10822.0,0.18378320605399864
10830.0,0.169095460311637
10838.0,0.1854118466734778
10848.0,0.17987833433379874
10859.0,0.22995525948606113
10871.0,0.18894749655518556
10880.0,0.22028267431276644
10888.0,0.16204526698684676
10892.0,0.18183564539502842
10898.0,0.1942844141009221
10907.0,0.25348646338271197
10913.0,0.2398040979185913
10922.0,0.24105289097362692
10930.0,0.21732595967288104
10937.0,0.13838678704844679
10948.0,0.11469363502408286
10954.0,0.24705684987704712
10961.0,0.17425896918129416
10969.0,0.20014639462634948
10977.0,0.22402970902156846
10984.0,0.16420674728621512
10990.0,0.23488727898707212
11002.0,0.2286783058487083
11010.0,0.2025225419227156
11016.0,0.17127243476450052
11022.0,0.23955278452016382
11029.0,0.19480883978991953
11037.0,0.21291025740835184
11046.0,0.16410274094702884
11052.0,0.189488853510677
11060.0,0.1602061840511585
11074.0,0.17336233979827614
11082.0,0.22099196432612428
11090.0,0.1918168338753449
11104.0,0.22095328728630836
11111.0,0.23210730617462885
11118.0,0.24371227763208286
11127.0,0.1631401096485418
11136.0,0.23672425384984933
11144.0,0.1756765116909382
11152.0,0.22147824026827237
11160.0,0.16515533784523084
11164.0,0.19868423377807115
11174.0,0.1883224559498437
11183.0,0.22952360866270718
11188.0,0.17470289406356218
11197.0,0.21488932178620487
11208.0,0.18850933256562571
11219.0,0.16926743036404568
11224.0,0.1898651289264144
11230.0,0.21495891140190573
11238.0,0.13665061094049114
11247.0,0.23219786598187986
11258.0,0.22692568213612366
11264.0,0.18322162903903164
11272.0,0.18522117749286524
11276.0,0.20118870706395575
11282.0,0.19857019320012131
11288.0,0.16229973701967096
11293.0,0.2217619902915051
11307.0,0.1793523231314421
11319.0,0.15863602018239772
11330.0,0.1703951517320485
11334.0,0.18034949130447264
11339.0,0.20682088500831225
11344.0,0.17083945701217917
11351.0,0.22141447452997903
11358.0,0.18484298014433484
11367.0,0.19842340551305085
11376.0,0.18803254466202746
11385.0,0.18615399965313986
11396.0,0.22937757733339825
11404.0,0.18117230714296279
11412.0,0.20786395694284454
11420.0,0.160524182208556
