,6
9925.0,0.15777348296725938
9931.0,0.14376909153702272
9937.0,0.1763106164022809
9943.0,0.17058888006032452
9949.0,0.16845780136010424
9956.0,0.19416693350549505
9963.0,0.18612049393653451
9973.0,0.18084170619542841
9980.0,0.18225474521634064
9989.0,0.1855792864365296
9998.0,0.19187551078792328
10003.0,0.1745999692028111
10014.0,0.16883182593810775
10020.0,0.15715940772067757
10028.0,0.17089933162245047
10033.0,0.20887238169712422
10041.0,0.15809875398597198
10048.0,0.16942962923082355
10055.0,0.1679034524395121
10063.0,0.1676060076031667
10074.0,0.19977708804043762
10079.0,0.18943784359867064
10088.0,0.1778642820164508
10093.0,0.18263823564701806
10100.0,0.16826281309034055
10106.0,0.17296491241304415
10115.0,0.1621946880704192
10124.0,0.17594282393556002
10133.0,0.2027794650282359
10140.0,0.16599245816280583
10148.0,0.21094136742300426
10154.0,0.1945869367876618
10158.0,0.17942852676648607
10166.0,0.1612707236549717
10174.0,0.17739262502348627
10182.0,0.19757222393018575
10194.0,0.20147045481989495
10198.0,0.1521585359990636
10206.0,0.17328389617465167
10213.0,0.19233001357609933
10221.0,0.20275555948489077
10230.0,0.1927132596119033
10241.0,0.1860499329999215
10249.0,0.17758419992631022
10258.0,0.17470243176493394
10270.0,0.17024056493132797
10279.0,0.17816957351631219
10287.0,0.1633864929549272
10296.0,0.18275607271152575
10305.0,0.19141026117050755
10313.0,0.15443099770825697
10322.0,0.16531947829207394
10330.0,0.1576144822329016
10341.0,0.1653225492369617
10350.0,0.18576294360075768
10354.0,0.1930315513670934
10361.0,0.21090324835490906
10370.0,0.22095475270821668
10379.0,0.18190026870173898
10387.0,0.196923597407561
10395.0,0.19291639746022135
10404.0,0.17246547914532365
10415.0,0.1707488788413007
10423.0,0.19512169090653247
10435.0,0.1856591653910385
10442.0,0.18392341267921758
10447.0,0.17980905476438064
10454.0,0.1604915238763148
10460.0,0.1795116578137922
10466.0,0.17067097305473924
10471.0,0.18659986402541348
10478.0,0.19323518554177996
10484.0,0.18699704824332736
10488.0,0.21173167135457716
10495.0,0.16390983240970672
10501.0,0.22560168260041438
10509.0,0.17716245333124528
10517.0,0.16143915891476418
10524.0,0.17448149240454894
10528.0,0.21073224172166935
10532.0,0.16560638645278278
10541.0,0.19472622042828547
10550.0,0.1769320231445471
10559.0,0.1978787430267831
10571.0,0.17592543569668592
10579.0,0.19478340189795287
10587.0,0.16819754836882136
10592.0,0.15465810298420957
10596.0,0.18143227208387694
10605.0,0.19367291064545883
10610.0,0.16102718441578182
10619.0,0.21619256700778536
10623.0,0.19085266967700873
10631.0,0.19292945987775895
10635.0,0.18500602752341452
10644.0,0.17463455914111786
10652.0,0.15727460844781171
10662.0,0.16314370749909157
10670.0,0.19192178256051223
10677.0,0.1742961260161028
10685.0,0.1569095632429738
10691.0,0.15884707477481128
10699.0,0.21119038648028457
10710.0,0.17747071805248935
10718.0,0.17733470475016672
10725.0,0.21432551204483283
10732.0,0.17780185046004232
10746.0,0.19036654629130073
10754.0,0.17123028841433388
10761.0,0.165760721296482
10769.0,0.18334046882979466
10775.0,0.17349453324853792
10782.0,0.17851119739674912
10789.0,0.17687345586582545
10798.0,0.2059924815052419
10807.0,0.18911995911522797
10816.0,0.17406664477088468
10822.0,0.17553778625320632
10830.0,0.18451666907458691
10838.0,0.1961376848908512
10848.0,0.18807520022215446
10859.0,0.1789540933407198
10871.0,0.1861402430377993
10880.0,0.18114235761469336
10888.0,0.1700808359220837
10892.0,0.18309957752426306
10898.0,0.1801262061640206
10907.0,0.1730551641207989
10913.0,0.19372879102049193
10922.0,0.17253855106014318
10930.0,0.18226991676521878
10937.0,0.16958951975510292
10948.0,0.1784110153975388
10954.0,0.17564533010230787
10961.0,0.18590018946931505
10969.0,0.16683439053006702
10977.0,0.20972248646076672
10984.0,0.22821688746696425
10990.0,0.18677533239539404
11002.0,0.20554332601813657
11010.0,0.18013987314710428
11016.0,0.17103147724844361
11022.0,0.17303568012916284
11029.0,0.19862985632282915
11037.0,0.1725004416003987
11046.0,0.17293844584226434
11052.0,0.16497212454507268
11060.0,0.1672820541207273
11074.0,0.1933055908237253
11082.0,0.19458166816548766
11090.0,0.204001845123919
11104.0,0.19242660405338774
11111.0,0.16578362924279977
11118.0,0.17099132161131816
11127.0,0.20735654141336185
11136.0,0.18262649508749162
11144.0,0.1696660370648952
11152.0,0.15140509671555982
11160.0,0.1929190848077265
11164.0,0.18985615849127177
11174.0,0.17694428697861284
11183.0,0.1751767835711318
11188.0,0.19926818824471287
11197.0,0.19245766260536193
11208.0,0.18997615918825622
11219.0,0.1810074417864004
11224.0,0.18271247057303797
11230.0,0.15862339140667087
11238.0,0.18447665558428694
11247.0,0.19593074226699084
11258.0,0.16391375115525575
11264.0,0.15279480293980888
11272.0,0.18942355963261273
11276.0,0.17741517327502374
11282.0,0.17718406271092418
11288.0,0.19376532454121936
11293.0,0.20539978443862422
11307.0,0.18704868437445313
11319.0,0.18925835850376477
11330.0,0.17998615571239052
11334.0,0.15968433246626834
11339.0,0.17050114128511892
11344.0,0.1751866880987496
11351.0,0.20575884703042838
11358.0,0.17061522355771697
11367.0,0.22575988280471393
11376.0,0.2088658735126408
11385.0,0.1753221793444958
11396.0,0.19921663977569262
11404.0,0.19445362806309807
11412.0,0.17961936737440082
11420.0,0.1748280955087764
