,4
9925.0,0.18882703336656792
9931.0,0.1743894398450294
9937.0,0.21025572690994276
9943.0,0.1922354258787805
9949.0,0.11943924692779312
9956.0,0.16666045017408457
9963.0,0.15699466752328953
9973.0,0.20977882862452327
9980.0,0.19664459992479955
9989.0,0.211242615401368
9998.0,0.2033112149048005
10003.0,0.18394092205240845
10014.0,0.19859882266131917
10020.0,0.1995417074738395
10028.0,0.1948347032652185
10033.0,0.2395340322137495
10041.0,0.2245683188165682
10048.0,0.23217460311811153
10055.0,0.2027401106683238
10063.0,0.16897674440770533
10074.0,0.17899036207579397
10079.0,0.1991792163989583
10088.0,0.1705033486935848
10093.0,0.2636843608596637
10100.0,0.22134413836886727
10106.0,0.21232818567048062
10115.0,0.2167918295373354
10124.0,0.1702384059744064
10133.0,0.2458285310248771
10140.0,0.17681185207179573
10148.0,0.19220173012996455
10154.0,0.19614306891322947
10158.0,0.1804468182627672
10166.0,0.14539140427681915
10174.0,0.20841240382917586
10182.0,0.1854248053111861
10194.0,0.22624169813856426
10198.0,0.16724720861439726
10206.0,0.17516793819356766
10213.0,0.19808202742202713
10221.0,0.19076038388970568
10230.0,0.1980475539386545
10241.0,0.19853177067201183
10249.0,0.22854323470058238
10258.0,0.1789368443352028
10270.0,0.19927882892214938
10279.0,0.1887105269503196
10287.0,0.1560030182632273
10296.0,0.17769395620547757
10305.0,0.2045901254877759
10313.0,0.19708243660286026
10322.0,0.1814204536454306
10330.0,0.18296666404873005
10341.0,0.12939590570245926
10350.0,0.15435834004571533
10354.0,0.17988762807382003
10361.0,0.1817416688872473
10370.0,0.20616320488469836
10379.0,0.17324877429167385
10387.0,0.16523766691870448
10395.0,0.19087910680632794
10404.0,0.19210671120138284
10415.0,0.19360946688156855
10423.0,0.15193220043223743
10435.0,0.1820582154078847
10442.0,0.19126754339975652
10447.0,0.185348648430914
10454.0,0.2034730850545672
10460.0,0.200215180793451
10466.0,0.24977228670800677
10471.0,0.21819733257320384
10478.0,0.17920288880530297
10484.0,0.1700653833875836
10488.0,0.22796197670229282
10495.0,0.21751964540033028
10501.0,0.2238484955922068
10509.0,0.16400005264477846
10517.0,0.20174041419749386
10524.0,0.2011066123955839
10528.0,0.22509970451874942
10532.0,0.20427283186839315
10541.0,0.2108469057096646
10550.0,0.1986097571493305
10559.0,0.1635922420907166
10571.0,0.20607542556585132
10579.0,0.20008087322562354
10587.0,0.20917056025815378
10592.0,0.17036128982956703
10596.0,0.17489517913699115
10605.0,0.2078367261049053
10610.0,0.18521061448147855
10619.0,0.17991669046524156
10623.0,0.17931248991872023
10631.0,0.2037863603247925
10635.0,0.23381922704090782
10644.0,0.20929297807678668
10652.0,0.19597047415543228
10662.0,0.18963788527872064
10670.0,0.1808601985134332
10677.0,0.19452143785313167
10685.0,0.17344471581153287
10691.0,0.18067164559034823
10699.0,0.18753829766387134
10710.0,0.17379686815077847
10718.0,0.21283440148861366
10725.0,0.20134828068824423
10732.0,0.21850919201066704
10746.0,0.19775751263769117
10754.0,0.21051789354757847
10761.0,0.19685946799572776
10769.0,0.15443843060057316
10775.0,0.22381798643471199
10782.0,0.20476908729001198
10789.0,0.18416839832769472
10798.0,0.19862435801907333
10807.0,0.1868964347650705
10816.0,0.20083563703539922
10822.0,0.21193232614625454
10830.0,0.17609019882443688
10838.0,0.17009088821019996
10848.0,0.18087410731972473
10859.0,0.18802560185657322
10871.0,0.1762196238790206
10880.0,0.23423229183136485
10888.0,0.22243159919242822
10892.0,0.17334077447416335
10898.0,0.1686149972120307
10907.0,0.17751525792016623
10913.0,0.20533480302967047
10922.0,0.1870020054389684
10930.0,0.18160822098525253
10937.0,0.22668672774657783
10948.0,0.18280083841570435
10954.0,0.22746082400030287
10961.0,0.17285813744724485
10969.0,0.18791480844010222
10977.0,0.22250028750679113
10984.0,0.18897448493587943
10990.0,0.1896084157716552
11002.0,0.21867108559125517
11010.0,0.1907631777890422
11016.0,0.18045349793268678
11022.0,0.2121316079355204
11029.0,0.15212418236842404
11037.0,0.21030100684406663
11046.0,0.20899576699792397
11052.0,0.187278254793831
11060.0,0.09929779256858125
11074.0,0.16921659156830945
11082.0,0.1879294154811926
11090.0,0.1843793504741527
11104.0,0.20557725287144618
11111.0,0.21066451344470377
11118.0,0.2187659766487822
11127.0,0.21284876621133386
11136.0,0.2088602690463079
11144.0,0.15127448502199217
11152.0,0.18418698475023892
11160.0,0.18723060908785108
11164.0,0.16951158991320375
11174.0,0.15091759414801573
11183.0,0.16283845677047698
11188.0,0.18664863793367817
11197.0,0.19993748962137434
11208.0,0.15641640747383376
11219.0,0.1667974969504796
11224.0,0.17423681861171447
11230.0,0.20260596319830726
11238.0,0.16113821080668655
11247.0,0.17838143832120207
11258.0,0.1988935311260244
11264.0,0.16492309129474866
11272.0,0.19474982322987833
11276.0,0.20810659017383557
11282.0,0.1885387806042896
11288.0,0.18958953408131904
11293.0,0.19336193598253512
11307.0,0.13110238224816367
11319.0,0.1655328497043424
11330.0,0.18276808698714764
11334.0,0.17415549233711386
11339.0,0.170668057912958
11344.0,0.21261008965716072
11351.0,0.1995456464058983
11358.0,0.1548612519521068
11367.0,0.1651937089683558
11376.0,0.2068983006920713
11385.0,0.1678480481052419
11396.0,0.1885887083205561
11404.0,0.17145472084897187
11412.0,0.19338056267515957
11420.0,0.1783690663094012
