,5
2.0,0.2027641306970546
7.0,0.17743866795403643
14.0,0.18704409019617763
20.0,0.19843032904230024
27.0,0.19064220924596464
35.0,0.18267212233973937
43.0,0.15628217385662313
52.0,0.184332830673945
63.0,0.17736914564369274
70.0,0.1779557154454635
74.0,0.1837650678301227
82.0,0.18117978818342068
89.0,0.13973663047730656
94.0,0.18166249340822038
101.0,0.19879772815545604
110.0,0.17893291861200722
117.0,0.21293517095271766
125.0,0.18982088539337222
134.0,0.2259400644835271
143.0,0.18091333857272043
151.0,0.15447381775535787
156.0,0.1883513726798493
163.0,0.17936892792683584
172.0,0.19870764792816012
184.0,0.1736897038495891
192.0,0.185504399107165
200.0,0.1707190119584634
207.0,0.18651855961163832
218.0,0.20635007784432566
230.0,0.2048183962508045
234.0,0.1878333450300132
240.0,0.2234901641179139
247.0,0.1697036761797489
256.0,0.222902059792301
265.0,0.19389361231609165
271.0,0.18215424352516082
277.0,0.2014086493426805
285.0,0.19152941967177467
293.0,0.17042652825490875
304.0,0.22763957907078297
311.0,0.189347113524696
319.0,0.1955798886205346
328.0,0.16434898074182847
336.0,0.18149411863055456
343.0,0.1876087071007878
351.0,0.17985210140479035
360.0,0.21544889549882845
369.0,0.1516847948699203
377.0,0.2000456870055465
386.0,0.187063915392744
395.0,0.19405651982639507
406.0,0.17043185055052432
417.0,0.16266442467754708
421.0,0.16529490597292323
429.0,0.18978234875400335
436.0,0.17543380200453987
445.0,0.2119240666391005
452.0,0.15357268929798948
456.0,0.21528256840517704
464.0,0.17698924253002363
472.0,0.19788234381048928
480.0,0.20632346230584622
489.0,0.18838427255209855
497.0,0.1946169704196332
504.0,0.19623366672277298
512.0,0.1830352069716481
521.0,0.18651037509269766
528.0,0.21157917694468467
536.0,0.192983043043807
547.0,0.18693361700745023
556.0,0.16864901573496258
563.0,0.1823739413447405
574.0,0.2111824074463348
580.0,0.20502206312001983
584.0,0.16908904599831992
592.0,0.1763808620978925
599.0,0.22098702606610549
607.0,0.16086469744061094
614.0,0.17940695201870124
619.0,0.19498927736436125
627.0,0.21567284762466515
639.0,0.17641051843995909
647.0,0.21825762011684757
658.0,0.1844551444538632
669.0,0.2117926681401043
676.0,0.19020235901048813
687.0,0.16432197800071485
696.0,0.2184458873192467
703.0,0.20737497513676634
712.0,0.20225158697386222
726.0,0.19979718147026201
734.0,0.19829412205049543
743.0,0.20931721683098256
751.0,0.17854040257233594
760.0,0.18541735395260342
768.0,0.21248040671366084
775.0,0.1971984012385789
787.0,0.17054199056796124
798.0,0.1935988336132354
806.0,0.18759301785651883
814.0,0.19284663603882915
818.0,0.21106541357867212
830.0,0.18835823935806284
837.0,0.19961627013510191
844.0,0.19484136013050635
852.0,0.19904196262963442
860.0,0.18731414035766614
868.0,0.20028459276196572
875.0,0.1781331861340096
884.0,0.20316786739811704
891.0,0.19489615972464258
898.0,0.17576135134606255
906.0,0.19144591935284458
914.0,0.19742334695935623
919.0,0.19484866699911887
930.0,0.1860832217463743
935.0,0.20108378630485668
946.0,0.19418279919763207
951.0,0.18017121365036848
962.0,0.1883527941355771
971.0,0.19857976460874552
978.0,0.17902564286009034
992.0,0.18244544767920576
998.0,0.18945320279292577
1006.0,0.21185397283175775
1013.0,0.20021110091008892
1020.0,0.17556317870120758
1027.0,0.19307719650986824
1035.0,0.2093442923534585
1046.0,0.1775363851511999
1057.0,0.18346107730297986
1063.0,0.19626048217074266
1074.0,0.1809137466384572
1082.0,0.16689603760312108
1092.0,0.20191538695511796
1100.0,0.19511215820972222
1104.0,0.18200651730196937
1113.0,0.17654453861585795
1118.0,0.1692375114740924
1126.0,0.19269703059958712
1134.0,0.2077055117298336
1142.0,0.15472869511288181
1150.0,0.2011668392566977
1158.0,0.19135693950597438
1169.0,0.22538373497834696
1173.0,0.20848882888522574
1184.0,0.1995691512741986
1198.0,0.20919495026981202
1207.0,0.19185641682072793
1217.0,0.18868797198021628
1221.0,0.21346885557218648
1229.0,0.20306370630784112
1233.0,0.1966025775650632
1245.0,0.18671562393971788
1252.0,0.2015124791316227
1263.0,0.1817732958926941
1271.0,0.17286164061581757
1275.0,0.16300082139888764
1284.0,0.21269557055326596
1292.0,0.21468487888553978
1296.0,0.20204078260759298
1304.0,0.20885689937036114
1312.0,0.20699424467831315
1317.0,0.1975274126794959
1327.0,0.1807862367627191
1332.0,0.20873869196475198
1343.0,0.1885071623211247
1348.0,0.1897570727011013
1355.0,0.20636776564646328
1359.0,0.22288230070409001
1366.0,0.21678051685605712
1370.0,0.1804841722291505
1377.0,0.19257715139601542
1381.0,0.19623927488492499
1385.0,0.18959196630577102
1393.0,0.20439131673291544
1399.0,0.20065122222588364
1409.0,0.1941954925866705
1420.0,0.21119326945170028
1428.0,0.19522043612007067
1436.0,0.19628422847289234
1444.0,0.15926716206056715
1453.0,0.19548821200228894
1461.0,0.21974650581591593
1475.0,0.1905298173140499
1482.0,0.2033198610882902
1490.0,0.19407538350419934
1494.0,0.18907185683823544
1503.0,0.20888218682697018
1507.0,0.19822429520441634
1516.0,0.14234055489047284
1523.0,0.1455676361650081
1530.0,0.20739169853290432
1541.0,0.19045678647630876
1548.0,0.16032748321325122
1557.0,0.1725637743230867
1569.0,0.19710057676987283
1573.0,0.19430362697452783
1581.0,0.22184593255116059
1586.0,0.1686142585832876
1594.0,0.21739926391479622
1598.0,0.2031713833279676
1607.0,0.1854635907690995
1619.0,0.2009630091921871
1625.0,0.20534977815236255
1634.0,0.16387555060539802
1645.0,0.20396489687718003
1652.0,0.1796442578383448
1663.0,0.20410030768180268
1671.0,0.20282014028740034
1682.0,0.15205191241284388
1690.0,0.1849772480725062
1694.0,0.16843955344039183
1703.0,0.1810388061411538
1712.0,0.19665369192917204
1724.0,0.1972702293195014
1732.0,0.19764362887728298
1738.0,0.19734255779653181
1744.0,0.17456890349409274
1751.0,0.19923600220530563
1759.0,0.17477868504982055
1766.0,0.18287649449405027
1770.0,0.17667284080176487
1781.0,0.19274638181721168
1787.0,0.1517134542692265
1795.0,0.19276482233412762
1799.0,0.19369465153731094
1810.0,0.19761336054791387
1818.0,0.22590468831458083
1832.0,0.1894156934530088
1838.0,0.1733870205298805
1844.0,0.19028153882693427
1851.0,0.1777538406286244
1858.0,0.19784446096698993
1870.0,0.1899252472726784
1878.0,0.2204916714473047
1889.0,0.1573682722976282
1898.0,0.17918353647227542
1907.0,0.19002919716390845
1915.0,0.18441182519676988
1919.0,0.18151516728087452
1928.0,0.17647853867888613
1940.0,0.18306855846323275
1944.0,0.16587813077393265
1955.0,0.1780404725747949
1961.0,0.1978975184138356
1968.0,0.19906207367638598
1978.0,0.22572454504624903
1987.0,0.19742817114513528
1992.0,0.1912481691044033
2000.0,0.1976138864171142
2011.0,0.18215776775006948
2018.0,0.1851413337859376
2026.0,0.14146012303066616
2030.0,0.18732091616660088
2034.0,0.21675700551479193
2042.0,0.1962517853783872
2047.0,0.2394683884348019
2056.0,0.23142991749473052
2060.0,0.1908774548367212
2069.0,0.2060163727952936
2076.0,0.21308189546381276
2082.0,0.2086375975295198
2091.0,0.2017201298321906
2102.0,0.19804864877435455
2109.0,0.18920065953632237
2120.0,0.18278653738417663
2131.0,0.20294832726079806
2142.0,0.1919362212383897
2151.0,0.1645222869148946
2155.0,0.21673813260313218
2162.0,0.19856832074083605
2168.0,0.20813482947773962
2180.0,0.20455018480081194
2188.0,0.19315391563230608
2194.0,0.1732881806235829
2200.0,0.19887518563030476
2207.0,0.16710982791447315
2214.0,0.19838826046495162
2223.0,0.20316732133294935
2227.0,0.24454712786926225
2238.0,0.19062639826046465
2245.0,0.16600549446268462
2253.0,0.19731595445014624
2257.0,0.18069842585598653
2269.0,0.1928882009644342
2280.0,0.19745038557574615
2294.0,0.2032982460737705
2300.0,0.202605945711254
2304.0,0.19914546733986777
2311.0,0.20212938846104408
2318.0,0.22226050688725227
2327.0,0.20323003915733046
2335.0,0.17913293514364506
2347.0,0.1847294275721821
2355.0,0.1574789578361828
2366.0,0.18537830414116688
2374.0,0.19184747039899877
2383.0,0.19072023679105085
2392.0,0.18549932417793832
2404.0,0.2169700955912266
2408.0,0.19670203117428425
2419.0,0.19950618533423725
2425.0,0.20136075721788596
2432.0,0.19121471590822947
2441.0,0.19316817027051184
2448.0,0.22549594048411936
2453.0,0.20500274093395493
2461.0,0.19531574699927184
2467.0,0.1779230514243045
2474.0,0.1472896937777737
2481.0,0.20109815250955373
2485.0,0.18133122291663098
2489.0,0.1989766935470935
2497.0,0.2070300068101768
2503.0,0.19933372497238422
2512.0,0.1885569016267814
2516.0,0.17054282314187233
2521.0,0.1965955443181903
2528.0,0.1817993694900373
2534.0,0.20622178353695417
2541.0,0.1992257493030249
2552.0,0.19844045701269875
2559.0,0.20567797545630237
2570.0,0.20041587747510578
2577.0,0.18135638206446242
2588.0,0.2134834468905839
2596.0,0.18422775235552685
2600.0,0.19305388679977264
2608.0,0.1887670850670826
2617.0,0.17255997672090273
2629.0,0.1988442871306992
2638.0,0.17269703423583385
2644.0,0.22792770942263796
2650.0,0.19696206658758966
2657.0,0.20178200348601316
2663.0,0.17480280396661493
2668.0,0.1793976887466518
2672.0,0.18389029999980874
2683.0,0.17947043822855505
2689.0,0.17066359703568226
2697.0,0.18838500189725463
2701.0,0.22004544370892165
2710.0,0.18953624364877808
2718.0,0.1897341151352867
2732.0,0.19698688806030895
2738.0,0.20206128054723715
2743.0,0.165405497659306
2750.0,0.19763567813712277
2757.0,0.17661953035870656
2762.0,0.16681883917039136
2770.0,0.21296211428673636
2782.0,0.16254095820387257
2790.0,0.19593997650425984
2798.0,0.19318059958339676
2806.0,0.19655274531110614
2817.0,0.20240441651768962
2826.0,0.19043464589518497
2840.0,0.1884603556140035
2844.0,0.17134159101463062
2855.0,0.21791383724573957
2861.0,0.21610358494282553
2868.0,0.17884326932504058
2876.0,0.19500267202001306
2885.0,0.19870565406333895
2889.0,0.18022279189275692
2901.0,0.17475267369976485
2907.0,0.18585963184320073
2915.0,0.2190789058459646
2926.0,0.16534173465227003
2934.0,0.16315645976544177
2941.0,0.19507850013204972
2946.0,0.1880541277326964
2951.0,0.20075608234659717
2961.0,0.17815645856249074
2966.0,0.19957640682755426
2977.0,0.19774442685771296
2981.0,0.19908139834163058
2991.0,0.1895825828414712
2996.0,0.1970892003222533
3004.0,0.18099584648901396
3008.0,0.20747151930107954
3016.0,0.20254328048254747
3025.0,0.2127644978890844
3035.0,0.20241914433539165
3041.0,0.19492615630507334
3050.0,0.16184096817115753
3058.0,0.18492045901091914
3065.0,0.18999818047610992
3069.0,0.1744050601381901
3074.0,0.15771451270392536
3082.0,0.1945508772070165
3090.0,0.20018281747227085
3095.0,0.20193891630401123
3102.0,0.1876691041562756
3110.0,0.22072906167177217
3122.0,0.16714963355491047
3129.0,0.20394832491862552
3141.0,0.1981955321055865
3148.0,0.21496768642388606
3157.0,0.1942632283495609
3165.0,0.21942448745510554
3176.0,0.17731653002501455
3187.0,0.20470149856628325
3195.0,0.19288468066628964
3201.0,0.19051870882702088
3210.0,0.18468471953351467
3218.0,0.21385552467675836
3226.0,0.20659292041670738
3234.0,0.22749566595174328
3243.0,0.21495456850809874
3247.0,0.18144758719058904
3255.0,0.20594021435438503
3264.0,0.20699961733582223
3273.0,0.20336278127902588
3281.0,0.21097761451426933
3293.0,0.19355435923530118
3297.0,0.1721133764984686
3302.0,0.17657011964718738
3308.0,0.17693456125682916
3315.0,0.20601215287212618
3323.0,0.21935034455478128
3330.0,0.19408629206375505
3337.0,0.17517302115317435
3344.0,0.20534318352376335
3352.0,0.17490431880428378
3356.0,0.1706513894535823
3363.0,0.15285946151146387
3370.0,0.1787645596030214
3377.0,0.22557057160999738
3384.0,0.14342777784936134
3393.0,0.20396458905793183
3401.0,0.18898045453920734
3407.0,0.17706323905199017
3416.0,0.1983413389776566
3425.0,0.19057271659658973
3433.0,0.1689100150961064
3441.0,0.16302980122077257
3448.0,0.17930700590630602
3459.0,0.1990622987735327
3467.0,0.19968069880141687
3471.0,0.15207789822897214
3479.0,0.2106245238459613
3484.0,0.21802769288030743
3493.0,0.2039296347281835
3501.0,0.21896834567953308
3512.0,0.2131930036386888
3516.0,0.17843443041894008
3525.0,0.16459905524052554
3533.0,0.17350585079772143
3544.0,0.17358618787440638
3555.0,0.18642312857086796
3566.0,0.20216386908715803
3575.0,0.20373472599095865
3583.0,0.21003212033311802
3594.0,0.18134338527035965
3605.0,0.19798694844507597
3613.0,0.17708181888586866
3627.0,0.18202562728541122
3638.0,0.17396817613425924
3645.0,0.1926345511714196
3652.0,0.17542899780450383
3659.0,0.18013908179674865
3666.0,0.20334456521321945
3677.0,0.1926206181326503
3685.0,0.2099157938124391
3694.0,0.16839177523976057
3701.0,0.1706072963146788
3709.0,0.22645019300465727
3713.0,0.16771337544536302
3720.0,0.18187565974226194
3728.0,0.15063626589241802
3736.0,0.19180766747401948
3743.0,0.19944217041221476
3748.0,0.20080826993896875
3755.0,0.1720366147767883
3766.0,0.1738164174641557
3780.0,0.1916657450337508
3787.0,0.19795591886016417
3796.0,0.19532922453573992
3804.0,0.20393034491912268
3811.0,0.2023845882942158
3820.0,0.2132568715789638
3829.0,0.14718243836770042
3837.0,0.1818190563615168
3845.0,0.21422330168477305
3850.0,0.1466650551141585
3857.0,0.19517197889027021
3869.0,0.18259409439683122
3878.0,0.20023245948190038
3883.0,0.18694546262530465
3890.0,0.16381823592394473
3899.0,0.18152624910727994
3908.0,0.22319414428385118
3917.0,0.19954132542090067
3926.0,0.19939758017344353
3931.0,0.1602348364857501
3938.0,0.19601945562660747
3949.0,0.21083629828127834
3960.0,0.16616792385174534
3965.0,0.16484740612698479
3969.0,0.2162453048263008
3977.0,0.18226733464001632
3986.0,0.1876122279509514
3998.0,0.22152242097975774
4012.0,0.18946899593297248
4020.0,0.18885006085811254
4032.0,0.1893307238950673
4038.0,0.1980641775843938
4043.0,0.17982812375103613
4049.0,0.20310497326464533
4056.0,0.21797047393391297
4064.0,0.1873691246221732
4073.0,0.1439197831323698
4084.0,0.19091447604222245
4088.0,0.19276636154261179
4100.0,0.2092115670049727
4107.0,0.1840624550653333
4116.0,0.21200167552031804
4123.0,0.18612962776961384
4131.0,0.17586549835418203
4138.0,0.19206272773147517
4144.0,0.1851795596550949
4152.0,0.20520249549014966
4156.0,0.2103584753468076
4164.0,0.13031483954308426
4171.0,0.1750020728909103
4178.0,0.20260394408490423
4186.0,0.19568589943268747
4193.0,0.20208444589190247
4202.0,0.21716863888208604
4213.0,0.1834680371508531
4220.0,0.15416687564213363
4228.0,0.18972194793368896
4233.0,0.1781621168292147
4238.0,0.17522131071527577
4249.0,0.20726911655484445
4257.0,0.19383775890220425
4271.0,0.18659286488788138
4277.0,0.18770808075243875
4286.0,0.1820908733873848
4294.0,0.19448181716139634
4303.0,0.1946838528634573
4312.0,0.19096796975817415
4319.0,0.1945454388236384
4331.0,0.17056336525387497
4339.0,0.18277311246386274
4350.0,0.1708994533375107
4355.0,0.18379418485406607
4359.0,0.18079957798468924
4367.0,0.19317254426537553
4376.0,0.1921090066309562
4387.0,0.19839671769910883
4401.0,0.19632745265543944
4412.0,0.22124227984150505
4424.0,0.18558131846683404
4432.0,0.2025894347781435
4441.0,0.16013905651989363
4448.0,0.18560174483279393
4457.0,0.182335447264039
4466.0,0.19132718714132174
4475.0,0.1826293495645649
4483.0,0.16384078336700275
4491.0,0.1972390164155156
4498.0,0.19182808161646586
4502.0,0.21420895845942403
4513.0,0.19622932884023386
4520.0,0.20222767747841497
4529.0,0.1947469753710508
4537.0,0.19079534237030207
4545.0,0.19066255379881059
4550.0,0.20834021859854523
4558.0,0.18064997798308152
4563.0,0.18716953772040976
4577.0,0.17289298252071292
4585.0,0.2141566798279422
4590.0,0.21901418294723787
4598.0,0.18967021470829018
4605.0,0.20010091269471353
4613.0,0.17918440119433304
4621.0,0.17760176052115162
4629.0,0.195211121191895
4637.0,0.19677214289588105
4642.0,0.1977715475333972
4649.0,0.1967895736043933
4656.0,0.18748615920772788
4664.0,0.18444174358318793
4672.0,0.15418936834997163
4681.0,0.15836434072071529
4685.0,0.15569646371682228
4689.0,0.20325773771300185
4693.0,0.20470666548832403
4703.0,0.1921896238251246
4709.0,0.1866094131641032
4721.0,0.18582527421060382
4732.0,0.21563793848436524
4743.0,0.16825848825803413
4752.0,0.1735335032857569
4756.0,0.20073027809275104
4761.0,0.20266708225793112
4773.0,0.2059430295363704
4785.0,0.19940163979384598
4793.0,0.18906754049239435
4802.0,0.18859134627843874
4810.0,0.16751223958132186
4819.0,0.17506204560127572
4827.0,0.16960207846056682
4836.0,0.1987380792944749
4842.0,0.17925598011184307
4850.0,0.16993295952954837
4859.0,0.17653800425405078
4865.0,0.16297213428822097
4872.0,0.15885220589778518
4881.0,0.2066448701889508
4892.0,0.16217520606611208
4896.0,0.1862075094805162
4902.0,0.21066823478253474
4910.0,0.18925386605371627
4919.0,0.18478503031031387
4925.0,0.19714226193682516
4933.0,0.1982563259022133
4947.0,0.19598631761739066
4955.0,0.17595533573880617
4959.0,0.1556837202395777
