,6
2.0,0.2223520337755017
9.0,0.20020055045371038
16.0,0.17989616296083943
21.0,0.177359919242607
29.0,0.20905878650843285
36.0,0.1679083593816483
42.0,0.18869176993966838
50.0,0.17202401733448477
58.0,0.18860723120970185
62.0,0.20534313063736573
68.0,0.19308562956230785
72.0,0.16080915387397546
80.0,0.17461419233535042
87.0,0.18865908403488016
96.0,0.18825651694716644
101.0,0.1785776618757036
105.0,0.1833039885932981
116.0,0.17204368967039424
121.0,0.18363547564477553
125.0,0.18900575496508157
133.0,0.17411573240783293
141.0,0.1768014756488581
146.0,0.1802031656633377
153.0,0.14731228413406022
164.0,0.18324154426432962
169.0,0.19626727745701963
176.0,0.17691516284420777
187.0,0.19606620222741922
194.0,0.17123449059300233
200.0,0.184333788482532
208.0,0.18351277283444153
215.0,0.1887445208791944
219.0,0.16670684959930757
230.0,0.15243880725142306
237.0,0.2067431235618435
248.0,0.19282853794605273
258.0,0.1736876625139329
266.0,0.21354644021433497
273.0,0.17451491367973737
277.0,0.1993318800289096
285.0,0.15449617039055694
289.0,0.16915527776508596
298.0,0.1584644833049054
307.0,0.1601419343459988
315.0,0.1817857957638446
321.0,0.17109385219799447
333.0,0.1840124060937439
340.0,0.17892924537339064
344.0,0.17515185825517846
352.0,0.20119147980698415
357.0,0.16456694871282898
362.0,0.18650570074310374
371.0,0.1674473786269349
377.0,0.18116900826454704
386.0,0.1960331991987651
397.0,0.1969728977627209
401.0,0.203687100790418
409.0,0.19419724674605132
417.0,0.20113425390906475
424.0,0.19139716121283373
432.0,0.1999966242991354
441.0,0.17651208016753028
453.0,0.19448411009865774
460.0,0.1696330976022217
468.0,0.1778020967073926
477.0,0.1684328713730089
487.0,0.19626964576623104
491.0,0.18177682312944105
499.0,0.17826819024415555
507.0,0.18982970438831323
514.0,0.20005271695790114
522.0,0.1859627437754749
536.0,0.18796510225107776
544.0,0.17986471979219956
552.0,0.17386288637909006
560.0,0.18783071027751827
569.0,0.19921280597448413
578.0,0.18106980836044664
586.0,0.18525954863014032
600.0,0.16378158251826647
610.0,0.1765690973663109
620.0,0.17125174931114437
627.0,0.17223773892662456
638.0,0.1537453312133656
650.0,0.17393876746197717
658.0,0.18146565237314022
667.0,0.19981631696069257
675.0,0.16791277525309445
686.0,0.20023700739800349
693.0,0.1771320137084542
698.0,0.17654719670974198
705.0,0.18695780071325765
714.0,0.1686376331693353
723.0,0.17108521923255238
733.0,0.18496108362815994
740.0,0.16691869080734015
747.0,0.17623889854393782
755.0,0.19062619601559025
763.0,0.1676906724696169
770.0,0.1796484984879931
779.0,0.15917035151307127
784.0,0.1849148781657162
791.0,0.16393330772766354
799.0,0.18174468016592937
807.0,0.17436927789277265
814.0,0.1747886652923338
823.0,0.16859293137547843
828.0,0.17207088629667752
836.0,0.1678679477636745
847.0,0.15951961672775206
856.0,0.2030835999401308
865.0,0.16629485659477125
873.0,0.17906364290447688
880.0,0.1787965257853861
889.0,0.1788580044291963
897.0,0.1683925008170855
905.0,0.18259800526951664
916.0,0.19078127751197252
925.0,0.15047745798188364
932.0,0.15800107264458718
943.0,0.18597541840290463
951.0,0.18130341238985537
958.0,0.1572908269217339
965.0,0.17415077749449948
970.0,0.1903879211155941
978.0,0.173753744436173
990.0,0.17494046995829515
997.0,0.17941677973692846
1002.0,0.1788350757910782
1010.0,0.15721926147447118
1019.0,0.16855647888520306
1024.0,0.17514330840075376
1031.0,0.1737049380499868
1039.0,0.18315955367899736
1045.0,0.16744466996859916
1053.0,0.18674363562504884
1065.0,0.19689433119547364
1070.0,0.17121112533936833
1076.0,0.1832007809936627
1080.0,0.1824484103205139
1091.0,0.1936549231229372
1098.0,0.1587443141598703
1105.0,0.18234624951925166
1109.0,0.16448874162058516
1117.0,0.19227938319084778
1124.0,0.2036598721958946
1132.0,0.18104763541257635
1140.0,0.18625903948573116
1146.0,0.19422695333262358
1150.0,0.18651252234906757
1158.0,0.1981175026655513
1162.0,0.1947948129332693
1169.0,0.19277480016768248
1176.0,0.1816607254906135
1186.0,0.1668519730270022
1194.0,0.17080787018939608
1201.0,0.1868847978068648
1208.0,0.18021864966357512
1216.0,0.17880494050667992
1228.0,0.19873609648209664
1237.0,0.16253917683029023
1241.0,0.21197256108349236
1253.0,0.2044973783488998
1258.0,0.18778315171368593
1266.0,0.1910403674100249
1273.0,0.16066066222506659
1283.0,0.17846175739080716
1288.0,0.18573628482928686
1296.0,0.18824950364880666
1304.0,0.19280707159644878
1315.0,0.17372761971320108
1323.0,0.18044282068454198
1331.0,0.1681217980571295
1339.0,0.16308698309105893
1344.0,0.1888436130820978
1348.0,0.17892693677884636
1359.0,0.18807160223425104
1367.0,0.19099845022305334
1375.0,0.1753789372733369
1382.0,0.16402947662227568
1390.0,0.18854535310077744
1402.0,0.17170621696490776
1410.0,0.1682052769249705
1418.0,0.2049984973590216
1427.0,0.1795474445410369
1435.0,0.16838581361008642
1443.0,0.17676057550093952
1450.0,0.17832673883881509
1459.0,0.20349472000008542
1470.0,0.16662339064816248
1474.0,0.19108349546809475
1486.0,0.17827203251925391
1492.0,0.1677204255816056
1503.0,0.19632251086130248
1510.0,0.17874435365162258
1517.0,0.20180982384313434
1524.0,0.17117165776234894
1529.0,0.17328661534268308
1538.0,0.16095954112789485
1549.0,0.17917930882861713
1558.0,0.1577281458239636
1566.0,0.17996943776130261
1573.0,0.19129726377780473
1584.0,0.2053685082059004
1592.0,0.17987331607670926
1600.0,0.19012727710086302
1609.0,0.19229905320517757
1618.0,0.17734380175092906
1627.0,0.19938441304549465
1635.0,0.17272515211827152
1641.0,0.1770945433672575
1653.0,0.18395221748653506
1660.0,0.16822203953572792
1665.0,0.1919184417554554
1673.0,0.1778847977577204
1681.0,0.17763557067292862
1692.0,0.1832763107470401
1701.0,0.1601820220277005
1709.0,0.169173612311986
1718.0,0.16309888649212714
1726.0,0.1632801622458074
1731.0,0.1971719797821902
1738.0,0.19295267302663732
1743.0,0.1498938274996076
1748.0,0.19971259459282928
1754.0,0.19527838814489853
1760.0,0.18601817664892029
1766.0,0.18633183607243747
1772.0,0.1807988095903141
1780.0,0.19767733463094173
1789.0,0.18646087730084115
1798.0,0.18785146272891376
1804.0,0.19443747697538227
1816.0,0.19090149722048505
1825.0,0.20097432665108722
1833.0,0.15658133955721779
1840.0,0.15420660762612706
1848.0,0.14844278701586833
1852.0,0.18542364230421968
1861.0,0.1752295912092129
1868.0,0.1719665321226609
1876.0,0.1813311916634632
1883.0,0.175453108425846
1891.0,0.1706374727135008
1895.0,0.1772357154200057
1903.0,0.17588951940605885
1912.0,0.172053761374098
1923.0,0.16835810312597135
1934.0,0.17433586658077416
1945.0,0.17633725712967196
1951.0,0.1713214328703255
1958.0,0.18413506538397065
1967.0,0.1766167758397466
1974.0,0.16890959296287925
1982.0,0.17166807469288398
1993.0,0.15191807421784562
2002.0,0.16758935405882858
2009.0,0.18360928613839353
2015.0,0.19514289447985667
2026.0,0.16702621915789984
2034.0,0.16716089787858537
2038.0,0.16366579736265893
2046.0,0.20434240276320365
2055.0,0.21424681143001217
2061.0,0.1962503290432637
2066.0,0.1866749193215296
2070.0,0.18367548543628534
2078.0,0.1634170618966177
2088.0,0.1785840323806652
2097.0,0.16958110316796204
2104.0,0.16953626757343213
2111.0,0.1872047383556744
2123.0,0.17236567379989529
2131.0,0.17639297772843573
2137.0,0.1659155725692407
2145.0,0.1740718862909549
2153.0,0.1916627390304052
2162.0,0.19201297366695474
2168.0,0.18644041115444654
2176.0,0.1851149783111238
2184.0,0.1835978577949596
2192.0,0.1898455299569852
2200.0,0.18954499328788266
2211.0,0.19248680974179772
2220.0,0.1625292424625228
2228.0,0.1627896235306488
2236.0,0.1648679774036321
2248.0,0.16946792691766369
2253.0,0.17628587131000206
2261.0,0.16642362565090557
2269.0,0.19736565306949624
2276.0,0.16340662142813714
2284.0,0.1678944100671432
2290.0,0.18240566011946507
2294.0,0.16630758093444709
2298.0,0.1855683551379575
2305.0,0.1645647771738018
2312.0,0.18502554319006256
2320.0,0.18699794259039562
2332.0,0.18910078863298274
2339.0,0.21267716237748274
2343.0,0.17655890273635036
2351.0,0.19481436936966545
2356.0,0.17663112764758238
2364.0,0.18473810603539625
2375.0,0.16258722989777985
2383.0,0.16583123633045294
2392.0,0.16575400208035712
2401.0,0.1920864166686216
2410.0,0.18026329080139927
2418.0,0.15946375418221487
2425.0,0.18034719208452824
2430.0,0.17226076143123775
2438.0,0.17939564530686983
2443.0,0.1958846034971821
2450.0,0.2119114179120345
2456.0,0.18136271221510797
2463.0,0.18244673523627458
2471.0,0.1725769941054722
2480.0,0.19344381688611872
2488.0,0.16820266207854825
2497.0,0.186532057661644
2505.0,0.19036645952100348
2513.0,0.17296409462442042
2518.0,0.18869457981588933
2525.0,0.18311815521011143
2532.0,0.16796415872774248
2541.0,0.1630801366860545
2552.0,0.17827571180595664
2561.0,0.1654469694165732
2573.0,0.18031549524856857
2579.0,0.17367816357723748
2586.0,0.18672040197756473
2600.0,0.16249846928674005
2608.0,0.16261051149761208
2612.0,0.17449995290317433
2616.0,0.1684326582289406
2622.0,0.2001591845019628
2630.0,0.16785450018986875
2638.0,0.1862138153370515
2643.0,0.16082812881520053
2649.0,0.14956154937074825
2657.0,0.16622786467050757
2663.0,0.19095024838357205
2670.0,0.18575871619381176
2681.0,0.1917483949456098
2690.0,0.17724325645343417
2699.0,0.1645938180452797
2707.0,0.1721108809509975
2721.0,0.17728684969689804
2729.0,0.16731797902606366
2736.0,0.16939876547595184
2745.0,0.19008327398284697
2754.0,0.17713059557425193
2763.0,0.18279542255570527
2775.0,0.16475246337253346
2783.0,0.20638049535969125
2792.0,0.1810195737505241
2797.0,0.19061543887459412
2801.0,0.16235224060496223
2808.0,0.1797233938288137
2814.0,0.17323179142290207
2822.0,0.17471151086396525
2829.0,0.1857490332520136
2839.0,0.18952850490857728
2850.0,0.1775237716143018
2859.0,0.19722886382786262
2865.0,0.1867958098273594
