,4
2.0,0.132204745258146
9.0,0.1394107655876717
16.0,0.2082171783275189
21.0,0.18715662921137374
29.0,0.17909015641527365
36.0,0.1501540618827034
42.0,0.17578799678485146
50.0,0.14617406764742835
58.0,0.1455346228552262
62.0,0.19973948808609976
68.0,0.19716755179591522
72.0,0.12021713425509105
80.0,0.17295158208549133
87.0,0.22097810217300148
96.0,0.16931217274016422
101.0,0.19054055341950973
105.0,0.1426694074334437
116.0,0.18308600645528528
121.0,0.15750227741191333
125.0,0.20684196237635538
133.0,0.1618029039182092
141.0,0.13763526191985392
146.0,0.1892129866520886
153.0,0.18073094379298035
164.0,0.16868459620866377
169.0,0.1952881605384471
176.0,0.18814793692402718
187.0,0.20377864297214834
194.0,0.24471107623808427
200.0,0.2135451695750931
208.0,0.195563757292216
215.0,0.2013677411627782
219.0,0.15029401930484376
230.0,0.1872822654535198
237.0,0.20484255694078649
248.0,0.19861837266961863
258.0,0.15818185338357316
266.0,0.22788128100657792
273.0,0.1571910514340444
277.0,0.17300024629370098
285.0,0.2146593606129289
289.0,0.16622072807173688
298.0,0.2189709345747783
307.0,0.1726708860827259
315.0,0.17904901509864765
321.0,0.2190228379814239
333.0,0.2160897457847952
340.0,0.2347868522553078
344.0,0.16265400632234622
352.0,0.20009845577769036
357.0,0.2060827868789234
362.0,0.1918873630562006
371.0,0.22242633834917355
377.0,0.1883883401408597
386.0,0.23728200236766042
397.0,0.23236874684082887
401.0,0.22275148614786058
409.0,0.21311571709122326
417.0,0.20476211279737963
424.0,0.22407447061704006
432.0,0.183221604952872
441.0,0.183610471074797
453.0,0.21927963960636132
460.0,0.18256053358921565
468.0,0.19184115901824755
477.0,0.17454783755504977
487.0,0.22095627716399377
491.0,0.22179703457840116
499.0,0.1690356392652316
507.0,0.20572818619383262
514.0,0.17082702796992258
522.0,0.18870125886375416
536.0,0.1808705528406766
544.0,0.1806287313856587
552.0,0.20744885385055176
560.0,0.17369310694755918
569.0,0.19860597122486365
578.0,0.20651952862718478
586.0,0.18836334649659872
600.0,0.20136842209121691
610.0,0.19821185522038562
620.0,0.1969057843503864
627.0,0.22499297418103734
638.0,0.20732689146365946
650.0,0.2145147838267979
658.0,0.16753782519479055
667.0,0.2132978414995389
675.0,0.16137988398083947
686.0,0.16464894077876016
693.0,0.1963086438847557
698.0,0.1615855499347165
705.0,0.21263561209366144
714.0,0.19077384127560315
723.0,0.21894169699709493
733.0,0.2391229471262238
740.0,0.18226412935758546
747.0,0.17555271253832538
755.0,0.19526017833599815
763.0,0.1697909904596417
770.0,0.18271235158365276
779.0,0.19021504185507465
784.0,0.1483665202278616
791.0,0.14403520932028702
799.0,0.18605391562039894
807.0,0.17446610022662062
814.0,0.22369148227128202
823.0,0.21507195554959482
828.0,0.16361973306902833
836.0,0.1981583200011146
847.0,0.2109684858721825
856.0,0.19321048435768348
865.0,0.1776311204879459
873.0,0.22968627847701437
880.0,0.18059933383174104
889.0,0.2064137117246342
897.0,0.18772656972463667
905.0,0.178078694457192
916.0,0.19981434040977508
925.0,0.2161958575411117
932.0,0.20969462899706692
943.0,0.20067238731603246
951.0,0.22411344707447328
958.0,0.14617524171159674
965.0,0.1629692387834535
970.0,0.18463349539245644
978.0,0.18874252149167237
990.0,0.15972306448875268
997.0,0.171503596859107
1002.0,0.17855270280136726
1010.0,0.18384966377372597
1019.0,0.18484666723692428
1024.0,0.18497132160048657
1031.0,0.20188834401447142
1039.0,0.17293603351058773
1045.0,0.17483495967379095
1053.0,0.21740035453773673
1065.0,0.21068363239337956
1070.0,0.2083816923705779
1076.0,0.1906616722467666
1080.0,0.19102004526657124
1091.0,0.2093407095319569
1098.0,0.20755972186272212
1105.0,0.20851461616057823
1109.0,0.21575431488256663
1117.0,0.1759577739083214
1124.0,0.2062663211863759
1132.0,0.15387729714252446
1140.0,0.21179459270708392
1146.0,0.12383092399112494
1150.0,0.182668936803089
1158.0,0.22015508570543213
1162.0,0.18144972080098945
1169.0,0.15964023334637073
1176.0,0.13684775228990081
1186.0,0.16395681438639975
1194.0,0.18800522012307241
1201.0,0.19332677138285825
1208.0,0.17707995968999027
1216.0,0.1942193187019002
1228.0,0.18463874970514493
1237.0,0.18678526373829923
1241.0,0.19727529973489363
1253.0,0.2041536801245301
1258.0,0.16787632387682178
1266.0,0.15239715715700936
1273.0,0.2135426109333049
1283.0,0.193671993659778
1288.0,0.16286218343616715
1296.0,0.19636860148239035
1304.0,0.22455134694505047
1315.0,0.15905047015546273
1323.0,0.1557008703686972
1331.0,0.19028438567558725
1339.0,0.1495145390448923
1344.0,0.20929454584598853
1348.0,0.17968621416470765
1359.0,0.20498621873845677
1367.0,0.1873858537383151
1375.0,0.14742843111525852
1382.0,0.1840511845764072
1390.0,0.1890162945163131
1402.0,0.189118531162556
1410.0,0.2048807020537599
1418.0,0.10446604685139875
1427.0,0.21805920912840185
1435.0,0.19910497505181374
1443.0,0.22428266018293727
1450.0,0.20443278741929027
1459.0,0.1904074455884802
1470.0,0.20535884195315424
1474.0,0.19184165576183007
1486.0,0.20365046768174236
1492.0,0.16702800206881682
1503.0,0.16465139529892578
1510.0,0.18429970907721685
1517.0,0.18587766074274475
1524.0,0.20254859505860157
1529.0,0.21055409668734779
1538.0,0.16571660453916393
1549.0,0.19952582535578225
1558.0,0.21149140444383577
1566.0,0.1950904409221126
1573.0,0.18250476063996351
1584.0,0.17531123658046666
1592.0,0.19102849608239764
1600.0,0.15937795178679098
1609.0,0.21021591252491134
1618.0,0.1728903280477184
1627.0,0.15979400978896968
1635.0,0.22566992744484726
1641.0,0.18710552178882936
1653.0,0.1376742132078107
1660.0,0.16141029442846463
1665.0,0.16535760661580473
1673.0,0.1724172932859456
1681.0,0.17969437293961935
1692.0,0.1997217335613754
1701.0,0.18224975673792013
1709.0,0.19018630591463712
1718.0,0.1892042024261619
1726.0,0.1616506500816649
1731.0,0.2182735569238276
1738.0,0.14219362456011003
1743.0,0.21695974901865314
1748.0,0.16657829992796488
1754.0,0.1599891211378275
1760.0,0.1726193498493758
1766.0,0.24475815713313778
1772.0,0.21291099923983303
1780.0,0.21821013221237265
1789.0,0.20936714407720503
1798.0,0.16996563149751906
1804.0,0.2394884350243669
1816.0,0.1958217729950679
1825.0,0.1979582374432443
1833.0,0.2176998155507031
1840.0,0.20274307073730086
1848.0,0.19414441449195458
1852.0,0.18315667491649007
1861.0,0.19009132842073934
1868.0,0.1834199346382458
1876.0,0.22789663560464385
1883.0,0.20348218084689515
1891.0,0.21783002858872277
1895.0,0.189860924040118
1903.0,0.23365380594171611
1912.0,0.19860706238890427
1923.0,0.2002523689145789
1934.0,0.20359897175740807
1945.0,0.18527374234143937
1951.0,0.22799611445929294
1958.0,0.2336192978251388
1967.0,0.15575228207115635
1974.0,0.22861594133818827
1982.0,0.20146843967357472
1993.0,0.22226525706004452
2002.0,0.18266003406138806
2009.0,0.21999712433678695
2015.0,0.16977232132484227
2026.0,0.2019462437265922
2034.0,0.1589629625576849
2038.0,0.17999077313265824
2046.0,0.19559345384099097
2055.0,0.18597933673982533
2061.0,0.17244053689532987
2066.0,0.2036315441387281
2070.0,0.21054960840880596
2078.0,0.24162343902313682
2088.0,0.16116696557879176
2097.0,0.1838476230818207
2104.0,0.16009104365483437
2111.0,0.21057495653053027
2123.0,0.1860569251937663
2131.0,0.19957177682708793
2137.0,0.17803704651798982
2145.0,0.18752244398714296
2153.0,0.16977417242053602
2162.0,0.1742277727634633
2168.0,0.16372002663720184
2176.0,0.2076231523254725
2184.0,0.1628756216921413
2192.0,0.1954361999271019
2200.0,0.16802361104433733
2211.0,0.16108388922198227
2220.0,0.18057361464209887
2228.0,0.19229203287862867
2236.0,0.18215083756431052
2248.0,0.14197990920565054
2253.0,0.20645361053821928
2261.0,0.19976274831572038
2269.0,0.23189219782144763
2276.0,0.20155144818705711
2284.0,0.16976642806475506
2290.0,0.21450312646908762
2294.0,0.19182357661480692
2298.0,0.21942556862631757
2305.0,0.20762217547808692
2312.0,0.16045200566946427
2320.0,0.17836237853573172
2332.0,0.1999644056147439
2339.0,0.2027960470759774
2343.0,0.15080615448219067
2351.0,0.1954214151762751
2356.0,0.18115629998143257
2364.0,0.21120658783106
2375.0,0.2100738140800919
2383.0,0.22239562282569889
2392.0,0.20327849523687452
2401.0,0.18663979327005936
2410.0,0.20601828872958824
2418.0,0.1894282175177732
2425.0,0.19227575106926248
2430.0,0.1783603342197352
2438.0,0.16353619087744806
2443.0,0.21073884463181042
2450.0,0.20713282087896562
2456.0,0.21046103596822402
2463.0,0.19812563985093054
2471.0,0.10579285933581149
2480.0,0.16671574439013703
2488.0,0.15810092837573
2497.0,0.19311673425484388
2505.0,0.19247914607989428
2513.0,0.19291601174615902
2518.0,0.1337519658758477
2525.0,0.24263338410020652
2532.0,0.23453562495413113
2541.0,0.15634237086297145
2552.0,0.1659899766525941
2561.0,0.16983525111006634
2573.0,0.21163658539838975
2579.0,0.1343421488567706
2586.0,0.19727207748743847
2600.0,0.20914633223254858
2608.0,0.2394459490633027
2612.0,0.19235252361729502
2616.0,0.195375739372564
2622.0,0.19343547060349228
2630.0,0.21246825898175734
2638.0,0.20927453230801318
2643.0,0.1978152198037389
2649.0,0.18247300143406978
2657.0,0.18651182270749816
2663.0,0.21074843624954065
2670.0,0.2109418716730132
2681.0,0.18213484073793457
2690.0,0.1957033657827172
2699.0,0.22172384808138554
2707.0,0.2713971736870864
2721.0,0.21872904903131854
2729.0,0.22566975452891488
2736.0,0.1969379846559168
2745.0,0.15756781301722372
2754.0,0.22171005725368295
2763.0,0.17896566125581434
2775.0,0.21409210442054222
2783.0,0.16058481991904433
2792.0,0.19953446991805301
2797.0,0.22016267138767986
2801.0,0.17582198502751756
2808.0,0.2091390872943599
2814.0,0.21365992918619892
2822.0,0.19155605702723205
2829.0,0.21493928872135945
2839.0,0.18213848251560452
2850.0,0.20813258204298649
2859.0,0.14415395993839544
2865.0,0.1874422216450878
