,3
2.0,0.16858529393180008
9.0,0.17746735629746221
16.0,0.18358446109580673
21.0,0.19208390323883479
29.0,0.19620185827776732
36.0,0.15409670309810533
42.0,0.1948576911579459
50.0,0.16115724510706117
58.0,0.19478607673518006
62.0,0.18693573431131424
68.0,0.23031016975188978
72.0,0.15336911015494983
80.0,0.1971285806212439
87.0,0.19145417153250305
96.0,0.1417838918916658
101.0,0.18360558117895562
105.0,0.2167216559020651
116.0,0.20686000010685418
121.0,0.15934937428388027
125.0,0.22343433894605913
133.0,0.2337831695598631
141.0,0.19703922278685493
146.0,0.23159880763017668
153.0,0.18929532299488688
164.0,0.14362007566004606
169.0,0.24869905125087166
176.0,0.2274834051630438
187.0,0.2266149012187204
194.0,0.18137738606482753
200.0,0.21201756600064164
208.0,0.1918943325616902
215.0,0.1905390293193867
219.0,0.12188207900622255
230.0,0.23841877862461605
237.0,0.22181148567226222
248.0,0.23456305506776368
258.0,0.24249120139975058
266.0,0.18911519087702616
273.0,0.19306356636013333
277.0,0.23457299093886363
285.0,0.27936142068215175
289.0,0.18672970389719928
298.0,0.2226702890378007
307.0,0.2266669000523201
315.0,0.1519567232540061
321.0,0.2768568242972223
333.0,0.22458139831744994
340.0,0.24307962614015188
344.0,0.2142541806813121
352.0,0.1844988752271184
357.0,0.21637706452153105
362.0,0.23831795970591052
371.0,0.21241059615706034
377.0,0.1349522030018824
386.0,0.2362094521655283
397.0,0.277671210202633
401.0,0.18528396425183186
409.0,0.20837576555751058
417.0,0.23557515516133423
424.0,0.22328412640827583
432.0,0.24482593346627426
441.0,0.24938864820088363
453.0,0.23657642977415624
460.0,0.1443128814070474
468.0,0.2313057630007106
477.0,0.22853285868859888
487.0,0.1829559751657728
491.0,0.2226244657933898
499.0,0.1838488193195253
507.0,0.21712388321996876
514.0,0.23086417283141294
522.0,0.22596210998536298
536.0,0.21313418960965314
544.0,0.2221289195972241
552.0,0.1830382189667828
560.0,0.1663506579827647
569.0,0.22184451077460982
578.0,0.22612263919747802
586.0,0.2377857378326065
600.0,0.21880234635885298
610.0,0.20875085835170462
620.0,0.22694119505637744
627.0,0.19745448647892164
638.0,0.20300836089465454
650.0,0.18971727156320736
658.0,0.2844703529138093
667.0,0.18888089801182872
675.0,0.15530216997674307
686.0,0.2285754575957889
693.0,0.2429947826402263
698.0,0.1628773212323425
705.0,0.23595884034261852
714.0,0.19550969114231134
723.0,0.27654721802864596
733.0,0.24934441771031116
740.0,0.15751693040796458
747.0,0.21723139873942546
755.0,0.17212338853829964
763.0,0.2268031539465668
770.0,0.14184381973921373
779.0,0.22781902834665815
784.0,0.17729245048736672
791.0,0.14953009155403146
799.0,0.18430608515591831
807.0,0.20291299147611028
814.0,0.2179281326053382
823.0,0.1979524840050156
828.0,0.20557333524140775
836.0,0.1821534650119862
847.0,0.22458607380253456
856.0,0.15823761459419747
865.0,0.13097975682578175
873.0,0.18535710793790694
880.0,0.19260432954872653
889.0,0.23521709883832104
897.0,0.23166101986879323
905.0,0.1796408528492735
916.0,0.1694682696949116
925.0,0.22860517995744076
932.0,0.23577185268693024
943.0,0.21189181888196199
951.0,0.23257826971244466
958.0,0.17290959920050492
965.0,0.18253231120933622
970.0,0.22759091906965848
978.0,0.20514100481461284
990.0,0.16928279445167954
997.0,0.24998351885707054
1002.0,0.20677691150911137
1010.0,0.13331547441082148
1019.0,0.1892265291438679
1024.0,0.22080664980660378
1031.0,0.22926230192995056
1039.0,0.23027496123838878
1045.0,0.20316013675850517
1053.0,0.20608580147839362
1065.0,0.19281355078923793
1070.0,0.21823405028930024
1076.0,0.19167761428899285
1080.0,0.26042064714743374
1091.0,0.22236244476299943
1098.0,0.19284450297171618
1105.0,0.19893650829671766
1109.0,0.21256260159533505
1117.0,0.1986699961032942
1124.0,0.19084718257453204
1132.0,0.16197176632430624
1140.0,0.16620907522178524
1146.0,0.16408481134588354
1150.0,0.23824698044671536
1158.0,0.23217677315129126
1162.0,0.1673218016806186
1169.0,0.21135017324140806
1176.0,0.21184344748822875
1186.0,0.17916585782555644
1194.0,0.2360923293378224
1201.0,0.21596480700045276
1208.0,0.2667182743931335
1216.0,0.17999088896475487
1228.0,0.19498575744437474
1237.0,0.17783442754680207
1241.0,0.19718964276205125
1253.0,0.2692425498740684
1258.0,0.21223444020415042
1266.0,0.22285386347516883
1273.0,0.20984231599252506
1283.0,0.2502690255312845
1288.0,0.18714856542968053
1296.0,0.22198218570784342
1304.0,0.2199775058226326
1315.0,0.18834584319077002
1323.0,0.18324028164568343
1331.0,0.18900428162848956
1339.0,0.14063641551259823
1344.0,0.24928959195127426
1348.0,0.15597677981353966
1359.0,0.20076731946069226
1367.0,0.2354283761632761
1375.0,0.19059334134883535
1382.0,0.21762970398096484
1390.0,0.1936966859981488
1402.0,0.1575625684203279
1410.0,0.16783495444689212
1418.0,0.15014500339764444
1427.0,0.2455105584271046
1435.0,0.2179556119004264
1443.0,0.17727605577581823
1450.0,0.23677533656668598
1459.0,0.17217873270243203
1470.0,0.21035781471267745
1474.0,0.21730974358936456
1486.0,0.23826443950613097
1492.0,0.1853964441589154
1503.0,0.18824405896272134
1510.0,0.18315273980638833
1517.0,0.2225497153995729
1524.0,0.1964861833422922
1529.0,0.18953315567523613
1538.0,0.17488837527460185
1549.0,0.1664466927340631
1558.0,0.1864329482018194
1566.0,0.1764544990805158
1573.0,0.1915023657628358
1584.0,0.2137800422570807
1592.0,0.2010058255729074
1600.0,0.18858353146082135
1609.0,0.2287072350743682
1618.0,0.19767804270241704
1627.0,0.20424555890848883
1635.0,0.2604969770778497
1641.0,0.21307454851447633
1653.0,0.12844845697538085
1660.0,0.2421639718058404
1665.0,0.21288481223462877
1673.0,0.17679174114160762
1681.0,0.11842872621542132
1692.0,0.16129685224113743
1701.0,0.2131206261278915
1709.0,0.22629401587248146
1718.0,0.2271453498322692
1726.0,0.18893999249208024
1731.0,0.21560255361907554
1738.0,0.24837799945700378
1743.0,0.1894661506519544
1748.0,0.20899219034092628
1754.0,0.16909436540889913
1760.0,0.2023338126526099
1766.0,0.2091926943651034
1772.0,0.22546411105913267
1780.0,0.18594889106793497
1789.0,0.17939554547528086
1798.0,0.1764066280476274
1804.0,0.22397566811447464
1816.0,0.21067329847074698
1825.0,0.20894296933876055
1833.0,0.24090215332329185
1840.0,0.2177119883162253
1848.0,0.17711239507630305
1852.0,0.1277505815766233
1861.0,0.18176173668648393
1868.0,0.18816204398815065
1876.0,0.23005693653463452
1883.0,0.1788996327924852
1891.0,0.14912186195340513
1895.0,0.19197447759312264
1903.0,0.24130352256085827
1912.0,0.19796731270366855
1923.0,0.15648610515474218
1934.0,0.21725616925394164
1945.0,0.11806583406784962
1951.0,0.19519246029574486
1958.0,0.2102317392844992
1967.0,0.15649533208247593
1974.0,0.22636621934255116
1982.0,0.22823534401189122
1993.0,0.19615678550751262
2002.0,0.1796566801917686
2009.0,0.17308969910132965
2015.0,0.21096853018526426
2026.0,0.24370987764147858
2034.0,0.21073766253780687
2038.0,0.22461655760224744
2046.0,0.20980190777768468
2055.0,0.2061358312677146
2061.0,0.1978593707067796
2066.0,0.21653736527294615
2070.0,0.24372783067590323
2078.0,0.19778343922307978
2088.0,0.2477660797580327
2097.0,0.24140247751676522
2104.0,0.14398899533885123
2111.0,0.22152949244214687
2123.0,0.23458162952890343
2131.0,0.16110245657658362
2137.0,0.20005948868032053
2145.0,0.22609558628630025
2153.0,0.20080613211080764
2162.0,0.1865533867203702
2168.0,0.13990524998950649
2176.0,0.1654812575394302
2184.0,0.15899583183210464
2192.0,0.20879641316283384
2200.0,0.23493576296468363
2211.0,0.18975028023088805
2220.0,0.22065702060366166
2228.0,0.22243072140488843
2236.0,0.2328715857040577
2248.0,0.17891574438878016
2253.0,0.20000585511468852
2261.0,0.19507412774847813
2269.0,0.22484553433531282
2276.0,0.17990386747754428
2284.0,0.205431268808168
2290.0,0.15817957804290148
2294.0,0.2275442235029392
2298.0,0.1942077688503737
2305.0,0.20534249588678594
2312.0,0.21275878023625489
2320.0,0.2178024916509502
2332.0,0.24113481202638035
2339.0,0.2533102099194143
2343.0,0.1547949084918244
2351.0,0.2117822817918199
2356.0,0.23176131927207277
2364.0,0.17605219815920123
2375.0,0.19023285655285205
2383.0,0.12892175981838966
2392.0,0.15220198362761045
2401.0,0.17523254987752243
2410.0,0.21716443189961213
2418.0,0.20711436301396796
2425.0,0.23187920139458248
2430.0,0.16192614896561558
2438.0,0.22613516847466633
2443.0,0.2072506861183142
2450.0,0.23058832676722563
2456.0,0.15708730067186433
2463.0,0.21260451520669413
2471.0,0.12148561295756401
2480.0,0.2293052057685011
2488.0,0.15779025304340163
2497.0,0.23936615489652405
2505.0,0.19973928143729192
2513.0,0.14724880394168005
2518.0,0.16292596976326895
2525.0,0.21816043467031507
2532.0,0.20958962496031738
2541.0,0.18540726986891262
2552.0,0.2049193145448383
2561.0,0.1804694839383413
2573.0,0.22283461297649332
2579.0,0.16084596338461318
2586.0,0.2325436765209593
2600.0,0.16254774640529704
2608.0,0.2367941218950095
2612.0,0.2705116281559123
2616.0,0.15882809489174463
2622.0,0.16586824981437287
2630.0,0.22286880504948356
2638.0,0.18544597268510438
2643.0,0.2422497228442801
2649.0,0.1941116730998746
2657.0,0.19456691225119296
2663.0,0.2294712413520095
2670.0,0.22679665188721643
2681.0,0.1945427126748735
2690.0,0.2228061908347349
2699.0,0.23684712881903502
2707.0,0.2179793172108919
2721.0,0.18564081296784696
2729.0,0.22711098288912795
2736.0,0.1810887843105094
2745.0,0.1894045278415113
2754.0,0.20513303255095272
2763.0,0.2176061545876093
2775.0,0.20752752206315242
2783.0,0.1617811708668369
2792.0,0.2646571467278415
2797.0,0.2192909712629571
2801.0,0.19865514980806384
2808.0,0.19915845451214637
2814.0,0.20330291943616605
2822.0,0.15716082679048854
2829.0,0.179018990065516
2839.0,0.21475590319945212
2850.0,0.21480215384453955
2859.0,0.18356576055644264
2865.0,0.2175273009486877
