,3
2878.0,0.23058696281762797
2886.0,0.20858176769700645
2894.0,0.21659042696586328
2902.0,0.21335886347885985
2910.0,0.16716088989480976
2914.0,0.23841202369748374
2921.0,0.21270801630752226
2925.0,0.1918583554453817
2934.0,0.20316673800636675
2943.0,0.21786654714684994
2952.0,0.1868620724890585
2960.0,0.23018681078131062
2974.0,0.1856147470633352
2985.0,0.13834612817258682
2993.0,0.2018608622029619
3002.0,0.14524163536020213
3006.0,0.15246162048891637
3012.0,0.23031112619077548
3020.0,0.17154906021649405
3029.0,0.21015989061108706
3036.0,0.23823699981609062
3043.0,0.13778775135395177
3050.0,0.1873367281084843
3058.0,0.23431065032480447
3065.0,0.23599752130821747
3070.0,0.2081850216262013
3077.0,0.20755019787306594
3089.0,0.1694960287311791
3093.0,0.19109087946158143
3102.0,0.1457751442443384
3113.0,0.17918278284884076
3125.0,0.22625435833926075
3129.0,0.17840783793599363
3133.0,0.23735181230937805
3141.0,0.1989930524800065
3147.0,0.23515435505124316
3159.0,0.18272845405254043
3167.0,0.2406714769093023
3175.0,0.20862083311381976
3183.0,0.181058957484306
3195.0,0.20181914460981365
3203.0,0.21053629578992142
3215.0,0.12885500480314277
3226.0,0.21548963604843022
3236.0,0.20395716232342015
3240.0,0.18347723101430122
3249.0,0.1317456990716976
3257.0,0.19051503038950393
3265.0,0.2780482861087916
3277.0,0.2262253674298342
3285.0,0.1896600644461866
3299.0,0.21701053923584548
3308.0,0.19287963201785807
3312.0,0.2152326750364463
3317.0,0.19891341000614088
3326.0,0.17761989687228646
3332.0,0.22345970732216117
3339.0,0.17427710545075364
3348.0,0.20657480672587622
3356.0,0.16783554114469923
3365.0,0.22262531951587747
3372.0,0.25796734400676374
3377.0,0.18374979808050088
3382.0,0.20041204860731648
3388.0,0.22387137491939618
3393.0,0.19168167705087205
3401.0,0.1715647885399536
3409.0,0.1605864473622919
3416.0,0.26487509614278604
3421.0,0.23664704673822512
3430.0,0.21785508562729713
3438.0,0.14386428152838654
3446.0,0.1393626428075569
3455.0,0.12341347555977647
3464.0,0.16244990144679636
3472.0,0.2395631918618089
3476.0,0.21664240101710533
3480.0,0.17162466686452107
3487.0,0.1914019981851567
3494.0,0.24922624258191933
3501.0,0.19472919830909935
3510.0,0.22072294005770982
3516.0,0.1526703560967675
3527.0,0.23026371826513173
3534.0,0.20008119559183982
3541.0,0.21633791511827277
3550.0,0.22569840027757362
3554.0,0.16809072966123595
3563.0,0.22897579312728286
3572.0,0.19928941517295287
3579.0,0.18103054341118485
3584.0,0.21291341722489707
3594.0,0.21429478239791713
3602.0,0.2186158408270602
3610.0,0.18487550145117546
3616.0,0.20479727056629668
3624.0,0.21453024081614822
3635.0,0.206527731074685
3639.0,0.20352160267010702
3643.0,0.2324367394155877
3652.0,0.2507852165094007
3659.0,0.13453468322348971
3667.0,0.23272593863579055
3675.0,0.25881954396820694
3683.0,0.22166801987437726
3695.0,0.20018258303835593
3704.0,0.2633293282299012
3708.0,0.10701267123823134
3712.0,0.20423373132777597
3719.0,0.16496298902518508
3725.0,0.19490779991100146
3736.0,0.22345090085922412
3745.0,0.03311955781495383
3749.0,0.22018218855973995
3753.0,0.16834008162125427
3762.0,0.19137803725260819
3769.0,0.21355199893461793
3774.0,0.23501656646336552
3781.0,0.24432080685619323
3786.0,0.19578097418745008
3792.0,0.22089033311969272
3799.0,0.17626267892450143
3810.0,0.22891531400534743
3818.0,0.21835501892272863
3829.0,0.17140935045477732
3838.0,0.23020338105925653
3845.0,0.21101286277345838
3856.0,0.17099295916365403
3861.0,0.20129029897559933
3869.0,0.1748113972071033
3875.0,0.21560011880904392
3880.0,0.20038596103167228
3884.0,0.23060560154583615
3889.0,0.20390063460552826
3896.0,0.2751476900639828
3907.0,0.23864855648940222
3912.0,0.26230333860591504
3919.0,0.14682000390959218
3928.0,0.17311797224464168
3935.0,0.1940535256801126
3943.0,0.2011663129255985
3950.0,0.2204398397571842
3959.0,0.21565968326289758
3964.0,0.19031094336214688
3968.0,0.20483509201534691
3973.0,0.21529730808800462
3981.0,0.20091434794528942
3989.0,0.19348642776574318
3995.0,0.21772561617473787
4003.0,0.19210317036642077
4011.0,0.20446977368100788
4016.0,0.2101606325645257
4027.0,0.17495661840494284
4034.0,0.19647780231145137
4042.0,0.18818975500373505
4051.0,0.18425890441111098
4058.0,0.21745642418295041
4065.0,0.20170794616799503
4071.0,0.16713427291088687
4076.0,0.20639771001785823
4081.0,0.2037097263627314
4093.0,0.24717639806275302
4101.0,0.21786647023710642
4115.0,0.23127456662031462
4122.0,0.24902719115318717
4126.0,0.14125519419065985
4133.0,0.1925923545557135
4137.0,0.2237882058968601
4142.0,0.17834300851585477
4148.0,0.18341442336931352
4157.0,0.19481752203934785
4162.0,0.21006445071723925
4171.0,0.22166380839121644
4180.0,0.16193319876926307
4187.0,0.2317033012139361
4191.0,0.2484611352566756
4196.0,0.20039445930152244
4205.0,0.19761692813901635
4214.0,0.21376142478889415
4222.0,0.18672315110259316
4230.0,0.19680805097967402
4241.0,0.22359850775558218
4248.0,0.24175346663826838
4256.0,0.15789763903185763
4267.0,0.17946247218388614
4272.0,0.21786447619182
4281.0,0.1831175273629771
4288.0,0.1836532715623402
4295.0,0.20524153333266304
4304.0,0.2209680076450209
4311.0,0.2729694331200879
4316.0,0.16579324868248554
4325.0,0.2127526386563491
4329.0,0.2181889066474751
4335.0,0.16739257817927658
4344.0,0.2020108028482947
4351.0,0.23372844711050114
4359.0,0.19284754634506301
4363.0,0.2127638548025095
4374.0,0.20817093608676535
4388.0,0.23298537777052022
4397.0,0.20833545742305945
4402.0,0.23464511448149072
4410.0,0.16150174136267553
4414.0,0.16354343265376375
4418.0,0.21525737773479398
4427.0,0.19172727087935493
4432.0,0.23644407097615303
4437.0,0.22006552228799794
4449.0,0.2510719405916659
4460.0,0.17833545139527493
4467.0,0.21643448013325947
4473.0,0.1865283755008539
4480.0,0.20109542966183155
4491.0,0.17206438348487665
4499.0,0.23131555833172862
4508.0,0.12364004838264948
4516.0,0.23970789903293147
4525.0,0.20057456468801022
4534.0,0.16064580914199475
4542.0,0.19991204500137236
4550.0,0.17136877321717073
4555.0,0.2520420148327236
4565.0,0.21570781398546865
4572.0,0.20325811721567283
4579.0,0.14963338893212644
4590.0,0.13266729997765134
4598.0,0.2456406628626092
4609.0,0.23992968311307164
4614.0,0.19615443519606673
4620.0,0.21745616611993554
4626.0,0.2070519478581129
4634.0,0.22937547037467723
4643.0,0.22309063276063718
4651.0,0.176080904542526
4655.0,0.19590345866828532
4666.0,0.1565017170367019
4677.0,0.24221352197207668
4684.0,0.19915136545130951
4692.0,0.1512984359353577
4701.0,0.22384476089610694
4710.0,0.24627386575588417
4717.0,0.21684998288343782
4724.0,0.2442301414418585
4728.0,0.2039420429417084
4737.0,0.16274700873405445
4745.0,0.19185590929708066
4753.0,0.20002278589632458
4762.0,0.21434046973772175
4771.0,0.2256919656197136
4779.0,0.19957977737624644
4787.0,0.23738163427696377
4792.0,0.22593114882631357
4799.0,0.21709916320345019
4807.0,0.2104780864202869
4815.0,0.22568518782112332
4822.0,0.17851587648490677
4830.0,0.12847366864018722
4838.0,0.22776167761333793
4846.0,0.1508859910551291
4854.0,0.16727469968706576
4861.0,0.23591435254778778
4875.0,0.20147437788112463
4883.0,0.20200576036142207
4892.0,0.2034708538333959
4899.0,0.19831357182541914
4910.0,0.18138477396399552
4917.0,0.1858406985789118
4931.0,0.19456158815056263
4938.0,0.2068160452437117
4942.0,0.17374963766534815
4951.0,0.16891541120032683
4959.0,0.22327067823041952
4965.0,0.17169590514280206
4974.0,0.19877239760660342
4983.0,0.19427182464539297
4992.0,0.2356516715956543
5001.0,0.2260325747989708
5010.0,0.20593997910760303
5017.0,0.21999446120297061
5026.0,0.22345254898830216
5031.0,0.22523186303128853
5039.0,0.2161706130214452
5046.0,0.2130759501900192
5052.0,0.1848227156201505
5057.0,0.21109629616106604
5066.0,0.2521595078894297
5077.0,0.18518764862832476
5089.0,0.2521791016932389
5097.0,0.19654164766374657
5106.0,0.209064193473296
5113.0,0.19915401765905477
5121.0,0.16951306617402773
5128.0,0.19869636767203916
5133.0,0.21486282619749186
5141.0,0.19351779534638902
5152.0,0.23604122158172336
5160.0,0.18789316991201244
5171.0,0.1886971704360996
5182.0,0.2191187038221123
5189.0,0.17350689630040347
5196.0,0.20022642734884227
5204.0,0.2106202328957577
5211.0,0.13339776288497093
5218.0,0.22414310789685515
5225.0,0.2279711746281048
5234.0,0.18401794181028608
5243.0,0.23468995684756142
5247.0,0.19985346262848003
5258.0,0.189386122839116
5267.0,0.2191258981357106
5274.0,0.17876269422157642
5281.0,0.20242261829733735
5287.0,0.11999601050258557
5298.0,0.1965581800662629
5305.0,0.2152749888633088
5309.0,0.238518174732144
5323.0,0.2299610659978998
5334.0,0.2067508237419186
5342.0,0.19252673041346177
5346.0,0.2209205380182103
5360.0,0.2277292186477239
5368.0,0.17965578696429552
5376.0,0.1994695048683942
5384.0,0.1777087985462575
5396.0,0.25966213705700697
5410.0,0.16196085917788536
