,6
2.0,0.1922401059203963
7.0,0.18987391891073074
12.0,0.15671428324307543
17.0,0.14517755662155038
22.0,0.1881467291336753
32.0,0.19364563113092792
39.0,0.1783901327343279
43.0,0.19478152984552458
52.0,0.17033631180106346
60.0,0.20218508691179338
67.0,0.19545458585358655
78.0,0.18948610962776807
85.0,0.13725916443813913
93.0,0.17104384261787353
99.0,0.17150893670440662
106.0,0.17320783283128238
114.0,0.18101662407767846
125.0,0.19469147796062644
133.0,0.16420959163851734
139.0,0.20758156730269753
145.0,0.18722779554041546
152.0,0.18942634285052812
160.0,0.18789054235878433
167.0,0.18147986792772794
174.0,0.19189338075591758
184.0,0.1755541759906051
198.0,0.1900058409779989
209.0,0.1680950419408772
215.0,0.1774660926207061
223.0,0.18732445528050923
232.0,0.17700857539029016
239.0,0.1824738152840401
247.0,0.18475002892947517
254.0,0.19849856886199294
262.0,0.2011254958053961
267.0,0.18889626103571344
278.0,0.1721265230393934
287.0,0.1763353067352113
294.0,0.18202063955148676
301.0,0.1696084208530007
306.0,0.16784561492220706
314.0,0.17278268315293083
318.0,0.19431360978941065
326.0,0.1848400847573657
333.0,0.16186882833792193
340.0,0.1828231616616493
348.0,0.17192528601298165
352.0,0.17395189370732722
359.0,0.1710483247784482
367.0,0.18048852133718757
374.0,0.18431887252627052
381.0,0.19577536351362781
388.0,0.22156802064330286
396.0,0.19345829601589085
401.0,0.1567018951063296
405.0,0.17659433308313302
413.0,0.2023936199536995
421.0,0.18081456426079315
430.0,0.19158321816267068
438.0,0.19954046270843684
450.0,0.1815307713384217
456.0,0.1634973832829841
461.0,0.19630345373563524
470.0,0.18738485781405304
478.0,0.15825314120737677
489.0,0.17432373665401985
497.0,0.18554967796598248
502.0,0.19317106912226473
509.0,0.16931213421388458
514.0,0.1640453006724538
519.0,0.17481781801304322
527.0,0.19436458308156376
536.0,0.22380049879190095
544.0,0.17402494919967018
553.0,0.16847842444462346
560.0,0.16827821965224343
565.0,0.18188926894170543
576.0,0.18632238262878079
587.0,0.16626764605646166
595.0,0.19252074353819626
603.0,0.1889226865153387
611.0,0.1720579452764165
622.0,0.17714864764424362
633.0,0.21791916659031002
640.0,0.18056795296062242
644.0,0.1800362683071783
655.0,0.17913075240930887
661.0,0.18416355716905156
665.0,0.1937461985132336
676.0,0.16771174649448245
680.0,0.1969292912348476
689.0,0.20496904492896226
695.0,0.18921553276824765
706.0,0.17446721451279643
713.0,0.1601092770346165
721.0,0.18109612195633337
728.0,0.16789889158865182
736.0,0.1752304076313682
743.0,0.18586298715282715
750.0,0.1722465017741562
761.0,0.20172001043233462
768.0,0.1889414735407439
776.0,0.18519866704210908
783.0,0.18308525983815782
790.0,0.17026194361510683
799.0,0.200111267790924
806.0,0.18537369090665046
811.0,0.17558796501389462
818.0,0.17867650346650218
830.0,0.17954911903765866
840.0,0.18952386872514793
851.0,0.18814855295024083
856.0,0.16765353511087186
864.0,0.1789704939153228
873.0,0.18000147352221058
881.0,0.17354099619029714
888.0,0.18798445999619462
895.0,0.18918079691713982
903.0,0.18964157873622814
907.0,0.19957767219711328
914.0,0.1378633892632698
925.0,0.15403462943991664
934.0,0.18519788904656978
941.0,0.1788146402249666
952.0,0.1736555177034721
