,3
958.0,0.1593479805066985
965.0,0.22351831332216957
976.0,0.21485390068328117
983.0,0.2563493470733914
990.0,0.25710133622851555
997.0,0.23107548823155505
1005.0,0.23678739166661972
1014.0,0.16359978091997684
1025.0,0.22957835362145806
1031.0,0.12100651495895028
1040.0,0.2308998727602135
1051.0,0.1817871199891022
1060.0,0.18345789377325047
1068.0,0.1647237057635464
1077.0,0.22449905731580005
1086.0,0.21473528463128028
1097.0,0.24857252743834518
1108.0,0.14977814467767508
1119.0,0.2366670563979739
1128.0,0.20628510387732238
1136.0,0.2355906157338658
1142.0,0.23553351783578763
1153.0,0.24891720068082118
1162.0,0.26174237904531333
1168.0,0.21273906593296038
1177.0,0.2434783392871173
1185.0,0.18996542955827442
1194.0,0.11671026553686877
1206.0,0.2305236584365788
1213.0,0.25918670053986753
1217.0,0.22156202067626554
1228.0,0.1921935771162051
1239.0,0.2171805424155638
1247.0,0.2783387528115163
1258.0,0.2362799199292662
1265.0,0.2215181645557465
1275.0,0.16726177859680294
1284.0,0.20877633955785166
1293.0,0.18733498238847543
1304.0,0.19300850499927977
1313.0,0.18583783509442584
1318.0,0.2246182206307858
1329.0,0.21484775692682928
1340.0,0.2290740357511927
1349.0,0.19827934031601316
1357.0,0.20867929586991033
1362.0,0.18425113175199687
1368.0,0.23624068767063935
1379.0,0.23844009935198787
1387.0,0.21756398433594606
1391.0,0.22829099689618643
1402.0,0.1910230742899139
1408.0,0.19084589133700755
1417.0,0.17341845410656254
1425.0,0.2472082572551206
1430.0,0.22791272393184947
1441.0,0.2134330119715333
1448.0,0.17932195143593735
1453.0,0.22646096056161974
1460.0,0.1953517636524874
1464.0,0.21709804807474217
1471.0,0.19449813288001297
1479.0,0.18102829919005972
1487.0,0.25681879720368145
1493.0,0.19023783665621186
1501.0,0.21900901963721864
1510.0,0.18746352166461552
1521.0,0.21630630284894767
1532.0,0.22713807239315567
1539.0,0.2948060406675715
1546.0,0.24963193219338536
1553.0,0.18050947921630775
1559.0,0.21105672710857512
1570.0,0.2256944702305818
1579.0,0.19263643537311892
1591.0,0.23924209350520279
1598.0,0.23315133725385148
1606.0,0.22324892415440153
1614.0,0.22723210957841963
1623.0,0.1909109335027516
1634.0,0.20106083618557086
1643.0,0.1949970456680822
1648.0,0.22600589248064476
1652.0,0.21011002193528583
1661.0,0.10136603341636966
1668.0,0.17990449059693722
1680.0,0.2335744028894623
1688.0,0.17884509603308466
1697.0,0.21348565681442894
1702.0,0.2110487624657356
1709.0,0.24518854772391355
1717.0,0.15659830103270647
1725.0,0.1776524662341877
1733.0,0.22035699394418592
1741.0,0.20116077510753935
1745.0,0.22384767204581052
1752.0,0.25182521264482605
1758.0,0.24186083112588314
1765.0,0.19098415452744172
1773.0,0.1984798195019485
1787.0,0.22339596911035167
1796.0,0.1517735993124942
1800.0,0.1709206186768511
1814.0,0.21007643282647936
1822.0,0.20306470214587255
1830.0,0.21719688280325197
1838.0,0.20326455168539437
1847.0,0.18797541907176402
1858.0,0.1985836780997002
1866.0,0.20386784379292724
1874.0,0.20652594624519255
1878.0,0.1475545535141748
1886.0,0.04783909902383945
1890.0,0.19477525887221592
1896.0,0.19548435222930557
1904.0,0.1746890263935197
1913.0,0.18845698265083202
1924.0,0.2404233943569881
1932.0,0.18676736327179966
1941.0,0.13448618764613846
1950.0,0.2183179468822414
1961.0,0.2399014742009884
1966.0,0.19409188744751507
1975.0,0.23578274801550334
1984.0,0.2632532997110323
