,5
2.0,0.15974166482615856
7.0,0.2042699633279226
12.0,0.20737848458762936
17.0,0.16002528344885678
22.0,0.16981360125507236
32.0,0.20269683442849248
39.0,0.14506268748252701
43.0,0.1865872007761925
52.0,0.20002299053190048
60.0,0.1523619001570971
67.0,0.19717695983917904
78.0,0.2063288195437674
85.0,0.19341940002333033
93.0,0.19232887137802382
99.0,0.21274836940169028
106.0,0.19311803527494167
114.0,0.209270920569665
125.0,0.2178919123040778
133.0,0.18003852097862372
139.0,0.20569670683183258
145.0,0.20086053227963407
152.0,0.16638797658054605
160.0,0.1852421876485524
167.0,0.21118798100836064
174.0,0.20305903309814766
184.0,0.19734571352655478
198.0,0.20167376439017518
209.0,0.18913170975209773
215.0,0.18925547605214574
223.0,0.18701278636624613
232.0,0.21600684906796908
239.0,0.20217708173965185
247.0,0.19578706779183516
254.0,0.19586685915181076
262.0,0.20815744428880362
267.0,0.21531465682570708
278.0,0.1852818408727503
287.0,0.20441982140425538
294.0,0.1959171784556312
301.0,0.1860522919464289
306.0,0.20517415680502502
314.0,0.20899739682941534
318.0,0.20538070883506823
326.0,0.16737094579445144
333.0,0.20776940031058572
340.0,0.22349988723496547
348.0,0.20015064741462016
352.0,0.20686365937447476
359.0,0.18978490259043537
367.0,0.2049791622660946
374.0,0.2105784026290071
381.0,0.20853854720869777
388.0,0.202737488706863
396.0,0.21954149358166794
401.0,0.1710071104059923
405.0,0.2022658579116381
413.0,0.21293833575830548
421.0,0.18460443801312326
430.0,0.22798811570668062
438.0,0.21025125061229258
450.0,0.20172310262604115
456.0,0.21493479525666154
461.0,0.19265175823086597
470.0,0.1938020295841755
478.0,0.12788510682657603
489.0,0.20300943845420516
497.0,0.16948171626518838
502.0,0.19932227970585845
509.0,0.21698484129174514
514.0,0.20587339937619628
519.0,0.2018037096770485
527.0,0.2102732573148197
536.0,0.1683211241683626
544.0,0.18329076918933732
553.0,0.20627181904508668
560.0,0.23155988622439802
565.0,0.19359855622647415
576.0,0.1840445617079497
587.0,0.19600822867227632
595.0,0.17142056576969553
603.0,0.223516882797534
611.0,0.19428330522136014
622.0,0.19166928317218157
633.0,0.20346745097499108
640.0,0.18024624595193392
644.0,0.20500850550319846
655.0,0.210523446508573
661.0,0.20317443811979377
665.0,0.12908842632897777
676.0,0.19983834668836603
680.0,0.19473577535494194
689.0,0.22643737466270647
695.0,0.20783498841624248
706.0,0.2017178215292354
713.0,0.2172145427213054
721.0,0.1863977731651654
728.0,0.18516896294793048
736.0,0.19773555647828175
743.0,0.19947775013635885
750.0,0.1958789870161619
761.0,0.20321046227104764
768.0,0.21094186598466935
776.0,0.19942163089515855
783.0,0.1758622967456759
790.0,0.1941339627685077
799.0,0.21497818179479108
806.0,0.2002919508841367
811.0,0.18943478876689873
818.0,0.1763718194709971
830.0,0.211164746128824
840.0,0.19249625310722915
851.0,0.21704633244328825
856.0,0.18285224009395745
864.0,0.18840177079832054
873.0,0.16740268378772769
881.0,0.19598844390718287
888.0,0.17122313541984155
895.0,0.2129509801547549
903.0,0.19042687810598471
907.0,0.17545711944739428
914.0,0.12747255989126832
925.0,0.1661719071360071
934.0,0.23929553795718167
941.0,0.20596500930114037
952.0,0.21593031303732146
