,4
958.0,0.13024134039454607
965.0,0.2464143172138281
976.0,0.1914359208564566
983.0,0.21024615493351062
990.0,0.23976587152735088
997.0,0.1912687137397777
1005.0,0.23618286027631674
1014.0,0.16939790052374384
1025.0,0.22528124961104792
1031.0,0.12077285885481637
1040.0,0.21679547871870075
1051.0,0.15858019415809488
1060.0,0.21097175337292473
1068.0,0.23236415520044879
1077.0,0.19922629128957084
1086.0,0.1937489969035454
1097.0,0.19442461494065424
1108.0,0.19291341617214658
1119.0,0.17364969285671777
1128.0,0.2027273357528242
1136.0,0.21698496501531597
1142.0,0.14496411385828414
1153.0,0.19787645850804694
1162.0,0.19156881444847842
1168.0,0.17529701644406276
1177.0,0.21679959406238736
1185.0,0.19261192241169597
1194.0,0.15257355165580286
1206.0,0.22756758723273576
1213.0,0.19855017440258682
1217.0,0.19584633940757964
1228.0,0.20712791369555705
1239.0,0.23589339565369508
1247.0,0.2003593880632292
1258.0,0.20065493534547396
1265.0,0.1892294030870044
1275.0,0.18891937733547975
1284.0,0.16591096140956696
1293.0,0.17832935342837497
1304.0,0.16792049390555666
1313.0,0.17043630014913727
1318.0,0.209980928873886
1329.0,0.1850032156149301
1340.0,0.18765892128053968
1349.0,0.17588299017385434
1357.0,0.19288478614842525
1362.0,0.22814978444889258
1368.0,0.18679211875376994
1379.0,0.1626445912827454
1387.0,0.20350692319854405
1391.0,0.1741921168172155
1402.0,0.1378923875142934
1408.0,0.18424202610650292
1417.0,0.19547488231665777
1425.0,0.17512100363586597
1430.0,0.17947902701326054
1441.0,0.21324980398793833
1448.0,0.2135350583654084
1453.0,0.2256140490305876
1460.0,0.23904884998015474
1464.0,0.19360303734101153
1471.0,0.1965778698591907
1479.0,0.20017992191269804
1487.0,0.185157952455695
1493.0,0.19810849891033086
1501.0,0.1966616845292698
1510.0,0.14298375144072395
1521.0,0.16640979067799158
1532.0,0.21642245452495631
1539.0,0.2318093939496853
1546.0,0.2199203673759153
1553.0,0.15278523844049655
1559.0,0.20957487800758764
1570.0,0.24128075564702472
1579.0,0.17598817158507063
1591.0,0.18844500342978202
1598.0,0.18655534970504462
1606.0,0.22407919492300316
1614.0,0.1894606755382096
1623.0,0.14953929280643713
1634.0,0.1569782346374676
1643.0,0.16546760844661906
1648.0,0.20713079874269724
1652.0,0.193624866615319
1661.0,0.09850428997349875
1668.0,0.20963805507242228
1680.0,0.2386204424388583
1688.0,0.1799332555532949
1697.0,0.20430029649596756
1702.0,0.2226302398762686
1709.0,0.17902714990900082
1717.0,0.16804846541181093
1725.0,0.1613060191180057
1733.0,0.18511563960529961
1741.0,0.18637903561366337
1745.0,0.19848406320395712
1752.0,0.22491281098232013
1758.0,0.21616902900663165
1765.0,0.1887683792029497
1773.0,0.20997886554815412
1787.0,0.18383865822303921
1796.0,0.17012916489815044
1800.0,0.20913772569190026
1814.0,0.1935835848930104
1822.0,0.23283997481683283
1830.0,0.21472732371438524
1838.0,0.2039512449564353
1847.0,0.21647066878751686
1858.0,0.14876778913170097
1866.0,0.2133410972806648
1874.0,0.23290380150808845
1878.0,0.17857610044973593
1886.0,0.07766268073949181
1890.0,0.17994200682984718
1896.0,0.19513695372305676
1904.0,0.1766394945885964
1913.0,0.18031557577445229
1924.0,0.22752678641059693
1932.0,0.13770710506638084
1941.0,0.14909729300417918
1950.0,0.20624913472994147
1961.0,0.20415239673029673
1966.0,0.19362612791697265
1975.0,0.20270034641367027
1984.0,0.2383017262557621
