,4
2.0,0.18494298923160296
7.0,0.1970689736523542
12.0,0.1773581157732646
17.0,0.13063470541646574
22.0,0.16741968791282322
32.0,0.18639762110833602
39.0,0.1690956877652188
43.0,0.20066524655291007
52.0,0.20076947475493845
60.0,0.1669801467913727
67.0,0.21750608434858731
78.0,0.16808407978745402
85.0,0.22540431855489773
93.0,0.20763685095337045
99.0,0.20159451568147793
106.0,0.2007536765753613
114.0,0.2176941517798514
125.0,0.20817862201520454
133.0,0.18866157053964497
139.0,0.15426226704019314
145.0,0.20861339669647827
152.0,0.2046996853070325
160.0,0.22903886798336648
167.0,0.19255039429916282
174.0,0.2221813519688108
184.0,0.24605486557570186
198.0,0.1836960242088209
209.0,0.18748186942062067
215.0,0.2045977569867987
223.0,0.21772690487585536
232.0,0.21719189072960618
239.0,0.22868726697610095
247.0,0.2146836130176746
254.0,0.21633465712290886
262.0,0.16640293706170975
267.0,0.2057711522254432
278.0,0.1803325275422561
287.0,0.1682447947394338
294.0,0.20895828811259406
301.0,0.26069632552696526
306.0,0.20010258001106962
314.0,0.2044856183032094
318.0,0.22857650486625924
326.0,0.22050175608563508
333.0,0.13346225525144645
340.0,0.23913590949795224
348.0,0.17261516392276818
352.0,0.167802889440492
359.0,0.192382926885778
367.0,0.18610221134110805
374.0,0.16638269603887149
381.0,0.19340513923124494
388.0,0.21882400454928824
396.0,0.19292143428175607
401.0,0.25343854388229103
405.0,0.19505822085084457
413.0,0.22045902589673236
421.0,0.2004217307840114
430.0,0.16151138703431095
438.0,0.24092409694980646
450.0,0.20283885769904078
456.0,0.23849466171795455
461.0,0.16495402969026438
470.0,0.19513088592531386
478.0,0.11503755055721979
489.0,0.13229315570533914
497.0,0.2580095961688769
502.0,0.17019885496899242
509.0,0.16859171558449593
514.0,0.22525077856604114
519.0,0.23089788740233974
527.0,0.20963316593941358
536.0,0.19292866413370313
544.0,0.1634731566106277
553.0,0.19412438330443207
560.0,0.1602368364156989
565.0,0.16972393528545737
576.0,0.22213794429774938
587.0,0.14221952067077157
595.0,0.16330395208918672
603.0,0.13793830909147123
611.0,0.18326929571132464
622.0,0.17176501171031874
633.0,0.19291168416713203
640.0,0.18939941015011683
644.0,0.20114459741088864
655.0,0.21177231975725375
661.0,0.19830124572763286
665.0,0.1823762160556359
676.0,0.1945826803309869
680.0,0.17097556505358683
689.0,0.22436608496724306
695.0,0.18205638658483528
706.0,0.17911820163258554
713.0,0.18529004307980795
721.0,0.2358188227419871
728.0,0.1936992707960558
736.0,0.19070142894244657
743.0,0.16886001037121642
750.0,0.21521208944837922
761.0,0.20949758686753658
768.0,0.19988582367586594
776.0,0.19651048315170522
783.0,0.20437001108163588
790.0,0.15198753694990827
799.0,0.19090033217977717
806.0,0.2452792454983638
811.0,0.18772597025001883
818.0,0.20335330421539383
830.0,0.16878431894649917
840.0,0.19920418764973843
851.0,0.20005963902732132
856.0,0.2113675287200977
864.0,0.19121070175187993
873.0,0.20948122407638745
881.0,0.19048141671634664
888.0,0.19775254859338848
895.0,0.18803291996962082
903.0,0.1656089932009376
907.0,0.2044702743631183
914.0,0.1424972470850963
925.0,0.19029765988825836
934.0,0.1716149381729709
941.0,0.14709246546386373
952.0,0.21593031303732146
