,4
1806.0,0.2178766786625848
1812.0,0.17192948193988877
1822.0,0.13642166302243788
1830.0,0.1966516514489561
1835.0,0.1348301961536638
1842.0,0.20280998673261025
1849.0,0.19302394932425848
1857.0,0.20718500318761846
1864.0,0.18232706935133722
1875.0,0.18335815140318054
1883.0,0.1792243097030344
1892.0,0.185280685157425
1898.0,0.21444124065665024
1905.0,0.14389025390243979
1912.0,0.1576018117076296
1918.0,0.13536557493064208
1926.0,0.17306467491058952
1936.0,0.2094160899084892
1946.0,0.14701467667617268
1960.0,0.17091617741720194
1966.0,0.15762998195254369
1974.0,0.18515198912559586
1981.0,0.18106738961380225
1992.0,0.18801243582339264
1999.0,0.1774151826432332
2006.0,0.18663782346089575
2015.0,0.16515195247219355
2019.0,0.19471019923960875
2027.0,0.22663383209558863
2034.0,0.15747112134007243
2043.0,0.18220042196486005
2050.0,0.2050119913249633
2055.0,0.21636525409001517
2063.0,0.19955608970358435
2072.0,0.2069822524872137
2086.0,0.19097781684834048
2097.0,0.17154737533595754
2109.0,0.19005424625188053
2117.0,0.19572645695053295
2121.0,0.1902310487883561
2126.0,0.2008770061538484
2134.0,0.2014748118843688
2142.0,0.1616970941212689
2150.0,0.23744650638027073
2159.0,0.1848300968479213
2165.0,0.20033105899132334
2174.0,0.1658089848811945
2186.0,0.15398330345006198
2194.0,0.18369871489445339
2200.0,0.15011954211104514
2207.0,0.17102656664353974
2216.0,0.1725581324656178
2224.0,0.2017079836083628
2234.0,0.15378934942646202
2241.0,0.19693612745161668
2248.0,0.196478427230559
2256.0,0.15993081344653326
2266.0,0.21036244559835443
2273.0,0.1750477504675622
2282.0,0.1775844236431317
2294.0,0.2067209695384345
2304.0,0.1800347638238546
2308.0,0.16369157938801657
2314.0,0.1765251863483059
2322.0,0.1663951713148068
2331.0,0.18922262478708538
2339.0,0.20241720090780135
2347.0,0.1796390049151027
2355.0,0.17791068331745286
2362.0,0.1646117097629893
2369.0,0.16721963507131776
2379.0,0.18539182387643405
2387.0,0.21141756087277075
2395.0,0.18470902543841877
2403.0,0.16913679332305495
2407.0,0.13746599240816335
2415.0,0.172378025144536
2427.0,0.17277381805622538
2434.0,0.1963690690706342
2442.0,0.17560181932409602
2450.0,0.1980553018068082
2455.0,0.18305013947781693
2464.0,0.17164708299426581
2472.0,0.1761701719025462
2481.0,0.17575703066089765
2493.0,0.12746951417446956
2497.0,0.15011038915307748
2506.0,0.15887241337596575
2514.0,0.2048778977417573
2520.0,0.17240203132989593
2529.0,0.1862904339376515
2538.0,0.18156068874510767
2546.0,0.1738325729616425
2552.0,0.18815635632376512
2557.0,0.12930623398652766
2567.0,0.12276140860565671
2578.0,0.13526598317835112
2586.0,0.13205905662518588
2590.0,0.20013394443467186
2604.0,0.18403116155026977
2611.0,0.15894246376435733
