,6
2.0,0.18147945313132405
7.0,0.15012573235321344
13.0,0.1754233797079488
19.0,0.1653017701470814
24.0,0.1749772015211087
31.0,0.1484021773410177
38.0,0.1656810659846796
49.0,0.1746045847919069
58.0,0.1890535394795374
67.0,0.2030058818992139
75.0,0.1674810902483024
82.0,0.17803225105729725
90.0,0.17743299881940294
99.0,0.1937178459261002
108.0,0.19770967726460312
113.0,0.16291524353501066
121.0,0.18284974665336998
128.0,0.1647872978624819
136.0,0.19315017758529923
143.0,0.17994627183911482
151.0,0.16713781635552583
160.0,0.18007849450339694
164.0,0.18627808102610088
172.0,0.16674214873824775
180.0,0.19298932759330314
189.0,0.17090157121755914
194.0,0.17441549440991938
200.0,0.1955797214186746
209.0,0.18895274337288312
217.0,0.15551557897928758
222.0,0.15892961875445427
229.0,0.18788181519587405
237.0,0.17668397363252136
244.0,0.18330918410029573
251.0,0.19439420160622334
260.0,0.2053812207880572
264.0,0.18932583596107355
272.0,0.17202800160281964
277.0,0.19114990026548187
288.0,0.1626459438278887
297.0,0.1833694845415784
307.0,0.16824852076758842
313.0,0.18243180098867384
324.0,0.18605105945425612
332.0,0.15373240870597804
337.0,0.191001106426261
343.0,0.18762640429570082
347.0,0.18036718293337506
355.0,0.18466348711278938
359.0,0.1756661228639118
364.0,0.15860124810738838
372.0,0.1916312490034471
383.0,0.17430995985411563
389.0,0.16355522838069228
397.0,0.19534720635946753
403.0,0.16157620914005527
410.0,0.17703226925318508
415.0,0.18098780848151935
423.0,0.20137809218120867
428.0,0.18564558633140787
432.0,0.18023475393438576
440.0,0.1824764834992231
451.0,0.1865563438063616
456.0,0.17773873492879033
460.0,0.16549771815874448
466.0,0.16166327387838628
475.0,0.16582992743217256
482.0,0.17287435262477274
491.0,0.16980949643414867
500.0,0.172437944496504
506.0,0.1697178630917638
517.0,0.16830201656212967
525.0,0.1813684533948737
534.0,0.17047253898062495
539.0,0.1911573632999714
543.0,0.14525889322492913
554.0,0.17633081835413045
562.0,0.1748441919447661
570.0,0.19606787230258663
579.0,0.19442067328047336
590.0,0.17188999685326226
596.0,0.17016948277328284
604.0,0.17550061313723825
608.0,0.14788878689835305
612.0,0.18204388275807218
620.0,0.1696581210049975
625.0,0.1732580965000994
633.0,0.17672112685565297
642.0,0.17700293708631684
651.0,0.18150425346787544
665.0,0.1649604753488394
669.0,0.19288022255173393
676.0,0.16280276804036362
683.0,0.1590808408057157
687.0,0.17998806169928386
691.0,0.16623172169954506
696.0,0.16895139173508417
701.0,0.1637948929645651
707.0,0.18664959498758152
716.0,0.17368461045593153
724.0,0.1662128335844911
731.0,0.16236205507692744
739.0,0.1639571797765521
747.0,0.15736006601119154
752.0,0.18475788725707118
758.0,0.19236780626821273
765.0,0.15662257995716666
774.0,0.18335667458073437
782.0,0.16127943997420416
793.0,0.17050751927933944
804.0,0.18480938736323013
813.0,0.17198531784219517
821.0,0.17068592224010304
828.0,0.18561640016253778
836.0,0.1717489720255898
845.0,0.1777955912352716
853.0,0.17160433834377437
863.0,0.17762302021823304
872.0,0.16245404216620074
879.0,0.18483298848994892
887.0,0.15617589898714793
893.0,0.164241465785994
902.0,0.19209967876960632
909.0,0.16337928675497002
914.0,0.16750434551579316
922.0,0.17206052264585645
930.0,0.17084919632296194
941.0,0.1630428941399611
950.0,0.18072778109205062
955.0,0.18908559409851788
962.0,0.1649626248221998
971.0,0.1452080035706222
977.0,0.1903978265992479
986.0,0.16481872724718752
993.0,0.18509809922202516
