,4
2.0,0.1811794581420814
7.0,0.21648418794654778
13.0,0.1950301484595142
19.0,0.17848486808344466
24.0,0.2159113555884102
31.0,0.17026003985133523
38.0,0.2294532530248513
49.0,0.18471386689301256
58.0,0.17500838420588874
67.0,0.18870365941496992
75.0,0.20204729232738278
82.0,0.17406665544809452
90.0,0.20140536926148483
99.0,0.21382938852524766
108.0,0.20983906446914066
113.0,0.17376981521639157
121.0,0.21805707062673044
128.0,0.18342260323638784
136.0,0.2010061225495189
143.0,0.1893166979223285
151.0,0.19826576718099265
160.0,0.2273867245268809
164.0,0.17899434775483217
172.0,0.16330515085227784
180.0,0.18992600736061824
189.0,0.18914878496329374
194.0,0.20252923371307596
200.0,0.2012447903675504
209.0,0.18387953107874924
217.0,0.1934566984804795
222.0,0.19837885232760788
229.0,0.15934115396468992
237.0,0.16528308636042546
244.0,0.14585774571906743
251.0,0.1749214262850609
260.0,0.16562884426164345
264.0,0.1893073177263092
272.0,0.19558912389920322
277.0,0.19048904737052577
288.0,0.18595319134128735
297.0,0.22965523689485565
307.0,0.21321295080964434
313.0,0.16556143426023062
324.0,0.21205440379557453
332.0,0.16578673414944953
337.0,0.1890456020049317
343.0,0.1804524310373923
347.0,0.18841997272566266
355.0,0.19302391324456838
359.0,0.24080923246022676
364.0,0.18171005851035765
372.0,0.20038972785107
383.0,0.22121794016053914
389.0,0.2142646215275996
397.0,0.16825102443625545
403.0,0.23477184120287617
410.0,0.20113575144288162
415.0,0.212440882014177
423.0,0.16657186501880208
428.0,0.20999934655385682
432.0,0.20810873902737603
440.0,0.17596901064367515
451.0,0.2023486119117835
456.0,0.15489651055905565
460.0,0.21211293674566195
466.0,0.19734516005180067
475.0,0.20214138170083593
482.0,0.19394734266593117
491.0,0.18838780404809005
500.0,0.1886645785353469
506.0,0.1616943174872977
517.0,0.1900959289742812
525.0,0.18326848979469626
534.0,0.20511689831826532
539.0,0.1684499053893901
543.0,0.16534030176340844
554.0,0.20940183129759002
562.0,0.20990920566411508
570.0,0.19608220640227375
579.0,0.11914863994339829
590.0,0.18886281148088296
596.0,0.17979146319142247
604.0,0.178050179840712
608.0,0.21553189791406785
612.0,0.17061243073040933
620.0,0.18146271866439626
625.0,0.18438994371351883
633.0,0.21040818512381115
642.0,0.19324641821975028
651.0,0.21741978268994466
665.0,0.22034004626546483
669.0,0.1879126491664715
676.0,0.1818536996225194
683.0,0.19068632214553868
687.0,0.1141862767239695
691.0,0.2281111824342129
696.0,0.16534911323270574
701.0,0.21667932922895483
707.0,0.1789916611769352
716.0,0.21177510650647252
724.0,0.21332238634476533
731.0,0.208351695127921
739.0,0.2130420285084475
747.0,0.19859500820345544
752.0,0.18520098942872903
758.0,0.18959149228148917
765.0,0.21404428925052446
774.0,0.13757707930230062
782.0,0.18631476001311872
793.0,0.14634374956941731
804.0,0.20123882229529877
813.0,0.18485107114127322
821.0,0.21546412178462154
828.0,0.18211465210000863
836.0,0.19359364791862307
845.0,0.20719227124075615
853.0,0.19836285577492094
863.0,0.20681079657075163
872.0,0.18137995942468882
879.0,0.19503837485572761
887.0,0.1894726604296145
893.0,0.16740512656125792
902.0,0.19584880808409186
909.0,0.2033095142325965
914.0,0.1891763688033551
922.0,0.11274987238946152
930.0,0.18627464848901412
941.0,0.12740062824127701
950.0,0.17409621507833165
955.0,0.22178163116171265
962.0,0.18722962715409008
971.0,0.22168341287200224
977.0,0.18487497880442724
986.0,0.2366953272960831
993.0,0.17825975254362902
