,3
1998.0,0.20893210214734645
2005.0,0.1651256058380199
2014.0,0.1863504394337508
2019.0,0.2472794754137525
2027.0,0.19660025716415952
2036.0,0.14545668323423488
2042.0,0.132470665375866
2049.0,0.1396568607454595
2056.0,0.2180332068119649
2063.0,0.15137347359814607
2067.0,0.22682889285494207
2075.0,0.2819273344287738
2079.0,0.2092054513207004
2084.0,0.23633468469460178
2091.0,0.17880354623227449
2095.0,0.1674618576446113
2104.0,0.17585136587271816
2111.0,0.21872034494986842
2117.0,0.20940619329946233
2125.0,0.17842948738276854
2133.0,0.20551603230049287
2141.0,0.14970875493195612
2147.0,0.2197625649734707
2159.0,0.22926432849961276
2166.0,0.20356467929749114
2173.0,0.22645883853781884
2181.0,0.21471685661068868
2186.0,0.13936041616349118
2197.0,0.2190662979763357
2204.0,0.2173428922197514
2208.0,0.1398670902812978
2217.0,0.20686335208391213
2229.0,0.14653045934959275
2237.0,0.21256293529658593
2244.0,0.2528492613384098
2251.0,0.16899202140250602
2258.0,0.17347193014354775
2269.0,0.22302027398902713
2277.0,0.16455817487279192
2285.0,0.2485082343328581
2297.0,0.20716080253096067
2303.0,0.20980095869088886
2308.0,0.1986876205858168
2316.0,0.17823609887471809
2323.0,0.29101154915536137
2331.0,0.21222094779837208
2338.0,0.21893278919246392
2346.0,0.2706561038420965
2350.0,0.19061064155618576
2359.0,0.2319395547585656
2366.0,0.18762273132195206
2373.0,0.1611494506395525
2381.0,0.11805634648158803
2389.0,0.19007719254170394
2393.0,0.2208048275719149
2401.0,0.16897908980064535
2415.0,0.1557073043874108
2423.0,0.2250247783827568
2430.0,0.24505029522140648
2435.0,0.23414149159064288
2439.0,0.19674725977441926
2448.0,0.22909371722209826
2457.0,0.1936027099342326
2465.0,0.2223657438522685
2477.0,0.22878732085239745
2485.0,0.2388647088918486
2496.0,0.1959446303129688
2504.0,0.2033921167644545
2515.0,0.2245775210037117
2522.0,0.19681121783648073
2530.0,0.24075236135746883
2536.0,0.219462035674459
2548.0,0.21281148686049794
2555.0,0.16042755686796836
2564.0,0.16267562819542492
2571.0,0.18160673420848852
2579.0,0.22866971850256518
2586.0,0.15811818208400716
2597.0,0.2254763159285075
2605.0,0.13181960164996975
2613.0,0.21206257391277702
2619.0,0.1418253414413735
2630.0,0.16310885051716034
2636.0,0.2363592183873274
2644.0,0.2323712020476077
2651.0,0.25823066797575484
2657.0,0.21795960727448524
2664.0,0.2639614806329467
2669.0,0.21076440593539328
2675.0,0.16516158117818636
2686.0,0.17793458299432205
2695.0,0.24382860065854978
2703.0,0.21932731875948505
2710.0,0.20649687340833353
2721.0,0.2616729110472856
2726.0,0.17489450431163764
2735.0,0.21577582027336636
2749.0,0.15379177158738622
2761.0,0.1711328588831328
2768.0,0.18677029774596116
2777.0,0.1654154597547597
2784.0,0.20674454243980703
2795.0,0.2288637963608023
2805.0,0.1718813335133231
2815.0,0.2161365992131501
2821.0,0.24122683064159675
2828.0,0.24075330846377396
2836.0,0.21929820482238727
2843.0,0.16476763506861145
2850.0,0.15988697513341987
2858.0,0.22283138296403604
2866.0,0.21066525178031179
2874.0,0.24557668703296567
2881.0,0.20382869037804877
2885.0,0.2561440905206045
2892.0,0.19198484645146727
2901.0,0.19385470683626252
2909.0,0.20011501209029242
2917.0,0.2116105250082223
2925.0,0.2200826926184352
2936.0,0.22143800540070677
2944.0,0.1722288923316813
2952.0,0.1904304171085525
2961.0,0.17470907718178136
2969.0,0.18002224892803992
2976.0,0.2303466155305383
2984.0,0.15869449568094277
2993.0,0.16440591545235939
3002.0,0.18546818729459372
3010.0,0.2297559423261326
3019.0,0.24560055579946788
3028.0,0.19600149857705904
3037.0,0.21219377311794343
3046.0,0.2542836773470478
3054.0,0.1967637406705755
3061.0,0.22524727350013873
3068.0,0.1782405206026506
3076.0,0.18127280154629286
3083.0,0.1420100372077184
3095.0,0.24872827494231498
3102.0,0.20678249822274553
3111.0,0.2879178673986834
3115.0,0.20373155942448232
3123.0,0.23058197247269482
3128.0,0.21653347810286822
3136.0,0.18571948870671354
3141.0,0.19361185626292518
3150.0,0.18449582478555243
3159.0,0.22673515006514888
3167.0,0.20531930852584976
3171.0,0.2351780953924255
3176.0,0.2395798485516053
3183.0,0.2291409570908116
3192.0,0.17299662143157796
3204.0,0.21922305124788483
3212.0,0.262425631250883
3221.0,0.18997461576375185
3227.0,0.20839898516349475
3233.0,0.18096547061883758
3238.0,0.11579193124947888
3246.0,0.18544001850583094
3253.0,0.19872308931664814
3262.0,0.18832863715903342
3273.0,0.2077981508034309
3277.0,0.20633365257630193
3285.0,0.15514241701367468
3294.0,0.2264591153128422
3301.0,0.2202494545570998
3308.0,0.1978868212448981
3319.0,0.15628477281614772
3327.0,0.2166578404110221
3336.0,0.22820283163097277
3341.0,0.1750008786496654
3349.0,0.23599885437871349
3360.0,0.24082268066636447
3365.0,0.2394914125612053
