,3
2.0,0.16832677230197865
7.0,0.21733876480054518
13.0,0.19092800590776854
19.0,0.18914241020470773
24.0,0.1861466356419533
31.0,0.2330078341408767
38.0,0.16402557333960166
49.0,0.1823731980292892
58.0,0.218688999883935
67.0,0.1694006648974301
75.0,0.1993688773209865
82.0,0.17483309726210644
90.0,0.19192510212225183
99.0,0.20856630762076986
108.0,0.2617096599717901
113.0,0.21520406830416122
121.0,0.24393502012489032
128.0,0.2154773109702627
136.0,0.18401896313687993
143.0,0.1723851301655736
151.0,0.23910225133289043
160.0,0.29088331859526717
164.0,0.20167778868643976
172.0,0.1679720936021024
180.0,0.2147644341733816
189.0,0.23064272246791612
194.0,0.2231223455591806
200.0,0.2204540921096978
209.0,0.19131751174444261
217.0,0.1858493763604691
222.0,0.2253016667671573
229.0,0.1631893677630678
237.0,0.24467239056870635
244.0,0.19021815702676625
251.0,0.2065672106508237
260.0,0.22542984774943103
264.0,0.2034940714823727
272.0,0.21945866226088853
277.0,0.20497781609025958
288.0,0.2501722726801852
297.0,0.21942758369344634
307.0,0.226260446336834
313.0,0.1758681356629149
324.0,0.17500101108192706
332.0,0.23020474313869277
337.0,0.17386954278357017
343.0,0.23809081636129942
347.0,0.2389937945718656
355.0,0.2127156151154798
359.0,0.18952534667160775
364.0,0.16409893695255195
372.0,0.22160201354979078
383.0,0.16540930644793356
389.0,0.2004734176275092
397.0,0.17594909656519925
403.0,0.21607905493760565
410.0,0.18925204188067532
415.0,0.23354326087805274
423.0,0.2457373478196576
428.0,0.20117860104497517
432.0,0.17197650489643937
440.0,0.14677887616919508
451.0,0.18883184802748604
456.0,0.22216643169295255
460.0,0.22099372628606667
466.0,0.2365815581844326
475.0,0.22990308111574703
482.0,0.1966674869519177
491.0,0.12116005705027727
500.0,0.17853620544813478
506.0,0.17013278969091106
517.0,0.1649579656375011
525.0,0.21725241951472174
534.0,0.21171314761988952
539.0,0.2977810709243038
543.0,0.17534579749600876
554.0,0.17095336428554522
562.0,0.17688540709701145
570.0,0.20346645791967502
579.0,0.13114729318417578
590.0,0.12120818820657103
596.0,0.2039178204789346
604.0,0.19793457977723497
608.0,0.19372508657509355
612.0,0.13474320705789736
620.0,0.22490000355557355
625.0,0.11905043903803113
633.0,0.11993926140621289
642.0,0.19838735122444134
651.0,0.2376050776604344
665.0,0.18799828057227924
669.0,0.24079454152821675
676.0,0.1961433333110084
683.0,0.2337113866024177
687.0,0.16679869151397467
691.0,0.22313122347333397
696.0,0.19612198781848242
701.0,0.23405982438546993
707.0,0.11837641814238152
716.0,0.18608223234420784
724.0,0.1824562296679962
731.0,0.19383969918112254
739.0,0.20658828912169355
747.0,0.22518690101283084
752.0,0.21635581318239291
758.0,0.2235840288609885
765.0,0.1893927180506754
774.0,0.1313817014592458
782.0,0.2279080210013169
793.0,0.11557978850062903
804.0,0.194754391645243
813.0,0.2148308230707698
821.0,0.15990344403203227
828.0,0.1708716280002461
836.0,0.23069465483476856
845.0,0.16848982551643993
853.0,0.2038637370556563
863.0,0.1832991092389399
872.0,0.219818996682903
879.0,0.19335470920532824
887.0,0.1924621340532309
893.0,0.22787629468100928
902.0,0.2184420374835767
909.0,0.18586572902373844
914.0,0.16439163857843728
922.0,0.11858035221024199
930.0,0.21031647964594724
941.0,0.1325701446579286
950.0,0.18352706250395706
955.0,0.20517395601075283
962.0,0.2354589034566553
971.0,0.1448416314912959
977.0,0.1168836831664766
986.0,0.20447104959055962
993.0,0.15909964420044992
