,5
2.0,0.18308172779586102
7.0,0.16042775844360907
13.0,0.17505989389562973
19.0,0.16748440342135526
24.0,0.17304761017470635
31.0,0.17375516338652686
38.0,0.16657867926394992
49.0,0.2006506036619283
58.0,0.17008004434480548
67.0,0.1765972988679511
75.0,0.1642135453982945
82.0,0.19572624120983784
90.0,0.1695467848032861
99.0,0.16958759271618498
108.0,0.22243480005794708
113.0,0.18360305949990036
121.0,0.17920017995125295
128.0,0.20751742408991994
136.0,0.1874119467831025
143.0,0.18172690833819213
151.0,0.196537399672758
160.0,0.17308847532319116
164.0,0.19150705240736318
172.0,0.17609493384866484
180.0,0.19857633168383676
189.0,0.1725319644378602
194.0,0.182464740844026
200.0,0.16120469628737977
209.0,0.18459635673699273
217.0,0.18383238780033861
222.0,0.19878509146828308
229.0,0.19946226932859318
237.0,0.18980196866580815
244.0,0.1839768365035468
251.0,0.18996330176480677
260.0,0.18868146110186443
264.0,0.14543227280562204
272.0,0.1832356657141953
277.0,0.19310425494114686
288.0,0.19958088018586212
297.0,0.20276079660737714
307.0,0.2018570465637324
313.0,0.16186666227173196
324.0,0.18052365029451278
332.0,0.19156967926338034
337.0,0.17972774532544009
343.0,0.16113872817279284
347.0,0.18559841757515974
355.0,0.19858311100559284
359.0,0.19276273009431694
364.0,0.180118191230963
372.0,0.20510892328788285
383.0,0.19964306024733408
389.0,0.18113648634772475
397.0,0.1635966402804455
403.0,0.1932669012237537
410.0,0.1930408792486285
415.0,0.18878998562466867
423.0,0.17214958083296014
428.0,0.18778904635981478
432.0,0.1932133858373604
440.0,0.1895735889896681
451.0,0.18526968212440723
456.0,0.17617288620447302
460.0,0.20221598600656313
466.0,0.1797838318801835
475.0,0.14984744445407222
482.0,0.1692787452597487
491.0,0.18414787000848176
500.0,0.19674708256771853
506.0,0.18672423716037267
517.0,0.16857100725745033
525.0,0.19608192340584205
534.0,0.17435694960183407
539.0,0.19190135870287897
543.0,0.1633624191855168
554.0,0.16738336790677824
562.0,0.17086983060027952
570.0,0.18684399161593698
579.0,0.1652329171672041
590.0,0.1901270639627847
596.0,0.1834453406638653
604.0,0.2049800156465218
608.0,0.1373519602482719
612.0,0.16310618230919308
620.0,0.18741856244192798
625.0,0.1853815941453577
633.0,0.1990173907330158
642.0,0.18955014067138082
651.0,0.20505088308412284
665.0,0.2038332768486879
669.0,0.19996943006420909
676.0,0.1750808016717263
683.0,0.18229770223528313
687.0,0.20250180279439098
691.0,0.18732106123352713
696.0,0.181041140146643
701.0,0.18258678434626957
707.0,0.1976978248890915
716.0,0.19367471570011574
724.0,0.18860122072610844
731.0,0.17251225645301216
739.0,0.19121144252602038
747.0,0.17525994506475187
752.0,0.16270405448717157
758.0,0.17961037414141273
765.0,0.1965193322504426
774.0,0.19184521778386093
782.0,0.19774618150952847
793.0,0.17459858335350156
804.0,0.1852245414337329
813.0,0.1903820586755437
821.0,0.17630960288140538
828.0,0.19245733717948071
836.0,0.18881014504379404
845.0,0.15652320398727182
853.0,0.19860852016335281
863.0,0.18010736497563148
872.0,0.16505268085122918
879.0,0.1722883996806917
887.0,0.18933112941399516
893.0,0.19643793199079396
902.0,0.1804297411491558
909.0,0.17715162056267247
914.0,0.1884331381676049
922.0,0.2067589937564423
930.0,0.1775596513529313
941.0,0.15201616128996623
950.0,0.1902624491016606
955.0,0.1864598389943942
962.0,0.1822228077569597
971.0,0.17577547629359128
977.0,0.18201817159869293
986.0,0.1923428940392816
993.0,0.22180832374072018
