,6
1998.0,0.17121334897731177
2005.0,0.1827815846913751
2014.0,0.18176906083936448
2019.0,0.18915350560614452
2027.0,0.1756924103927786
2036.0,0.17439284628360818
2042.0,0.18794442492504487
2049.0,0.17880803968186315
2056.0,0.1939059781044532
2063.0,0.185073705163229
2067.0,0.18181661813417452
2075.0,0.19911915323119111
2079.0,0.16731725173209747
2084.0,0.179313142497928
2091.0,0.23432546182098332
2095.0,0.17769959967513677
2104.0,0.1896074349366639
2111.0,0.17168657384784283
2117.0,0.18043143037527362
2125.0,0.16737564352359183
2133.0,0.17373613969370402
2141.0,0.15656811654213268
2147.0,0.18630534979793784
2159.0,0.1526175775549909
2166.0,0.17489769018794776
2173.0,0.17730843579597683
2181.0,0.18522533228242816
2186.0,0.19062136151803175
2197.0,0.1875009518687428
2204.0,0.16080462835955833
2208.0,0.2355096392643288
2217.0,0.20060974559825712
2229.0,0.14064130499338065
2237.0,0.17768231975471172
2244.0,0.21186085941132554
2251.0,0.18080753743732053
2258.0,0.19527874386623958
2269.0,0.14890201256619656
2277.0,0.17725199496679375
2285.0,0.17214864930183166
2297.0,0.179182950270833
2303.0,0.20072760303351742
2308.0,0.15874772692955913
2316.0,0.17508837835254984
2323.0,0.1747043261160975
2331.0,0.18299351641403466
2338.0,0.1809307838217561
2346.0,0.15893200681422606
2350.0,0.17625999880095006
2359.0,0.18653711455598684
2366.0,0.1940813559132438
2373.0,0.1790752915926039
2381.0,0.16799378731066553
2389.0,0.1759862712494425
2393.0,0.16699830712444289
2401.0,0.18003131278953546
2415.0,0.18518055297987907
2423.0,0.20450435892277388
2430.0,0.1893504757256459
2435.0,0.18512554348303076
2439.0,0.1787761651685249
2448.0,0.17843983547271347
2457.0,0.1784983141498341
2465.0,0.18497899863692374
2477.0,0.19997902931351258
2485.0,0.19122578552422315
2496.0,0.19175866191681787
2504.0,0.16112878167474176
2515.0,0.16994190357378414
2522.0,0.18684138167030884
2530.0,0.1794076089160125
2536.0,0.17465714535084412
2548.0,0.1839520693838954
2555.0,0.21652983268434314
2564.0,0.18824078753253262
2571.0,0.14651083079771213
2579.0,0.1879148850640903
2586.0,0.1876641099758619
2597.0,0.1694705547854795
2605.0,0.18229573871388255
2613.0,0.1756440540236319
2619.0,0.18833951506814398
2630.0,0.17139284048155665
2636.0,0.183566943402288
2644.0,0.18761890301191236
2651.0,0.1873044259198423
2657.0,0.20441845523512117
2664.0,0.16641053731184213
2669.0,0.174504278232514
2675.0,0.18735535210225696
2686.0,0.1621652496385647
2695.0,0.19528173806856253
2703.0,0.1722537061457121
2710.0,0.18368153706258816
2721.0,0.17312965551738738
2726.0,0.15389420970762024
2735.0,0.17984939045218767
2749.0,0.17703850055653683
2761.0,0.1655328747429398
2768.0,0.18442305103375264
2777.0,0.17340790050233204
2784.0,0.18736976213027573
2795.0,0.16413308339625773
2805.0,0.1604203846463095
2815.0,0.17266167861417844
2821.0,0.18526886685407065
2828.0,0.18967595403646512
2836.0,0.18779451346489262
2843.0,0.1831037693510765
2850.0,0.1847794765317614
2858.0,0.1836817732739911
2866.0,0.17777460237884168
2874.0,0.18600339412344485
2881.0,0.1635055781614009
2885.0,0.17695233338967692
2892.0,0.1892310442585898
2901.0,0.17767897151919046
2909.0,0.18830516151969706
2917.0,0.1701519932175776
2925.0,0.17948941958415046
2936.0,0.19020698511028042
2944.0,0.17062385132301028
2952.0,0.18880603927204528
2961.0,0.20414905103892306
2969.0,0.1881513859794693
2976.0,0.19492887158962321
2984.0,0.1587432924967458
2993.0,0.1672512152015715
3002.0,0.17555407466120831
3010.0,0.1598087948637179
3019.0,0.1906876216800143
3028.0,0.17675423177842933
3037.0,0.15472915725790617
3046.0,0.18400337475129017
3054.0,0.1636849784992509
3061.0,0.17676487286452663
3068.0,0.16240952605695014
3076.0,0.1741522981015173
3083.0,0.15948817047541258
3095.0,0.159848220129991
3102.0,0.17724953240073424
3111.0,0.17084395397599864
3115.0,0.17106415228075766
3123.0,0.18656873546007616
3128.0,0.19437308908042636
3136.0,0.16653742720282175
3141.0,0.18603570468691974
3150.0,0.18187738951483323
3159.0,0.17990720118080408
3167.0,0.1778388688579704
3171.0,0.15990421023543472
3176.0,0.15101727579284102
3183.0,0.1736765846429018
3192.0,0.1896181216705126
3204.0,0.1872740751563995
3212.0,0.1950600507661213
3221.0,0.18520068926866304
3227.0,0.18200132622489223
3233.0,0.18045834663515448
3238.0,0.192498826472447
3246.0,0.17669403443731513
3253.0,0.1653081243917385
3262.0,0.18074226478978037
3273.0,0.1776933364928743
3277.0,0.1561987716864135
3285.0,0.2104461881961456
3294.0,0.1799615911710085
3301.0,0.18451598143621595
3308.0,0.17681348192342575
3319.0,0.16931303470047196
3327.0,0.174013459765378
3336.0,0.18010858907695157
3341.0,0.17729654130213937
3349.0,0.16561652918136954
3360.0,0.1845942867710303
3365.0,0.18890724031041953
