,6
2.0,0.1903165785456193
8.0,0.16656128421153923
17.0,0.16716154024383992
26.0,0.17239416474319277
32.0,0.1789872562694983
41.0,0.16021013669395096
46.0,0.16289085024647235
57.0,0.17204925972491836
66.0,0.1681813197711253
77.0,0.2001819053628431
86.0,0.18154446701125396
94.0,0.18224646511897633
101.0,0.17663352677815464
106.0,0.180171737792796
114.0,0.1983443490939789
122.0,0.19303703964091515
126.0,0.18967036655178998
138.0,0.18521574803148017
146.0,0.18777793215648994
153.0,0.16209014523949652
160.0,0.1855887977753746
168.0,0.18597212155868345
175.0,0.16844525959772033
181.0,0.18067956097447926
189.0,0.2095481289500704
196.0,0.19757306297048874
206.0,0.15614249289486032
214.0,0.1846477073582479
222.0,0.18128010075941883
231.0,0.18497626991663726
239.0,0.19057457728514765
248.0,0.1999280333731741
259.0,0.1744131064595568
266.0,0.19513859022287355
277.0,0.16378883275789388
288.0,0.17963736871162592
292.0,0.1839693462509767
300.0,0.17853390897426052
307.0,0.15023191727248383
314.0,0.2190754720074483
321.0,0.19524919985783457
332.0,0.19660902648493708
340.0,0.16329837806090744
345.0,0.2094595797530401
354.0,0.17126906034936476
361.0,0.17481991231641997
366.0,0.16457394175682136
372.0,0.17435751034078253
383.0,0.18762312439030476
391.0,0.17267825407868231
398.0,0.21239210407620307
407.0,0.15857426696553684
415.0,0.1880836038339474
427.0,0.2116181112103952
432.0,0.16887439766448079
440.0,0.20651006965275379
450.0,0.20464159600492549
457.0,0.1841385180171806
471.0,0.20570589489185548
478.0,0.18167085360503654
485.0,0.2027353888980446
491.0,0.1860041650833525
500.0,0.19808603391552962
507.0,0.2127858857885961
515.0,0.17601725885974262
522.0,0.19391241935330447
531.0,0.1830848510860769
543.0,0.18211116549558556
551.0,0.18377485968105797
565.0,0.20087289706788236
574.0,0.18276408359068413
583.0,0.20215494186256364
591.0,0.17361665796020914
596.0,0.24003710771483913
604.0,0.1544945000481485
612.0,0.17719623906414333
618.0,0.1925347263194273
626.0,0.1917318579288613
637.0,0.18469407227869308
645.0,0.17838787121588598
654.0,0.18367072940835294
662.0,0.16587813962279876
672.0,0.19924724783678016
683.0,0.19008790919180946
689.0,0.2029425521503898
696.0,0.19621203659839842
703.0,0.17519282838395542
709.0,0.2007819195334188
718.0,0.1772092172067466
725.0,0.19782481596241963
733.0,0.19778043957156485
742.0,0.18604067707214508
749.0,0.19531081367843106
755.0,0.17511446150413285
762.0,0.1661911931372851
770.0,0.17155899697082796
778.0,0.17950718115515454
785.0,0.18847358963242536
792.0,0.16670582283883525
796.0,0.16549582011761155
801.0,0.15920064818530666
809.0,0.18840801228119114
817.0,0.20346222843024653
826.0,0.18381642919081073
832.0,0.19982377662666595
843.0,0.17232554299224367
854.0,0.19014415645877478
861.0,0.1645160602063746
870.0,0.18951397776283782
878.0,0.1731327770965614
883.0,0.19272199052191283
892.0,0.2078469804218128
901.0,0.18109476304993344
910.0,0.17819189283991935
916.0,0.20000156889330864
924.0,0.17754770062221975
932.0,0.19615557306226608
940.0,0.19537747530792002
948.0,0.17474684668951485
955.0,0.20232211276693607
964.0,0.1489920323118419
970.0,0.18451626049945957
979.0,0.17901668247377348
985.0,0.18814376646276795
994.0,0.1837477781769614
1003.0,0.18493610152423312
1011.0,0.17550000312812716
1022.0,0.18914143845738546
1029.0,0.17144653110834546
1037.0,0.1676168747961923
1048.0,0.163779286313338
1055.0,0.17695037732248645
1061.0,0.17034022346577213
1065.0,0.17935945812791332
1076.0,0.17346440631421334
1084.0,0.17180110372515847
1093.0,0.1752471022664266
1105.0,0.18942197040938738
1113.0,0.18129882427861183
1120.0,0.21037259313685805
1124.0,0.20349261262665383
1133.0,0.19101853857079254
1140.0,0.1932724967598194
1147.0,0.18883211771509026
1155.0,0.18546033769674483
1164.0,0.17598667400163429
1172.0,0.17058027454038455
1183.0,0.18773083025303142
1192.0,0.20752122214483654
1206.0,0.18941153022362978
1213.0,0.18491218511167964
1224.0,0.19388618305245892
1234.0,0.1772747313071173
1240.0,0.17703015774038236
1248.0,0.19753105038623633
1257.0,0.17818683449409875
1265.0,0.18729529990782126
1269.0,0.18615955466359668
1278.0,0.20756681720741885
1287.0,0.18779350567115838
1295.0,0.19064897713261075
1305.0,0.1794477599684163
1312.0,0.17826527108171558
1319.0,0.17108351825392218
1327.0,0.1991636623369106
1335.0,0.15496250182952542
1342.0,0.1894275593045579
1349.0,0.2185651051871099
1356.0,0.18965974635606933
1364.0,0.20829095754236887
1371.0,0.2139581942581553
1376.0,0.17215849002405684
1384.0,0.19433510491818834
1392.0,0.17578719084251196
1401.0,0.19433166947483954
1408.0,0.19007230983350948
1419.0,0.18860860667187945
1428.0,0.21294394466713226
1437.0,0.20665939194436947
1443.0,0.21787890155052608
1451.0,0.19170134927709714
1465.0,0.18347444169951876
1473.0,0.19917136033064903
1479.0,0.1923557349901451
1487.0,0.17682705337361346
1498.0,0.17760180551071011
1507.0,0.1975535535879011
1518.0,0.16652071765243795
1529.0,0.18805260199501955
1536.0,0.16678942669311025
1545.0,0.19526846147395308
1553.0,0.19863883867782048
1564.0,0.1838371039301589
1568.0,0.18603531391783193
1576.0,0.197847328418949
1584.0,0.19799775602259898
1592.0,0.2056811480520799
1599.0,0.1989406815662607
1606.0,0.17709221266320108
1614.0,0.18925105624729663
1621.0,0.18739401452542495
1629.0,0.17504160911560632
1636.0,0.16875299701128516
1643.0,0.19806830252132548
1654.0,0.19410492437905996
1661.0,0.17508785277535083
1670.0,0.18238144596674558
1675.0,0.1659453888889277
1683.0,0.17099546937533255
1691.0,0.17747250520489782
1700.0,0.18412421734295617
1710.0,0.2009102863308441
1714.0,0.18296299766951893
1723.0,0.19516617466010053
1732.0,0.17561193430257377
1739.0,0.183911696129695
1747.0,0.19105536244238905
1753.0,0.18524189131891036
1762.0,0.17970157726369435
1773.0,0.19077157031891515
1784.0,0.18042089127226374
1791.0,0.17674988104677433
1797.0,0.20219348267576884
1804.0,0.19112168122905873
1813.0,0.1610950310701436
1820.0,0.17999107681820598
1831.0,0.1738762334589878
1838.0,0.17303539309069835
1847.0,0.18739902151888752
1856.0,0.16826166461005918
1863.0,0.1669428198476216
1871.0,0.1905490043566688
1885.0,0.16359967113062387
1893.0,0.19840982417461697
1900.0,0.19226337796711185
1914.0,0.19239644258102834
1922.0,0.1858646841907332
1931.0,0.1762559220607839
1942.0,0.19492266989476822
1948.0,0.20766715285824972
1956.0,0.17218471840250607
1965.0,0.1768486811761875
1973.0,0.1938049264306282
1982.0,0.1775478767388611
1990.0,0.19464647191931256
1998.0,0.19685748560110264
2005.0,0.20493195203895673
2014.0,0.1747414310616717
2018.0,0.18486460678076552
2023.0,0.1917565626218376
2031.0,0.18658746872524054
2039.0,0.17070509796366407
2047.0,0.16693303891309083
2055.0,0.180392194888866
2064.0,0.18081675539836034
2072.0,0.17630164940747514
2084.0,0.17966715502635894
2090.0,0.1756334996592601
2099.0,0.20259949716361544
2106.0,0.20921197568744734
2117.0,0.16725991874337862
2125.0,0.17869518250686717
2133.0,0.16389740385535587
2145.0,0.18367172733278148
2157.0,0.18514177044227106
2164.0,0.19005312315586328
2172.0,0.19095852267283286
2180.0,0.1913427224185981
2188.0,0.18015106154449664
2196.0,0.19609690516533038
2204.0,0.19672390894991176
2212.0,0.18750142499774294
2222.0,0.18216672256318095
2233.0,0.16449910060165104
2244.0,0.18779247028195362
2252.0,0.23375809945184287
2260.0,0.189575053902785
2271.0,0.17111216600676282
2282.0,0.19264108853862416
2286.0,0.17076125606791337
2295.0,0.19215334501887033
2307.0,0.18450368023588234
2314.0,0.17604509953450254
2322.0,0.17674197284122092
2332.0,0.1737597194674778
2340.0,0.20467481478642555
2354.0,0.1943869363840077
2363.0,0.15738733101112778
2371.0,0.15808525638792734
2377.0,0.20839295360140822
2385.0,0.18218976956567068
2390.0,0.1887553577755471
2398.0,0.1986516121626251
2407.0,0.1910127834189258
2415.0,0.18625676437830502
2422.0,0.19721948579735538
2428.0,0.1991249193173811
2433.0,0.20230713681662268
2440.0,0.18955363318720198
2448.0,0.19119819086390788
2455.0,0.19256252654693748
2463.0,0.16456360032070413
2472.0,0.22401198232341263
2481.0,0.15607932506710118
2489.0,0.18823008911830152
2495.0,0.1619457593969612
2503.0,0.17782602872665146
2509.0,0.18879364539591742
2517.0,0.19356530974355962
2523.0,0.1678819536669234
2531.0,0.18515252126950468
2539.0,0.18448488827617113
2547.0,0.17670367362113262
2555.0,0.1902807309633122
2563.0,0.176825525060994
2575.0,0.18241399365542585
2581.0,0.15882484905958288
2591.0,0.17457697329770025
2598.0,0.20845811409758266
2606.0,0.1862161971981935
2612.0,0.1891090971952373
2617.0,0.19954772717383584
2625.0,0.16021609771237683
2633.0,0.22568231387308157
2640.0,0.17213921708900237
2644.0,0.1638951723262046
2652.0,0.20556520200324416
2659.0,0.1912148279178408
2667.0,0.20035089351248295
2676.0,0.18140861055674318
2684.0,0.1726954561365543
2692.0,0.18148232002987047
2700.0,0.17145938221081378
2706.0,0.19280799373940766
2714.0,0.19130249749044134
2725.0,0.20399336965772275
2731.0,0.16342281163079803
2739.0,0.202428627517073
2748.0,0.18989580237494447
2756.0,0.1870106459826768
2763.0,0.17938152169321356
2774.0,0.20349677052887924
2779.0,0.14092570416305833
2787.0,0.1978302049061341
2792.0,0.19115140014123405
2799.0,0.19492176421728524
2808.0,0.18340507784872667
2817.0,0.18320542482294785
2825.0,0.1860363441987559
2834.0,0.19379188447110074
2840.0,0.15388470629071363
2848.0,0.15624697463503134
2857.0,0.19366078639380077
2865.0,0.17986789888285423
2873.0,0.16820069702097806
2881.0,0.18625823679323392
2888.0,0.18742919444764128
2896.0,0.22558100351532454
2906.0,0.17935101550965046
2918.0,0.18792585778348003
2926.0,0.20701309283533817
2934.0,0.18537059338811226
2943.0,0.1688867170455906
2951.0,0.1959129682249451
2958.0,0.180020783675872
2967.0,0.19316218295304688
2972.0,0.1806926015652196
2979.0,0.18516386298672935
2988.0,0.20171981885065862
2999.0,0.1935600872246707
3008.0,0.20347436986700965
3015.0,0.19477515177863944
3027.0,0.1692262533428842
3037.0,0.1788962607542134
3045.0,0.1991082383135707
3051.0,0.18142813115790446
3056.0,0.18650865635397806
3064.0,0.18487411738848614
3069.0,0.2052484933210616
3080.0,0.16364084862453102
3091.0,0.16801725197296574
3099.0,0.16435772731007053
3107.0,0.19331439160705505
3116.0,0.18771592725891162
3127.0,0.20260693023093004
3131.0,0.1931347437566376
3139.0,0.17549094668140114
3150.0,0.18787842707312546
3158.0,0.1813300765022867
3167.0,0.2140018181305857
3178.0,0.18025736682742116
3186.0,0.1729854010332367
3190.0,0.16605733579596094
3200.0,0.16649290439878828
3211.0,0.15930222150684076
3219.0,0.1825421978805061
3230.0,0.18572670553712162
3244.0,0.17065240284796349
3255.0,0.16426666010876217
3263.0,0.18069814114296276
3274.0,0.17340405424059213
3280.0,0.18887627974010496
3289.0,0.2013846585541943
3297.0,0.16498374633107354
3302.0,0.185147423778266
3311.0,0.19455321194797812
3317.0,0.17466658893227593
3328.0,0.18531926402879442
3338.0,0.18212056160042467
3350.0,0.17195001121492448
3359.0,0.20736890295896276
3368.0,0.19810733201318118
3379.0,0.18356716062497336
3390.0,0.1688373665862099
3395.0,0.19391758412544996
3402.0,0.18554532606235227
3410.0,0.1921702963091375
3418.0,0.185617739359259
3427.0,0.21030290650687708
3432.0,0.17723079263905092
3444.0,0.17415420184400085
3452.0,0.19332172119755822
3463.0,0.1830697325641955
3467.0,0.18399273712120343
3473.0,0.18595183922149153
3477.0,0.18485736773383793
3484.0,0.21423301826179678
3489.0,0.165887320646376
3497.0,0.16489929316961918
3505.0,0.19275999256251272
3515.0,0.15512638978243154
3523.0,0.1764295328873703
3534.0,0.17761179789261208
3541.0,0.18700752855846106
3550.0,0.17519814944254242
3559.0,0.18022050007379528
3566.0,0.1840244509708335
3575.0,0.17931723836659463
3582.0,0.18830110869475356
3590.0,0.18416346333197411
3599.0,0.19445455305676626
3607.0,0.18404839870530773
3615.0,0.17945186819235265
3624.0,0.1736712531017446
3633.0,0.19008670599273
3640.0,0.1712570654215262
3647.0,0.19950788449367224
3655.0,0.1887838334737493
3663.0,0.17566486578796478
3671.0,0.1957680432458224
3680.0,0.18686421949971066
3686.0,0.17147130482208203
3694.0,0.16695061617728102
3700.0,0.16867766847044616
3706.0,0.20277617496450492
3715.0,0.18850132451062407
3722.0,0.200305817074586
3730.0,0.20213889226298667
3736.0,0.18660348633460674
3745.0,0.17375807754941755
3753.0,0.17715737883848218
3762.0,0.2127577863293571
3771.0,0.1755100860938774
3780.0,0.16003247543859642
3788.0,0.16761186584427418
3797.0,0.16112636585078616
3805.0,0.18643938798079152
3813.0,0.19221441945349685
3822.0,0.15306315674112825
3830.0,0.19567239495833286
3836.0,0.1792485391935048
3845.0,0.16137083510103067
3853.0,0.20866435618467488
3860.0,0.19937693375964208
3869.0,0.17605101378158794
3875.0,0.18433926147982604
3886.0,0.17961232756613899
3897.0,0.1733141003082705
3904.0,0.18242772903297147
3911.0,0.19518293096520606
3923.0,0.1769636509252217
3931.0,0.17762609761951748
3938.0,0.1874885021161971
3942.0,0.18782526257091842
3950.0,0.17681782555820105
3959.0,0.1759532118688827
3964.0,0.1804286979415449
3968.0,0.19126021934315451
3973.0,0.2139257484130947
3981.0,0.19105947228578632
3986.0,0.1870239140730691
3994.0,0.20062556037618565
4003.0,0.17819896022377732
4012.0,0.18256145724545864
4018.0,0.17895900870357473
4027.0,0.18726165012142718
4034.0,0.1913495015888829
4042.0,0.2025533178581648
4047.0,0.21415304860545772
4053.0,0.16498813574268667
4062.0,0.19483047904066136
4071.0,0.21015249769091157
4080.0,0.18261353255798707
4087.0,0.18301137194539294
4095.0,0.16353130685404724
4109.0,0.1756742896466701
4117.0,0.16549365428335638
4126.0,0.1722478979761782
4137.0,0.1651671581111884
4146.0,0.1923737263932074
4152.0,0.21048690355382443
4157.0,0.1924097518885716
4165.0,0.18845149635067515
4172.0,0.1785350307794837
4179.0,0.20181147523022622
4184.0,0.17013099298873205
4192.0,0.15210997061196704
4198.0,0.15522995496205938
4206.0,0.21737176145086887
4215.0,0.19503507515473856
4222.0,0.19326604617688561
4230.0,0.16669751358533458
4234.0,0.18006948012662288
4242.0,0.17964863301892667
4250.0,0.17106831843722473
4261.0,0.1861471332126417
4270.0,0.1681333110026431
4280.0,0.17913077778669867
4284.0,0.21519097166282306
4292.0,0.17161433060497233
4300.0,0.17898819278137063
4308.0,0.20137859504860872
4319.0,0.19264304484443331
4328.0,0.17472896260535317
4336.0,0.17586913112928693
4344.0,0.18873154082811158
4352.0,0.17031682705091386
4360.0,0.17143439391014378
4368.0,0.16452620825004846
4377.0,0.17822533956230643
4385.0,0.1707761759249409
4393.0,0.19450136214301036
4404.0,0.19742847695247345
4412.0,0.16118499431765793
4420.0,0.18500418790597656
4429.0,0.17922785523330925
4435.0,0.18662832262514978
4443.0,0.17670685442778417
4457.0,0.1861832827612855
4466.0,0.1797594952878063
4473.0,0.18767389710731577
4482.0,0.18580699125315298
4488.0,0.18473494384654848
4496.0,0.19650952764343826
4504.0,0.18922321978509293
4512.0,0.1741892363391719
4518.0,0.18799893605670948
4526.0,0.20651620578185095
4534.0,0.19584873737087347
4541.0,0.2022341653587978
4553.0,0.16561344823174812
4557.0,0.17927553699196813
4563.0,0.17993133552055243
4571.0,0.1810886517843194
4577.0,0.17084546757200839
4584.0,0.1771698545687548
4588.0,0.18519020175635822
4596.0,0.16798747541192602
4605.0,0.1937781527605012
4613.0,0.17437900745208143
4617.0,0.17938493386013946
4625.0,0.17533694486157994
4633.0,0.17596298544812958
4642.0,0.21579114922519532
4650.0,0.19259829125898875
4657.0,0.16733610352779776
4666.0,0.1767533420539362
4674.0,0.1861164920873444
4679.0,0.19625436873375565
4686.0,0.1542647242614413
4693.0,0.17235136098544285
4701.0,0.1800350883566093
4706.0,0.20914605081676987
4715.0,0.20093358831954422
4723.0,0.19481134655951698
4732.0,0.21518016395008457
4741.0,0.17601922601945
4747.0,0.19939876831083192
4754.0,0.19051691549203342
4765.0,0.16943237936566558
4774.0,0.18833539474902058
4782.0,0.155426811821476
4791.0,0.18259226264683592
4798.0,0.19014289850181382
4806.0,0.18900342013751772
4814.0,0.17911078369758618
4824.0,0.18369238002314725
4838.0,0.15673598784582704
4846.0,0.1762630999408685
4855.0,0.1610605462965164
4864.0,0.2224573525887398
4873.0,0.18894810992672717
4879.0,0.1745907836932346
4886.0,0.1894701974992575
4893.0,0.1609821914307177
4902.0,0.17724598698783053
4911.0,0.19683076004358604
4920.0,0.18095049473645078
4931.0,0.18296121008481667
4940.0,0.1722491964662235
4945.0,0.20998035437308726
4950.0,0.18353073723122798
4957.0,0.17485298796105536
4966.0,0.16082519212605567
4977.0,0.18290621594522133
4988.0,0.18656859422108463
4995.0,0.16971132484382584
5007.0,0.17134768419143645
5013.0,0.17278455139078813
5019.0,0.1784103040321582
5024.0,0.1703974456035666
5028.0,0.19780964686328945
5040.0,0.20500892563286213
5046.0,0.1901530965906679
5053.0,0.18624162022646984
5058.0,0.2115570282329395
5065.0,0.17092010626304854
5076.0,0.17437163679763504
5083.0,0.19722263274076343
5091.0,0.17375297832247913
5095.0,0.19597706126167894
5103.0,0.18733696254165347
5107.0,0.17537740423555817
5115.0,0.19186896228191294
5126.0,0.15732577939911002
5136.0,0.1848042654142528
5144.0,0.2008107767238043
5152.0,0.18337204287075137
5160.0,0.17538856403890415
5168.0,0.16997152683655237
5176.0,0.1748739177840457
5184.0,0.174357152780531
5191.0,0.18231968604928522
5200.0,0.18248418331633326
5207.0,0.17789297362762205
5211.0,0.16484939950149005
5219.0,0.17417808866282308
5227.0,0.17395707417977982
5238.0,0.1750658758793957
5248.0,0.16595809878071388
5256.0,0.1961097625734593
5264.0,0.20555955776481924
5275.0,0.20192377180482038
5279.0,0.19001154127295822
5289.0,0.17558470974074636
5298.0,0.20243773158109846
5309.0,0.152477810377254
5316.0,0.18163913720653455
5323.0,0.18087200163223568
5334.0,0.18174916496822488
5341.0,0.18149080622185015
5349.0,0.16000739633136513
5356.0,0.18603675118459662
5363.0,0.1954035933687786
5371.0,0.1744369911183983
5382.0,0.188215158838956
5390.0,0.1903981751725419
5401.0,0.17372226939450935
5408.0,0.1875392283638756
5416.0,0.18102079230420604
5420.0,0.1889948210513474
5427.0,0.17833728112158795
5433.0,0.16719938124103803
5437.0,0.2119944773926859
5446.0,0.16041927981692894
5455.0,0.19097406201910325
5462.0,0.1543342030297898
5468.0,0.15255956857465436
5475.0,0.17853421819359502
5485.0,0.16871389549817736
5496.0,0.1782086571166688
5505.0,0.19002366256419873
5514.0,0.17383203658806234
5525.0,0.17442103466132466
5534.0,0.17662208587678713
5542.0,0.1944522981715368
5550.0,0.17510618223347546
5556.0,0.15771223752570573
5563.0,0.17968462844054198
5572.0,0.16675477655929608
5577.0,0.17921867019651713
5589.0,0.17110891163802444
5597.0,0.17341364667967885
5602.0,0.17530290452698305
5610.0,0.18782471770954656
5621.0,0.17964101257846296
5631.0,0.18061186069728674
5641.0,0.18655404251909485
5648.0,0.1605250925277602
5656.0,0.19760387570009302
5664.0,0.18385963858036164
5672.0,0.17854431191986694
5680.0,0.20721228431885072
5688.0,0.17079683615164382
5696.0,0.18749741232007314
5707.0,0.17948327709401588
5713.0,0.1818853218579623
5721.0,0.18705329223565365
5729.0,0.1515668050133983
5737.0,0.21544115423281301
5745.0,0.18693754796297055
5752.0,0.20679913936903097
5760.0,0.20299707932512392
5768.0,0.16855384290334
5777.0,0.1773140369352131
5789.0,0.1800711454774463
5797.0,0.19168548432884105
5808.0,0.20050740789164198
5816.0,0.17455584186999556
5821.0,0.1766842130940855
5829.0,0.19978619214076002
5836.0,0.18342035337242169
5843.0,0.13904519479638966
5847.0,0.19333081581783115
5856.0,0.1854561950749002
5864.0,0.18955628095822802
5873.0,0.19422678933600454
5882.0,0.17817501370327982
5890.0,0.18069858512978973
5895.0,0.17118751332203733
5904.0,0.1754341461331967
5913.0,0.18347150392130548
5925.0,0.1930705183474872
5936.0,0.18321457021549334
5944.0,0.19760656327792592
5952.0,0.18457578891397902
5961.0,0.16172301726456437
5969.0,0.1830372249579629
5978.0,0.1840839562527768
5985.0,0.17884590186491192
5991.0,0.1636057025113274
6002.0,0.18727931618320032
6010.0,0.1927137404152236
6019.0,0.16572572881855047
6023.0,0.16979152052868132
6037.0,0.17598385081069354
6044.0,0.2080718870266166
6051.0,0.18468680392350345
6060.0,0.17544296814024485
