,4
2.0,0.21945911949614452
8.0,0.23659200430769278
17.0,0.1588942860336755
26.0,0.18070946416847983
32.0,0.1955669481605851
41.0,0.1842175247840296
46.0,0.21127942009694112
57.0,0.17759572179447516
66.0,0.20418988174618566
77.0,0.17168001695112065
86.0,0.19744447022712414
94.0,0.16799851991824097
101.0,0.16632536656893557
106.0,0.18028029796882944
114.0,0.18972489064584358
122.0,0.2336171442303472
126.0,0.17259622558204682
138.0,0.20058476182813476
146.0,0.21505908156447334
153.0,0.20034755284668976
160.0,0.21255608116962532
168.0,0.1921524860012338
175.0,0.21826502173865775
181.0,0.21665139110177417
189.0,0.19514757996858995
196.0,0.19459577624577035
206.0,0.14998642239035145
214.0,0.2108727889413531
222.0,0.179845221409744
231.0,0.20517034555585897
239.0,0.17685709268358277
248.0,0.20551031103688316
259.0,0.23157479924880275
266.0,0.21770380479311482
277.0,0.1744810362731463
288.0,0.1939941309086847
292.0,0.18911155390703518
300.0,0.2209663167189536
307.0,0.18224868717456014
314.0,0.20737396792981774
321.0,0.21740037186222785
332.0,0.15499459999421664
340.0,0.14511822248549658
345.0,0.1883663716711365
354.0,0.20627147701505344
361.0,0.15835306114854328
366.0,0.17825456423025135
372.0,0.17852805566539467
383.0,0.1715447748424632
391.0,0.1805630754168326
398.0,0.19748393973333545
407.0,0.17609576376673058
415.0,0.20163461442029618
427.0,0.21232351447866243
432.0,0.21682110282764283
440.0,0.19324513781174968
450.0,0.15739949538402634
457.0,0.1715766551993975
471.0,0.19064829695388041
478.0,0.21284961577194836
485.0,0.18124374368020987
491.0,0.20788761902492509
500.0,0.1868316304161465
507.0,0.1937378903455565
515.0,0.17436370620568414
522.0,0.19838488291886144
531.0,0.20512823306239014
543.0,0.14106966659137274
551.0,0.18659497096154307
565.0,0.22258107277285333
574.0,0.18721000703829146
583.0,0.2209651849273388
591.0,0.1914298247790965
596.0,0.21450340292463443
604.0,0.17758237949684594
612.0,0.20110752602465137
618.0,0.16811488289863144
626.0,0.19241496803130134
637.0,0.19441490709793594
645.0,0.20469692027667102
654.0,0.1800633674880781
662.0,0.1910874023479858
672.0,0.18983328668571994
683.0,0.18224078457730666
689.0,0.21850721258680517
696.0,0.16169489284715488
703.0,0.17015757802628173
709.0,0.14649848458938475
718.0,0.19683413727383225
725.0,0.08221449392781195
733.0,0.2104046892538771
742.0,0.1898146881134306
749.0,0.15499031069562832
755.0,0.2287533153696547
762.0,0.18324724043256063
770.0,0.18723317742739182
778.0,0.21516130633111788
785.0,0.20760378862729822
792.0,0.22720822656678197
796.0,0.22502282642484495
801.0,0.19372358595662634
809.0,0.1989069822061637
817.0,0.20986820855064262
826.0,0.18693391229585182
832.0,0.19180125696309883
843.0,0.207701760170089
854.0,0.1965502582971295
861.0,0.19723449269342289
870.0,0.1823133605514769
878.0,0.17614518553725306
883.0,0.16924211127649283
892.0,0.24180021683387823
901.0,0.19848873754849247
910.0,0.19763139907738433
916.0,0.17759365886741393
924.0,0.19945814384346086
932.0,0.19746831720082025
940.0,0.20070166960619992
948.0,0.2245416364885426
955.0,0.16699602224039112
964.0,0.22439917510777022
970.0,0.1795633596994406
979.0,0.19772703830968794
985.0,0.2162163251712763
994.0,0.1759106724136248
1003.0,0.18674855583993652
1011.0,0.14566244629345376
1022.0,0.1734952610421611
1029.0,0.17589182029335876
1037.0,0.20288662139259409
1048.0,0.20490183234004075
1055.0,0.18913334783940594
1061.0,0.1975852039814734
1065.0,0.173635105284315
1076.0,0.21285564464322265
1084.0,0.20086266251044352
1093.0,0.1932305269296687
1105.0,0.1739446180061762
1113.0,0.19255106562907262
1120.0,0.1618557277542401
1124.0,0.23644783756233934
1133.0,0.14774270004718248
1140.0,0.1928458225968903
1147.0,0.21334255380572664
1155.0,0.23854352092043973
1164.0,0.17059166779948431
1172.0,0.2276214658430709
1183.0,0.1951638212353477
1192.0,0.21698766164721342
1206.0,0.20527622055808922
1213.0,0.18321008059712054
1224.0,0.18305709982939797
1234.0,0.2143108473690251
1240.0,0.18026820490588139
1248.0,0.21177389890505494
1257.0,0.21008058745529942
1265.0,0.1842219577323026
1269.0,0.1946950413011938
1278.0,0.18338456104705078
1287.0,0.1694331784295753
1295.0,0.2244497696496614
1305.0,0.1990249713151658
1312.0,0.1982175082535161
1319.0,0.1770005618201366
1327.0,0.2194232922602333
1335.0,0.1754169570682647
1342.0,0.20887258296068495
1349.0,0.20204237682761927
1356.0,0.17468664489212993
1364.0,0.2122479393702862
1371.0,0.20339078260795215
1376.0,0.21185760622277902
1384.0,0.19604117555565406
1392.0,0.16353479542349142
1401.0,0.20497094064947685
1408.0,0.17700381022166445
1419.0,0.17733864378530012
1428.0,0.15068182448969758
1437.0,0.17631104200485612
1443.0,0.20065071208287513
1451.0,0.21579965269344206
1465.0,0.1953763746354738
1473.0,0.2005257509522688
1479.0,0.21426589602421678
1487.0,0.1914051461346484
1498.0,0.22446524555691075
1507.0,0.19899673889782124
1518.0,0.19029663196833857
1529.0,0.21340088901613039
1536.0,0.203832773145992
1545.0,0.23484515314680582
1553.0,0.2117499392210117
1564.0,0.17821243611001183
1568.0,0.1949244736412745
1576.0,0.162812114430313
1584.0,0.19869396245700602
1592.0,0.1838493481689714
1599.0,0.15388576706846332
1606.0,0.12272658311000374
1614.0,0.20908092386596927
1621.0,0.2091526390445329
1629.0,0.17335899389368822
1636.0,0.21779726583833509
1643.0,0.20978350681426386
1654.0,0.20368361640242374
1661.0,0.16649700957214789
1670.0,0.2267949422835599
1675.0,0.20258237681338673
1683.0,0.17374469437340428
1691.0,0.1975852491152801
1700.0,0.18439470927105828
1710.0,0.20773743064440386
1714.0,0.18065151122583759
1723.0,0.14732921017120867
1732.0,0.20651173171754192
1739.0,0.22091584329047825
1747.0,0.16817121728144352
1753.0,0.2036246367092825
1762.0,0.2215857815385209
1773.0,0.21804024401305197
1784.0,0.16997535453623105
1791.0,0.21121751069318956
1797.0,0.13934614493118294
1804.0,0.20377382229693247
1813.0,0.17136695647606986
1820.0,0.16280672196394547
1831.0,0.14856370722692322
1838.0,0.1827186728806499
1847.0,0.19547208498099614
1856.0,0.15612441854058084
1863.0,0.21854999561220173
1871.0,0.18493708559573782
1885.0,0.20026186791633283
1893.0,0.1952392702946063
1900.0,0.19017589416014535
1914.0,0.1768564701221812
1922.0,0.14850652612814144
1931.0,0.14751557046240357
1942.0,0.22369397440600744
1948.0,0.18564605106594445
1956.0,0.21494323486442168
1965.0,0.1934403661708582
1973.0,0.19877025382506525
1982.0,0.18259224426571677
1990.0,0.25859096540552334
1998.0,0.17675681963789813
2005.0,0.1835618406664225
2014.0,0.2134440296700697
2018.0,0.19520616160017087
2023.0,0.23072114349542555
2031.0,0.19611276262245142
2039.0,0.18173819524944307
2047.0,0.1668465734366133
2055.0,0.1785901610079355
2064.0,0.1401849721729848
2072.0,0.1441583908854374
2084.0,0.23109149111108815
2090.0,0.17989547674972556
2099.0,0.20645658460971902
2106.0,0.12271480266957566
2117.0,0.17522591586800454
2125.0,0.1478524178027954
2133.0,0.209424301404262
2145.0,0.21974240903731515
2157.0,0.17230843325292522
2164.0,0.19461451526355045
2172.0,0.19191895392433272
2180.0,0.21646261140704193
2188.0,0.21607047485870973
2196.0,0.2562500112919182
2204.0,0.17415906820145916
2212.0,0.19157667801352732
2222.0,0.16053940622928706
2233.0,0.18368494501884186
2244.0,0.1935892875760689
2252.0,0.20138662984720404
2260.0,0.21750687587854653
2271.0,0.20574433645629434
2282.0,0.20364196277981364
2286.0,0.20902110043500632
2295.0,0.20311852588852713
2307.0,0.22039107202695082
2314.0,0.20316777443334075
2322.0,0.21667794538374963
2332.0,0.2224450088091263
2340.0,0.20477041119918796
2354.0,0.20085951509272013
2363.0,0.16091117073671168
2371.0,0.21091721222167284
2377.0,0.24925559184858717
2385.0,0.1964728400120603
2390.0,0.18737373825779538
2398.0,0.1737012474195838
2407.0,0.1912267928682734
2415.0,0.2013742477792115
2422.0,0.2790183419281321
2428.0,0.1718636478160341
2433.0,0.17631060475008922
2440.0,0.22387147939245133
2448.0,0.19414809112750292
2455.0,0.2056540512118866
2463.0,0.1884872556328602
2472.0,0.2269659332212356
2481.0,0.20479218111872408
2489.0,0.13978036133173147
2495.0,0.19189279259903963
2503.0,0.1434540745647847
2509.0,0.18138009248580264
2517.0,0.1827317635992748
2523.0,0.18444228672905547
2531.0,0.20912311775151887
2539.0,0.20959507496606253
2547.0,0.18880758364961106
2555.0,0.1885947074019314
2563.0,0.15848892569743403
2575.0,0.18782049845585744
2581.0,0.1722291417493115
2591.0,0.1889727988684499
2598.0,0.26249734232079996
2606.0,0.24628196033469804
2612.0,0.2169617324846826
2617.0,0.18881870969189368
2625.0,0.17834682548559083
2633.0,0.1884084822467497
2640.0,0.2046319004994384
2644.0,0.19910785409094672
2652.0,0.2135060919734244
2659.0,0.20940018460164533
2667.0,0.19385516571826664
2676.0,0.17480321661456047
2684.0,0.19128461112297843
2692.0,0.22061863138783946
2700.0,0.1779688747696529
2706.0,0.19952856891332324
2714.0,0.17209042584458986
2725.0,0.179131794198592
2731.0,0.1794481079605912
2739.0,0.19877461618416228
2748.0,0.2237766462619885
2756.0,0.1832079868136317
2763.0,0.1778283117311771
2774.0,0.18513414683881518
2779.0,0.20368349996414487
2787.0,0.16980172928808762
2792.0,0.22472239090205942
2799.0,0.2310000093153071
2808.0,0.21071260486411342
2817.0,0.2019444994846038
2825.0,0.20287216250806595
2834.0,0.2118084679525338
2840.0,0.23697026848051692
2848.0,0.1542507715165749
2857.0,0.18923419661461982
2865.0,0.1915795495574509
2873.0,0.19456129041159634
2881.0,0.21020540605009044
2888.0,0.13751717459040613
2896.0,0.21969120417633822
2906.0,0.1982414115626963
2918.0,0.1724148893227189
2926.0,0.23291190236505116
2934.0,0.1774549399713454
2943.0,0.2247419227588086
2951.0,0.1857424184022381
2958.0,0.2003555587547008
2967.0,0.23549220279268754
2972.0,0.19969607184459312
2979.0,0.2061483994591472
2988.0,0.18376978141159286
2999.0,0.19583085946320217
3008.0,0.15668296380067348
3015.0,0.19887741747802476
3027.0,0.20974285233980783
3037.0,0.20860646419459022
3045.0,0.1431536426095229
3051.0,0.20987745030272278
3056.0,0.17686498295218053
3064.0,0.1959578996208964
3069.0,0.1949322655503557
3080.0,0.22439884948513927
3091.0,0.24093664134406484
3099.0,0.21470017962465354
3107.0,0.21399473981523542
3116.0,0.21552190142451186
3127.0,0.2085037084143306
3131.0,0.18169819227395198
3139.0,0.2325606027110224
3150.0,0.1971712693267454
3158.0,0.22655731591113207
3167.0,0.1710145729005603
3178.0,0.1686524025275049
3186.0,0.22113532840680347
3190.0,0.18060147451773056
3200.0,0.20753214161854627
3211.0,0.2010786674926475
3219.0,0.22879378378029364
3230.0,0.17215328803450483
3244.0,0.19798386874898694
3255.0,0.1961404953292523
3263.0,0.19220921632345295
3274.0,0.21341011821953362
3280.0,0.1904768746400601
3289.0,0.16230807252523982
3297.0,0.21942073236799556
3302.0,0.21221461054190577
3311.0,0.2473505662771116
3317.0,0.1939214576660887
3328.0,0.1949185024810305
3338.0,0.23554162351432376
3350.0,0.24015565445699372
3359.0,0.1573019052694141
3368.0,0.18435263624928486
3379.0,0.18772106981920722
3390.0,0.179680592072438
3395.0,0.16762052882784195
3402.0,0.18569309648125482
3410.0,0.22043041656352988
3418.0,0.16323733795880974
3427.0,0.1795835415154849
3432.0,0.20685396626737057
3444.0,0.21277906015035514
3452.0,0.23615379319417804
3463.0,0.20817988633250906
3467.0,0.18379981033183318
3473.0,0.2443663458639658
3477.0,0.20351266654197198
3484.0,0.20857359461345568
3489.0,0.17639489534311406
3497.0,0.20864924114537922
3505.0,0.2305106406707255
3515.0,0.18084163750039595
3523.0,0.22103631892527284
3534.0,0.19266200245214388
3541.0,0.23281774150098866
3550.0,0.21698183812191557
3559.0,0.21621056832565547
3566.0,0.1837440499791505
3575.0,0.1901175942602852
3582.0,0.18514190376144
3590.0,0.19775139808392117
3599.0,0.19241990190963856
3607.0,0.22517678108039743
3615.0,0.23639054665909934
3624.0,0.19983308883523127
3633.0,0.16406017332208064
3640.0,0.18476485077338758
3647.0,0.19832964806995187
3655.0,0.20967366106802826
3663.0,0.23483024029193125
3671.0,0.18460705548881465
3680.0,0.23284497730862927
3686.0,0.1733621145244547
3694.0,0.21338665582693875
3700.0,0.1411526123354604
3706.0,0.17600382353272126
3715.0,0.21498152141469218
3722.0,0.21863615872855718
3730.0,0.19273725503795985
3736.0,0.22549185616443257
3745.0,0.21920176941873173
3753.0,0.18018168373990417
3762.0,0.2569708226902212
3771.0,0.17536981921547792
3780.0,0.21656058554016394
3788.0,0.2090696730410742
3797.0,0.19893121164482516
3805.0,0.24493230464388896
3813.0,0.20360270283449844
3822.0,0.1994789050458179
3830.0,0.14223054660156959
3836.0,0.23898664680132856
3845.0,0.17439640505050683
3853.0,0.17455100865959203
3860.0,0.25864508736695396
3869.0,0.16901406816972883
3875.0,0.17626281653154777
3886.0,0.17410584421388806
3897.0,0.14060673265428503
3904.0,0.20606138902608856
3911.0,0.18612443740516404
3923.0,0.21761974095442685
3931.0,0.19930692648959938
3938.0,0.20093967791960313
3942.0,0.1991619363285285
3950.0,0.1988014375234186
3959.0,0.2022277091899467
3964.0,0.1994965794486934
3968.0,0.18461778859246172
3973.0,0.22932281754348727
3981.0,0.21115530774691854
3986.0,0.19450460901402136
3994.0,0.2184742823646973
4003.0,0.2025300156073484
4012.0,0.21429872685510853
4018.0,0.23970892633446558
4027.0,0.2137934900941014
4034.0,0.16451668869382002
4042.0,0.20235982146099013
4047.0,0.18700479581072754
4053.0,0.18772779560641112
4062.0,0.14711867238132562
4071.0,0.19450133317560767
4080.0,0.2113769607664642
4087.0,0.13140063375968164
4095.0,0.1890728404366991
4109.0,0.18625435468567467
4117.0,0.14228253491805237
4126.0,0.23988144256221408
4137.0,0.17087732195672808
4146.0,0.21761188395875738
4152.0,0.20232521031761913
4157.0,0.20476069075995942
4165.0,0.23104510334114206
4172.0,0.18906837317081593
4179.0,0.2110121442131461
4184.0,0.17816053753189687
4192.0,0.1547275401714584
4198.0,0.19827185359162844
4206.0,0.17209328144852093
4215.0,0.21234420575995672
4222.0,0.18291257208383294
4230.0,0.2317029777159464
4234.0,0.18831785021120068
4242.0,0.2267525028675855
4250.0,0.19749137918112733
4261.0,0.20793814976007063
4270.0,0.20552212973864528
4280.0,0.20058250280363582
4284.0,0.2629932179242025
4292.0,0.18224633757478823
4300.0,0.18814335846715233
4308.0,0.17664038848344207
4319.0,0.20128939019624825
4328.0,0.19363745868789634
4336.0,0.1875147579551056
4344.0,0.2045622822019355
4352.0,0.19392710817699702
4360.0,0.24724719581534135
4368.0,0.19040814770057193
4377.0,0.24654054186807947
4385.0,0.20622601686840758
4393.0,0.18566619450297747
4404.0,0.16989683821137996
4412.0,0.19670199428052973
4420.0,0.19060369876106237
4429.0,0.21766257514942391
4435.0,0.22747031535537257
4443.0,0.20640580199647715
4457.0,0.21548209897735632
4466.0,0.19008329250196904
4473.0,0.1649358624321163
4482.0,0.1895521826869257
4488.0,0.14547589596270974
4496.0,0.17547946382490887
4504.0,0.17708599483236775
4512.0,0.1768004093916843
4518.0,0.21845738630881995
4526.0,0.18214889298051742
4534.0,0.1817602589356557
4541.0,0.2136071897077612
4553.0,0.19357665052235704
4557.0,0.16261206400298023
4563.0,0.20455096141343354
4571.0,0.23894509631575625
4577.0,0.2260095703185148
4584.0,0.19652952582858438
4588.0,0.21681826743247687
4596.0,0.21073810072448146
4605.0,0.19790517476680286
4613.0,0.20274611225354097
4617.0,0.19425492397147454
4625.0,0.22731030278443776
4633.0,0.22152788309877558
4642.0,0.22755392043915937
4650.0,0.19297836054604964
4657.0,0.1710084753915325
4666.0,0.1650565851692324
4674.0,0.1900431843195909
4679.0,0.18079766721981108
4686.0,0.20972000796922607
4693.0,0.19454774918646905
4701.0,0.18800110613007762
4706.0,0.17593216148776591
4715.0,0.15894423662578616
4723.0,0.20430598707665543
4732.0,0.22919423347258072
4741.0,0.19375000487958746
4747.0,0.17855351518700277
4754.0,0.20562652876200502
4765.0,0.22184917445038155
4774.0,0.1696593543185065
4782.0,0.19051150144876175
4791.0,0.18700810390312114
4798.0,0.179317932846008
4806.0,0.2081687730533295
4814.0,0.21578994099349402
4824.0,0.17845314516217375
4838.0,0.18922225524682026
4846.0,0.1732921973478175
4855.0,0.20543014392717915
4864.0,0.168499491875403
4873.0,0.1842818586890023
4879.0,0.20320739117802245
4886.0,0.18085968302364705
4893.0,0.22936398206820724
4902.0,0.20259216781018696
4911.0,0.16962138176229408
4920.0,0.1907018223744226
4931.0,0.20470217354492604
4940.0,0.21036098711204065
4945.0,0.17651831591429637
4950.0,0.21739864941813203
4957.0,0.23287817408036296
4966.0,0.19525869850699906
4977.0,0.19858042086651778
4988.0,0.2120505488175788
4995.0,0.1825822446965489
5007.0,0.21244949090786805
5013.0,0.19534925149770216
5019.0,0.19367535827371482
5024.0,0.17803097323375927
5028.0,0.23313618027365426
5040.0,0.1785929891884578
5046.0,0.1928266640609686
5053.0,0.23470170401825463
5058.0,0.19773796509442046
5065.0,0.19129264408499774
5076.0,0.21438013554649554
5083.0,0.16225736955407466
5091.0,0.21182944032768417
5095.0,0.21922424066594454
5103.0,0.1978619468478966
5107.0,0.1813350228474704
5115.0,0.19854890698735114
5126.0,0.2032473813887683
5136.0,0.17979709224850757
5144.0,0.20779929174728606
5152.0,0.17059316831746657
5160.0,0.2225098781875308
5168.0,0.2547674658455927
5176.0,0.1636511526052175
5184.0,0.22193653414801476
5191.0,0.19090975797316076
5200.0,0.21623536768514534
5207.0,0.22781856418890428
5211.0,0.1648244854224849
5219.0,0.2249302603223611
5227.0,0.22688700285801064
5238.0,0.18434318726759952
5248.0,0.21615625176150216
5256.0,0.22971403027437567
5264.0,0.23103301317292585
5275.0,0.2226004068347455
5279.0,0.19856932896781632
5289.0,0.2323959993570239
5298.0,0.20298278617289853
5309.0,0.1790988703733957
5316.0,0.2215087491057338
5323.0,0.1789802751027021
5334.0,0.20518098194275988
5341.0,0.22211461680386352
5349.0,0.1954425666280063
5356.0,0.20666842034783844
5363.0,0.1977424302957095
5371.0,0.23826723660943455
5382.0,0.20678871682469607
5390.0,0.20950282230164008
5401.0,0.2256443012615377
5408.0,0.20088034858870144
5416.0,0.22825342768469672
5420.0,0.19480602048305917
5427.0,0.200472114391382
5433.0,0.15358031790655008
5437.0,0.17856235873088333
5446.0,0.187414304160764
5455.0,0.1354308857065044
5462.0,0.21592715421084896
5468.0,0.20237682102958138
5475.0,0.21370157287610883
5485.0,0.18730437030524244
5496.0,0.21554913960876618
5505.0,0.19143164001419982
5514.0,0.20305516950978938
5525.0,0.24045544196658528
5534.0,0.2128295949142285
5542.0,0.15242921656778097
5550.0,0.21148437326016717
5556.0,0.20376386285948733
5563.0,0.16964083835755897
5572.0,0.2364204927721039
5577.0,0.1875711529036159
5589.0,0.197933396980681
5597.0,0.21980113343928134
5602.0,0.1577588242181878
5610.0,0.17823076212136563
5621.0,0.21691869363662766
5631.0,0.16390154897211898
5641.0,0.2603005527853002
5648.0,0.1779031253877322
5656.0,0.15395432782993546
5664.0,0.22976683610486234
5672.0,0.20664314221828298
5680.0,0.21896536929634033
5688.0,0.2189912862020353
5696.0,0.21347064151465747
5707.0,0.18061289129917074
5713.0,0.20954869648424276
5721.0,0.17982513047573404
5729.0,0.21155396292269005
5737.0,0.211819636712106
5745.0,0.21530441700219063
5752.0,0.18109734139906236
5760.0,0.20344111106228618
5768.0,0.22321849067537866
5777.0,0.15120236091892117
5789.0,0.2095081978161847
5797.0,0.1622568129492234
5808.0,0.19723304239110642
5816.0,0.18505474902531518
5821.0,0.20009081736462164
5829.0,0.1761131959403179
5836.0,0.17288166657481394
5843.0,0.209892806841769
5847.0,0.23072942807459526
5856.0,0.1764787110670914
5864.0,0.20400419994602753
5873.0,0.17829920652776915
5882.0,0.2072031853773166
5890.0,0.17894622263148977
5895.0,0.21148162943948648
5904.0,0.18651886173827797
5913.0,0.19353095010704216
5925.0,0.17851840187744314
5936.0,0.1843856946360881
5944.0,0.22680188051565006
5952.0,0.20075808430557052
5961.0,0.16950498860026683
5969.0,0.19154414249118126
5978.0,0.22612620482255583
5985.0,0.188701186547752
5991.0,0.19240788193822395
6002.0,0.24240880596317857
6010.0,0.20638483804624125
6019.0,0.1758330465732118
6023.0,0.2271988715752618
6037.0,0.1748407239344876
6044.0,0.19292880624303824
6051.0,0.22277057467365302
6060.0,0.22071253598053506
