,4
6072.0,0.2118845553189334
6080.0,0.13900704426218527
6087.0,0.16334486397830955
6096.0,0.20260261919562408
6108.0,0.1738679559129168
6117.0,0.18132015205461385
6125.0,0.20101163222266435
6132.0,0.18288299428520338
6139.0,0.21744036938536418
6146.0,0.16289655200506142
6150.0,0.15023884263650766
6155.0,0.18462538635321024
6162.0,0.18646268089691714
6166.0,0.203391134121478
6173.0,0.2219526074087188
6177.0,0.1622118658867435
6186.0,0.1897114973726441
6192.0,0.20468711375115273
6197.0,0.1771929393520772
6205.0,0.20078226797081267
6212.0,0.20809552847138388
6220.0,0.20411251939875855
6229.0,0.20644809722360533
6237.0,0.21404231079876296
6245.0,0.17282259200342234
6254.0,0.16790814446757849
6262.0,0.15856080182015192
6272.0,0.20725107486142308
6283.0,0.19624892304231542
6290.0,0.15836206712691994
6298.0,0.14588853980739372
6307.0,0.090641705491051
6319.0,0.21006687933595097
6327.0,0.2205357982865377
6334.0,0.16515188032514838
6341.0,0.18598256812287134
6349.0,0.20872833236536542
6358.0,0.19228870704550474
6366.0,0.20842049542342028
6372.0,0.2206077602272065
6384.0,0.1424012325288638
6395.0,0.16032889536444678
6404.0,0.18180448629724247
6413.0,0.25398550323523167
6420.0,0.21395739748416864
6427.0,0.24075161813019244
6435.0,0.15332257399604923
6443.0,0.20945093183110186
6447.0,0.1775439516685484
6456.0,0.19766850683132905
6463.0,0.20823308105177007
6469.0,0.2013005728908929
6477.0,0.19555099612560561
6485.0,0.14034167480808926
6493.0,0.1725354665253991
6501.0,0.18554791374879823
6509.0,0.1707735364655776
6517.0,0.20007531054927694
6524.0,0.17736063463531332
6529.0,0.20803265451100428
6533.0,0.1838982827834127
6542.0,0.1604115711030181
6551.0,0.17404986879885512
6560.0,0.21000221137938752
6572.0,0.18881068310175284
6578.0,0.2303814141778366
6583.0,0.19189616477996677
6591.0,0.19606069909929238
6602.0,0.22092385006751275
6610.0,0.14795272563780246
6619.0,0.20338005459410508
6631.0,0.20605189234072044
6639.0,0.185102354991876
6650.0,0.1984345556637562
6657.0,0.1871249892584276
6661.0,0.16060323375915408
6670.0,0.17140005769428865
6674.0,0.16374775677806017
6685.0,0.1981371185754483
6693.0,0.2077891257053214
6699.0,0.19419251226158904
6706.0,0.2231559885064498
6717.0,0.214550475728345
6722.0,0.19683037116824614
6730.0,0.18251783308321262
6738.0,0.17223746643640667
6746.0,0.11732823422613059
6753.0,0.20197777307505838
6762.0,0.21759913414053017
6768.0,0.2023468954583639
6779.0,0.14845025224438774
6788.0,0.2209466094223026
6796.0,0.2146078000094707
6804.0,0.1897292840732567
6814.0,0.19795087502051872
6823.0,0.18794522264307847
6835.0,0.22432744869377086
6846.0,0.19777229488392042
6855.0,0.22453957587438994
6864.0,0.2211342481836434
6872.0,0.17957437577412202
6881.0,0.23072351732649235
6892.0,0.22618021827887425
6899.0,0.1854274482169136
6908.0,0.23133983552001158
6916.0,0.19772687233448769
6922.0,0.16888873667170992
6930.0,0.1978108548027137
6938.0,0.23545701639146827
6945.0,0.22279910951406556
6952.0,0.18915971576620946
6960.0,0.23365493110835478
6967.0,0.22341076941149685
6975.0,0.20560977758956514
6982.0,0.20765166858146533
6986.0,0.2238963032651482
6994.0,0.19640415447948828
7003.0,0.18712630504692837
7009.0,0.21844974938402997
7017.0,0.1945696381670685
7025.0,0.19631867545852974
7030.0,0.19175606206229373
7035.0,0.1998176792932426
7046.0,0.2335948768828628
7053.0,0.1876524348300254
7060.0,0.19846623682764555
7069.0,0.17384173218906737
7075.0,0.1455831231354452
7086.0,0.18120822495223485
7095.0,0.16419497278384992
7100.0,0.19478720577607972
7109.0,0.17921339871672243
7117.0,0.23482322835951255
7125.0,0.20982831568378474
7130.0,0.19508891844164145
7141.0,0.2159988261901885
7147.0,0.1894207510129974
7159.0,0.21548668581373245
7163.0,0.20677656736031086
7171.0,0.1904260482944563
7178.0,0.20509635853282723
7190.0,0.20601029048308378
7198.0,0.1767524972838288
7207.0,0.20126842582962798
7214.0,0.2069279436684178
7220.0,0.18935625168772305
7225.0,0.19897979753950318
7234.0,0.2015347263439637
7241.0,0.18087444864535496
7252.0,0.11690303787239499
7261.0,0.22458265086272225
7265.0,0.1776963125274584
7272.0,0.1566753706170166
7281.0,0.11958023485369672
7289.0,0.1960284844275719
7294.0,0.1987265726205059
7305.0,0.17713086605532247
7317.0,0.21636448606942524
7324.0,0.2030642775919227
7332.0,0.23159602759119172
7339.0,0.17018504601170567
7350.0,0.24017839579101166
7359.0,0.2019487463881201
7367.0,0.20933778529893834
7378.0,0.19141018616272937
7387.0,0.23979791234966566
