,5
6072.0,0.18577020305558514
6080.0,0.20011762875174627
6087.0,0.20498351370492762
6096.0,0.2081319607862885
6108.0,0.23438085272572406
6117.0,0.23258134419918156
6125.0,0.226429022374484
6132.0,0.18586440996668957
6139.0,0.19024529040327762
6146.0,0.19135832495808136
6150.0,0.2060245734715779
6155.0,0.19116591952103243
6162.0,0.2002904637154298
6166.0,0.21297775522771628
6173.0,0.2121689319827738
6177.0,0.216616678781137
6186.0,0.18943805918082954
6192.0,0.17685207269875686
6197.0,0.1818587792598413
6205.0,0.18610779961242538
6212.0,0.1755070517666833
6220.0,0.19832292304795085
6229.0,0.2018075322943424
6237.0,0.17319828981245952
6245.0,0.185012103063792
6254.0,0.1807680030857186
6262.0,0.15569601517484286
6272.0,0.21370175072194048
6283.0,0.18179809539292757
6290.0,0.19515757591902202
6298.0,0.1345966693324809
6307.0,0.19687750328554265
6319.0,0.19269219314047772
6327.0,0.21694254179867475
6334.0,0.16068300669866775
6341.0,0.19262463276768124
6349.0,0.19689684531773846
6358.0,0.22020792708495135
6366.0,0.19330259598253643
6372.0,0.21164944577910577
6384.0,0.20638675099250264
6395.0,0.21215406132592235
6404.0,0.1820071334096444
6413.0,0.22094111305775213
6420.0,0.1943546669519644
6427.0,0.18868242792218592
6435.0,0.20240563788169502
6443.0,0.21611388151982855
6447.0,0.16924794241192168
6456.0,0.18081229265124696
6463.0,0.18795475335542022
6469.0,0.20489570721761308
6477.0,0.21119272500152295
6485.0,0.177079247524535
6493.0,0.20345440887686844
6501.0,0.20473263249583204
6509.0,0.19054178524269677
6517.0,0.19733609486260642
6524.0,0.19006041157289497
6529.0,0.20886779769592442
6533.0,0.21089452005992707
6542.0,0.20722915238002196
6551.0,0.20518383256093878
6560.0,0.1508028199152293
6572.0,0.19911534844383508
6578.0,0.20721853336106463
6583.0,0.20679633957165186
6591.0,0.18301931301426466
6602.0,0.19502773671267043
6610.0,0.2041429909779862
6619.0,0.19442736025790167
6631.0,0.17817679073007753
6639.0,0.17182215002556836
6650.0,0.16676909611896906
6657.0,0.21112582676715688
6661.0,0.156989854746071
6670.0,0.1795976849507903
6674.0,0.2036953559490569
6685.0,0.19819725796231996
6693.0,0.1710699616763865
6699.0,0.18642521933900705
6706.0,0.20516481648679635
6717.0,0.1903323861293773
6722.0,0.17245704495987893
6730.0,0.18036041406667846
6738.0,0.18211878501799833
6746.0,0.17781392324953335
6753.0,0.1901321343246793
6762.0,0.19530680593666008
6768.0,0.19651215879151882
6779.0,0.19787271012703447
6788.0,0.19779145973088824
6796.0,0.17119213233390623
6804.0,0.18687809757778218
6814.0,0.185678065467089
6823.0,0.22444434767126092
6835.0,0.1763183427360969
6846.0,0.17017614782644291
6855.0,0.21328847257724032
6864.0,0.18131913835165972
6872.0,0.19452707922084145
6881.0,0.1594694709020157
6892.0,0.18504665694812297
6899.0,0.2027794114569915
6908.0,0.22799499705795373
6916.0,0.17160149647736275
6922.0,0.16023765085379388
6930.0,0.2061340311983914
6938.0,0.18197208939516218
6945.0,0.2190735553019236
6952.0,0.1910826932410842
6960.0,0.2087312760210999
6967.0,0.20206963692435637
6975.0,0.16817188970694424
6982.0,0.18706550266547192
6986.0,0.18328084702883057
6994.0,0.19298582378424495
7003.0,0.1909203746546104
7009.0,0.21289398073307972
7017.0,0.1739829773955534
7025.0,0.21120984413507352
7030.0,0.1865499120191438
7035.0,0.19910167950324803
7046.0,0.19310166256951963
7053.0,0.16165570439941995
7060.0,0.23320476878857951
7069.0,0.18927672385938416
7075.0,0.18921373824041424
7086.0,0.21144815966723957
7095.0,0.20130574717494673
7100.0,0.19450640075114733
7109.0,0.16337991489587497
7117.0,0.1806164310179592
7125.0,0.2047791960003051
7130.0,0.15933641695003167
7141.0,0.16416315500907364
7147.0,0.204934451454418
7159.0,0.18463689956108023
7163.0,0.17803913701162885
7171.0,0.19768889373205686
7178.0,0.21657023401817657
7190.0,0.1927459251370667
7198.0,0.16556320397357255
7207.0,0.18078510778464735
7214.0,0.1993922579274474
7220.0,0.1951572469329317
7225.0,0.21816519800803263
7234.0,0.14961913448264158
7241.0,0.19416145627530512
7252.0,0.17685826207081679
7261.0,0.20764362512147902
7265.0,0.19567897179073068
7272.0,0.2246971151301374
7281.0,0.1983257249227403
7289.0,0.15638387043834923
7294.0,0.20539927029175967
7305.0,0.19215976525991474
7317.0,0.15476658126570916
7324.0,0.17914982011147582
7332.0,0.2112008893311081
7339.0,0.1893005555425724
7350.0,0.20085508825791834
7359.0,0.17685549195328992
7367.0,0.17218519081292288
7378.0,0.16133821053887795
7387.0,0.18622557071324344
