,3
2.0,0.2305416632915586
8.0,0.22060287417124488
17.0,0.16956768088909893
26.0,0.1568374108472389
32.0,0.22149976744567534
41.0,0.227955795403483
46.0,0.2287292243316906
57.0,0.21860805057425878
66.0,0.20442977040555954
77.0,0.21252426189394405
86.0,0.2226796989495593
94.0,0.21346674576493646
101.0,0.20525635772535372
106.0,0.1565348417241202
114.0,0.15120794173855517
122.0,0.17859738910548736
126.0,0.17048499521318403
138.0,0.22711393029860585
146.0,0.21260769782352476
153.0,0.22030570110364597
160.0,0.22477497264644153
168.0,0.2789704983215157
175.0,0.1819081820585053
181.0,0.23263005768089132
189.0,0.1615279032922768
196.0,0.2186726546656917
206.0,0.20767469325269733
214.0,0.18596493867094993
222.0,0.20923471478423
231.0,0.20869567597662111
239.0,0.21461609245703198
248.0,0.16133158109894344
259.0,0.19927746957713555
266.0,0.22652432317299687
277.0,0.2738097149135843
288.0,0.21689454876294315
292.0,0.24238094101784133
300.0,0.1782238674359173
307.0,0.23717039767197415
314.0,0.2290364301723105
321.0,0.22324185521891401
332.0,0.2115208126223743
340.0,0.1824451494346895
345.0,0.1754684728811245
354.0,0.22882879736499676
361.0,0.18486605706256629
366.0,0.18555772628436054
372.0,0.2254815663984066
383.0,0.19858009664059983
391.0,0.17543466552103837
398.0,0.2117177328613076
407.0,0.2126200536285724
415.0,0.20374121580011187
427.0,0.20272144106560508
432.0,0.28359793179738707
440.0,0.18935223055711117
450.0,0.21869676772135926
457.0,0.22402174432848085
471.0,0.2798029927981613
478.0,0.23384850431704501
485.0,0.17962348695083993
491.0,0.18837940333826447
500.0,0.20650515592106572
507.0,0.1878022154813027
515.0,0.23777716274790298
522.0,0.21090903311622242
531.0,0.189686449690447
543.0,0.15732842321273577
551.0,0.23168855350634507
565.0,0.2228782113576824
574.0,0.2128240872046931
583.0,0.18248620766886198
591.0,0.20127262321300513
596.0,0.17107832771557713
604.0,0.20538360754808987
612.0,0.19492665259090997
618.0,0.24146153401340859
626.0,0.27169360619630173
637.0,0.18891442828448016
645.0,0.2474173188186912
654.0,0.24636760284332926
662.0,0.20105352793210224
672.0,0.22654947855814608
683.0,0.14079633406965358
689.0,0.2317961465904611
696.0,0.23688506601703666
703.0,0.17251204988064162
709.0,0.205953692349142
718.0,0.2135543458678468
725.0,0.10467575025217864
733.0,0.211966350549712
742.0,0.14769328936282267
749.0,0.19778730853802212
755.0,0.21896809582415355
762.0,0.247154710483345
770.0,0.2120018589184128
778.0,0.1964491832697551
785.0,0.25643544004439534
792.0,0.2070764962465104
796.0,0.22425424075064346
801.0,0.2258268164889448
809.0,0.22332384053537718
817.0,0.1573841830541123
826.0,0.1561835092734385
832.0,0.18938249138115146
843.0,0.17796120911922966
854.0,0.2431295197229938
861.0,0.22053484474217316
870.0,0.19274752148455082
878.0,0.19207907776464683
883.0,0.21176605309496319
892.0,0.18703859454756083
901.0,0.20783722719484263
910.0,0.12965141473630193
916.0,0.16774337422992266
924.0,0.23625608470877504
932.0,0.23685959877136295
940.0,0.18632664678650826
948.0,0.238705309499867
955.0,0.22908787376183531
964.0,0.22099024104451523
970.0,0.21919059639818003
979.0,0.18828805453877803
985.0,0.24099569307555543
994.0,0.20089997678486574
1003.0,0.21702915498616746
1011.0,0.16745434547512436
1022.0,0.2139480641437945
1029.0,0.21933497914444458
1037.0,0.1864704287804263
1048.0,0.2206357626158252
1055.0,0.18483113321454564
1061.0,0.22996450486956757
1065.0,0.19061741583149872
1076.0,0.21451511091988876
1084.0,0.21010219476916006
1093.0,0.2543691947341432
1105.0,0.20757289651267233
1113.0,0.25357265307973487
1120.0,0.2578167189155911
1124.0,0.24981902600990155
1133.0,0.17861522592445728
1140.0,0.2095079070711308
1147.0,0.17410021129333367
1155.0,0.2115120013309703
1164.0,0.17217332140867458
1172.0,0.1732329662827489
1183.0,0.177107890030451
1192.0,0.17234644796695536
1206.0,0.17609773161278447
1213.0,0.18916972729801335
1224.0,0.21176914831704388
1234.0,0.2536316185199366
1240.0,0.21824695825359003
1248.0,0.19685377093198775
1257.0,0.21944745908838806
1265.0,0.19809044796599076
1269.0,0.2485386204406992
1278.0,0.18531461134738805
1287.0,0.17851641776344862
1295.0,0.26455585862465536
1305.0,0.19361661155407978
1312.0,0.23053287187686097
1319.0,0.18813954354527657
1327.0,0.2378363907652474
1335.0,0.21519064522698497
1342.0,0.20500438877175697
1349.0,0.21454128882018897
1356.0,0.20130730311142103
1364.0,0.18853704496827065
1371.0,0.21021159010032645
1376.0,0.19800845380541446
1384.0,0.22281152023990833
1392.0,0.19487632941305277
1401.0,0.2017683610693737
1408.0,0.2161297038160591
1419.0,0.24022741032352746
1428.0,0.16531175109332502
1437.0,0.16451337508571964
1443.0,0.24199830474472778
1451.0,0.1678757309236125
1465.0,0.2195437059533348
1473.0,0.2256399896070632
1479.0,0.19367948105112037
1487.0,0.23441507805128733
1498.0,0.2261990770294822
1507.0,0.2049534054161952
1518.0,0.22645462090942348
1529.0,0.1775260387068527
1536.0,0.2169247213427222
1545.0,0.23079306993193072
1553.0,0.1903548771021854
1564.0,0.17425736324492902
1568.0,0.22909263963497564
1576.0,0.15886155870671195
1584.0,0.244049517441486
1592.0,0.2342252021189344
1599.0,0.13860519192506607
1606.0,0.17003611100115137
1614.0,0.1797074042420025
1621.0,0.1827459639592544
1629.0,0.2100458998825048
1636.0,0.2577601779658066
1643.0,0.23910048940203266
1654.0,0.27001519844433525
1661.0,0.20480753690593922
1670.0,0.2372537754390507
1675.0,0.15882926350768595
1683.0,0.19669744565642183
1691.0,0.22752064096384889
1700.0,0.20760854139298707
1710.0,0.26335542111237914
1714.0,0.23898938013942372
1723.0,0.23182532870268194
1732.0,0.18674999485486007
1739.0,0.2420749837142261
1747.0,0.20442266689684488
1753.0,0.160372805674211
1762.0,0.2663093789516424
1773.0,0.22478282247526366
1784.0,0.28425403315514763
1791.0,0.21852031762571447
1797.0,0.2096067747379081
1804.0,0.18200011505638097
1813.0,0.21800785672336062
1820.0,0.2179610738123605
1831.0,0.21878151450076852
1838.0,0.2306249028752248
1847.0,0.18333809542178975
1856.0,0.21263414138233933
1863.0,0.19272437310349477
1871.0,0.243309964611884
1885.0,0.2265826928319489
1893.0,0.23170568206502945
1900.0,0.24260814571865358
1914.0,0.2284034623452517
1922.0,0.1474435289642614
1931.0,0.18114098469181453
1942.0,0.23553227257455012
1948.0,0.21903617314340434
1956.0,0.252014563981807
1965.0,0.1427854927431045
1973.0,0.2395754738593415
1982.0,0.1969411609044453
1990.0,0.23640701165035477
1998.0,0.18573080743708303
2005.0,0.21122163201164781
2014.0,0.2439293561256657
2018.0,0.17500280869576681
2023.0,0.2286853873381877
2031.0,0.2102034921440647
2039.0,0.09226775554121658
2047.0,0.2009447920073649
2055.0,0.16721872160622825
2064.0,0.1851577504109161
2072.0,0.17980904161572397
2084.0,0.1712417917088248
2090.0,0.23250249943310813
2099.0,0.23808090971795548
2106.0,0.17850123854817507
2117.0,0.23562263956645282
2125.0,0.15509574823495464
2133.0,0.2439450132457094
2145.0,0.17155185257564395
2157.0,0.2189970473256147
2164.0,0.22266881734598934
2172.0,0.2452170594197207
2180.0,0.24564421418035218
2188.0,0.19867930256289884
2196.0,0.20243645118687917
2204.0,0.2216163616432634
2212.0,0.24242955794695029
2222.0,0.20828308379531718
2233.0,0.2203016177929021
2244.0,0.21055791460888382
2252.0,0.163766732903305
2260.0,0.20112702772215832
2271.0,0.22872862816816025
2282.0,0.17458815571405215
2286.0,0.19876531421185029
2295.0,0.2231224237716451
2307.0,0.23446996226193037
2314.0,0.17569464498491963
2322.0,0.19705559132313663
2332.0,0.24139066062581888
2340.0,0.1782731962096538
2354.0,0.2047332484181303
2363.0,0.20296869246729043
2371.0,0.16791421399264797
2377.0,0.23896690382479716
2385.0,0.23785377937526625
2390.0,0.18516469236251656
2398.0,0.20942450179579217
2407.0,0.22501222085823347
2415.0,0.1990812986491246
2422.0,0.2531130285287396
2428.0,0.203240374720276
2433.0,0.2216895147528503
2440.0,0.225601824678711
2448.0,0.2245462536576337
2455.0,0.23436443270038243
2463.0,0.1648136533724992
2472.0,0.2132453951814051
2481.0,0.18148874162942946
2489.0,0.14414494359283894
2495.0,0.11653164393701006
2503.0,0.16575420709456157
2509.0,0.2227175102262576
2517.0,0.18788668230336664
2523.0,0.2559967061219521
2531.0,0.24000387709182483
2539.0,0.15738385028197305
2547.0,0.17254329836187085
2555.0,0.18602629632179435
2563.0,0.21994849185820695
2575.0,0.18454600270037225
2581.0,0.19111316537726056
2591.0,0.17920699450170122
2598.0,0.1888566784260607
2606.0,0.21098059955995377
2612.0,0.21713222012486205
2617.0,0.23432929331206237
2625.0,0.17727352333645816
2633.0,0.19278145503911118
2640.0,0.19204605151681126
2644.0,0.21844054464992327
2652.0,0.23169268990992758
2659.0,0.21817136007774118
2667.0,0.14263092333496472
2676.0,0.215587293842404
2684.0,0.24249094082030803
2692.0,0.20104080316244466
2700.0,0.21766982744774568
2706.0,0.23227142803474776
2714.0,0.20386559319837755
2725.0,0.1993128660724627
2731.0,0.21467495174195508
2739.0,0.11918292846529759
2748.0,0.2392555659578495
2756.0,0.21979385456350842
2763.0,0.22860274126560495
2774.0,0.17993213448525844
2779.0,0.21527135133586622
2787.0,0.2386088364782897
2792.0,0.1629579403802359
2799.0,0.20931484519703308
2808.0,0.1754765105780803
2817.0,0.2085626378586919
2825.0,0.2024739028711282
2834.0,0.22930919859213167
2840.0,0.22661110170742862
2848.0,0.21194985462797497
2857.0,0.21688791912694172
2865.0,0.228343516940124
2873.0,0.24658413378680502
2881.0,0.21323418417808315
2888.0,0.17486100484308986
2896.0,0.2558615449733414
2906.0,0.2010893841755972
2918.0,0.14125270588017433
2926.0,0.2169268357110102
2934.0,0.21648247738177678
2943.0,0.15297651522182573
2951.0,0.15223477762446203
2958.0,0.2278041920714738
2967.0,0.2652391489232635
2972.0,0.19084068831414785
2979.0,0.24283529214641486
2988.0,0.21632734889811592
2999.0,0.21868357642025507
3008.0,0.1692905768110713
3015.0,0.24973136922283373
3027.0,0.1941704281233833
3037.0,0.2225434394101561
3045.0,0.1674521253978284
3051.0,0.22494224037169924
3056.0,0.22774422457271457
3064.0,0.2069885704275544
3069.0,0.17676874063505085
3080.0,0.2140328755045698
3091.0,0.2526708113080854
3099.0,0.20741783797396954
3107.0,0.21266712649959987
3116.0,0.20023602843142627
3127.0,0.193567879773135
3131.0,0.18334817214073884
3139.0,0.20241333683973037
3150.0,0.1809313934845798
3158.0,0.1851319418343074
3167.0,0.20461865240628277
3178.0,0.18695817523393388
3186.0,0.2358251873853565
3190.0,0.11612959754115611
3200.0,0.23898352889915062
3211.0,0.1689892224710023
3219.0,0.16265191065142998
3230.0,0.18605990291632826
3244.0,0.198367837671768
3255.0,0.247249647661774
3263.0,0.1702088608080512
3274.0,0.12158253903383073
3280.0,0.22925670030659384
3289.0,0.19119396773625566
3297.0,0.2403104503763097
3302.0,0.1812520969910165
3311.0,0.24300393085613492
3317.0,0.18964488475326965
3328.0,0.19769044192930543
3338.0,0.22533277030829527
3350.0,0.19102364875016667
3359.0,0.1583773483440488
3368.0,0.20602487084908805
3379.0,0.19160588793932934
3390.0,0.20130416121309214
3395.0,0.16385251532629463
3402.0,0.21432994378882117
3410.0,0.21405166298153214
3418.0,0.18775403383163988
3427.0,0.24856278059280898
3432.0,0.17267832043125866
3444.0,0.2219492960134662
3452.0,0.22320015431528697
3463.0,0.15331794909104982
3467.0,0.22118951123035682
3473.0,0.23846291330031616
3477.0,0.22175595832883346
3484.0,0.2392809515480567
3489.0,0.1543500438358548
3497.0,0.2373025816470864
3505.0,0.12963879039306947
3515.0,0.21958764300878178
3523.0,0.21497318260891357
3534.0,0.22165162107390474
3541.0,0.2013098126002863
3550.0,0.17067612373198068
3559.0,0.22224779901230618
3566.0,0.16950872965591152
3575.0,0.20548225074786566
3582.0,0.2454846699482426
3590.0,0.21374214708345282
3599.0,0.14420767909631715
3607.0,0.18145861598850851
3615.0,0.14194358502669513
3624.0,0.2286153173109085
3633.0,0.2242235443907856
3640.0,0.18472025776044307
3647.0,0.2369706609667091
3655.0,0.19564364154787575
3663.0,0.21993163545810038
3671.0,0.21196505142275718
3680.0,0.219596800181852
3686.0,0.20082756885067074
3694.0,0.18492581337758707
3700.0,0.22128848335746587
3706.0,0.20778957210917162
3715.0,0.16342304333266344
3722.0,0.20916809745080506
3730.0,0.20337315877186812
3736.0,0.2188481203340645
3745.0,0.21801470947520524
3753.0,0.1276264750187816
3762.0,0.16955307005431022
3771.0,0.20082508396594853
3780.0,0.2448658316303079
3788.0,0.20894301903611442
3797.0,0.1825931261533799
3805.0,0.18604385334044748
3813.0,0.16630174924325514
3822.0,0.24876325770875135
3830.0,0.16921800664377745
3836.0,0.1441006161551901
3845.0,0.20440083561879502
3853.0,0.22368764050608433
3860.0,0.26057492115845393
3869.0,0.16127086870540047
3875.0,0.16576535707116938
3886.0,0.1817507264227393
3897.0,0.16180180341210879
3904.0,0.2347046662432101
3911.0,0.17754836157223539
3923.0,0.2293788315789756
3931.0,0.2464826265011441
3938.0,0.22363446633093914
3942.0,0.25237057348360126
3950.0,0.17914890291886382
3959.0,0.1892619006957577
3964.0,0.15794239173091268
3968.0,0.18433981079516917
3973.0,0.22225452387199077
3981.0,0.1926965764120353
3986.0,0.19278856451795867
3994.0,0.2054039039521472
4003.0,0.23484745841900684
4012.0,0.23501336641831064
4018.0,0.20470804799171072
4027.0,0.2556966544841372
4034.0,0.12995072914682487
4042.0,0.26228536429486604
4047.0,0.21856461781118486
4053.0,0.19001283803349242
4062.0,0.2499064048256056
4071.0,0.22434479799292087
4080.0,0.22786943074524837
4087.0,0.17740601608534734
4095.0,0.21293995012629058
4109.0,0.20889533007047212
4117.0,0.20964459751950856
4126.0,0.2746909299703418
4137.0,0.16147758974492055
4146.0,0.21070506100534708
4152.0,0.26014051134761756
4157.0,0.2212839541733923
4165.0,0.23595859076033135
4172.0,0.22471876752191544
4179.0,0.24810632272410732
4184.0,0.1671782529223256
4192.0,0.20294491043794985
4198.0,0.21418137758367473
4206.0,0.23812033905171293
4215.0,0.19511802439585096
4222.0,0.20662865826722585
4230.0,0.2551989032553986
4234.0,0.2737376793413494
4242.0,0.22605048836749358
4250.0,0.2363680403816079
4261.0,0.18885804100001782
4270.0,0.18074731036336308
4280.0,0.2291521069549772
4284.0,0.20940627163458128
4292.0,0.21378581491895687
4300.0,0.22414398439053743
4308.0,0.2245828066022853
4319.0,0.17477048629396869
4328.0,0.17415341289305764
4336.0,0.17740935152089068
4344.0,0.191718764260027
4352.0,0.23387854155463958
4360.0,0.16202216590452906
4368.0,0.13213870655748045
4377.0,0.21976802522524078
4385.0,0.23343262760563277
4393.0,0.20702335041939135
4404.0,0.21648105266137846
4412.0,0.24922230149564475
4420.0,0.19702602823462395
4429.0,0.16375534919553558
4435.0,0.2280449961752001
4443.0,0.2408170452184362
4457.0,0.21709609868017993
4466.0,0.2288464644057369
4473.0,0.1816985290758304
4482.0,0.2491833036319172
4488.0,0.17674794375805952
4496.0,0.22203037165391906
4504.0,0.2223141521367712
4512.0,0.20409702815945202
4518.0,0.2142852930232906
4526.0,0.2081412819773594
4534.0,0.2316524445142813
4541.0,0.24133932116284038
4553.0,0.2268704343068201
4557.0,0.24253887697236107
4563.0,0.17818445116954168
4571.0,0.22815467982933413
4577.0,0.2520608151968156
4584.0,0.15728494141926203
4588.0,0.23390291484520528
4596.0,0.1787197127630204
4605.0,0.18864627764296338
4613.0,0.0834621049132597
4617.0,0.15004438954214028
4625.0,0.20390971454563775
4633.0,0.19639857426971405
4642.0,0.17741692042012033
4650.0,0.18312051327930967
4657.0,0.20489742015226345
4666.0,0.20248943725093974
4674.0,0.16533037410309998
4679.0,0.10635735487437767
4686.0,0.2596542113437995
4693.0,0.1878079058340498
4701.0,0.20449177583966263
4706.0,0.21898413000037908
4715.0,0.18382866655557
4723.0,0.179605531815197
4732.0,0.21827715833702854
4741.0,0.25330701231686115
4747.0,0.1821474638293018
4754.0,0.21780599963375297
4765.0,0.23254310688032317
4774.0,0.20464527104054817
4782.0,0.17201259660738077
4791.0,0.11312628980350697
4798.0,0.13387773770849543
4806.0,0.23231452656465013
4814.0,0.2094138380398796
4824.0,0.15386265607578775
4838.0,0.21830793533019296
4846.0,0.14302156849359343
4855.0,0.22268865652285633
4864.0,0.1697220035309966
4873.0,0.24237920711883978
4879.0,0.24348428050486834
4886.0,0.18188987838322235
4893.0,0.1697469786980374
4902.0,0.22389430489877252
4911.0,0.2279879268875989
4920.0,0.21498683623237788
4931.0,0.23911923474769384
4940.0,0.25404927733705734
4945.0,0.18645902937147898
4950.0,0.15575750070759495
4957.0,0.19046563126370292
4966.0,0.17107267939767276
4977.0,0.21329362118478312
4988.0,0.2303144765574465
4995.0,0.16515231398691904
5007.0,0.17892467723441613
5013.0,0.20287154429693793
5019.0,0.19550466685272425
5024.0,0.2628161999652791
5028.0,0.24244977011575983
5040.0,0.16983453993890707
5046.0,0.21713948647719106
5053.0,0.20053038044617874
5058.0,0.23622229937566575
5065.0,0.1438876879666472
5076.0,0.21246470119840186
5083.0,0.2171542335993584
5091.0,0.24205769546934644
5095.0,0.19545504838853447
5103.0,0.28424691766965815
5107.0,0.21608752847906176
5115.0,0.16947478300875538
5126.0,0.23037506049858172
5136.0,0.22429446045612197
5144.0,0.24471187925414398
5152.0,0.20329611013556312
5160.0,0.23891398578071266
5168.0,0.25915911529969954
5176.0,0.16747051318429504
5184.0,0.22456749091927145
5191.0,0.21387268797220083
5200.0,0.253486430306991
5207.0,0.21618833360014422
5211.0,0.23853598089534261
5219.0,0.22925224693257965
5227.0,0.20033355153158255
5238.0,0.24694702696163398
5248.0,0.2573422916030382
5256.0,0.24956829180257567
5264.0,0.19536341162967463
5275.0,0.22394312433235622
5279.0,0.22101357350447243
5289.0,0.17431076045282734
5298.0,0.1881753082925839
5309.0,0.1855613959971404
5316.0,0.21290574182635855
5323.0,0.14596830191228996
5334.0,0.2012700068122412
5341.0,0.23612054977854466
5349.0,0.23342166236827216
5356.0,0.1982402736115058
5363.0,0.17281808654521824
5371.0,0.23414382756045224
5382.0,0.2213963985879122
5390.0,0.1465436340033774
5401.0,0.2115336993694846
5408.0,0.22602737644274162
5416.0,0.2928932949052301
5420.0,0.24470974619742825
5427.0,0.23639728680367694
5433.0,0.16658528396997035
5437.0,0.23054400456152893
5446.0,0.24419967561317535
5455.0,0.1949691787456413
5462.0,0.2076152886596134
5468.0,0.24058711989485104
5475.0,0.25160453715712106
5485.0,0.21607033578219875
5496.0,0.21058256710267984
5505.0,0.2129186773628948
5514.0,0.22268679838161426
5525.0,0.22496555970932566
5534.0,0.16590767638061596
5542.0,0.15525937862852365
5550.0,0.18940287296871913
5556.0,0.220675296178372
5563.0,0.2220129571179148
5572.0,0.22248461998310962
5577.0,0.211276398901084
5589.0,0.23738097585519122
5597.0,0.23503949380797942
5602.0,0.17694781874498836
5610.0,0.21364713031650115
5621.0,0.21828995034743875
5631.0,0.13640723903326116
5641.0,0.23607521020392538
5648.0,0.045390641501078154
5656.0,0.21085697418861338
5664.0,0.21402076846067788
5672.0,0.2391292456959899
5680.0,0.220518616473686
5688.0,0.20930989384788917
5696.0,0.2344251685265321
5707.0,0.16635080330154162
5713.0,0.2213174051946692
5721.0,0.13101519944739898
5729.0,0.22904127942670383
5737.0,0.21519663320100815
5745.0,0.23314353217701003
5752.0,0.2336557682157211
5760.0,0.22824091049713327
5768.0,0.22576542956328136
5777.0,0.1470556570000356
5789.0,0.21382272794127918
5797.0,0.21508778467693276
5808.0,0.20411746647316997
5816.0,0.18457417946575197
5821.0,0.22805337451288069
5829.0,0.216732851950816
5836.0,0.16282957700033535
5843.0,0.19994790076249375
5847.0,0.1798940047629562
5856.0,0.2225921896518833
5864.0,0.20421156575676316
5873.0,0.21989653122320205
5882.0,0.1850967644467274
5890.0,0.25576271035129017
5895.0,0.148014055391907
5904.0,0.18440106009303575
5913.0,0.19799530301662685
5925.0,0.20206872526651296
5936.0,0.15004002984049497
5944.0,0.2461387724043199
5952.0,0.21355392662968997
5961.0,0.19545682956370974
5969.0,0.20898913792097654
5978.0,0.21943363762887305
5985.0,0.1953303892229535
5991.0,0.21580191112832933
6002.0,0.21986303299193413
6010.0,0.17630903805113374
6019.0,0.26291229256054466
6023.0,0.23659280253022372
6037.0,0.22025823538611347
6044.0,0.2115565767978856
6051.0,0.19813604100804072
6060.0,0.23441877632800762
