,4
2.0,0.16954063542692735
10.0,0.19474982973127855
18.0,0.14466350812378223
22.0,0.1968358575438527
26.0,0.17202124993711992
37.0,0.13905342262642406
46.0,0.18328654353432
52.0,0.16665972768351353
61.0,0.18490133011470508
70.0,0.21299676582745797
78.0,0.22505908336206795
84.0,0.2128760719286872
94.0,0.18703009612767782
101.0,0.19658314945248703
115.0,0.18733668289168912
124.0,0.18543930822641871
131.0,0.18448564079978239
136.0,0.176508551741334
144.0,0.1852774470891952
156.0,0.202336965145763
166.0,0.16771537929456595
178.0,0.19761161558845025
184.0,0.16218682813247112
190.0,0.18691754957223083
201.0,0.16871851554918915
210.0,0.1844823435603101
216.0,0.19512013432658945
220.0,0.19554924294433684
224.0,0.17840325221829467
231.0,0.21241594819051385
239.0,0.21278411844157508
246.0,0.17279579934631686
254.0,0.20682272609661073
261.0,0.19092883965577828
270.0,0.20032053964410235
284.0,0.18725075281067877
291.0,0.20454933437990297
299.0,0.19381183845087413
306.0,0.18582464473016955
311.0,0.17213934329410865
316.0,0.1712627409776891
326.0,0.15888739247668432
332.0,0.15622820065172352
341.0,0.1720849780777948
349.0,0.18969370257468582
357.0,0.2170520242403248
365.0,0.20886197830693354
377.0,0.11886211486226368
386.0,0.17199006890369878
393.0,0.18166941968717357
407.0,0.1744364750885494
415.0,0.20753539398853174
419.0,0.19449403024590062
430.0,0.20219263859436373
440.0,0.1943836797773683
448.0,0.20836469343076028
456.0,0.19554686592052634
467.0,0.1699178465641274
476.0,0.17092228479241153
484.0,0.1612976829421173
493.0,0.20959614923378778
501.0,0.16751409217880908
508.0,0.19201822817752448
513.0,0.11990869828570393
522.0,0.20689186395583456
533.0,0.172812155597396
544.0,0.18014793996645287
548.0,0.19622803119310894
555.0,0.21716055436525183
562.0,0.13959669488855023
567.0,0.1816770388280755
575.0,0.19723791788357706
586.0,0.20541791542845525
593.0,0.22153135151702646
603.0,0.1966833426738403
610.0,0.18590519872084962
614.0,0.20740516377226423
625.0,0.1921898014153017
633.0,0.19407534235634427
641.0,0.1980116205905246
649.0,0.20073400998012397
653.0,0.17430296142251928
662.0,0.16122844887262766
670.0,0.22083821472531498
682.0,0.17559383668394232
688.0,0.2086652083229632
698.0,0.18008024399031278
706.0,0.1644462068997927
714.0,0.17343450623941034
722.0,0.17710574810413232
730.0,0.20299794230603438
738.0,0.18674993841592352
749.0,0.1902479126713732
757.0,0.1627801198160922
766.0,0.16779899437648005
772.0,0.21851891892660577
779.0,0.1664603591389988
784.0,0.18878217753512883
793.0,0.21486985307271228
801.0,0.1742574714333882
808.0,0.17216858538117352
816.0,0.17731542415906298
821.0,0.1489836735518147
828.0,0.16264975553603794
837.0,0.1874128196857775
844.0,0.09348932024685876
852.0,0.15863488462504116
861.0,0.1589875953270289
869.0,0.18617356564582851
876.0,0.19823054556103134
883.0,0.18337861438268208
892.0,0.21112553989657493
901.0,0.16483038061078725
908.0,0.17856822841969008
917.0,0.20963834679069646
925.0,0.20457057754589955
929.0,0.1632590473597998
935.0,0.1667268412238109
942.0,0.1852702817961734
948.0,0.19270927845428232
957.0,0.18483894619610794
962.0,0.1918890169843935
968.0,0.17640033861276896
972.0,0.18045146892197528
986.0,0.20185957782062686
990.0,0.21325807235418345
996.0,0.19409135417252668
1004.0,0.16382423988328207
1013.0,0.18087713293316104
1020.0,0.16855672110487802
1024.0,0.16864950619177663
1031.0,0.13815641697591038
1039.0,0.19038980438519965
1047.0,0.20308232143887106
1058.0,0.10692912126087001
1067.0,0.21017246969931946
1078.0,0.1785876846008769
1085.0,0.20485209394637385
1093.0,0.19520043200239387
1102.0,0.17378290699665688
1110.0,0.21744042351615203
1119.0,0.1972055626844405
1125.0,0.15185659527244674
1132.0,0.1848470269065271
1141.0,0.17912773861609416
1149.0,0.15802930294463008
1156.0,0.1027838052161397
1164.0,0.18033802469339116
1172.0,0.16107072034489997
1181.0,0.1812410292986277
1189.0,0.20726611635307882
1196.0,0.2017852443568852
1207.0,0.18753833916969653
1213.0,0.19054394874032113
1218.0,0.22429262466100036
1226.0,0.2156591279720883
1231.0,0.1933041843260407
1241.0,0.23148636521357177
1248.0,0.2002830160290758
1256.0,0.20997147895579002
1265.0,0.21729161416901369
1272.0,0.1990999706035688
1279.0,0.16404065547517255
1288.0,0.17781631719461774
1294.0,0.21134612815446951
1302.0,0.17672157147335552
1310.0,0.12639073892580296
1316.0,0.16551524555808572
1321.0,0.14926566914299458
1325.0,0.16449581230839067
1337.0,0.1783215347554723
1345.0,0.23126437461588356
1352.0,0.15620885423301395
1356.0,0.15704618480989893
1360.0,0.17926163761361136
1369.0,0.16435694084576485
1377.0,0.17277357937373106
1384.0,0.2218954781816103
1390.0,0.17027733548166582
1398.0,0.23255693388694149
1402.0,0.17350455459102562
1410.0,0.21574066548078472
1416.0,0.20427538675811902
1420.0,0.16602797170332548
1424.0,0.1842334250547165
1431.0,0.18511670405833922
1439.0,0.20456215693400004
1447.0,0.20910712439556228
1453.0,0.15588592709827945
1461.0,0.25133006627372145
1465.0,0.18093107266122152
1473.0,0.1936844462320907
1487.0,0.22403312586720064
1496.0,0.1805728195064375
1500.0,0.18245073754455784
1508.0,0.18766728860368775
1515.0,0.2140019756468252
1521.0,0.12563840638432494
1535.0,0.06809872554449482
1539.0,0.2062729642141041
1549.0,0.15632889364071867
1556.0,0.20882756265020774
1563.0,0.1864724109552533
1569.0,0.1580374677904178
1573.0,0.18656182492882534
1579.0,0.2106420796507756
1584.0,0.19627990582868718
1592.0,0.20534121209629927
1601.0,0.2078484671776472
1608.0,0.22692804006509013
1614.0,0.20268821420642943
1622.0,0.15316362040391188
1634.0,0.17768503023193502
1641.0,0.25538297998781045
1650.0,0.186610014743416
1658.0,0.17559663553230825
1666.0,0.20390632480857632
1677.0,0.15623177320986525
1689.0,0.2112219545308394
1697.0,0.1811588693616538
1705.0,0.17263862085066264
1719.0,0.14396968464751952
1727.0,0.13508857943472408
1735.0,0.18383561479285682
1743.0,0.19463904722622147
1750.0,0.19635901337815995
1758.0,0.20243704025456277
1765.0,0.21219859692846824
1774.0,0.20395248671235852
1782.0,0.20845684971549974
