,4
1791.0,0.23961594318266025
1798.0,0.18694238958213066
1804.0,0.14707207318621646
1808.0,0.13802477704766344
1812.0,0.1320390115510449
1821.0,0.1982262613889495
1828.0,0.20042548403001537
1834.0,0.1953027133921736
1840.0,0.2041570860420072
1845.0,0.2225481884291237
1850.0,0.1666159097481285
1859.0,0.1645936007696699
1866.0,0.18933578944412063
1872.0,0.17431754724853155
1880.0,0.13903507781322694
1889.0,0.24129969425657144
1893.0,0.19799932922399233
1902.0,0.19140950385265093
1908.0,0.16079652591663246
1915.0,0.19591523447256762
1921.0,0.13789868174337525
1929.0,0.2096041278622697
1938.0,0.16136958361905906
1945.0,0.20765234319420658
1955.0,0.18311623308966105
1961.0,0.1817366792578163
1972.0,0.1502067928734755
1980.0,0.1390622018834748
1991.0,0.1280305878758731
1997.0,0.19236877074193393
2006.0,0.17424262842099428
2018.0,0.17674461154448667
2022.0,0.2014210797250117
2030.0,0.21138588913421005
2039.0,0.15292552411235735
2048.0,0.17845226751990245
2056.0,0.16620018966737357
2065.0,0.195479438685586
2073.0,0.18321294516560818
2077.0,0.19536344105035033
2083.0,0.17284046120379531
2092.0,0.21016593480684723
2104.0,0.16896140970844273
2111.0,0.18180483858417903
2117.0,0.13993817559240992
2123.0,0.20013090226048033
2129.0,0.1559176632051417
2134.0,0.19862833737052707
