,3
1349.0,0.2121149062184098
1358.0,0.1994749183297997
1365.0,0.2308784204125079
1371.0,0.21659640111453612
1381.0,0.16094959854367594
1392.0,0.21008336374021588
1398.0,0.24227251464081878
1408.0,0.16430493816726052
1414.0,0.23132159591271825
1421.0,0.19756011695121983
1430.0,0.21193216859084796
1437.0,0.14515601658562535
1441.0,0.1614668775318417
1449.0,0.16203590259287176
1456.0,0.19270908325242467
1464.0,0.18649625968442962
1471.0,0.13587325716898566
1479.0,0.21083039823637692
1483.0,0.1765594884264051
1492.0,0.16187968616702406
1496.0,0.173156245801809
1504.0,0.2311228589534025
1511.0,0.20994395369200278
1515.0,0.201518171298231
1524.0,0.21089850751779768
1532.0,0.19476886790062842
1536.0,0.18231888485229647
1544.0,0.2426454723590958
1548.0,0.19267187286586362
1557.0,0.19449532999937869
1565.0,0.24117801614382492
1572.0,0.22559772820546956
1580.0,0.16714357240330033
1589.0,0.1254383197494068
1600.0,0.2163613210493282
1609.0,0.17475408847957563
1618.0,0.19410660088135978
1625.0,0.14145608838704005
1630.0,0.190547967902378
1638.0,0.1270875998075383
1645.0,0.17607671466659508
1651.0,0.1953555952675522
1659.0,0.19164102640059083
1666.0,0.24948677882611733
1675.0,0.2128465282335701
1683.0,0.18302222059928233
1690.0,0.20589210401763056
1697.0,0.18442716836513132
1706.0,0.17425222461925322
1711.0,0.1586285413643327
1720.0,0.14501645830305537
1725.0,0.14529235972436666
1729.0,0.19626279547685602
1733.0,0.17260895862911296
1741.0,0.14654111435937459
1751.0,0.15703175052851395
1758.0,0.1599778296094854
1765.0,0.17705026105975663
1771.0,0.13082591094178034
1779.0,0.1779667495035016
1785.0,0.1931490558728983
1794.0,0.2138732195104705
1800.0,0.18478516440817097
1804.0,0.16176260371389264
1813.0,0.17082003498980497
1820.0,0.1676971212399924
1832.0,0.1378061052603329
1838.0,0.14561492054272762
1849.0,0.16731417307512741
1853.0,0.11542050629164283
1859.0,0.2134931292466567
1867.0,0.21845765252074562
1875.0,0.1817581604727128
1884.0,0.2146182444969111
1888.0,0.2245599839148482
1893.0,0.22298158505835963
1901.0,0.20037860966994056
1905.0,0.21312104578944438
1916.0,0.21316936639226589
1924.0,0.18551420562720952
1931.0,0.1621318586854789
1937.0,0.1807442334412356
1944.0,0.17770745859391876
1953.0,0.20567764353654083
1957.0,0.16601533753593034
1963.0,0.19933870589455416
1972.0,0.2114097522051399
1980.0,0.1925936154303635
1987.0,0.16241687537783983
1994.0,0.14045712179049688
1998.0,0.185376117928341
2007.0,0.17316264985443963
2014.0,0.2353662978585385
2023.0,0.2308937403766953
2031.0,0.18892261083312956
2040.0,0.21782897034231155
2049.0,0.13617603523413388
2058.0,0.1881848871092068
2065.0,0.21196470433149184
2072.0,0.20921162021831405
2081.0,0.2045349847769748
2088.0,0.16506811189428583
2094.0,0.1435192539921496
2099.0,0.16260577770576412
2103.0,0.1869965661990965
2111.0,0.1781438659338388
2117.0,0.1957704954970247
2127.0,0.14872406458707074
2134.0,0.14218102297758942
2139.0,0.20535712395670327
2144.0,0.12468825165159475
2152.0,0.17966689640457123
2159.0,0.20786992704002566
2167.0,0.2231548571818214
2175.0,0.1726599936493205
2179.0,0.18440017637700476
2190.0,0.1800235721007247
2197.0,0.17839796526776278
2208.0,0.18875580117561788
2216.0,0.13497284477665203
2230.0,0.19067048330337633
2234.0,0.20991531332575972
2240.0,0.19534632016547154
2251.0,0.17015485539103498
2262.0,0.20466722329160128
2270.0,0.2044964835463125
2278.0,0.1880449192771734
2286.0,0.20234006762396256
2290.0,0.15135110106629224
2297.0,0.22030614845707416
2305.0,0.22610550061416593
2309.0,0.17785339641395195
2317.0,0.1845238221387007
2325.0,0.24825077639570145
2334.0,0.24255680191566378
2341.0,0.20097665383802188
2349.0,0.20960120453152237
2358.0,0.20591304722367632
2367.0,0.16514818760172983
2373.0,0.2114715465959664
2381.0,0.2047303502369756
2388.0,0.1711230087637331
2395.0,0.17136944709438712
2402.0,0.18702812495745416
2411.0,0.16887831277427043
2418.0,0.21785593398079384
2427.0,0.19764973795940433
2435.0,0.2406292020140186
2443.0,0.23197518884586693
2450.0,0.17024627873236065
2457.0,0.18776792552751748
2464.0,0.20078046727538423
2471.0,0.19754929774440994
2480.0,0.18960771172848767
2487.0,0.15457123771493514
2492.0,0.13828335091001992
2498.0,0.13761896228500192
2502.0,0.183155467252432
2510.0,0.1284938618680006
2518.0,0.15248810076186609
2528.0,0.16114500724984002
2536.0,0.180453613708976
2543.0,0.1818575743514993
2551.0,0.11719578222933
2559.0,0.18131567549076813
2566.0,0.22102144962999434
2571.0,0.2249784262493768
2579.0,0.17636643612376238
2583.0,0.1749240732134166
2591.0,0.18155545067413176
2599.0,0.17698801294144068
2611.0,0.1948512107360433
2618.0,0.1379686376917808
2626.0,0.14368653381663796
2630.0,0.11360802433248286
2636.0,0.15445757361262244
2640.0,0.15734131552011327
2649.0,0.20856419928794756
2658.0,0.20002898630663477
2662.0,0.20818047305558599
2671.0,0.215602846232351
2679.0,0.19259812443100588
2683.0,0.20652552363531684
2694.0,0.19314980409017718
2701.0,0.23339453574118205
2708.0,0.16220006100730944
2717.0,0.21147719179267685
2725.0,0.19307795479218984
2736.0,0.24085798275334724
2741.0,0.22956186694073094
2749.0,0.1453116441974502
2760.0,0.19424521404972347
2764.0,0.18117965975748884
2768.0,0.20717847011490972
2779.0,0.23711885295176105
2788.0,0.1887877420703715
2792.0,0.22672493670630078
2800.0,0.21243061948781977
2809.0,0.14340784329484932
2820.0,0.22130400618470025
2828.0,0.19417297754302273
2836.0,0.17826198355321446
2843.0,0.180936015642775
2850.0,0.17797503774548615
2859.0,0.19612900134986583
2865.0,0.22232307490762943
2872.0,0.1974623829729827
2880.0,0.19139833610860935
2888.0,0.18653682947728412
2897.0,0.17930283628179816
2907.0,0.2255243520328066
2914.0,0.2045188928780286
2925.0,0.18225708433162793
2936.0,0.18349723425346115
2945.0,0.180856313153921
2953.0,0.16201575423486916
2958.0,0.18762478235997657
2969.0,0.13951056279276094
2975.0,0.14085030257690867
2979.0,0.1858267944295453
2984.0,0.15718598908012552
2996.0,0.13479373898986788
3007.0,0.1563008072277901
3014.0,0.15797213247847353
3025.0,0.1765410628634429
3030.0,0.2090645928563477
3038.0,0.1757451914213164
3044.0,0.1805530868227211
3054.0,0.21101782080176693
3063.0,0.17936720129201766
3067.0,0.16698469729971407
3077.0,0.18485648632178556
3084.0,0.17835834351198107
3096.0,0.13751994501772136
3100.0,0.15680908895698828
3111.0,0.14430161363524593
3115.0,0.11492610525906125
3123.0,0.17138827929170258
3129.0,0.18365907101099113
3137.0,0.1696097831493917
3149.0,0.1924810656550977
3159.0,0.20517032577560004
3168.0,0.2259031006530179
3176.0,0.2038690042295818
3180.0,0.1910877835505132
3187.0,0.21342412678872316
3194.0,0.199051408210681
3198.0,0.18585740766902342
3205.0,0.1782463750034938
3214.0,0.13589320249857398
3220.0,0.1628766585549424
3226.0,0.2349628974357257
3237.0,0.17665530024352946
3245.0,0.1794046707671965
3252.0,0.18005564372169697
3261.0,0.2068576069795094
3269.0,0.15232755383021207
3277.0,0.24941358961344845
3284.0,0.20927185080049035
3290.0,0.16239626786914424
3301.0,0.23044959879790702
3310.0,0.1672348614974809
3318.0,0.16194975791077174
3324.0,0.21637127278406873
3331.0,0.2175518250085183
3340.0,0.1275927623230537
3346.0,0.21853366642841623
3360.0,0.20085634823878507
3367.0,0.14526091973919925
3371.0,0.12960529056390382
3382.0,0.13385990375850912
3388.0,0.11006366999701293
3392.0,0.1631508234435502
3396.0,0.15834004700331517
3405.0,0.19344205920196975
3415.0,0.15089879478816778
3425.0,0.1388773398049944
3432.0,0.14553929654372066
3439.0,0.15981916248252592
3445.0,0.23094609394556054
3453.0,0.19428023440531636
3461.0,0.1967132082868218
3467.0,0.19494310897465555
3476.0,0.17878559895343804
3480.0,0.16502171188922315
3489.0,0.19142966067071857
3494.0,0.21779351472603975
3506.0,0.15942325685879824
3512.0,0.133934619264197
3520.0,0.24458935178131386
3524.0,0.11546092714419759
3535.0,0.19154006152786637
3540.0,0.20976013121073603
3549.0,0.17411579793027676
3561.0,0.19917686030726423
3565.0,0.2126768520792871
3576.0,0.20541942339964958
3584.0,0.20490683902159773
3588.0,0.19655110310321527
3596.0,0.1963591525085742
3600.0,0.21399965422044942
3609.0,0.21588664745473876
3613.0,0.2138857053047281
3618.0,0.1776695392705263
3627.0,0.12426290173089745
3636.0,0.18031426616825388
3645.0,0.20591793171178088
3651.0,0.20567375302845528
3659.0,0.2026133833416555
3666.0,0.13389950164905381
3673.0,0.2104119251008986
3681.0,0.15678041667289633
3689.0,0.17277297225453098
3695.0,0.17266888685207193
3706.0,0.18124354481979016
3714.0,0.18892918363887884
3721.0,0.1751904485768742
3726.0,0.20491356800754537
3733.0,0.17646483071889252
3739.0,0.1974493186283602
3745.0,0.19504730329879383
3752.0,0.14162379600631464
3757.0,0.156589913070678
3763.0,0.1527085899151248
3767.0,0.18703792357667473
3772.0,0.16568455587725717
3778.0,0.19848453823860954
3785.0,0.138400732433308
3789.0,0.16918708378334985
3801.0,0.17033078380983094
3806.0,0.1557783050714021
3813.0,0.18512140286456327
3820.0,0.1785932761029885
3829.0,0.20200115795448684
3837.0,0.18071602149373509
3841.0,0.20227457285540662
3852.0,0.16229699421559557
3859.0,0.19629030999277136
3870.0,0.13660787426795654
3875.0,0.13258987623706936
3889.0,0.2385592177294872
3893.0,0.1160685524973927
3901.0,0.1764641783759952
3905.0,0.1598139514848274
3912.0,0.20060979115316815
3920.0,0.19610606117771154
3932.0,0.2228076189332048
3941.0,0.1838803923573573
3949.0,0.1878340173067857
3953.0,0.2395964122145943
3960.0,0.15857369441764432
3964.0,0.239125768538443
3973.0,0.21863639811145305
3981.0,0.17426539453222975
3990.0,0.21903963793135378
3998.0,0.1593371291702187
4003.0,0.24275283555036398
4017.0,0.19450142623554367
4023.0,0.16787903204790594
4030.0,0.15660787645200436
4037.0,0.19424883891484868
4046.0,0.1606569029307911
4054.0,0.18703263026259287
4062.0,0.15359875172997495
4066.0,0.21210148687400665
4075.0,0.22273156200807176
4084.0,0.224968507133071
4092.0,0.1946729341928561
4101.0,0.19932219225700462
4109.0,0.2212693417885363
4120.0,0.1996883127714408
4127.0,0.20339072385818957
4134.0,0.17257755255081889
4142.0,0.20132268025136993
4148.0,0.16209569801941698
4155.0,0.16385642541916834
4161.0,0.17551116963056712
4167.0,0.1691168772841949
4171.0,0.1862147665450718
4175.0,0.1762672596162109
4184.0,0.22674019404247064
4194.0,0.14138006649651585
4201.0,0.1544580640058989
4208.0,0.17090247084811608
4216.0,0.130103069945574
4224.0,0.20688679419381933
4231.0,0.2016951829931061
4240.0,0.1650854702383422
