,3
2.0,0.18936716484154273
11.0,0.2058300677434015
18.0,0.2357555738335911
27.0,0.2101091657183297
38.0,0.15553172993174622
47.0,0.1479272083161765
55.0,0.15487123604438252
62.0,0.13312928900232918
70.0,0.22057491215540384
77.0,0.15759919440456185
81.0,0.22309197593984306
89.0,0.2273088099407491
93.0,0.18024359493400513
97.0,0.2336715356935806
104.0,0.2290620664603893
108.0,0.22758069314506865
117.0,0.15676214479970613
124.0,0.16316286565650429
131.0,0.11723345076342614
142.0,0.1633067039550071
149.0,0.18376978897778143
158.0,0.23782197970596874
169.0,0.18657124160053828
179.0,0.21394787682435737
187.0,0.13897095287890404
196.0,0.20454066258936637
205.0,0.22780192931819354
217.0,0.16956441243872408
224.0,0.22969348519706162
229.0,0.21089952436674725
236.0,0.20245469074309572
244.0,0.22891622020185579
248.0,0.23845967078396046
255.0,0.20330134123853003
264.0,0.24446296215295418
271.0,0.21129082151281767
281.0,0.21283055014472543
288.0,0.25125056180083116
296.0,0.17979595624746197
303.0,0.20881351237838286
314.0,0.24039978467490586
324.0,0.24128341582250507
331.0,0.2130940689919698
339.0,0.17823261741627824
350.0,0.19890542729894073
354.0,0.17580346888561083
361.0,0.18038856250336174
369.0,0.16412918368847454
378.0,0.1669609535304351
389.0,0.202099693417958
397.0,0.2315602928225804
404.0,0.20421925331775814
418.0,0.23668920672497135
426.0,0.20518905286460143
433.0,0.24669987290847076
438.0,0.20036035063490762
442.0,0.20394382948932377
451.0,0.1556578068073759
460.0,0.20479237646247225
469.0,0.2018059576568128
480.0,0.185083599120981
484.0,0.16417612406482618
488.0,0.22720287655890664
496.0,0.17197111855088307
507.0,0.21987010452341574
515.0,0.1950517752859197
519.0,0.2078400591248029
531.0,0.21268069816003252
543.0,0.1244335271478554
551.0,0.16707504369836415
560.0,0.22443691158691295
565.0,0.22661653610355442
574.0,0.18641034824045388
580.0,0.21249325871343785
585.0,0.17477577855813392
593.0,0.22116393925262381
601.0,0.20021484807527218
609.0,0.14444637551706838
620.0,0.14776514156973944
628.0,0.22930341150905162
635.0,0.21700982674702599
642.0,0.17293610228061063
648.0,0.2251252576657207
659.0,0.2193491468579949
666.0,0.22766302830097163
673.0,0.19641221818349375
685.0,0.11937703747010996
694.0,0.19527463009525517
702.0,0.23503490090172946
709.0,0.22080505555642624
716.0,0.183455893160171
724.0,0.184623175770596
738.0,0.16279499375064196
748.0,0.1972685124536769
759.0,0.22085028695308892
767.0,0.1995186023234326
775.0,0.18418515960538673
782.0,0.21726701065646573
793.0,0.1923671494053624
800.0,0.18861714970668228
806.0,0.1647581454811056
815.0,0.19204500820684306
823.0,0.20616351997132717
831.0,0.24338520586472837
838.0,0.1924984818896122
846.0,0.18221173971369928
853.0,0.20691503943673725
861.0,0.20926254999059268
867.0,0.15131653494686173
871.0,0.1217461651097512
879.0,0.17129134507994598
888.0,0.19451744567286683
895.0,0.19717651626442753
903.0,0.1778761671823112
911.0,0.1899137515952011
920.0,0.22066476797671775
928.0,0.15476040427454477
939.0,0.23763258502418
948.0,0.13276238321019315
955.0,0.16127314548011493
964.0,0.16590295464520277
969.0,0.18804283632983354
978.0,0.1594353658864874
984.0,0.21817351478791466
992.0,0.20773937046239088
999.0,0.18262038444896272
1010.0,0.22761471634514557
1020.0,0.15918279489763382
1031.0,0.18640186850702276
1040.0,0.21318890974579488
1049.0,0.1921807191709099
1057.0,0.19661852100184815
1065.0,0.1963622879149544
1074.0,0.2149839979884507
1086.0,0.1757966195021218
1098.0,0.17981517744646514
1106.0,0.19190426452707332
1114.0,0.22007853718979004
1120.0,0.20731453140379852
1125.0,0.20746727899999715
1134.0,0.2662057532509982
1140.0,0.20510923696480432
1148.0,0.15818188018344784
1160.0,0.18289809129392734
1168.0,0.19755313929799376
1179.0,0.1849871210200348
1188.0,0.19273504151290657
1197.0,0.24359127587291618
1204.0,0.17280259748668025
1215.0,0.19060425862882852
1223.0,0.2083303175769563
1237.0,0.16833326863928852
1245.0,0.19009043732166614
1250.0,0.16975887429450895
1261.0,0.20796431469964272
1270.0,0.1912795986772173
1278.0,0.1839623788958069
1286.0,0.1928826454558664
1290.0,0.2163868437255028
1298.0,0.19355796662268324
1305.0,0.2036023535375414
1313.0,0.2276354283293174
1321.0,0.19186185991973995
1330.0,0.18693080370618884
1341.0,0.25446699057138733
