,4
2.0,0.21263775809982474
8.0,0.16987880106730355
19.0,0.18059116448499607
26.0,0.19083860936485436
33.0,0.11531337867700632
41.0,0.14736406642159955
49.0,0.18855446168518802
58.0,0.189678427973312
66.0,0.14065462267161713
75.0,0.21491324958390504
83.0,0.1676119817159086
92.0,0.18286195703579455
100.0,0.19440351726310298
109.0,0.17859084044692838
117.0,0.10761005174511619
125.0,0.2062476777532262
136.0,0.18151947183308156
145.0,0.20056737176889222
152.0,0.1739709424433431
161.0,0.17169655096746192
172.0,0.17026799876562215
181.0,0.217837553379215
193.0,0.1760947929737579
202.0,0.18583788038666824
208.0,0.20911335767708658
215.0,0.21058685695062956
223.0,0.19003344834417288
232.0,0.19219662765840892
240.0,0.1850116204425819
244.0,0.2044197575597882
255.0,0.23558829643148055
260.0,0.1803791556265539
268.0,0.1956331461045233
275.0,0.19624563210994472
280.0,0.1618055021045525
290.0,0.2123305295295863
298.0,0.21365422897419686
310.0,0.22230580594570049
316.0,0.20505015080567182
324.0,0.2116188108217886
332.0,0.210543678394149
341.0,0.15731732137547494
348.0,0.18288648913338412
357.0,0.21735701042215372
367.0,0.20820005319193935
372.0,0.20369648616013694
380.0,0.18979783333580344
384.0,0.206722652650092
392.0,0.21814038308576156
397.0,0.21482568861238438
408.0,0.15606926653119915
413.0,0.19643609154810454
421.0,0.1683456060956681
429.0,0.2061079761273894
435.0,0.21971143326271528
444.0,0.1646764896855721
453.0,0.2071447599239993
459.0,0.22754121663529003
466.0,0.1907755289611054
475.0,0.21004085952374046
483.0,0.21112408175675998
492.0,0.22217051346493616
501.0,0.20892802822086096
510.0,0.20200084659495016
521.0,0.16028659953008292
525.0,0.22514189901772044
537.0,0.17776716749723498
545.0,0.19509366050953003
550.0,0.19663234182558226
559.0,0.20118392632671184
566.0,0.1799656507825024
575.0,0.1856066584204428
584.0,0.2037347210094724
592.0,0.21067037330321792
600.0,0.1585672618170906
606.0,0.17206657713453874
615.0,0.1663168081367563
623.0,0.20371389643166024
627.0,0.2239477703072156
636.0,0.22106325650908146
643.0,0.11608774572020389
651.0,0.19738702680613043
659.0,0.1929442556524101
663.0,0.21346277236068492
668.0,0.19612872311730958
675.0,0.19367421628467274
683.0,0.22001447938587285
694.0,0.20971192788311277
705.0,0.2028042700201941
712.0,0.188301521384892
718.0,0.20041729016262183
724.0,0.21203949777893047
732.0,0.17479203671971855
740.0,0.17129540651907268
747.0,0.1629179907243113
755.0,0.19454956109960306
762.0,0.21898201830236977
769.0,0.1786562406198109
778.0,0.15725190638491474
785.0,0.1778856397701953
793.0,0.1755016562261008
802.0,0.19022747875823165
810.0,0.17227015182259825
817.0,0.19170040238526784
825.0,0.1832290714065467
833.0,0.19641155771580104
840.0,0.17308089951743233
847.0,0.23511387132777622
856.0,0.17405135280569511
865.0,0.1929968451742132
877.0,0.1907312496000874
886.0,0.2108092976201891
891.0,0.20043632330101926
896.0,0.20287200520303877
907.0,0.2124557385688225
915.0,0.2304123046920547
924.0,0.18180505948966763
936.0,0.1904234016808268
944.0,0.17264513073780874
949.0,0.19728990361627355
961.0,0.18154637860920037
972.0,0.15969549091485757
979.0,0.18623821835695512
987.0,0.19683041480619845
995.0,0.18021769858282236
1004.0,0.1875346026608025
1013.0,0.18830265716621675
1021.0,0.1974402182116276
1027.0,0.13936660568605122
1036.0,0.19003391686725266
1042.0,0.19792411326356252
1047.0,0.17116064943447684
1056.0,0.21729751872655959
1061.0,0.20989151898258207
1068.0,0.18373928010250964
1079.0,0.20578236451586024
1088.0,0.18486955853764403
1093.0,0.19187316134538998
1103.0,0.19777635689051343
1114.0,0.2067531482680806
1122.0,0.11590847672032424
1131.0,0.1905803592841665
1143.0,0.19408602847694215
1152.0,0.18313005393863532
1161.0,0.18546149669547699
1169.0,0.12314846639928988
1180.0,0.2202688727861869
1184.0,0.18235129304950015
1192.0,0.1846492165865891
1199.0,0.18090843842142976
1204.0,0.20386259075606664
1212.0,0.17622884786609236
1221.0,0.19040044820582167
1229.0,0.16515831063107417
1238.0,0.18811838720789517
1249.0,0.1991412615446853
1257.0,0.179376333250226
1266.0,0.17154117539361705
1275.0,0.19662180205508709
1283.0,0.13071873362939312
1292.0,0.17074112656364304
1300.0,0.1650446172061267
1309.0,0.2059054555376499
1316.0,0.17622332809802
1324.0,0.17948846274990535
1334.0,0.13888233624947036
1343.0,0.18863297147660457
1352.0,0.19033634785962641
1360.0,0.19382416560089527
1368.0,0.2074034188856002
1376.0,0.1821086325144178
1387.0,0.19845976346017838
1397.0,0.18679953289212345
1405.0,0.21090712322410352
1410.0,0.17810287682975764
1417.0,0.20120773493797123
1423.0,0.16221246889684324
1428.0,0.2120795714461831
1440.0,0.18628405814301627
1451.0,0.17814831285164495
1456.0,0.18118440947322673
1460.0,0.14227463687479902
1468.0,0.19963364567522726
1477.0,0.1572845087358124
1486.0,0.20083969859080023
1495.0,0.2251209789558427
1500.0,0.16300269517160493
1505.0,0.15978066965015877
1515.0,0.19966251566802698
1522.0,0.16236243186831423
1530.0,0.20724434521084797
1538.0,0.23689566544213428
1543.0,0.2107332740298376
1551.0,0.18774519050293628
1560.0,0.2162705997694859
1568.0,0.18546138624007005
1577.0,0.2180782669681678
1585.0,0.14615583516256883
1594.0,0.23792531374360976
1602.0,0.16465616262663604
1610.0,0.18413586060815668
1621.0,0.20815952078187744
1630.0,0.14946389952119377
1637.0,0.21765379480758137
1646.0,0.14716016744840144
1657.0,0.19120654830665215
1666.0,0.18580898141755564
1678.0,0.1957592974787226
1687.0,0.21909421878015628
1693.0,0.20022162558186898
1700.0,0.1980771054194264
1708.0,0.16858486842274412
1717.0,0.26733269130886006
1725.0,0.22278243062760025
1729.0,0.20177761941298558
1740.0,0.1917503010918807
1745.0,0.20629869309169027
1753.0,0.16000539690215299
1760.0,0.1860869302889401
1765.0,0.20839763473981537
1775.0,0.0978770949214155
1783.0,0.21125963488866856
1795.0,0.12010178935647454
1801.0,0.18174778905469435
1809.0,0.2016429527543508
1817.0,0.18590324474967018
1826.0,0.19796882189624976
1833.0,0.18704219931004454
1842.0,0.21854794557795854
1852.0,0.19713419475553914
1857.0,0.19222648605813233
1865.0,0.18040125358365558
1869.0,0.16005636012612268
1877.0,0.16538383933557055
1882.0,0.2387855302040238
1893.0,0.1833749989295523
1898.0,0.2035627419932542
1906.0,0.21258325571123685
1914.0,0.1845384304955145
1920.0,0.17397481635834594
1929.0,0.16962139893110995
1938.0,0.1820025775722044
1944.0,0.19098372698250454
1951.0,0.20122718660324193
1960.0,0.1746969469472059
1968.0,0.18782559270631885
1977.0,0.1847293529380781
1986.0,0.16241413910462352
1995.0,0.1996200526163193
2006.0,0.17456671762965037
2010.0,0.17608561898807054
2022.0,0.18648061097420002
2030.0,0.17924300361157178
2035.0,0.21170129168217047
2044.0,0.13918915643433682
2051.0,0.1852461697993818
2060.0,0.14276192838839938
2069.0,0.1917915487182267
2077.0,0.16575431514423042
2085.0,0.15664346177015046
2091.0,0.15084718455272988
2100.0,0.17795474650112247
2108.0,0.198224101517315
2112.0,0.21140559439308243
2121.0,0.20314140066439684
2128.0,0.17494632997389814
2136.0,0.1312355499146808
2144.0,0.22574545190700085
2148.0,0.1946411511342043
2153.0,0.20958807427291923
2160.0,0.185992646929765
2168.0,0.2157631597154625
2179.0,0.18827557739014905
2190.0,0.19319989893333908
2197.0,0.18526072368894378
2203.0,0.13413967180264855
2209.0,0.1994367186768891
2217.0,0.1986140934219638
2225.0,0.19746253629083316
2232.0,0.11611459530659622
2240.0,0.187748931605735
2247.0,0.20766809678232995
2254.0,0.2146586206076119
2263.0,0.15086102850293823
2270.0,0.17915664815985904
2278.0,0.18423490999622275
2287.0,0.20756067644952556
2295.0,0.18174119305772865
2302.0,0.22511386695511154
2310.0,0.21142288821687255
2318.0,0.2127624781376408
2325.0,0.22288503058016382
2332.0,0.22094653843923842
2341.0,0.2127756927375178
2350.0,0.205230986696534
2362.0,0.19488705088467756
2371.0,0.21574542310663158
2376.0,0.20082353499085576
2381.0,0.20675259657344464
2392.0,0.18644119656515762
2400.0,0.2127465472148208
2409.0,0.182903181318664
2421.0,0.23128270951040492
2429.0,0.19022187316794772
2434.0,0.18876667171760744
2446.0,0.18591073091720223
2457.0,0.2155398386419551
2464.0,0.19507524586549896
2472.0,0.21413595003589875
2480.0,0.21074083591140025
2489.0,0.1372797237255472
2498.0,0.20734272714673185
2504.0,0.19499304669169262
2509.0,0.19251901740747612
2518.0,0.20462568381874743
2523.0,0.20467282741150394
2530.0,0.2190583962939389
2541.0,0.1866575732182432
2550.0,0.176618283441914
2555.0,0.18774548669716143
2565.0,0.1929457253225514
2576.0,0.2021178295736585
2584.0,0.18677114060705566
2593.0,0.18803410785723024
2605.0,0.20479045950220065
2614.0,0.15518555037985646
2623.0,0.19331156485252138
2631.0,0.18232847225584878
2642.0,0.21264889698711972
2646.0,0.21526469073261442
2654.0,0.19134227428642264
2661.0,0.23725079895846438
2666.0,0.1958635077261181
2674.0,0.18450263395916752
2683.0,0.20656639784420136
2691.0,0.19266901051419594
2700.0,0.20657733871973707
2711.0,0.23603756326278458
2719.0,0.13737174675312705
2728.0,0.1808214002870722
2737.0,0.20323852691131133
2745.0,0.18831664760631497
2754.0,0.15926769319120163
2762.0,0.1884183266587149
2771.0,0.18378339608503486
2778.0,0.2164429309606701
2786.0,0.16763702601180205
2796.0,0.09296460470885178
2805.0,0.1903768011086493
2814.0,0.1991086880615706
2822.0,0.18684094502430268
2830.0,0.1974101903099234
2838.0,0.18261803221010975
2849.0,0.2065852866105489
2859.0,0.19597316257679925
2867.0,0.18519597209408412
2872.0,0.16255719041833558
2879.0,0.19011636675202273
2885.0,0.1923982950083102
2890.0,0.20537073500371736
2902.0,0.16602399837497925
2913.0,0.1789502110896309
2918.0,0.2240189506396919
2922.0,0.20646644381848575
2930.0,0.1611396509834116
2939.0,0.17936096244979557
2948.0,0.19859910631316036
2957.0,0.18659132144207244
2965.0,0.19866131873836257
2974.0,0.1768524964462168
2983.0,0.2185802036937777
2990.0,0.16450659335714593
2998.0,0.13816008900949997
