,4
3008.0,0.17703532739387642
3017.0,0.1782725664615012
3022.0,0.2041269636812484
3030.0,0.10868452310605246
3039.0,0.20098006791835085
3045.0,0.16547361544614955
3052.0,0.18672308390221218
3059.0,0.2129302666280308
3066.0,0.1755072484207301
3070.0,0.18897960371329994
3078.0,0.20690791957074509
3082.0,0.2042630636349285
3087.0,0.20103403283549276
3094.0,0.18381318956090145
3098.0,0.16599342996695685
3107.0,0.1782184648632017
3114.0,0.18312954667860487
3120.0,0.18805924686077932
3128.0,0.20231100720981673
3136.0,0.22683720618700573
3144.0,0.19500905045180614
3150.0,0.20601001963893764
3162.0,0.2032627124145064
3169.0,0.2451284573834143
3176.0,0.20297754257948883
3184.0,0.1853425410132212
3189.0,0.20327229950925504
3200.0,0.19193296793737827
3207.0,0.1445523166465256
3211.0,0.15061024378979207
3220.0,0.22104766441675552
3232.0,0.18099494090820184
3240.0,0.2042447960243332
3247.0,0.20680416919377342
3254.0,0.1842110820446125
3261.0,0.1422145854122351
3272.0,0.12723021519136155
3280.0,0.20227848071287802
3288.0,0.19285749773996752
3300.0,0.1700712802503279
3306.0,0.16093042475465227
3311.0,0.19252237661041857
3319.0,0.183590552131253
3326.0,0.17495586659985615
3334.0,0.1744625138266804
3341.0,0.19342388433719349
3349.0,0.18825011195112076
3353.0,0.22510591444221298
3362.0,0.19917549316675434
3369.0,0.16015760326338016
3376.0,0.18509531794131404
3384.0,0.21048790922802077
3392.0,0.19193510127968147
3396.0,0.16437152974351346
3404.0,0.21207970410103008
3418.0,0.1864531463637575
3426.0,0.17696881776086298
3433.0,0.13519856888814524
3438.0,0.18256198926311826
3442.0,0.1766778497737776
3451.0,0.19246033951194372
3460.0,0.19215181707498477
3468.0,0.20611697002866625
3480.0,0.2136215308982546
3488.0,0.20884603721583161
3499.0,0.16187995983518955
3507.0,0.19243678578342557
3518.0,0.17183579760893833
3525.0,0.2499607480015423
3533.0,0.226322840049446
3539.0,0.21373643564172345
3551.0,0.16686695644173244
3558.0,0.1233499616917027
3567.0,0.1916377495398936
3574.0,0.17130200170820128
3582.0,0.15803256876157096
3589.0,0.19401998121347214
3600.0,0.2068510497001438
3608.0,0.2023735635933502
3616.0,0.16725784106145275
3622.0,0.16682813675559494
3633.0,0.220920337046498
3639.0,0.21583138602597723
3647.0,0.21376427406018852
3654.0,0.17750780454619605
3660.0,0.18075178169340822
3667.0,0.20926666736738117
3672.0,0.19825741463789984
3678.0,0.2129839578256055
3689.0,0.19471669208485418
3698.0,0.17728013720736274
3706.0,0.2107136147159112
3713.0,0.1869239103576733
3724.0,0.22907275741897526
3729.0,0.18243468293217047
3738.0,0.1950258365197201
3752.0,0.19334580931305545
3764.0,0.2022196292990451
3771.0,0.17349169709148882
3780.0,0.18335458345090588
3787.0,0.21710777517089988
3798.0,0.13764879631100038
3808.0,0.21977202031774096
3818.0,0.2087794927698328
3824.0,0.13791070824043444
3831.0,0.1665301708030947
3839.0,0.20972576003531943
3846.0,0.13789913887527938
3853.0,0.19866316498840267
3861.0,0.17854953004809623
3869.0,0.17472939731804973
3877.0,0.20124536977298335
3884.0,0.16010587049451333
3888.0,0.20989476356795944
3895.0,0.18665739924886834
3904.0,0.13562685775847522
3912.0,0.18533533405639724
3920.0,0.2069017172429204
3928.0,0.17857627544944268
3939.0,0.17967992090450402
3947.0,0.16985655497409297
3955.0,0.1970838163503118
3964.0,0.1736171066523206
3972.0,0.21758927136112194
3979.0,0.21720000413974608
3987.0,0.22050143024310892
3996.0,0.20376937283771013
4005.0,0.19400334825792762
4013.0,0.17275544868747622
4022.0,0.17106304346901055
4031.0,0.17964022078070738
4040.0,0.1868136693497051
4049.0,0.17073400216997647
4057.0,0.20252720347697875
4064.0,0.16720673490126378
4071.0,0.19618906179063011
4079.0,0.17708703225467615
4086.0,0.18662722142197108
4098.0,0.2173873398554453
4105.0,0.21789787544382516
4114.0,0.20114508787215715
4118.0,0.16908512586005423
4126.0,0.2380626624688025
4131.0,0.2330788097605718
4139.0,0.1820445126205343
4144.0,0.19534206569331705
4153.0,0.2111691216778567
4162.0,0.1819137638150176
4170.0,0.2071838873831803
4174.0,0.21249271323363847
4179.0,0.22346767968282363
4186.0,0.16683115027166967
4195.0,0.1996137916555346
4207.0,0.18051963801267168
4215.0,0.1481024067081485
4224.0,0.16453051854584258
4230.0,0.18997934292974664
4236.0,0.20095465074991337
4241.0,0.19110310496304395
4249.0,0.2157051459997005
4256.0,0.1863025292544654
4265.0,0.19849789764796835
4276.0,0.20439447534435984
4280.0,0.22333256719145556
4288.0,0.1540460525158565
4297.0,0.17503634651444527
4304.0,0.15164966041232203
4311.0,0.17901022657569182
4322.0,0.1823606018107122
4330.0,0.1874285503058848
4339.0,0.20788461421794927
4344.0,0.2120800155322983
4352.0,0.18438451613523588
4363.0,0.17070701532047003
4368.0,0.2046370122760796
4375.0,0.1951878192030133
4383.0,0.2336836814039773
