,5
3008.0,0.1850964343479506
3017.0,0.18252255819053148
3022.0,0.1978088106120014
3030.0,0.19134642861063872
3039.0,0.19599380178327566
3045.0,0.1632160186998212
3052.0,0.1989850872805904
3059.0,0.16814969740690067
3066.0,0.17983298757028351
3070.0,0.19107516609187614
3078.0,0.2016459524542172
3082.0,0.21812731553367623
3087.0,0.20764097106779783
3094.0,0.16817992178118166
3098.0,0.16332135534911188
3107.0,0.16186135299303459
3114.0,0.17019401411371632
3120.0,0.20245840025495054
3128.0,0.16781561582542592
3136.0,0.18764081639003471
3144.0,0.18887658931268442
3150.0,0.1903819456161427
3162.0,0.1716672045178712
3169.0,0.1921385860104591
3176.0,0.17732077297647345
3184.0,0.17714218489554248
3189.0,0.2068590128785808
3200.0,0.19815178932526847
3207.0,0.16977401302935105
3211.0,0.15462714482353493
3220.0,0.19239341142675934
3232.0,0.19068608766312517
3240.0,0.18792298272666333
3247.0,0.19342614546706888
3254.0,0.22242448072382393
3261.0,0.15706479657985117
3272.0,0.2263490836535304
3280.0,0.20055652729412257
3288.0,0.18381497658835433
3300.0,0.1270916330764828
3306.0,0.18891483990605423
3311.0,0.1891839218614445
3319.0,0.20080836003010544
3326.0,0.2059667752414106
3334.0,0.17703570363017715
3341.0,0.1638602687517882
3349.0,0.17598749497130414
3353.0,0.19033041484944013
3362.0,0.19160756236422685
3369.0,0.21794966356598297
3376.0,0.1679818920532425
3384.0,0.20396407799469132
3392.0,0.17322697784760638
3396.0,0.1828101685796997
3404.0,0.18109993371824315
3418.0,0.2019953187847948
3426.0,0.1973433278014202
3433.0,0.17028281069582743
3438.0,0.19364342104612062
3442.0,0.20928373400347255
3451.0,0.1851571896129609
3460.0,0.19159643274116495
3468.0,0.18896940240353588
3480.0,0.21206504900779635
3488.0,0.1778689092426692
3499.0,0.16505026851104013
3507.0,0.17950988444701982
3518.0,0.1778501086613614
3525.0,0.1917156815177289
3533.0,0.19844534732278163
3539.0,0.18363023878056303
3551.0,0.21329314551891174
3558.0,0.15737119763832982
3567.0,0.19246234849712823
3574.0,0.18627597997479475
3582.0,0.20052001228536762
3589.0,0.18561310310570417
3600.0,0.18047214116058977
3608.0,0.17850788634474227
3616.0,0.1924698424156268
3622.0,0.19928565148073854
3633.0,0.1974115482795748
3639.0,0.1809788115850304
3647.0,0.19435332304381153
3654.0,0.18755544163527246
3660.0,0.1864163560521266
3667.0,0.1805883683948394
3672.0,0.17869690372187985
3678.0,0.20454745819837367
3689.0,0.18326217236496517
3698.0,0.1966958217937594
3706.0,0.1821701310628106
3713.0,0.1643280494059148
3724.0,0.17493508928261917
3729.0,0.19166911265095282
3738.0,0.1938198245479443
3752.0,0.20935118685548482
3764.0,0.17869591101076535
3771.0,0.19517405889824588
3780.0,0.17021128763700932
3787.0,0.18597534874327915
3798.0,0.16483875914059415
3808.0,0.18570130665163853
3818.0,0.18079761584358484
3824.0,0.2075823804186468
3831.0,0.18824333083014816
3839.0,0.18593915756263477
3846.0,0.1941269134307467
3853.0,0.17303057578154726
3861.0,0.18945346354272022
3869.0,0.20649638202324233
3877.0,0.187665904853006
3884.0,0.17707043465523833
3888.0,0.2138631890630751
3895.0,0.19108017240118247
3904.0,0.1929056199461484
3912.0,0.18730369911532352
3920.0,0.1743745454013408
3928.0,0.19204154005064802
3939.0,0.2117970355036544
3947.0,0.18971743219055875
3955.0,0.2094350598758276
3964.0,0.20562482663347917
3972.0,0.17486981858665693
3979.0,0.19476167743676243
3987.0,0.16920248519896772
3996.0,0.17819919445418325
4005.0,0.16475329659662638
4013.0,0.18568141877877586
4022.0,0.1736604838471968
4031.0,0.17374214968926552
4040.0,0.18213509566469616
4049.0,0.18135018522967528
4057.0,0.19034368661275308
4064.0,0.203482746577619
4071.0,0.20566934619039462
4079.0,0.16328149155402494
4086.0,0.17721856017971618
4098.0,0.17110784221278835
4105.0,0.2039366930871245
4114.0,0.18144286227167558
4118.0,0.16016880523774538
4126.0,0.19098920110341439
4131.0,0.15756677329214597
4139.0,0.18344450256851924
4144.0,0.1889300090792322
4153.0,0.19093913189534895
4162.0,0.1875424497797397
4170.0,0.20147336325911405
4174.0,0.20542661937795192
4179.0,0.17576023243916716
4186.0,0.1579744007945096
4195.0,0.1868321790814456
4207.0,0.18587662666830432
4215.0,0.16679579576902784
4224.0,0.1848872026592068
4230.0,0.17430893568112338
4236.0,0.1667590240489688
4241.0,0.1905751048914691
4249.0,0.18958744239374328
4256.0,0.18921383118340293
4265.0,0.19735751543942712
4276.0,0.21304610052364864
4280.0,0.19351441147859005
4288.0,0.2042868129210772
4297.0,0.18167720079064126
4304.0,0.16726299626258428
4311.0,0.19271174236438474
4322.0,0.20106095057694298
4330.0,0.1662230913629504
4339.0,0.20766976023353467
4344.0,0.18565211610882193
4352.0,0.1830279264740868
4363.0,0.18499544264683865
4368.0,0.20051281256839198
4375.0,0.19993076976852048
4383.0,0.19458557545709837
