,3
7290.0,0.3055603868953727
7296.0,0.24321333821055435
7300.0,0.2050488511329112
7308.0,0.1793598314699957
7315.0,0.1855076572882203
7319.0,0.21377886489529851
7325.0,0.2041760027362108
7332.0,0.18931371970299254
7336.0,0.1875906925938545
7347.0,0.17866005580368657
7356.0,0.20972830342542972
7367.0,0.2164124230860297
7378.0,0.17356537064396996
7399.0,0.21503233807455238
7407.0,0.22354899968857708
7414.0,0.23628648570915067
7419.0,0.17948646359437342
7427.0,0.13393083632895234
7436.0,0.17354464212087534
7447.0,0.20257099726246314
7458.0,0.22789372873766667
7464.0,0.18878836655190281
7472.0,0.21092131893902205
7479.0,0.18217595055498634
7486.0,0.23645895418192026
7495.0,0.2674645894326193
7503.0,0.19211576027346558
7508.0,0.18448652492827217
7513.0,0.20117658380590445
7517.0,0.16944490398005582
7524.0,0.2254130766942079
7535.0,0.21980909110153649
7544.0,0.2413807401565766
7552.0,0.21633834868209964
7561.0,0.18416590790557139
7572.0,0.11650076867311566
7581.0,0.2625077468725731
7586.0,0.23137738473696914
7597.0,0.1765167500818058
7605.0,0.20323943454663004
7611.0,0.1984959166550901
7618.0,0.22178630030592297
7624.0,0.25061463706848924
7628.0,0.25781668010324554
7636.0,0.23231366099721856
7642.0,0.2516999766609976
7649.0,0.15358604380863716
7657.0,0.22702127651002485
7665.0,0.16276997913156319
7673.0,0.14287838286228724
7681.0,0.23915791678909185
7690.0,0.17158413989427695
7697.0,0.17089356217091786
7706.0,0.22022463626657038
7716.0,0.24105032375195234
7727.0,0.2043402733253509
7735.0,0.16426083436204353
7742.0,0.21400072501591888
7750.0,0.21169994584858579
7756.0,0.24070670275045328
7763.0,0.21908246508273965
7772.0,0.18013635102603232
7780.0,0.1886986158865799
7786.0,0.22275429955039477
7794.0,0.13881549133499596
7798.0,0.19224904877931068
7812.0,0.26435598028033747
7823.0,0.1287236834050265
7830.0,0.19769241650677152
7839.0,0.19848626009089518
7843.0,0.22551178793270804
7854.0,0.12489880984714956
7862.0,0.23086742165574164
7869.0,0.2253910297921994
7874.0,0.1592276745710928
7885.0,0.23362319220212496
7893.0,0.15959840688882082
7901.0,0.17304886894058435
7905.0,0.16506782108336612
7911.0,0.18216572123930366
7919.0,0.23384654199908206
7933.0,0.22467372292105056
7941.0,0.21448305776878906
7950.0,0.20391472922704787
7959.0,0.2527648137060379
7970.0,0.1932771001513525
7978.0,0.20948711053654417
7985.0,0.1829792731231244
7994.0,0.1689033109467139
8003.0,0.1916225498385315
8009.0,0.20247022206786078
8017.0,0.2355740748054521
8022.0,0.16145758877747676
8030.0,0.1714698894997664
8040.0,0.239916383527711
8051.0,0.2395220506147022
8058.0,0.1939852727404497
8069.0,0.21282795794037324
8073.0,0.16852554826752764
8083.0,0.15888350908419396
8089.0,0.24518621071040247
8094.0,0.2193976147308244
8104.0,0.2218108967682283
8112.0,0.19177501082868656
8122.0,0.20679574189753772
8127.0,0.19227021345177323
8135.0,0.15176251253126125
8140.0,0.20953161286799565
8147.0,0.14174543355623703
8157.0,0.23893549713351017
8168.0,0.25149230717027665
8174.0,0.20917815258764813
8185.0,0.22140113250785726
8196.0,0.1975468444025874
8205.0,0.23078288467947328
8214.0,0.1955714528138351
8218.0,0.19093804194734595
8227.0,0.21651989487822712
8231.0,0.16347867619526
8237.0,0.23147822677990168
8244.0,0.2045841244320483
8252.0,0.2160453641458691
8260.0,0.16812134696718478
8274.0,0.21584238921454807
8285.0,0.21675954352035964
8297.0,0.18457295237045085
8305.0,0.2642825800276638
8315.0,0.11572085112312998
8325.0,0.23899728866677353
8332.0,0.18720871531491043
8336.0,0.2665842098519588
8341.0,0.2640139775554204
8350.0,0.20599012756424995
8357.0,0.23541697939597597
8362.0,0.2167754104623987
8369.0,0.27060780242424654
8380.0,0.22919929171566789
8391.0,0.18267562946965488
8396.0,0.24139580101404293
8403.0,0.16417494528794302
8411.0,0.18949071819125488
8419.0,0.18797907640572226
8425.0,0.20049183959486974
8434.0,0.2125479607433694
8442.0,0.21145943792894492
8447.0,0.21981153279672278
8455.0,0.22616282787504527
8462.0,0.22550383840267552
8469.0,0.19037114041602707
8480.0,0.19683508096344274
8492.0,0.23112691384909664
8501.0,0.2007395622427844
8512.0,0.17596802576473264
8523.0,0.25465983654748503
8527.0,0.2184854616856332
8538.0,0.1831855614216162
8548.0,0.2398238415525039
8555.0,0.16330970916414814
8560.0,0.2270134971168587
8564.0,0.20753446635964712
8571.0,0.22305178919503457
8577.0,0.24347553796267393
8582.0,0.20304060932297618
8590.0,0.2619819507502959
8597.0,0.23588407193406424
8604.0,0.24275330155022307
8608.0,0.2268863860018069
8614.0,0.1922338909302737
8622.0,0.2609409307228455
8629.0,0.189130088951537
8640.0,0.22077208265208323
8647.0,0.20933095518995706
8656.0,0.18046474618560723
8664.0,0.20980885977983954
8674.0,0.21761914446225417
8680.0,0.17981987347890654
8686.0,0.202086799888183
8694.0,0.13172934135447004
