,3
2.0,0.28798840252111774
10.0,0.1578743509145529
19.0,0.19583175157993493
27.0,0.16616627438148154
36.0,0.23434306227907128
44.0,0.19871595744360296
51.0,0.2085835463204717
60.0,0.18357631486180667
69.0,0.20281203145799254
74.0,0.2053980474013148
83.0,0.11763338519578734
91.0,0.23057174418779725
96.0,0.17333466830408076
105.0,0.2509554096234646
114.0,0.26227461037760785
119.0,0.20212039560003314
128.0,0.13166533707517283
139.0,0.22998977931194703
151.0,0.17897686021670223
159.0,0.2459093889549879
167.0,0.13700751365731925
175.0,0.23586895038646974
180.0,0.17573739176487638
185.0,0.20861876231788234
191.0,0.21115661893175153
199.0,0.21613532901815602
208.0,0.19045906496532486
214.0,0.21511326802070196
221.0,0.21459269124796768
228.0,0.2297166976326191
237.0,0.24287035110898492
246.0,0.22496958799631964
250.0,0.20619782971448275
255.0,0.15577167339408315
264.0,0.2134811273151068
272.0,0.19121821829362962
278.0,0.22481820754671636
286.0,0.11875308513419197
295.0,0.24424212823930985
304.0,0.11545591959771233
315.0,0.14404873963805298
323.0,0.22084293814919975
331.0,0.11443262065355331
339.0,0.12923653672131732
345.0,0.18772319300172227
352.0,0.2540872777095178
357.0,0.16805932472681082
369.0,0.13835493962972387
378.0,0.20301076415795397
386.0,0.24229985743224763
393.0,0.16730380020964417
400.0,0.2373233004341372
404.0,0.18051743520542396
409.0,0.2007521966346928
420.0,0.22760258998679694
431.0,0.13833119908108207
437.0,0.1938454238437734
443.0,0.1790828725656152
457.0,0.22773461744082474
468.0,0.19168756274682727
475.0,0.19537788569558293
482.0,0.24600286852586925
488.0,0.14657017319163637
494.0,0.20244305911631347
502.0,0.21796474429148893
511.0,0.17817835445954514
520.0,0.17096368001914838
529.0,0.14745115464731398
536.0,0.169582904501119
545.0,0.1644518867069753
549.0,0.15927533928071044
554.0,0.19550688584886522
563.0,0.16114988214694692
572.0,0.24126704806074334
581.0,0.14082312438898545
590.0,0.1682865798546383
599.0,0.2409545863965339
607.0,0.23206615380676462
612.0,0.11814107887093789
623.0,0.2123360242599821
632.0,0.1221198749591361
644.0,0.1310296636713115
655.0,0.2088119670130999
664.0,0.11554610306336377
673.0,0.20247289251998343
681.0,0.23846920871964397
690.0,0.16664391499473424
697.0,0.1269432118925768
706.0,0.20750059834259893
714.0,0.14279473268353252
725.0,0.2324132893171429
733.0,0.17898930312799263
741.0,0.22289719137059819
747.0,0.2257308904302304
755.0,0.2030620837813738
763.0,0.22595967748699106
770.0,0.2335687981578665
778.0,0.1645781418292145
784.0,0.23142149220737013
792.0,0.22285057165531086
800.0,0.22272756193823995
809.0,0.20862766102807725
818.0,0.1703227033889656
829.0,0.19839645130349137
837.0,0.22142925511186423
845.0,0.1641228014615767
852.0,0.21791374464822064
860.0,0.22468158957211426
865.0,0.20916939866834394
871.0,0.2000951311855969
880.0,0.1888660771248551
885.0,0.12602265385828115
894.0,0.24167502172443509
900.0,0.23075113013740617
909.0,0.18561328240482522
916.0,0.1173068035371269
927.0,0.23147608312095233
939.0,0.23151724182257835
947.0,0.16763759688286056
956.0,0.18755467781300755
964.0,0.15788784137255638
973.0,0.22311813852444407
977.0,0.22936694216947284
985.0,0.2360889138069296
997.0,0.2344553685559792
1009.0,0.16421421611423542
1020.0,0.23175547647400216
1032.0,0.20740457837247303
1040.0,0.25841041355209715
1045.0,0.18500002979288194
1054.0,0.23277402702125075
1061.0,0.25460703296732945
1066.0,0.1893714146428513
1071.0,0.22411931386591843
1075.0,0.23488470490430635
1083.0,0.2151963505070088
1091.0,0.19566090821668303
1100.0,0.16191266880901317
1109.0,0.2134560132152657
1113.0,0.2121546004450914
1121.0,0.20911817723002948
1128.0,0.23973293965267725
1136.0,0.1690798235187294
1145.0,0.21739853585957672
1151.0,0.1298420793426817
1160.0,0.2580227443470313
1169.0,0.21109025755778177
1174.0,0.19836516569927876
1186.0,0.12790410055340767
1195.0,0.22008019039948382
1204.0,0.2397181608365999
1209.0,0.17406059202442456
1220.0,0.1690502800370841
1229.0,0.21965758331988788
1237.0,0.21395666628933308
1243.0,0.16884960309211786
1252.0,0.23815186511068176
1261.0,0.22106045799971993
1270.0,0.25405308824033235
1278.0,0.2023296227440332
1287.0,0.18641725942990187
1294.0,0.223233258417911
1301.0,0.21795396784342674
1311.0,0.16744722349089927
1318.0,0.18770821664163453
1326.0,0.20624807505351211
1337.0,0.2233388966731208
1345.0,0.23707406886399376
1349.0,0.1826413195480798
1357.0,0.18058800829803134
1362.0,0.2139070826090491
1370.0,0.20296422245590554
1378.0,0.22521288618545068
1389.0,0.17167854485385545
1395.0,0.23181051020364704
1402.0,0.21619993237674381
1413.0,0.19879822710131625
1425.0,0.22286154411476436
1437.0,0.19675071824763515
1446.0,0.22605694320562864
1454.0,0.20828247712862238
1462.0,0.2001097115596376
1470.0,0.21826035094839133
1476.0,0.2098663582938819
1483.0,0.16839749951415658
1492.0,0.22529103175814985
1501.0,0.23067869756525433
1506.0,0.17121615118398065
1512.0,0.24607819371513306
1518.0,0.12310923196795813
1526.0,0.23326652476837714
1531.0,0.11795877055866363
1540.0,0.22986832629601847
1547.0,0.20583889277539966
1552.0,0.21316250301445575
1563.0,0.20697025316955264
1571.0,0.22633622550502464
1580.0,0.20825851506208393
1585.0,0.17637637925979704
1593.0,0.20901045455257353
1598.0,0.17218314796124196
1607.0,0.19737634917368735
1615.0,0.2321124845585328
1623.0,0.2398419779234092
1630.0,0.16177247725201835
1638.0,0.17239019892837712
1644.0,0.2119816553818037
1653.0,0.2156747345257145
1662.0,0.25276777849394616
1668.0,0.2380162829219613
1680.0,0.1832923874967218
1689.0,0.2618998715513947
1697.0,0.21478851893066378
1703.0,0.14927533641688376
1710.0,0.21619839829283682
1718.0,0.20340210967984915
1726.0,0.21970372939646432
1734.0,0.1733526001722296
1743.0,0.21422348715251655
1751.0,0.20321005689514704
1759.0,0.1645667713904265
1770.0,0.25269984834649967
1778.0,0.23289103620188678
1786.0,0.20219307531460992
1794.0,0.17376845454542056
1801.0,0.18988323188401718
1809.0,0.14809284099955738
1824.0,0.25956850908062384
1832.0,0.22084041591009648
1841.0,0.17192052158466017
1849.0,0.16229449152172323
1858.0,0.21500044582438746
1866.0,0.2198088495429633
1873.0,0.21770987187067914
1882.0,0.20313636697511547
1891.0,0.19667520053796161
1896.0,0.20112267707732204
1905.0,0.12469314996957413
1913.0,0.26675882968610154
1918.0,0.2195771551347263
1927.0,0.17726855613349246
1936.0,0.22520553910296814
1941.0,0.1707888716724519
1950.0,0.13955532692365288
1961.0,0.2153526742302202
1973.0,0.17943660073185352
1981.0,0.15753857627519455
1989.0,0.1871777334064953
1997.0,0.21094074620863498
2002.0,0.25851739439614313
2007.0,0.1850945070444638
2013.0,0.1840595499901455
2021.0,0.19543005527528398
2030.0,0.17353505053171372
2036.0,0.23404842370053205
2043.0,0.22398295089702314
2050.0,0.23327583419281497
2059.0,0.18106838935020397
2068.0,0.23033965070945683
2072.0,0.2609988817538019
2077.0,0.21486953464048442
2086.0,0.2319554465100277
2094.0,0.23154321863213562
2100.0,0.21544477890746633
2108.0,0.1198764534251527
2117.0,0.18384835162741198
2126.0,0.12999506293480587
2137.0,0.17973154312876924
2145.0,0.22662789871900246
2153.0,0.15968467036205972
2161.0,0.1188049249563662
2167.0,0.236210560926386
2174.0,0.18654592436603662
2179.0,0.18553188031101703
2191.0,0.1878993047234444
2200.0,0.24772799596047473
2208.0,0.16953416458702109
2215.0,0.1805283704502466
2222.0,0.21587884441041139
2226.0,0.19135403153653063
2231.0,0.17162276984020697
2242.0,0.21912915031915
2253.0,0.1644587118589388
2259.0,0.16536794845478295
2265.0,0.11823728213947918
2279.0,0.23241325603986712
2290.0,0.14881102846204652
2297.0,0.1856623335292865
2304.0,0.24466445325050257
2310.0,0.14340358644225615
2316.0,0.1866672728674413
2324.0,0.1267602105396967
2333.0,0.2295325166207534
2342.0,0.23796812539681964
2351.0,0.22649941999663548
2358.0,0.2075344128665165
2367.0,0.21185449631666708
2371.0,0.22430977178606615
2376.0,0.21489143426882953
2385.0,0.12869152221021957
2394.0,0.17066226066426757
2403.0,0.17109324800618247
2412.0,0.2352402753342987
2421.0,0.1743541293497292
2429.0,0.18513858107662873
2434.0,0.22032536807381065
2445.0,0.2195028577158144
2454.0,0.20899691909500764
2466.0,0.12470203861961324
2477.0,0.21826541644220152
2486.0,0.12589158221666874
2495.0,0.22608530030395438
2503.0,0.2092086834675121
2512.0,0.21606719373465358
2519.0,0.17395204304476827
2528.0,0.1250938007159195
2536.0,0.2158338357503093
2547.0,0.22437514458091343
2555.0,0.21356561134094007
2563.0,0.19959051349227186
2569.0,0.20076219203761025
2577.0,0.23085178981024862
2585.0,0.19316309956996405
2592.0,0.21427726406343497
2600.0,0.15464788582626804
2606.0,0.2400101262516985
2614.0,0.1604631590036774
2622.0,0.22088532709085815
2631.0,0.19134165407769727
2640.0,0.2526732289773488
2651.0,0.19751733459846943
2659.0,0.22688877418820066
2667.0,0.24460528692650868
2674.0,0.22140390094264437
2682.0,0.23633798356042773
2687.0,0.16974998920326057
2693.0,0.23610155218947046
2702.0,0.18449593032182576
2707.0,0.22421491221403506
2716.0,0.2169860353030544
2722.0,0.17383226099474694
2731.0,0.1464676336344195
2738.0,0.20035007252754086
2749.0,0.2322067871609106
2761.0,0.20036318656503285
2769.0,0.1637348983278249
2778.0,0.22729273833057856
2786.0,0.16228880012743557
2795.0,0.23688035639445984
2799.0,0.20683418717215807
2807.0,0.1958849981929536
2819.0,0.16780799258958115
2831.0,0.14981365094101767
2842.0,0.2285695741824107
2854.0,0.14313539683836501
2862.0,0.20280488210438274
2867.0,0.25001724892547716
2876.0,0.2317339785062527
2883.0,0.24714266146197947
2888.0,0.22562044164474768
2893.0,0.19603800616541922
2897.0,0.22557504936410863
2905.0,0.24778384202446846
2913.0,0.11641943384369972
2922.0,0.2124497607797414
2931.0,0.21915231368199561
2935.0,0.18434364684467347
2943.0,0.21790177658345886
2950.0,0.2507690892781631
2958.0,0.1593458304822212
2967.0,0.11849866611897547
2973.0,0.2146990046567183
2982.0,0.23945448614467116
2991.0,0.2332204226734308
2996.0,0.1986046936820339
3008.0,0.20884868886722122
3017.0,0.2204104417329838
3026.0,0.18382663546255762
3031.0,0.21489934887956985
3042.0,0.1649773139811265
3051.0,0.2240358226985775
3059.0,0.20807189201285994
3065.0,0.22544148842094694
3074.0,0.17544325155631554
3083.0,0.22638419686206449
3092.0,0.2138374782684345
3100.0,0.22085434583415578
3109.0,0.23328591099850934
3116.0,0.23730342583660852
3123.0,0.163615433411666
3133.0,0.2365687433389939
3140.0,0.2005375789739245
3148.0,0.11935090268746647
3159.0,0.23096921060748463
3167.0,0.2346680702472119
3171.0,0.1164384658084476
3179.0,0.23939451043636684
3184.0,0.11398777704870668
3192.0,0.23583536573685582
3200.0,0.1738719106960061
3211.0,0.21675108626526182
3217.0,0.18847356632361856
3224.0,0.12031153487818048
3235.0,0.22514659482719013
3247.0,0.11863669322248548
3259.0,0.18542193338923232
3268.0,0.23252140986547626
3276.0,0.25037832587235415
3284.0,0.199113921828896
3292.0,0.23944734563360137
3298.0,0.23052948825227285
3305.0,0.2048381523181006
3314.0,0.16297759170555842
3323.0,0.21710164437040622
3328.0,0.2407736832619944
3334.0,0.17612032845076225
3340.0,0.14413498208422137
3348.0,0.2030693801564828
3353.0,0.2183458445302747
3362.0,0.16234010172296084
3369.0,0.18437913851113633
3374.0,0.20235343394868313
3385.0,0.23134295406308847
3393.0,0.16748021489281276
3402.0,0.18663980031662217
3407.0,0.2153389948314845
3415.0,0.17764572515910443
3420.0,0.21636610409116216
3429.0,0.19710413452893885
3437.0,0.21545275797965793
3445.0,0.19292455389416957
3452.0,0.24093514923353954
3460.0,0.19182677825013533
3466.0,0.2321782994986838
3475.0,0.17731454087433685
3484.0,0.23167361671314576
3490.0,0.21946025408870104
3502.0,0.18388771248178243
3511.0,0.22506595264707827
3519.0,0.23599677827895754
3525.0,0.15041231695858803
3532.0,0.16666329276843528
3540.0,0.21403522859947058
3548.0,0.2576017646490932
3556.0,0.18271732949508773
3565.0,0.23099521028410613
3573.0,0.22324956252156677
3581.0,0.21636727248233723
3592.0,0.23584478391742877
3600.0,0.23300411059043227
3608.0,0.23792697884130354
3616.0,0.17595900041777052
3623.0,0.1326616127293783
3631.0,0.1995687830710366
