,4
2.0,0.2314654624788861
10.0,0.10221369250288649
19.0,0.21149626315933442
27.0,0.23750579546115203
36.0,0.1912420655913309
44.0,0.16587463459802074
51.0,0.19374910187899086
60.0,0.22599994884266086
69.0,0.21079262155300924
74.0,0.18210542107471703
83.0,0.13458105554350921
91.0,0.19627482907566948
96.0,0.20887188142063112
105.0,0.1902934735250996
114.0,0.21847864825942784
119.0,0.2070762939755492
128.0,0.10072752915904734
139.0,0.1773543592512222
151.0,0.1834462882981941
159.0,0.22995753479146325
167.0,0.15947046942496473
175.0,0.20474952759823017
180.0,0.17579138256452403
185.0,0.2149917447887526
191.0,0.2020715370205569
199.0,0.19848068494348808
208.0,0.18957674434187385
214.0,0.2067911072357334
221.0,0.23832863788814465
228.0,0.2153322759023521
237.0,0.18595005712676185
246.0,0.2422903548031991
250.0,0.1496868731657962
255.0,0.16007896792960116
264.0,0.20412336808459927
272.0,0.16366316393644345
278.0,0.19197575490000676
286.0,0.08846896218906507
295.0,0.19916347313856356
304.0,0.11493692898948452
315.0,0.2213704837173267
323.0,0.2251382886559814
331.0,0.12301075915992288
339.0,0.17836243439148905
345.0,0.19682016435135732
352.0,0.18821000076859087
357.0,0.1870911084243073
369.0,0.20054683471081544
378.0,0.16684243675470983
386.0,0.21288192155499763
393.0,0.20136322547089805
400.0,0.19437259262013698
404.0,0.21029433765396321
409.0,0.20766474598829718
420.0,0.19457022297734466
431.0,0.1586488505321448
437.0,0.20383455060913178
443.0,0.21576654377741464
457.0,0.17989971871641003
468.0,0.1836766382613409
475.0,0.19674247259629293
482.0,0.20300792068887974
488.0,0.17681246229090583
494.0,0.21844814756020953
502.0,0.2219371992695299
511.0,0.21905295246851134
520.0,0.19580570942699393
529.0,0.11127465687706822
536.0,0.13531549155708086
545.0,0.16583491264635924
549.0,0.1826741871583091
554.0,0.21607747251873738
563.0,0.2315286454040398
572.0,0.20614267417373439
581.0,0.2005284198437068
590.0,0.20655329275171935
599.0,0.19200178662276884
607.0,0.17408816312947328
612.0,0.17496434840389566
623.0,0.15010939358906464
632.0,0.15242671838237903
644.0,0.16669815813625416
655.0,0.15328518531500995
664.0,0.14953165386340808
673.0,0.19334845229880868
681.0,0.18403190780253384
690.0,0.17547714902481437
697.0,0.11614757676441922
706.0,0.2095339928510591
714.0,0.2102862635557869
725.0,0.19400934349793442
733.0,0.17279547854765487
741.0,0.18329166426110624
747.0,0.19632186777683722
755.0,0.18490402647785312
763.0,0.20752785708423563
770.0,0.2004927308076711
778.0,0.23478587715663596
784.0,0.21387142869235562
792.0,0.23533059430284192
800.0,0.21193694905580296
809.0,0.1763327331972702
818.0,0.12811166696295265
829.0,0.19883642754440517
837.0,0.19305813845038738
845.0,0.16997969283909128
852.0,0.194826316914809
860.0,0.21372184441513295
865.0,0.19991720338120147
871.0,0.2036580203492514
880.0,0.16667237776572388
885.0,0.18332343408396826
894.0,0.19893993355697318
900.0,0.208281731282995
909.0,0.21266104474021857
916.0,0.18186721422697508
927.0,0.21678499049258257
939.0,0.20857066012491676
947.0,0.22082888000304657
956.0,0.16543143362531904
964.0,0.19433815468380286
973.0,0.21316459104487323
977.0,0.18752235094450193
985.0,0.21500138469720761
997.0,0.18942042473918394
1009.0,0.24332691576055362
1020.0,0.17684914211238476
1032.0,0.2193672699355732
1040.0,0.16173520176509915
1045.0,0.22025987509747633
1054.0,0.1904797031072309
1061.0,0.2110060400495883
1066.0,0.16514707344211355
1071.0,0.1599655265243905
1075.0,0.18298778646397768
1083.0,0.17067980260690074
1091.0,0.22326595973964877
1100.0,0.1415455435062675
1109.0,0.23066904100992006
1113.0,0.18797780731029767
1121.0,0.21612483833151117
1128.0,0.19669149327909066
1136.0,0.23384175243855462
1145.0,0.21347103210907425
1151.0,0.1435949827380353
1160.0,0.23515062331594594
1169.0,0.16645185969439127
1174.0,0.22259112538821674
1186.0,0.21274290131726034
1195.0,0.14421789304945576
1204.0,0.23873338408371803
1209.0,0.20561383523292928
1220.0,0.2170634274117599
1229.0,0.18312514901100574
1237.0,0.20931466864274859
1243.0,0.2035689462850735
1252.0,0.18381197466946708
1261.0,0.2098711211096994
1270.0,0.16761540325032387
1278.0,0.18413377488977337
1287.0,0.21655850856367384
1294.0,0.17414389190185242
1301.0,0.24222492630605014
1311.0,0.20488717496102873
1318.0,0.1986898563872589
1326.0,0.17747133527096526
1337.0,0.22331373190432005
1345.0,0.16925722301623358
1349.0,0.16340478918581622
1357.0,0.18397377397253187
1362.0,0.21965240538589317
1370.0,0.18236209325707903
1378.0,0.20619607162800846
1389.0,0.2026465735452363
1395.0,0.21758704815309235
1402.0,0.18132964643481428
1413.0,0.222028735391933
1425.0,0.2167524753708901
1437.0,0.19856396508150875
1446.0,0.18517379135771966
1454.0,0.22363328851657632
1462.0,0.21274408161461625
1470.0,0.21206618227338073
1476.0,0.20983389423088514
1483.0,0.21429473959207304
1492.0,0.18649485155479295
1501.0,0.18951772800907857
1506.0,0.221219056341271
1512.0,0.24607797697490544
1518.0,0.1892383776863252
1526.0,0.1517596213549113
1531.0,0.14151689896715725
1540.0,0.22451100669586693
1547.0,0.17715409314440833
1552.0,0.2184589845557131
1563.0,0.18310187129005756
1571.0,0.21602808911716212
1580.0,0.20448320272064066
1585.0,0.19479745094505893
1593.0,0.1858192836421705
1598.0,0.17844406843366153
1607.0,0.21679471378299703
1615.0,0.17950695861416288
1623.0,0.19859702037662771
1630.0,0.17063315503361193
1638.0,0.17764763912777606
1644.0,0.17301929676403366
1653.0,0.18898222052129868
1662.0,0.20771042817760527
1668.0,0.20105932551033945
1680.0,0.15355365553372627
1689.0,0.21010831611834047
1697.0,0.23610132612662352
1703.0,0.1369017573247787
1710.0,0.17722682478835203
1718.0,0.18481829373887285
1726.0,0.2137485026718102
1734.0,0.221900747169905
1743.0,0.21742914842038605
1751.0,0.21891645918998381
1759.0,0.16626688734811573
1770.0,0.22489240660093499
1778.0,0.18095159452168705
1786.0,0.22458764814986049
1794.0,0.18972726754559266
1801.0,0.2064650797799191
1809.0,0.20826950516682738
1824.0,0.21551569395467826
1832.0,0.15559564020593575
1841.0,0.16228357955911418
1849.0,0.18429409426042725
1858.0,0.20001960790005785
1866.0,0.2091724735284863
1873.0,0.1967061924803754
1882.0,0.24651524912972572
1891.0,0.20376836868335116
1896.0,0.19035897795648413
1905.0,0.16789969614355135
1913.0,0.18280693258415173
1918.0,0.19649265137276845
1927.0,0.15430469010713924
1936.0,0.21797592027069887
1941.0,0.1964270927963449
1950.0,0.10510995080273425
1961.0,0.18972646010548894
1973.0,0.19342000445042676
1981.0,0.20637398640460158
1989.0,0.20589454653880102
1997.0,0.18231455822526735
2002.0,0.20374673938171142
2007.0,0.22913090230306818
2013.0,0.19698207573584975
2021.0,0.21860086777787677
2030.0,0.15074263900487045
2036.0,0.21145368928379937
2043.0,0.2043001198110387
2050.0,0.21346313428951472
2059.0,0.1543187673227006
2068.0,0.22900721701407345
2072.0,0.21286543268085356
2077.0,0.1939826618845385
2086.0,0.2124934051323299
2094.0,0.20282278432087436
2100.0,0.19124660243780336
2108.0,0.0956135444249782
2117.0,0.1929495255190736
2126.0,0.12947409433161877
2137.0,0.198681316828093
2145.0,0.19726788519861263
2153.0,0.20978197295046147
2161.0,0.18512922494248774
2167.0,0.22492821316413128
2174.0,0.17509446394206032
2179.0,0.2094938526599293
2191.0,0.18918203008070925
2200.0,0.19317412289137154
2208.0,0.17530386746202767
2215.0,0.17111126830991777
2222.0,0.20910596365023462
2226.0,0.21259260780416525
2231.0,0.1969629379064165
2242.0,0.22652630249698022
2253.0,0.1818285661200491
2259.0,0.22954073264443592
2265.0,0.22404277607500006
2279.0,0.18064474409037634
2290.0,0.16593389234397377
2297.0,0.1701506954530455
2304.0,0.2223839454914988
2310.0,0.1640005339585943
2316.0,0.16919966874311032
2324.0,0.1503230977697472
2333.0,0.1867529220910116
2342.0,0.1863786164298459
2351.0,0.19661686377583726
2358.0,0.20359664173395925
2367.0,0.20152691811895557
2371.0,0.15753282769285812
2376.0,0.2406839034879725
2385.0,0.12707729693729722
2394.0,0.17969829445064234
2403.0,0.12682957372047815
2412.0,0.21337526419096747
2421.0,0.17510598673299074
2429.0,0.19587557709854692
2434.0,0.19624245682792307
2445.0,0.2020645575829369
2454.0,0.2065707342466581
2466.0,0.16179349031935572
2477.0,0.22266994852909539
2486.0,0.15700646451328992
2495.0,0.19970919982781263
2503.0,0.22074066407912846
2512.0,0.2297915215666297
2519.0,0.21824314354844843
2528.0,0.14009305790467658
2536.0,0.21369413964479156
2547.0,0.17797173268288127
2555.0,0.2034679593745878
2563.0,0.18285115005509275
2569.0,0.19566121272495152
2577.0,0.21108702620829264
2585.0,0.1807634720400454
2592.0,0.21427784361361882
2600.0,0.20615808293506238
2606.0,0.2284316155049482
2614.0,0.1695862919692773
2622.0,0.1843188294952325
2631.0,0.16796377886026145
2640.0,0.1982957501856661
2651.0,0.18801115032400537
2659.0,0.22345035913617134
2667.0,0.24646732063499885
2674.0,0.21600346516985555
2682.0,0.20034376049103972
2687.0,0.17563952442271935
2693.0,0.1770573988210992
2702.0,0.1837890396570077
2707.0,0.2123448888324661
2716.0,0.183166612587613
2722.0,0.20038604583405914
2731.0,0.19229983861449573
2738.0,0.25257754868833165
2749.0,0.1945025071952632
2761.0,0.18772194569210632
2769.0,0.14076291100025767
2778.0,0.165380515152361
2786.0,0.2058579989848888
2795.0,0.2095143485693246
2799.0,0.21623395368727713
2807.0,0.21509818266011832
2819.0,0.20108923079752813
2831.0,0.1530812907397236
2842.0,0.18762750351183974
2854.0,0.2050771164451694
2862.0,0.18116238182199645
2867.0,0.19936951185568405
2876.0,0.22785494960096142
2883.0,0.15313787626425882
2888.0,0.15588905883930423
2893.0,0.16025571011932999
2897.0,0.1824740328168247
2905.0,0.2151033457730457
2913.0,0.09402186293886988
2922.0,0.16077819251331718
2931.0,0.21012900372482138
2935.0,0.17562087192709416
2943.0,0.2409645415421433
2950.0,0.20081754390014278
2958.0,0.2165429587483576
2967.0,0.16155345927810996
2973.0,0.22650554347274002
2982.0,0.17009801977763242
2991.0,0.2044867328889098
2996.0,0.22241083060177527
3008.0,0.20439365445627056
3017.0,0.20884732817789944
3026.0,0.24115790905675452
3031.0,0.19510623755422768
3042.0,0.19841594704417378
3051.0,0.21634948901914766
3059.0,0.21403863734389694
3065.0,0.21598207365385136
3074.0,0.20199532233041864
3083.0,0.14697923860807457
3092.0,0.16212043385362768
3100.0,0.19383069135778386
3109.0,0.1897357510934491
3116.0,0.18146273687888484
3123.0,0.20787908894824417
3133.0,0.23207752951288846
3140.0,0.17515204436901452
3148.0,0.15175504238996143
3159.0,0.18764403349096584
3167.0,0.23897184819727693
3171.0,0.1242240297207871
3179.0,0.1977402367953682
3184.0,0.17275334509356766
3192.0,0.18727513974395046
3200.0,0.13491678861124864
3211.0,0.1792919881280636
3217.0,0.18339117743130226
3224.0,0.18200422515524525
3235.0,0.1770829318004976
3247.0,0.1842693924432281
3259.0,0.18337420366595408
3268.0,0.1574287566859737
3276.0,0.22173833816679064
3284.0,0.17403994194545616
3292.0,0.20500853717992404
3298.0,0.2060258870621885
3305.0,0.21293961074161843
3314.0,0.1847124720162999
3323.0,0.21249696729254253
3328.0,0.177218083338901
3334.0,0.1625939328318177
3340.0,0.21615144970517258
3348.0,0.15833984763691114
3353.0,0.19622783081106052
3362.0,0.15715037293341289
3369.0,0.20730356765241742
3374.0,0.22093488283031984
3385.0,0.18334685169903203
3393.0,0.209230237313611
3402.0,0.18969880766778394
3407.0,0.21864245390201212
3415.0,0.19441295761751134
3420.0,0.18004547986640274
3429.0,0.22131800689912565
3437.0,0.18212738745381077
3445.0,0.21609712911850998
3452.0,0.19485506876279335
3460.0,0.16274060150274486
3466.0,0.1853663233127212
3475.0,0.16609545904260525
3484.0,0.17630084415043754
3490.0,0.199395140206616
3502.0,0.131068304875523
3511.0,0.20258134291137062
3519.0,0.19986380622669855
3525.0,0.15466137739172722
3532.0,0.1860730677948486
3540.0,0.20623832159321734
3548.0,0.21258685552095907
3556.0,0.23624293706541788
3565.0,0.21114706770616967
3573.0,0.2430954756304131
3581.0,0.19452709137153731
3592.0,0.19763113144485928
3600.0,0.19133468778526933
3608.0,0.2280870230552763
3616.0,0.1901665247503004
3623.0,0.18610598901580397
3631.0,0.22125418940091177
