,5
2.0,0.16796618375666555
10.0,0.19001187645729092
19.0,0.17736322937315302
27.0,0.19336529581463077
36.0,0.17546000430717243
44.0,0.19628987332838999
51.0,0.20876454366045993
60.0,0.18481296988305204
69.0,0.20842700969132386
74.0,0.19051490548199318
83.0,0.17780445753960397
91.0,0.19181348407011517
96.0,0.19578475690362718
105.0,0.2114155770123295
114.0,0.22741999518632114
119.0,0.20830067126068125
128.0,0.18010790433079865
139.0,0.18764892918303003
151.0,0.2047418508099774
159.0,0.18261845515174024
167.0,0.17849188508658437
175.0,0.20069430887829887
180.0,0.18714884869385714
185.0,0.2095226173820493
191.0,0.173279396730649
199.0,0.21586185385678652
208.0,0.19489875988575175
214.0,0.18009367062663453
221.0,0.18069065613476598
228.0,0.1925969892053346
237.0,0.15632023136814577
246.0,0.196447982634018
250.0,0.15346405951459186
255.0,0.21646361767590377
264.0,0.20188494283293365
272.0,0.19361681164572814
278.0,0.19897514960126167
286.0,0.21208594646328396
295.0,0.19980304387663106
304.0,0.17629534649308487
315.0,0.1702172404796653
323.0,0.19345711009536323
331.0,0.21047972146771046
339.0,0.19300101746117443
345.0,0.1718794670845725
352.0,0.21222377724631208
357.0,0.20929394041172333
369.0,0.2094675694765153
378.0,0.2060157403826054
386.0,0.19997546024150464
393.0,0.19461195177133334
400.0,0.19646187955139022
404.0,0.16432842905011852
409.0,0.1835991925552803
420.0,0.20549766582708
431.0,0.19378685027687054
437.0,0.17908222668908258
443.0,0.1934467743045887
457.0,0.17482456375133715
468.0,0.17173043392864826
475.0,0.15464341135174103
482.0,0.17189452940499203
488.0,0.19877301387488286
494.0,0.19578180512952267
502.0,0.19411597287815838
511.0,0.18718142276791852
520.0,0.15765356545245246
529.0,0.16547502964880959
536.0,0.18093168835053566
545.0,0.16784796164326443
549.0,0.17857914999133023
554.0,0.16803098432997718
563.0,0.2063301355834347
572.0,0.21369953874990816
581.0,0.198760292441178
590.0,0.1822268560131623
599.0,0.2085829223813724
607.0,0.1947250007369242
612.0,0.1825271956552776
623.0,0.1990173069457115
632.0,0.22251416614114725
644.0,0.18757635258986938
655.0,0.18719750852827136
664.0,0.17605288531933652
673.0,0.1650783182264496
681.0,0.1999268610636008
690.0,0.18031527784766394
697.0,0.1892605560008822
706.0,0.17783156445447937
714.0,0.19883306326397254
725.0,0.18515707432507236
733.0,0.17395602748831213
741.0,0.19945413319032723
747.0,0.19573156263434627
755.0,0.18950419301806237
763.0,0.1590499918497929
770.0,0.18822468670575285
778.0,0.1842508703309197
784.0,0.1787539644410451
792.0,0.18453463503628414
800.0,0.21567603193570875
809.0,0.20312492209877658
818.0,0.18814823552162868
829.0,0.20539394655320012
837.0,0.19082288728862373
845.0,0.16237745194921718
852.0,0.20628393689296345
860.0,0.18036533810020186
865.0,0.19361036640733123
871.0,0.1982900574713379
880.0,0.19914850928528396
885.0,0.23633099329337748
894.0,0.18672860830118246
900.0,0.18983365065118685
909.0,0.1762884378814112
916.0,0.18646859511357036
927.0,0.18656144463234425
939.0,0.20433982136467804
947.0,0.19452518668431998
956.0,0.20100221057092862
964.0,0.18388534515101915
973.0,0.18270120545503776
977.0,0.191058235245654
985.0,0.1926309192769615
997.0,0.1991091947765666
1009.0,0.19623282430793962
1020.0,0.1899296186821793
1032.0,0.17146670680325524
1040.0,0.173065679290877
1045.0,0.1692267494274819
1054.0,0.21086997097395233
1061.0,0.2068206847351995
1066.0,0.17024231762672937
1071.0,0.21312532737458356
1075.0,0.17977186817638063
1083.0,0.1736002976275199
1091.0,0.19643741719364272
1100.0,0.21218519731529883
1109.0,0.20129987939527744
1113.0,0.2033916861500694
1121.0,0.2018039480571559
1128.0,0.19976622310230924
1136.0,0.1913339915745446
1145.0,0.1866897886819275
1151.0,0.15637197350864152
1160.0,0.17590932295079434
1169.0,0.17096317430501348
1174.0,0.19795777263246886
1186.0,0.17180748642406848
1195.0,0.16862948269067368
1204.0,0.18638585955183679
1209.0,0.1820782693840191
1220.0,0.18550974696234698
1229.0,0.20438141573944527
1237.0,0.2066108193334944
1243.0,0.1973407494567462
1252.0,0.1605685142891338
1261.0,0.17990220965661882
1270.0,0.19189903941298755
1278.0,0.1704049405287571
1287.0,0.2079220346744383
1294.0,0.17963793783587895
1301.0,0.20163326947297677
1311.0,0.19308605443155724
1318.0,0.19577215677060528
1326.0,0.17847039525959985
1337.0,0.17002324337072663
1345.0,0.1867579211259947
1349.0,0.1988019788116847
1357.0,0.19566989912124938
1362.0,0.16499163551881485
1370.0,0.1976858408983282
1378.0,0.20631733127956325
1389.0,0.2053142560691986
1395.0,0.17674950243877482
1402.0,0.20485403257318818
1413.0,0.1852773404371289
1425.0,0.19787738151686782
1437.0,0.1848551698022035
1446.0,0.18509243095391953
1454.0,0.19074272401042028
1462.0,0.17592526407143322
1470.0,0.18102355582491564
1476.0,0.19445105143842736
1483.0,0.19019856744947528
1492.0,0.16816467420186368
1501.0,0.2007782557526218
1506.0,0.18187485250067142
1512.0,0.19964741596145652
1518.0,0.17504118661379672
1526.0,0.1919206064673263
1531.0,0.22093478130344607
1540.0,0.18666512542578179
1547.0,0.18822041252420577
1552.0,0.19996593110232652
1563.0,0.17446930296765412
1571.0,0.20763644331279352
1580.0,0.18045104775953705
1585.0,0.1732722574283961
1593.0,0.19650213949078266
1598.0,0.21645485905884645
1607.0,0.21742717647431986
1615.0,0.1820866908047084
1623.0,0.20715475164667618
1630.0,0.19215126183836462
1638.0,0.15700724425941545
1644.0,0.20182588331562118
1653.0,0.2109029031706271
1662.0,0.17616616645611313
1668.0,0.21565279531017192
1680.0,0.19346424268361104
1689.0,0.2142827882093048
1697.0,0.20685840415008974
1703.0,0.1801874569852355
1710.0,0.20298533377721145
1718.0,0.1921788881670521
1726.0,0.20840527241572324
1734.0,0.1854076940304342
1743.0,0.18170958274501806
1751.0,0.19515608770643333
1759.0,0.19809906507698802
1770.0,0.1807793607860839
1778.0,0.18557146776976974
1786.0,0.18562024336463448
1794.0,0.17878096205072955
1801.0,0.1978240102057164
1809.0,0.18040307857637775
1824.0,0.1845196297224509
1832.0,0.1659761264182823
1841.0,0.17115408432276846
1849.0,0.1938930177108853
1858.0,0.18638628822783196
1866.0,0.20833328022020897
1873.0,0.19228615527661727
1882.0,0.19775414305430267
1891.0,0.17668634128137112
1896.0,0.19552497935941981
1905.0,0.17773221654070923
1913.0,0.16524648921686244
1918.0,0.19878566397867603
1927.0,0.1750109671129296
1936.0,0.22435311287055254
1941.0,0.18953413118358234
1950.0,0.19378509108456854
1961.0,0.20834728377262388
1973.0,0.178953920250316
1981.0,0.1806695233859143
1989.0,0.17903685030201455
1997.0,0.2100666633857789
2002.0,0.17179547187874608
2007.0,0.20231316888517573
2013.0,0.18545016419702637
2021.0,0.18218287674209152
2030.0,0.1824072976961476
2036.0,0.16907558725832644
2043.0,0.17913157076384562
2050.0,0.18965689001173042
2059.0,0.1490815666957635
2068.0,0.22023061725475793
2072.0,0.17874122178214621
2077.0,0.20710496964513472
2086.0,0.21443468701357649
2094.0,0.16891547406794002
2100.0,0.18485691409182187
2108.0,0.1788350671691461
2117.0,0.18312730399381227
2126.0,0.1915986153758883
2137.0,0.21538818251809208
2145.0,0.18296859784279107
2153.0,0.19356221807086074
2161.0,0.15982495804230962
2167.0,0.18248609179315753
2174.0,0.18126153574264436
2179.0,0.1970215121604699
2191.0,0.18708300284540527
2200.0,0.1850576212447452
2208.0,0.19236249251917065
2215.0,0.17649747025432613
2222.0,0.18101926327798565
2226.0,0.16444251965916404
2231.0,0.20177419064285487
2242.0,0.17654117598091806
2253.0,0.16102474182854162
2259.0,0.2037443523725715
2265.0,0.1889711950314049
2279.0,0.19167809129422433
2290.0,0.17308361326501837
2297.0,0.18342816803604753
2304.0,0.16474922903536965
2310.0,0.17662829841705138
2316.0,0.18586293716797564
2324.0,0.19257873880383486
2333.0,0.16334119769794184
2342.0,0.1760244280135182
2351.0,0.18837281392008687
2358.0,0.20446450828937904
2367.0,0.14430641474736686
2371.0,0.2053510353153288
2376.0,0.20732521678430488
2385.0,0.16223704984757367
2394.0,0.18401301088226804
2403.0,0.20517624952741317
2412.0,0.1918842052829177
2421.0,0.2060913009221922
2429.0,0.19321469189781104
2434.0,0.193769125897118
2445.0,0.18041068423254525
2454.0,0.1770675291500812
2466.0,0.1884760987880896
2477.0,0.19443249240875035
2486.0,0.196143985187391
2495.0,0.1666261751979097
2503.0,0.20233908872726492
2512.0,0.17603216177997422
2519.0,0.19866482845113206
2528.0,0.1844154745020443
2536.0,0.19082008752949603
2547.0,0.19058306808737988
2555.0,0.20633355998951117
2563.0,0.18638541096481825
2569.0,0.2096482628717822
2577.0,0.208736092289972
2585.0,0.18454741048410706
2592.0,0.16929295516304121
2600.0,0.15568388558157317
2606.0,0.17787697553021925
2614.0,0.19466560964360974
2622.0,0.20831508600540263
2631.0,0.17979138585627238
2640.0,0.1780171685938918
2651.0,0.18709833558025057
2659.0,0.19148535633017696
2667.0,0.16593180986090536
2674.0,0.1867298293680969
2682.0,0.19802249549382323
2687.0,0.20979667119107712
2693.0,0.194486383311032
2702.0,0.2260506117907701
2707.0,0.22141037594030435
2716.0,0.16969126039001023
2722.0,0.16321846785034494
2731.0,0.17288569838362236
2738.0,0.21452376524302422
2749.0,0.19775419579217982
2761.0,0.19922739565492967
2769.0,0.19386726307702123
2778.0,0.20175000779849644
2786.0,0.18272475143508252
2795.0,0.18374118410195397
2799.0,0.1900733333505457
2807.0,0.18608066250138758
2819.0,0.20231971964319526
2831.0,0.18586187830927745
2842.0,0.18922545675404084
2854.0,0.19939078146694
2862.0,0.19372400452183342
2867.0,0.1991069716319036
2876.0,0.20421761594186197
2883.0,0.18682861561247088
2888.0,0.21663627565916607
2893.0,0.12779556448739388
2897.0,0.17081845331716147
2905.0,0.2042081081020179
2913.0,0.21728294299230086
2922.0,0.182237834148597
2931.0,0.17331956836800838
2935.0,0.20947098930565042
2943.0,0.1833486108269277
2950.0,0.1986330939778096
2958.0,0.19050668935389656
2967.0,0.2023824342398346
2973.0,0.18315384081106953
2982.0,0.20277198463831006
2991.0,0.18953360448437723
2996.0,0.18106909696309512
3008.0,0.18254883880313114
3017.0,0.17189559186966558
3026.0,0.17890359902442995
3031.0,0.16883121188093067
3042.0,0.1747020707703065
3051.0,0.1970200572523527
3059.0,0.18744716825024077
3065.0,0.17195300185919823
3074.0,0.17210071783270292
3083.0,0.16566578256112635
3092.0,0.20987756818704206
3100.0,0.18307765639545526
3109.0,0.1948416020279656
3116.0,0.20259284368562255
3123.0,0.20788924010692686
3133.0,0.21488169437885668
3140.0,0.1833237485170429
3148.0,0.20578766371138604
3159.0,0.1644914200143074
3167.0,0.21935561535884743
3171.0,0.19674466821873504
3179.0,0.2005068410086769
3184.0,0.195784312484659
3192.0,0.2075233454663252
3200.0,0.20596084188146777
3211.0,0.18538262399675573
3217.0,0.17203242551498005
3224.0,0.20145663207474565
3235.0,0.1906047357725728
3247.0,0.19224040432417272
3259.0,0.16693237616071838
3268.0,0.1780701754955474
3276.0,0.19534274595256507
3284.0,0.1758749607513078
3292.0,0.1883571889429259
3298.0,0.20012846084887922
3305.0,0.18690498370176564
3314.0,0.18572388339988274
3323.0,0.19990244706344515
3328.0,0.16853405214126718
3334.0,0.16002643764860988
3340.0,0.18643184950692365
3348.0,0.19651254596630086
3353.0,0.18765929377878318
3362.0,0.2013230525912285
3369.0,0.20015954183508192
3374.0,0.18404586034771186
3385.0,0.18853544114312784
3393.0,0.2043175618474234
3402.0,0.20368685030273956
3407.0,0.17476888178089714
3415.0,0.19531372642491998
3420.0,0.2019316454970497
3429.0,0.18727792045812636
3437.0,0.18983506786362597
3445.0,0.15609385396915285
3452.0,0.2321277403665853
3460.0,0.20099539646122971
3466.0,0.16033988273954142
3475.0,0.19287395886290343
3484.0,0.17941579313743675
3490.0,0.17331709191762365
3502.0,0.19616719349419592
3511.0,0.17149448322565594
3519.0,0.22655951776148542
3525.0,0.19271884433860023
3532.0,0.19802116425579636
3540.0,0.1865855110397742
3548.0,0.21641798243113883
3556.0,0.21507339399212133
3565.0,0.18939734205606654
3573.0,0.17617773328631023
3581.0,0.2021928823997486
3592.0,0.15406708062896637
3600.0,0.18915865323953004
3608.0,0.16270856664753866
3616.0,0.19229437348278322
3623.0,0.16596655081391282
3631.0,0.17912450501767396
