,3
2.0,0.23329088622906752
9.0,0.22429982216831215
18.0,0.16086397008849668
29.0,0.11945816644681918
38.0,0.15991736801701947
46.0,0.2067683761771431
53.0,0.16872789249477624
61.0,0.22562853510562306
68.0,0.15118822923726835
72.0,0.22765770773562696
80.0,0.20294013273430428
84.0,0.233107008213541
88.0,0.22163336420459942
95.0,0.18625325339652626
99.0,0.22299061698575778
108.0,0.22711211753008367
115.0,0.20387809142584057
122.0,0.18327183534076716
133.0,0.21661168895874955
140.0,0.1545956946050645
149.0,0.1174619168109587
160.0,0.17981633242425596
170.0,0.11497059397325161
178.0,0.22651982135315826
185.0,0.17187904557720474
189.0,0.219133001258666
198.0,0.18034837333634252
209.0,0.08355943414735553
218.0,0.17314276606254406
227.0,0.23840605756729646
236.0,0.1927251456106098
248.0,0.21576272622159257
255.0,0.19167332761232847
260.0,0.18690302177435242
267.0,0.19520956420714625
275.0,0.1817204063080433
279.0,0.17128891843513247
286.0,0.20594817725971248
295.0,0.1465835891934882
302.0,0.24095292331028617
312.0,0.1641837944849312
319.0,0.14037436113744733
327.0,0.1486770999734433
334.0,0.16611256469626173
345.0,0.18734624645277465
355.0,0.16506851704767386
362.0,0.21690538691277547
370.0,0.2048907814944124
381.0,0.17780138860157638
385.0,0.23149710417263
392.0,0.1716497471188225
400.0,0.17676324558830972
409.0,0.15910679214654552
420.0,0.1571786105912325
428.0,0.18204125342263025
435.0,0.2025408930307491
449.0,0.20967795109173248
457.0,0.22476282471636377
464.0,0.22301877065086953
469.0,0.2424911735582021
473.0,0.24848022351677568
482.0,0.17656932227149355
491.0,0.20029193376368187
500.0,0.18540900479125474
511.0,0.1931599999448738
515.0,0.19281031515737354
519.0,0.20480503014588594
527.0,0.21691178656998888
538.0,0.189819059990078
546.0,0.21583639503009458
550.0,0.19660487212842645
562.0,0.2093621036551805
574.0,0.17811507335831347
582.0,0.21383799100104128
591.0,0.18608564483768902
596.0,0.16881141062466282
605.0,0.15903526420034866
611.0,0.23086042996522207
616.0,0.1641363634730489
624.0,0.19203793888244453
632.0,0.1853930537912255
640.0,0.1971442531230131
651.0,0.21539836282024044
659.0,0.21766028505841034
666.0,0.13660531790010438
673.0,0.18736821972247986
679.0,0.22068923245299413
690.0,0.16474348660113697
697.0,0.23902122015626706
704.0,0.1360873408945092
716.0,0.20841950534797005
725.0,0.21349337072537014
733.0,0.22202987324824205
740.0,0.2202921754740701
747.0,0.17905155978794923
755.0,0.16849752189104525
769.0,0.12820260004537287
779.0,0.21232733879345897
790.0,0.1618027003502393
798.0,0.1627525786956051
806.0,0.2121712534573025
813.0,0.21835268650150064
824.0,0.21971147407695554
831.0,0.18442353893469052
837.0,0.1183011935404229
846.0,0.2234825182646524
854.0,0.20790307091811078
862.0,0.16838720667968365
869.0,0.178528600565906
877.0,0.20705105616777106
884.0,0.15821978080084464
892.0,0.13466833544082452
898.0,0.17689274828593846
902.0,0.20829551598721066
910.0,0.12716594852906257
919.0,0.23816131854386155
926.0,0.17097137363061726
934.0,0.17921864892267275
942.0,0.1596179279623003
951.0,0.1937798233735987
959.0,0.24776218282054718
970.0,0.1723932391166016
979.0,0.22718723878951308
986.0,0.19809936183927873
995.0,0.1865211251138184
1000.0,0.18601109343883587
1009.0,0.21870855764693958
1015.0,0.2181808767245015
1023.0,0.20598785164782568
1030.0,0.17735060485083548
1041.0,0.15920812539322046
1051.0,0.17533191597671058
1062.0,0.16708290982754115
1071.0,0.18648966512203322
1080.0,0.18740279223095285
1088.0,0.1707710018283986
1096.0,0.1212762518176978
1105.0,0.19623669429630636
1117.0,0.12534531229912202
1129.0,0.20688551967181376
1137.0,0.21426628255153604
1145.0,0.16597711241707802
1151.0,0.18604415988254674
1156.0,0.22226040648705248
1165.0,0.19702661941285535
1171.0,0.20314372493048793
1179.0,0.11730753091544723
1191.0,0.20063128430479035
1199.0,0.2176098877762522
1210.0,0.18353829916822942
1219.0,0.1982415010188459
1228.0,0.1688126975419347
1235.0,0.1982581465809775
1246.0,0.13540828260001778
1254.0,0.11905864750567735
1268.0,0.1583127453619595
1276.0,0.20424459235721878
1281.0,0.16350571193892716
1292.0,0.14278583510284737
1301.0,0.1813511883933192
1309.0,0.18645533752785973
1317.0,0.19064922894027875
1321.0,0.21706924884288648
1329.0,0.2080449282757357
1336.0,0.23173707648965705
1344.0,0.21325147625209012
1352.0,0.17313660177487952
1361.0,0.14689649574756147
