,4
1374.0,0.20963897549765345
1383.0,0.11711586491248724
1391.0,0.1816185210026346
1399.0,0.1683182180028063
1406.0,0.21123878438652252
1414.0,0.18450251489165131
1422.0,0.1919189617321358
1431.0,0.17024575617254514
1440.0,0.16509495556504478
1447.0,0.19821419621199396
1454.0,0.17772815230220998
1460.0,0.16048129973419145
1467.0,0.20748137193932406
1475.0,0.18458889672745962
1486.0,0.20551272369992735
1494.0,0.1667825515565919
1503.0,0.1574817233918112
1511.0,0.20886478800725392
1520.0,0.21611461777149202
1525.0,0.17796620122910756
1530.0,0.12518454674024865
1539.0,0.20524799909356695
1548.0,0.18438345496892083
1559.0,0.20232476765816593
1567.0,0.1625248419382569
1576.0,0.1989260012316393
1587.0,0.1904799039988243
1592.0,0.20324209605287036
1597.0,0.20662295438075978
1604.0,0.19688550731384444
1613.0,0.19533810399461354
1621.0,0.19233531137076934
1629.0,0.21554041038512975
1636.0,0.24013666066839756
1643.0,0.20030859306594354
1654.0,0.19324207298754156
1662.0,0.19313536174080584
1669.0,0.11107803030618596
1678.0,0.23813433025612935
1686.0,0.19943663828923616
1692.0,0.15430046234255054
1703.0,0.16746720466274298
1710.0,0.15527100752996112
1718.0,0.2028846294310256
1723.0,0.14163358948626487
1731.0,0.16609421365448548
1738.0,0.19296289947919182
1742.0,0.1645935895180221
1750.0,0.17985282316620466
1756.0,0.14773469089848917
1765.0,0.16480802599479177
1772.0,0.21367508279732952
1777.0,0.1482949274964432
1788.0,0.19601751292280178
1795.0,0.14814210511444853
1800.0,0.19996822693296418
1805.0,0.16978838466753374
1809.0,0.1889904678705554
1817.0,0.2106776067681568
1826.0,0.17291447736565485
1834.0,0.19967844609343055
1843.0,0.1875043162475183
1851.0,0.16128740310789985
1857.0,0.15782352545428732
1865.0,0.16173757807417657
1872.0,0.13772240103641414
1878.0,0.17225062518814535
1887.0,0.19040117065365936
1895.0,0.23226215378874826
1902.0,0.18150116804942185
1910.0,0.18093601106117993
1918.0,0.15258884570016176
1927.0,0.17744538722250403
1932.0,0.16853552080266013
1941.0,0.1892635953937561
1953.0,0.15970078378242225
1962.0,0.2130517026743205
1971.0,0.18972482896212164
1982.0,0.21601405682490177
1996.0,0.20804422623958552
2004.0,0.18816305193023633
2009.0,0.22532018000093454
2017.0,0.17867347255537608
2025.0,0.18368744385744748
2030.0,0.20902665279268626
2038.0,0.19290342706773037
2043.0,0.18479574863734227
2054.0,0.17690606055772373
2065.0,0.1481383232192028
2074.0,0.16836281298025985
2081.0,0.20823532403197867
2090.0,0.20904248162554112
2098.0,0.2033546514478359
2110.0,0.21955538881794098
2117.0,0.21834861993335436
2125.0,0.19203790186857606
2134.0,0.19235313788297512
2141.0,0.1912697482046402
2149.0,0.2016936164287101
2153.0,0.19419502849171869
2160.0,0.18229091098875896
2169.0,0.19917260965348485
2176.0,0.15594023105403498
2188.0,0.17561392016715408
2199.0,0.17818038826003219
2206.0,0.1788327168306345
2212.0,0.19469932759484504
2218.0,0.19256959706537116
2223.0,0.15556801720037527
2229.0,0.19258732507827656
2238.0,0.20591053523905534
2244.0,0.15953610493135298
2251.0,0.19105492562920398
2256.0,0.1930669617487056
2260.0,0.21526468773535162
2268.0,0.181654688111104
2273.0,0.20526121423965113
2279.0,0.23647442587351009
2284.0,0.16881412652154773
2293.0,0.19340230243785111
2301.0,0.1656979091123097
2308.0,0.20532301436944314
2315.0,0.2080258004401326
2323.0,0.17284990744235093
2332.0,0.1901693551655353
2346.0,0.21241883054823327
2353.0,0.15557343749675817
2362.0,0.2098133374017038
2370.0,0.19496667514350133
2378.0,0.20115688614341815
2385.0,0.21022408580312343
2394.0,0.19068411227233228
2402.0,0.19063354494385565
2409.0,0.1621914970647775
2414.0,0.18334376029235525
2422.0,0.20279353435550482
2429.0,0.2036572051081864
2436.0,0.09912383867926586
2444.0,0.1759570744206174
2451.0,0.1998544651996617
2459.0,0.17883304080886883
2465.0,0.18084575341724224
2472.0,0.160608890691888
2481.0,0.1774546321820071
2491.0,0.18967231119278025
2499.0,0.1559127207004745
2508.0,0.18325401227637858
2517.0,0.17031912664540544
2523.0,0.209965859797468
2530.0,0.18412957542975786
2538.0,0.1907605478458598
2547.0,0.17205268307886012
2552.0,0.20166640477910328
2560.0,0.22033818467864044
2564.0,0.20925434690544076
2576.0,0.22675298749400435
2584.0,0.19065007249715468
2590.0,0.21538852744953976
2599.0,0.18808015654716012
2607.0,0.20691669235038893
2615.0,0.17778242509419392
2623.0,0.16064709190548582
2630.0,0.19319160482585382
2639.0,0.1841587000433187
2648.0,0.16572710062027085
2656.0,0.20363332439364668
2665.0,0.1786939100698784
2673.0,0.20559658959415245
2682.0,0.15885839848743716
2688.0,0.19279145012351803
2696.0,0.15239911735713932
2705.0,0.1953579456054907
2713.0,0.19370753404580598
2721.0,0.21378022357440662
2728.0,0.21150194392114674
2733.0,0.17125832078580824
2741.0,0.20251882063766063
2749.0,0.19356562577740183
2758.0,0.20508607201551166
2762.0,0.15760370322246273
2770.0,0.2242483252977384
2781.0,0.1399870660738402
2790.0,0.20311268352398668
2799.0,0.18629497448604856
2808.0,0.13584119025712604
2815.0,0.15194371431643613
2821.0,0.17461584752663262
2829.0,0.17681298398224152
2837.0,0.17186249394242964
2844.0,0.20304478529763928
2853.0,0.17897687996260794
2861.0,0.16344646062064497
2866.0,0.17456535953630772
2871.0,0.19043392792399244
2878.0,0.18293339828508332
2886.0,0.1895757190506809
2891.0,0.1962390382470733
2899.0,0.20376994603235854
2907.0,0.1840811653441582
2915.0,0.18415658575821348
2921.0,0.17668394292273173
2929.0,0.16110619678573024
2938.0,0.16143094013606532
2949.0,0.16583911426600906
2956.0,0.209415651287044
2965.0,0.2055553526535639
2970.0,0.19245182757113288
2978.0,0.17116880443114343
2989.0,0.17790525574570298
2997.0,0.16422705722550324
3006.0,0.19841320175917335
3015.0,0.21783195667556168
3021.0,0.20083130064354018
3030.0,0.14037278896335192
3041.0,0.20753342265279376
3051.0,0.2102361427824018
3062.0,0.17019547520042758
3070.0,0.18695230517396275
3078.0,0.18726553769692744
3087.0,0.21481641768013324
3094.0,0.17516687048608137
3101.0,0.22138555437252924
3107.0,0.09624013474809412
3116.0,0.21909411070453735
3121.0,0.16499710444431376
3128.0,0.18281798765522153
3137.0,0.17828787831647294
3143.0,0.160594091310118
3150.0,0.17866819510765522
3158.0,0.1945158591659678
3165.0,0.15768404493106983
3176.0,0.19875776217634034
3183.0,0.15020251601253828
3194.0,0.19859439815168337
3201.0,0.15146609387885332
3206.0,0.16956343195021734
3211.0,0.1912132495021988
3219.0,0.20324307160885882
3228.0,0.19955254499630867
3236.0,0.19109534753083104
3244.0,0.1690803531870434
3251.0,0.19992233853601
3260.0,0.1967951168966539
3268.0,0.20270386798704604
3276.0,0.12749033518386654
3282.0,0.18831979668137486
3290.0,0.14482502041329923
3302.0,0.1896432131404377
3314.0,0.15252749519774994
3323.0,0.15738448132164778
3335.0,0.19149329693603395
3343.0,0.18748279598734457
3352.0,0.20984426384159793
3359.0,0.19384569356572387
3371.0,0.17013744057238886
3379.0,0.17470107077449148
3383.0,0.23299220823576686
3390.0,0.20812090966262134
3395.0,0.18969669685011714
3403.0,0.1793913761095187
3414.0,0.21113354874644577
3419.0,0.18746128560678285
3427.0,0.20343002449474673
3434.0,0.20012887836651314
3442.0,0.10033916860947621
3451.0,0.17842890314201
3456.0,0.21171626125071374
3464.0,0.1706559731766794
3473.0,0.1810864409621155
3479.0,0.18222755493771695
3487.0,0.19231423433189057
3495.0,0.18105676404700852
3503.0,0.17927492470197862
3512.0,0.20500827539940497
3519.0,0.1961738950963482
3524.0,0.2232507051686203
3532.0,0.18101039500843585
3541.0,0.19219978691976844
3545.0,0.16206776513129426
3553.0,0.18942598069672056
3562.0,0.2206129436308287
3573.0,0.19623838609087074
3587.0,0.18623696102024584
3593.0,0.1769982169922232
3601.0,0.20896251549701458
3608.0,0.17736715020381597
3614.0,0.1816746502395012
3622.0,0.2012084829910006
3631.0,0.17098865694086443
3640.0,0.22082388196632802
3648.0,0.1749714309019919
3656.0,0.1768299289220621
3664.0,0.17123972551553834
3669.0,0.17574271097622618
3677.0,0.129767387698509
3686.0,0.18798322824124108
3691.0,0.19801626791432778
3697.0,0.16690328752715777
3706.0,0.13552441149345923
3711.0,0.19992312758835556
3716.0,0.208708040629878
3725.0,0.16780685293521444
3734.0,0.16488519468781043
3738.0,0.24026711528229427
3749.0,0.17839896205651964
3756.0,0.1930544138096791
3763.0,0.14548577706344998
3772.0,0.18562799268587163
3782.0,0.19004112333552586
3789.0,0.1791544450536329
3795.0,0.16549465117305998
3804.0,0.18109919700175012
3815.0,0.1887040428909358
3827.0,0.17977690281874328
3832.0,0.14943030532390664
3841.0,0.24279978688030043
3845.0,0.20553803198783385
3850.0,0.1670935700843577
3858.0,0.1515395053528489
3867.0,0.18960301811927044
3879.0,0.21288204957668572
3887.0,0.19810003341201388
3894.0,0.21599503687204993
3901.0,0.19914098577383063
3909.0,0.17146215913294136
3917.0,0.17700223568789084
3924.0,0.19034908088484837
3933.0,0.19136479496772543
3940.0,0.1909874502950172
3948.0,0.23417299280780646
3955.0,0.1987817350339508
3964.0,0.11277711251657163
3973.0,0.21579709333633065
3981.0,0.18543657525975488
3990.0,0.19464596984220908
3998.0,0.15863987893817594
4006.0,0.20597124894225333
4014.0,0.2108147580097784
4022.0,0.22213517785904252
4030.0,0.195501608849386
4038.0,0.16033994736968002
4052.0,0.1796131356040777
4060.0,0.12389403816415531
4067.0,0.20924509187273163
4073.0,0.2012008374305202
4082.0,0.19333904143676917
4087.0,0.2069687344600573
4092.0,0.18909978142257278
4096.0,0.19328971100334338
4103.0,0.20334861955249017
4109.0,0.21387090208439716
4117.0,0.1570995458573608
4125.0,0.20858577135265657
4133.0,0.24569156975660478
4141.0,0.17667271592729825
4146.0,0.18878431099972753
4153.0,0.1913423869348042
4159.0,0.18430354386631156
4165.0,0.18845559678058352
4174.0,0.1433925161455235
4182.0,0.19818086140776278
4190.0,0.20874788920098888
4198.0,0.20088915604605367
4205.0,0.19758298510815833
4212.0,0.1587798527196454
4222.0,0.2126647918418943
4229.0,0.20474422256384792
4237.0,0.1643991985457892
4244.0,0.1871930280294371
4255.0,0.1951285332572067
4263.0,0.1955529139910628
4272.0,0.18020359033093988
4281.0,0.17497595376979952
4291.0,0.1999143940032434
4299.0,0.16082283906734057
4308.0,0.19716629932457216
4316.0,0.20621187484169398
4323.0,0.21309826824643435
4331.0,0.16895039821274055
4345.0,0.19713861993833665
4356.0,0.1762506446702269
4368.0,0.1745329825168809
4379.0,0.19197759055469957
4387.0,0.20409851546507746
4392.0,0.20577849040021468
4397.0,0.1423232328799453
4404.0,0.2347222612157905
4412.0,0.20451357071371218
4417.0,0.19861801388137656
4428.0,0.22485195283293583
4432.0,0.2056521298289903
4438.0,0.19839562105623798
4446.0,0.17790043596550595
4454.0,0.13900718280553281
4463.0,0.1596730486749677
4467.0,0.1500356154054183
4474.0,0.17987254003032835
4483.0,0.20725442915366052
4490.0,0.22106802994836564
4496.0,0.16511665190647387
4505.0,0.19610494845327817
4513.0,0.22374889264538853
4522.0,0.21509131126271852
4529.0,0.18771401188890502
4537.0,0.1794154795361273
4544.0,0.17982613998067823
4552.0,0.18644186504366556
4561.0,0.1714735229122528
4566.0,0.18056881571302952
4574.0,0.17098138022658899
4581.0,0.20378296940590834
4588.0,0.2013071353274308
4596.0,0.20675989554931
4604.0,0.15877032331142876
4613.0,0.23299668366530035
4621.0,0.19952741762544682
4629.0,0.17111307245971755
4638.0,0.18416792952010502
4646.0,0.17491386655310645
4653.0,0.2279551917988037
4659.0,0.20002677161945273
4666.0,0.19091399036976395
4673.0,0.17608552712257336
4680.0,0.21938406794491655
4691.0,0.19521856105534813
4699.0,0.16459147313227698
4706.0,0.2022647516415134
4711.0,0.17199087746667543
4716.0,0.20627698537661343
4730.0,0.12439644648271396
4737.0,0.2120386216230216
4744.0,0.23983203674631462
4748.0,0.21375968650423377
4759.0,0.21898776674238224
4767.0,0.18468293082899503
4773.0,0.1600761676332552
4782.0,0.14416775677316285
4790.0,0.21414371265049553
4798.0,0.15113397210171287
4805.0,0.21004785761862904
4814.0,0.22889539488563346
4819.0,0.21048848532282002
4824.0,0.2039357801416084
4832.0,0.15574175361513187
4840.0,0.18031564525515614
4848.0,0.23193391105199926
4855.0,0.19255205881647264
4867.0,0.201745529836757
4875.0,0.18907610575175632
4880.0,0.18052201542583426
4887.0,0.18629635935622565
4895.0,0.23723047043735182
4903.0,0.21259567977000335
4912.0,0.2445893289091552
4918.0,0.22215156255847957
4926.0,0.20289183160050958
4934.0,0.1497750458302192
4943.0,0.18203389727340316
