,3
1374.0,0.2159005776912895
1383.0,0.13377923288907942
1391.0,0.21881741542614647
1399.0,0.20097746370674105
1406.0,0.17885178966501922
1414.0,0.168505290664745
1422.0,0.16555112816497303
1431.0,0.20649237608252566
1440.0,0.21488155976721732
1447.0,0.21929908841762477
1454.0,0.17445679781381507
1460.0,0.182757166828972
1467.0,0.2004270549363646
1475.0,0.18993614114654508
1486.0,0.2186768838146077
1494.0,0.23109164913589825
1503.0,0.1659617694267568
1511.0,0.16490841117171032
1520.0,0.18576533905770923
1525.0,0.20369247797900836
1530.0,0.11721567382367297
1539.0,0.18838624997221542
1548.0,0.12551602584417626
1559.0,0.1947945118887543
1567.0,0.16111139732302013
1576.0,0.22552346914936378
1587.0,0.23818835579083758
1592.0,0.18579923794174175
1597.0,0.22351636525843774
1604.0,0.12535665586598357
1613.0,0.23383096401210016
1621.0,0.21662305263294038
1629.0,0.24027694878715872
1636.0,0.23253444085842997
1643.0,0.20246183920623836
1654.0,0.18429713229725322
1662.0,0.18896426622433316
1669.0,0.1224018371458386
1678.0,0.22171612705537216
1686.0,0.21059156167081589
1692.0,0.17010911985692748
1703.0,0.16878028111928917
1710.0,0.16851705566114816
1718.0,0.2240060603444288
1723.0,0.1251335544782107
1731.0,0.19466404556257547
1738.0,0.17570875043051118
1742.0,0.19709768959834345
1750.0,0.1933313458756159
1756.0,0.17497031188327614
1765.0,0.16029651992808305
1772.0,0.21076686176582374
1777.0,0.1965951924492892
1788.0,0.17682555111874312
1795.0,0.18834619939996616
1800.0,0.23206848170421424
1805.0,0.26302477597065455
1809.0,0.18290739185309737
1817.0,0.19744234812055583
1826.0,0.2010962967447568
1834.0,0.2161947953905363
1843.0,0.21306285614216955
1851.0,0.22299034553289157
1857.0,0.20314885081551892
1865.0,0.2274639360847995
1872.0,0.18122467711633408
1878.0,0.19187812125563827
1887.0,0.17934147706023942
1895.0,0.222958906170816
1902.0,0.2259883003153698
1910.0,0.22747711591980016
1918.0,0.19312426859979948
1927.0,0.18284892290014956
1932.0,0.17324228042768047
1941.0,0.18013272473337094
1953.0,0.16740793848391353
1962.0,0.23599221354420608
1971.0,0.21409741740496654
1982.0,0.15043218866801306
1996.0,0.1718278448696732
2004.0,0.2504116722923558
2009.0,0.21277117610515844
2017.0,0.20570848884319698
2025.0,0.22802064953388915
2030.0,0.24102942257487542
2038.0,0.18554251390959223
2043.0,0.16892364087478404
2054.0,0.2163757485120498
2065.0,0.18399940963645442
2074.0,0.2088200108629443
2081.0,0.2064032532291396
2090.0,0.1663562254612699
2098.0,0.17643675246521145
2110.0,0.202713635777265
2117.0,0.2056091237449947
2125.0,0.2041331313419493
2134.0,0.20604527681345744
2141.0,0.17832392770379416
2149.0,0.1747318607931229
2153.0,0.21865274667612988
2160.0,0.18595432256106845
2169.0,0.22165786817847222
2176.0,0.14652631895537183
2188.0,0.16188184487577384
2199.0,0.19955602115914875
2206.0,0.1694677807505561
2212.0,0.1659643915723254
2218.0,0.24527158050485479
2223.0,0.20266648483634214
2229.0,0.1856452746114918
2238.0,0.20247653339967636
2244.0,0.1609702206911026
2251.0,0.2240546953414169
2256.0,0.20240030205435236
2260.0,0.22426072305269049
2268.0,0.2036923195930829
2273.0,0.241666347194103
2279.0,0.19083704365484672
2284.0,0.19367754346670907
2293.0,0.19974685840315837
2301.0,0.18689872324605233
2308.0,0.08684818634758353
2315.0,0.19878702622128425
2323.0,0.23084266837150413
2332.0,0.19301680446063174
2346.0,0.2121217256042396
2353.0,0.18025588241556648
2362.0,0.22755029679798225
2370.0,0.1995393335854874
2378.0,0.20035355336732272
2385.0,0.17637068895109123
2394.0,0.18252252185518905
2402.0,0.22536523970688896
2409.0,0.24226460427370478
2414.0,0.16868668483859964
2422.0,0.1924181260663285
2429.0,0.18979565682822322
2436.0,0.07289591401902372
2444.0,0.22041592910057342
2451.0,0.24721039095812636
2459.0,0.18155722387749207
2465.0,0.18771607984721114
2472.0,0.16589218566851308
2481.0,0.1809041254235314
2491.0,0.1509749814611077
2499.0,0.1637051274474509
2508.0,0.15047657116938995
2517.0,0.17486898320441516
2523.0,0.22188183339762527
2530.0,0.20841131979520108
2538.0,0.15083701869296862
2547.0,0.177596397279415
2552.0,0.21649668604681405
2560.0,0.22556261309608866
2564.0,0.17689806718066917
2576.0,0.15770280707475515
2584.0,0.17801406597420186
2590.0,0.21493992991742117
2599.0,0.16959121909922034
2607.0,0.22817440251812834
2615.0,0.19083130534054824
2623.0,0.17751775876418602
2630.0,0.19780791872762826
2639.0,0.21017893905022275
2648.0,0.23223740392265146
2656.0,0.2289435676590871
2665.0,0.20469481214304336
2673.0,0.2053908905516807
2682.0,0.16896821660616715
2688.0,0.21269344372810908
2696.0,0.1753104124875314
2705.0,0.23025832823522083
2713.0,0.20457568955194494
2721.0,0.16202765960682586
2728.0,0.18076486285294208
2733.0,0.17990864335958529
2741.0,0.21999980905302516
2749.0,0.12266245290775954
2758.0,0.21965565315109165
2762.0,0.18949886448691816
2770.0,0.2082142324893182
2781.0,0.14224663829565928
2790.0,0.17881979011492938
2799.0,0.19638318002369132
2808.0,0.1708571504507651
2815.0,0.1941159834041987
2821.0,0.1950060821431106
2829.0,0.17740383659144493
2837.0,0.1659218195082218
2844.0,0.17107993272669988
2853.0,0.20156371142067214
2861.0,0.186858366961924
2866.0,0.2085135988821067
2871.0,0.2101048234833082
2878.0,0.1850154786031436
2886.0,0.18349845237423557
2891.0,0.18475711367034095
2899.0,0.21315166855769413
2907.0,0.17723875311187934
2915.0,0.18796850693751707
2921.0,0.21072654671825178
2929.0,0.17880947820536863
2938.0,0.1558385496245605
2949.0,0.2568417571605973
2956.0,0.2156238699324655
2965.0,0.22893417349139106
2970.0,0.2365643367440079
2978.0,0.22278329081416443
2989.0,0.22771215083725607
2997.0,0.17629271951989497
3006.0,0.2176357587460639
3015.0,0.1636938079827631
3021.0,0.22274921876339857
3030.0,0.1255971430573943
3041.0,0.19401089354462003
3051.0,0.1453126702369716
3062.0,0.2097773157715606
3070.0,0.20205741216709577
3078.0,0.13550114450904202
3087.0,0.1537110722942265
3094.0,0.1629592335821636
3101.0,0.21933630183807123
3107.0,0.11640230942126471
3116.0,0.22011331435209536
3121.0,0.21322832451007756
3128.0,0.20825102346060234
3137.0,0.1982039600052422
3143.0,0.16561549786425742
3150.0,0.19136150816464065
3158.0,0.21694389770600875
3165.0,0.1678386937048358
3176.0,0.16953863164108263
3183.0,0.16599402774574837
3194.0,0.21485035429944807
3201.0,0.1796951782597586
3206.0,0.19782522790341556
3211.0,0.2001581873857999
3219.0,0.17140409041188862
3228.0,0.18259590063875164
3236.0,0.17540853636451423
3244.0,0.2038809238088137
3251.0,0.14097830618210375
3260.0,0.20534417261242022
3268.0,0.13791461868222332
3276.0,0.20052491259960453
3282.0,0.23731450427081718
3290.0,0.17109088624102659
3302.0,0.15816047091849544
3314.0,0.21493955509057394
3323.0,0.23826556124538495
3335.0,0.22564712451614233
3343.0,0.1676126388093319
3352.0,0.20790557914384877
3359.0,0.23070828565401405
3371.0,0.11686210359319237
3379.0,0.1949199253038287
3383.0,0.2394419141012891
3390.0,0.17580133661482958
3395.0,0.21422344732007964
3403.0,0.22010531274293627
3414.0,0.1818173270590138
3419.0,0.2204788719658709
3427.0,0.231515115159841
3434.0,0.18011741431400022
3442.0,0.12970673841955738
3451.0,0.22070599213491404
3456.0,0.22182882188003672
3464.0,0.21514281611791042
3473.0,0.18857495660574827
3479.0,0.20860709107497802
3487.0,0.22146583728519456
3495.0,0.21823064129843917
3503.0,0.16435332567621222
3512.0,0.17805406801506019
3519.0,0.18550359216223214
3524.0,0.19768351737204476
3532.0,0.19812227660347187
3541.0,0.20711526726425106
3545.0,0.17425458307471614
3553.0,0.17691312980327809
3562.0,0.15766882872817517
3573.0,0.23585206982976367
3587.0,0.21304853321891068
3593.0,0.17393787836555333
3601.0,0.22061389713549454
3608.0,0.1987498509607365
3614.0,0.21768707169477727
3622.0,0.18151338183178128
3631.0,0.2362693085231357
3640.0,0.2220785551176146
3648.0,0.23882027458744373
3656.0,0.21085553657519343
3664.0,0.19447164042443096
3669.0,0.21691636652628513
3677.0,0.1166930577979168
3686.0,0.18437773604831706
3691.0,0.2195430255620405
3697.0,0.18833585175953207
3706.0,0.211102362385082
3711.0,0.223308090280105
3716.0,0.19549355890558218
3725.0,0.17840634785856826
3734.0,0.17466418732273778
3738.0,0.18072782731029424
3749.0,0.2018326217056556
3756.0,0.23710148071509868
3763.0,0.20674700436044152
3772.0,0.12435837126929758
3782.0,0.17434881809642716
3789.0,0.18986791335940745
3795.0,0.18545516710277
3804.0,0.21027438471005114
3815.0,0.18127802073693697
3827.0,0.18909800195224816
3832.0,0.1598693137351669
3841.0,0.21780684803391645
3845.0,0.21587482721312468
3850.0,0.184979701443606
3858.0,0.18477719221894082
3867.0,0.16589497303027287
3879.0,0.2187082565036813
3887.0,0.21586660206848818
3894.0,0.21008345541449008
3901.0,0.2278274382510413
3909.0,0.1882999022543829
3917.0,0.16139978832437965
3924.0,0.12739957825372655
3933.0,0.2258919628882286
3940.0,0.24317469280161874
3948.0,0.19190651198246708
3955.0,0.19108397165458857
3964.0,0.17178126376466468
3973.0,0.21521559172545993
3981.0,0.21725815659485623
3990.0,0.17828680049667275
3998.0,0.21469440948157154
4006.0,0.17858918710342944
4014.0,0.244066171701832
4022.0,0.23030913755604226
4030.0,0.22137001659028366
4038.0,0.16094380294341748
4052.0,0.15479467480842005
4060.0,0.17211204867249644
4067.0,0.17020751841747886
4073.0,0.21065417467413736
4082.0,0.19035619120257463
4087.0,0.21411391907956412
4092.0,0.23000714850495552
4096.0,0.21627945172798696
4103.0,0.1164805893165568
4109.0,0.17158558018465245
4117.0,0.21640933305156712
4125.0,0.2344838926838714
4133.0,0.16592947424716578
4141.0,0.18586383472658252
4146.0,0.2286009195804428
4153.0,0.21621053638898693
4159.0,0.18998394761831655
4165.0,0.20305515787596254
4174.0,0.19278212458987903
4182.0,0.2136948171938314
4190.0,0.225188032215636
4198.0,0.20269454931688302
4205.0,0.20428267940980757
4212.0,0.1879557395258103
4222.0,0.17901328862963486
4229.0,0.20919584628010787
4237.0,0.16668762918760502
4244.0,0.16566536974288074
4255.0,0.16553696699892076
4263.0,0.24338233115480631
4272.0,0.22972311853472918
4281.0,0.23191332791795047
4291.0,0.2294427165088522
4299.0,0.18237461305869915
4308.0,0.23475531588166335
4316.0,0.2368246251023551
4323.0,0.22886729012925316
4331.0,0.21141890029111426
4345.0,0.20847816336925185
4356.0,0.17754553842432558
4368.0,0.20307126239343468
4379.0,0.2189895147778092
4387.0,0.189882615910703
4392.0,0.21979981938960477
4397.0,0.15273643664712794
4404.0,0.15389777342137664
4412.0,0.206113750095483
4417.0,0.18963224735025958
4428.0,0.263276605494038
4432.0,0.20013492037836597
4438.0,0.23449001242139164
4446.0,0.2038268571823243
4454.0,0.15309313850975265
4463.0,0.16026628703444393
4467.0,0.16438054197018784
4474.0,0.1963253912528211
4483.0,0.20608094238293667
4490.0,0.1916821432258007
4496.0,0.21293918582679744
4505.0,0.22263924736749152
4513.0,0.22345743294179193
4522.0,0.18922367094151432
4529.0,0.18477796840883162
4537.0,0.21384078659056258
4544.0,0.15351174849374935
4552.0,0.20722170837280018
4561.0,0.20380171932170635
4566.0,0.21307531302779273
4574.0,0.22244584206604567
4581.0,0.21662982965396915
4588.0,0.19899795947185983
4596.0,0.21641260826512088
4604.0,0.16279782281662444
4613.0,0.2192844765894715
4621.0,0.20877252580571107
4629.0,0.21012354165627328
4638.0,0.21815939746304003
4646.0,0.16476291416147168
4653.0,0.15236658278131857
4659.0,0.23209963183342253
4666.0,0.20016333330220065
4673.0,0.17388607087683788
4680.0,0.19088904368537016
4691.0,0.1784601743968034
4699.0,0.16406061024662125
4706.0,0.21926982054299268
4711.0,0.19141896826886398
4716.0,0.1426618638224658
4730.0,0.1669472301668434
4737.0,0.24337760391736754
4744.0,0.2411279377553489
4748.0,0.17966414362756153
4759.0,0.222131003924627
4767.0,0.18442703978646158
4773.0,0.17179048820823406
4782.0,0.15419328527361714
4790.0,0.23375309753133866
4798.0,0.18241899907881515
4805.0,0.21650839589239668
4814.0,0.21093161029016902
4819.0,0.23270444313553165
4824.0,0.22709854909765465
4832.0,0.2203569985645755
4840.0,0.22293204556361243
4848.0,0.2320224856841234
4855.0,0.1489599605683294
4867.0,0.20297318744783843
4875.0,0.18878877056090657
4880.0,0.20910778883775255
4887.0,0.15365211847459856
4895.0,0.16036452763644837
4903.0,0.19378399113593564
4912.0,0.15226153062307077
4918.0,0.21064385017366397
4926.0,0.1922249475734984
4934.0,0.20092459165580748
4943.0,0.0845270831964215
