,4
2.0,0.1537325868289776
9.0,0.1523832196919125
18.0,0.20737465959127205
29.0,0.08605179770176119
38.0,0.17275353218495318
46.0,0.1899826855640517
53.0,0.15580551221857925
61.0,0.17841091698533956
68.0,0.1685398337978868
72.0,0.18110840082885607
80.0,0.20415169485648302
84.0,0.20050573740124786
88.0,0.20786867527826608
95.0,0.15833922174578205
99.0,0.18601281467917313
108.0,0.18696585084658313
115.0,0.17805212463998718
122.0,0.17114907034322377
133.0,0.20430518919457374
140.0,0.18347784962855387
149.0,0.17461919964836503
160.0,0.1489743425247483
170.0,0.11090424084024014
178.0,0.20183119007356956
185.0,0.20862148012448173
189.0,0.19357403967002437
198.0,0.1759475807648328
209.0,0.1667931060101882
218.0,0.15139951887749656
227.0,0.2101342120674717
236.0,0.15265666921558127
248.0,0.20442293760109645
255.0,0.18062611734178263
260.0,0.1864420517066585
267.0,0.16977268405674872
275.0,0.20264908644266275
279.0,0.16751945958088596
286.0,0.21077573105598452
295.0,0.17907797562366773
302.0,0.1944842266832131
312.0,0.19063693499008574
319.0,0.16076493075901876
327.0,0.17025330547612094
334.0,0.14088725268449498
345.0,0.16113668061547587
355.0,0.15661064290518226
362.0,0.18375023892594922
370.0,0.19912738253742285
381.0,0.18485398644424902
385.0,0.15746137023800283
392.0,0.18391266368410572
400.0,0.15782639902713186
409.0,0.1432414802550105
420.0,0.14269734614710466
428.0,0.2158096600998334
435.0,0.20386897181966454
449.0,0.17022796211717917
457.0,0.19944213977573472
464.0,0.18082043386934618
469.0,0.19800878442665826
473.0,0.15761186966049118
482.0,0.18338184948645547
491.0,0.17765042727229122
500.0,0.17536455215881958
511.0,0.2276534816972545
515.0,0.170391952881
519.0,0.1810043563651791
527.0,0.18922546680141797
538.0,0.20481237922297146
546.0,0.1678734272869817
550.0,0.1915327933571085
562.0,0.20526583476359125
574.0,0.14747468826801977
582.0,0.10317594998124081
591.0,0.16446353196735974
596.0,0.19126181373976067
605.0,0.1660240996563639
611.0,0.17609866474563854
616.0,0.15479280159264583
624.0,0.19095950677515847
632.0,0.15713011925479184
640.0,0.17137517465903995
651.0,0.17322942320410775
659.0,0.21144945789567357
666.0,0.14556134317036507
673.0,0.1762670676002406
679.0,0.1855507227343153
690.0,0.18669790548895557
697.0,0.19327498031895338
704.0,0.16953688759107025
716.0,0.18711700442496915
725.0,0.16903330188219276
733.0,0.21463271467199582
740.0,0.15962090332283746
747.0,0.19693699068685014
755.0,0.2015663570071561
769.0,0.18304054373453507
779.0,0.19378526651563552
790.0,0.19830514312373698
798.0,0.2151771801814072
806.0,0.2213136972292448
813.0,0.2170694573241093
824.0,0.20909693377431463
831.0,0.16402738619418966
837.0,0.1090633942548756
846.0,0.16279774829342625
854.0,0.16884841444158816
862.0,0.1350255199584577
869.0,0.1440104906335813
877.0,0.19374365263861712
884.0,0.16072977977269004
892.0,0.16589104085437714
898.0,0.17496398744925365
902.0,0.1771843834581424
910.0,0.15175492804686308
919.0,0.22015899044148926
926.0,0.20086579727494316
934.0,0.19028398910537248
942.0,0.17279131137833637
951.0,0.18979436243756737
959.0,0.20607901950311544
970.0,0.17988699107948922
979.0,0.21555823675040378
986.0,0.16920051665383132
995.0,0.20399127759977945
1000.0,0.18378307087558743
1009.0,0.20243845763478582
1015.0,0.19999611229378486
1023.0,0.22398338095808834
1030.0,0.21696477201360978
1041.0,0.15999047380692066
1051.0,0.18018672382691772
1062.0,0.16742089691656595
1071.0,0.14999126087252881
1080.0,0.18230776154180436
1088.0,0.16372013644654707
1096.0,0.1776749902645206
1105.0,0.15758714121219136
1117.0,0.18946681140169178
1129.0,0.1985179890415971
1137.0,0.17590805366315554
1145.0,0.17912266092837542
1151.0,0.19473548712730057
1156.0,0.19254258517242162
1165.0,0.20018822384355417
1171.0,0.15975202874544067
1179.0,0.1501557280163999
1191.0,0.15979856289717614
1199.0,0.1679351598003061
1210.0,0.1790622720828032
1219.0,0.16728580865136164
1228.0,0.12813445050990036
1235.0,0.1792920096610444
1246.0,0.17677868400065586
1254.0,0.18567341498369894
1268.0,0.1948126269672505
1276.0,0.17671191464963332
1281.0,0.1742716917217633
1292.0,0.19886633271761245
1301.0,0.17694594136353714
1309.0,0.17993895289662173
1317.0,0.2109941388948726
1321.0,0.17057245834996418
1329.0,0.23092229725812052
1336.0,0.17180172764399682
1344.0,0.18639062880388843
1352.0,0.20018489017228638
1361.0,0.1718231607676279
