,3
2.0,0.12259420860681934
9.0,0.22923756640747822
16.0,0.1632150776638155
24.0,0.24559973920805656
34.0,0.21095542278433088
42.0,0.17409888341544
53.0,0.2299374127192431
65.0,0.19020656043468173
71.0,0.23261660732460343
77.0,0.19895603085491584
88.0,0.20323390633632674
96.0,0.20104614530662004
104.0,0.27022466327612515
112.0,0.2032133553935659
120.0,0.21325034643293303
127.0,0.18253849999903835
138.0,0.1267271245702554
146.0,0.18208410103021933
154.0,0.21933821384772695
162.0,0.19707094442447667
166.0,0.19552449373858913
172.0,0.2092472531291027
178.0,0.22750714775266856
189.0,0.1867799416591162
197.0,0.22001879057721066
203.0,0.22348377148581158
212.0,0.2216101751942582
217.0,0.23599974452943903
226.0,0.21309227218720947
237.0,0.21511274304670647
246.0,0.2011664552884437
253.0,0.1253810052236651
261.0,0.23077326267993126
270.0,0.25155390361903746
275.0,0.21859433156574007
286.0,0.2184117006055659
293.0,0.22308811731843212
300.0,0.21669616234788477
308.0,0.20562082099751475
316.0,0.23277452003270419
324.0,0.22271838534907673
333.0,0.17514116947415853
344.0,0.1988820168307888
352.0,0.22668638436061328
363.0,0.1874958456583036
370.0,0.21950184168652803
376.0,0.23664291527263281
385.0,0.20223609622356692
394.0,0.24436940426711556
408.0,0.15059535520825207
415.0,0.17679367044665645
426.0,0.22905582968793886
433.0,0.22093558051245787
438.0,0.150800185314182
445.0,0.23171081047566358
452.0,0.14321224393649826
461.0,0.14974293556888624
473.0,0.2382973855263645
483.0,0.2103690859507411
491.0,0.18055641789809154
495.0,0.22744990212622396
501.0,0.20946112233113745
511.0,0.2652164350972011
516.0,0.19389632646500166
528.0,0.1841228097684296
536.0,0.18720234528923144
540.0,0.22526327203861074
548.0,0.19161955029174602
557.0,0.20327895027792303
565.0,0.2394912260107353
570.0,0.2242334471345227
579.0,0.20690322175466752
590.0,0.239258832596226
597.0,0.22370320735947127
603.0,0.21350663493529168
612.0,0.16527122931535734
620.0,0.2324040617309913
631.0,0.21145827266198663
642.0,0.22684787345366314
650.0,0.21587749033764228
655.0,0.21927350591306494
661.0,0.2022551998198534
670.0,0.21696394653149248
677.0,0.158341112255888
686.0,0.14850138129887355
698.0,0.20178698787947627
703.0,0.19314292417674708
707.0,0.21303242419784452
713.0,0.16839065387004193
722.0,0.1349232217195235
729.0,0.22798699515576965
734.0,0.17583630859550642
740.0,0.18782476239988613
747.0,0.1755280969089238
753.0,0.23405898055648897
762.0,0.21540507017145724
769.0,0.18205558517169762
777.0,0.17394940315434573
786.0,0.17055404283126072
798.0,0.21243245043204906
805.0,0.11306675168056234
813.0,0.23047516408748023
824.0,0.17554734872772124
833.0,0.2261723908611722
841.0,0.2013832352584707
852.0,0.19949592986915052
858.0,0.15719352773691067
863.0,0.15811402182016585
871.0,0.2031942143922174
879.0,0.15674282535100026
890.0,0.23380233895479519
897.0,0.20543912937545172
906.0,0.24393713654997898
911.0,0.21459796700435718
917.0,0.22348735223348762
928.0,0.20470562630153766
936.0,0.23404431482693197
941.0,0.1857945389406565
949.0,0.1957209400339299
957.0,0.1717098551930224
965.0,0.22638582612108105
973.0,0.16783873957801582
978.0,0.2019155598366949
984.0,0.1871356875090452
993.0,0.2133360480392413
1002.0,0.25276425676696007
1009.0,0.21327952083519833
1018.0,0.21629954928323558
1029.0,0.2087948582632809
1037.0,0.21323464517506943
1043.0,0.2058345281198893
1054.0,0.22240674582695333
1062.0,0.20961472653250665
1073.0,0.21957351964553357
1080.0,0.1563418868973569
1091.0,0.2052398387425341
1103.0,0.19638163364300057
1110.0,0.13686250222195678
1119.0,0.28830053136471206
1123.0,0.2328060417975922
1131.0,0.21362334674613476
1140.0,0.17018092932351217
1149.0,0.224119763772148
1158.0,0.22383989179943953
1167.0,0.1751888634364641
1174.0,0.22603151201247254
1182.0,0.2505165279796827
1189.0,0.20731877745782684
1197.0,0.2387832381831995
1204.0,0.19161071905351582
1211.0,0.23963109043530872
1215.0,0.16319442846908674
1223.0,0.20677175273528903
1227.0,0.2022689137321701
1234.0,0.19540547977719086
1244.0,0.19664492531677977
1249.0,0.22672080951212562
1257.0,0.18922654539249376
1265.0,0.21042976771569363
1274.0,0.23957950856038032
1283.0,0.2248880897939938
1291.0,0.20790870977146858
1302.0,0.19441419411901367
1310.0,0.20576741605770588
1318.0,0.21329197609242473
1327.0,0.2519803109392548
1336.0,0.15726745539512693
1345.0,0.19659062933324692
1350.0,0.1651186135308455
1357.0,0.24590463560974646
1366.0,0.20324017884390255
1374.0,0.2070693422818716
1383.0,0.2602586148005731
1388.0,0.15785777185497227
1399.0,0.22539830621343387
1406.0,0.200958152308198
1414.0,0.19769517640745735
1420.0,0.1924169873088501
1426.0,0.22241253415625528
1433.0,0.23347848601964477
1441.0,0.19156235276941005
1450.0,0.18522427048838067
1458.0,0.24753623555725715
1467.0,0.20350484677975653
1476.0,0.22445868364867302
1485.0,0.2022770868482437
1496.0,0.21530452186855004
1504.0,0.15585801851181091
1513.0,0.16303886152260844
1521.0,0.2328577572278723
1528.0,0.21948733013200405
1534.0,0.2069289171901224
1546.0,0.18772005475570622
1554.0,0.19957841233266238
1560.0,0.25764362214517345
1568.0,0.21533390914436148
1576.0,0.24507329960982602
1581.0,0.19114128832181546
1588.0,0.2249032472391242
