,4
1598.0,0.1572891846772285
1606.0,0.2080046379789442
1612.0,0.16680559023669558
1619.0,0.1734675466597381
1625.0,0.2011435426156424
1629.0,0.17217369763640747
1643.0,0.1777111268909642
1649.0,0.20930357840613997
1655.0,0.1771213224616322
1667.0,0.1717126405566526
1676.0,0.1974220770011439
1680.0,0.1599712428225566
1688.0,0.15474963115607207
1694.0,0.18910309722350152
1706.0,0.14819492433414216
1715.0,0.1928807696079068
1726.0,0.21925268116530008
1737.0,0.1902625003697749
1746.0,0.16904343510341002
1755.0,0.2221451616413082
1764.0,0.1866986528267984
1772.0,0.1781714508342382
1780.0,0.20132801059485597
1794.0,0.17151676196005836
1799.0,0.20698944451248322
1807.0,0.1957461912028423
1812.0,0.18114370374366556
1821.0,0.18701755203018386
1832.0,0.20836269277581335
1843.0,0.17850353248611334
1849.0,0.17767664613366474
1855.0,0.17382228464034902
1864.0,0.18870855404918263
1873.0,0.13136187526829649
1878.0,0.1877102608746034
1883.0,0.17314573616552084
1887.0,0.20196348319205407
1891.0,0.21069385618115896
1901.0,0.1523210217673919
1909.0,0.17888763680744907
1916.0,0.20648146238074638
1922.0,0.18841883883282765
1930.0,0.1824877606709376
1939.0,0.16044859188614763
1947.0,0.166004493535634
1959.0,0.196071960782803
1965.0,0.2092735406346618
1970.0,0.1966447214036365
1979.0,0.16963160509341368
1988.0,0.20337402102382104
1996.0,0.1941618406659105
2007.0,0.24888754028490645
2014.0,0.23334548889030468
2018.0,0.1869754968217433
2026.0,0.1902011807678001
2034.0,0.2054576915906346
2041.0,0.16828598110687648
2048.0,0.1734513885480324
2057.0,0.19405184990787921
2065.0,0.18370683066841334
2073.0,0.1736380478309493
2082.0,0.17890121256784083
2088.0,0.2450061142515413
2094.0,0.23494419226463437
2102.0,0.18176649215175683
2110.0,0.2020233661380279
2122.0,0.2181867874415763
2127.0,0.18878127724363758
2141.0,0.18687249828488256
2149.0,0.20591900982747843
2153.0,0.20014850606237888
2161.0,0.1705260900986669
2172.0,0.1820638493774137
2179.0,0.21637302777924622
2188.0,0.16783931919665826
2196.0,0.19332968786873944
2205.0,0.18972957001396693
2214.0,0.17851738894906774
2223.0,0.17494741543782977
2232.0,0.13938030049375852
2238.0,0.2015183000737759
2244.0,0.1779835290209759
2250.0,0.16257362446047086
2259.0,0.1968427342935888
2273.0,0.19201817299173024
2279.0,0.17933150310086746
2287.0,0.11099404359667944
2291.0,0.15718869584170267
2297.0,0.22999698891126652
2303.0,0.18748955607699508
2310.0,0.18020738919303436
2316.0,0.17617468473538953
2328.0,0.19664615775121888
2337.0,0.16258471945142922
2345.0,0.19041760041352293
2352.0,0.172220551518807
2359.0,0.15407795301819302
2368.0,0.16710684623027672
2379.0,0.21710232607818306
2386.0,0.21751949170962528
2393.0,0.17334367689214353
2402.0,0.15997257577477558
2411.0,0.19316627884122095
2417.0,0.21131879114764218
2428.0,0.1885707333734902
2433.0,0.13483906702136472
2441.0,0.21810859469717317
2450.0,0.19932848274220674
2459.0,0.1905737075121719
2467.0,0.15501061041438008
2475.0,0.1931631846828715
2479.0,0.19310547758817034
2490.0,0.23321251515488778
2497.0,0.17441610132103694
2505.0,0.20230981405006784
2519.0,0.16600150616863527
2527.0,0.17813826200403438
2535.0,0.21765702091234002
2543.0,0.17506566861201894
2555.0,0.19472965443462856
2561.0,0.1804202267673042
2566.0,0.2116713594821364
2575.0,0.203851300836637
2584.0,0.20260819882108222
2592.0,0.17425741787794075
2599.0,0.18664681139059566
2610.0,0.20689526702096261
2617.0,0.1848653448411952
2623.0,0.1787512012407317
2632.0,0.18920371786846243
2638.0,0.23783451344675105
2645.0,0.13098531272574357
2652.0,0.16922778221004023
2661.0,0.18234448795539127
2669.0,0.19474154722963793
2675.0,0.18227920750685037
2682.0,0.20408474984883015
2689.0,0.21230131298450342
2697.0,0.20244016659297964
2711.0,0.1974660663924148
2717.0,0.18046308287156154
2723.0,0.22562697986648608
2735.0,0.1997395978880766
2744.0,0.20871311972339707
2748.0,0.18121891706494306
2758.0,0.20663164419909055
2764.0,0.20170479234501285
2776.0,0.1840646071502422
2787.0,0.22127399618382715
2798.0,0.20369394822300987
2809.0,0.19314453257556313
2814.0,0.2041110201880113
2823.0,0.20807265499685312
2837.0,0.1769733654912186
2845.0,0.19764967273681544
2855.0,0.1867815122955354
2869.0,0.20499761595500327
2877.0,0.15235027780856575
2885.0,0.20678301214874373
2890.0,0.21520052366518022
2899.0,0.10151717069569499
2908.0,0.18554124524414348
2919.0,0.17424516094827963
2925.0,0.19376802184477115
2932.0,0.18920564812094828
2941.0,0.1833926141764824
2950.0,0.1455605317447327
2959.0,0.19904996378859202
2966.0,0.1598883315578143
2970.0,0.20597365921865982
2975.0,0.1998420358035889
2985.0,0.22688308944985788
2993.0,0.19287407105248247
3000.0,0.16325270325752844
3006.0,0.19844200676917476
3017.0,0.1822362191048268
3026.0,0.17395132300274876
3032.0,0.23277499868706863
3041.0,0.18600157195420816
3050.0,0.21427288758884783
3059.0,0.1839253719134008
3064.0,0.18728596819020327
3072.0,0.1695528498765579
3083.0,0.22721633039945618
3090.0,0.21860405409034087
3101.0,0.2238732173835542
3107.0,0.18758104827826538
3115.0,0.21495198661175335
3119.0,0.19141093579354965
3127.0,0.18087052362177652
3134.0,0.1944753762526895
3141.0,0.20701687240255803
3155.0,0.20706626185717356
3163.0,0.17239062886994105
3167.0,0.107495333900353
3175.0,0.1595054815652692
3181.0,0.22998478893601973
3189.0,0.19565595998911994
3196.0,0.19104038153086472
3210.0,0.21463112745808552
3218.0,0.14228796584313555
3227.0,0.23240743228816155
3233.0,0.18400871013964726
3244.0,0.18044643017548093
3255.0,0.12110833346827883
3264.0,0.16282102943471957
3278.0,0.17832662873333716
3285.0,0.19865859726684879
3293.0,0.24756876845278158
3297.0,0.21565174069200882
3305.0,0.22230747550180638
3314.0,0.14948435657257242
3325.0,0.17521551225994894
3333.0,0.18018188819652828
3345.0,0.20109633415253364
3353.0,0.2080756559455807
3361.0,0.19196960018935846
3373.0,0.18831499268259888
3385.0,0.18666967977571622
3393.0,0.18466352700168887
3401.0,0.20737603810369645
3406.0,0.17789114553164842
3415.0,0.09854932818336969
3427.0,0.20009958106820472
3436.0,0.22921848763810765
3442.0,0.19828600699724916
3449.0,0.18541592232503226
3454.0,0.20051761350067976
3460.0,0.17951187198198237
3469.0,0.23800579537440103
3476.0,0.168583459740229
3483.0,0.23406107759831576
3491.0,0.18230497530772646
3499.0,0.1541948546222546
3508.0,0.22138234319319963
3522.0,0.2035063377309719
3536.0,0.1694961976482393
3544.0,0.19957318612694527
3552.0,0.22862869304097297
3559.0,0.1743737722329559
3565.0,0.20051634440960572
3572.0,0.22254059743176285
3583.0,0.16508617942336093
3594.0,0.17272386325974234
3603.0,0.20653372076080398
3611.0,0.22451329793702313
3622.0,0.21622349402558366
3629.0,0.17201503845123509
3635.0,0.18695513972807729
3644.0,0.21524301805255988
3655.0,0.18920164029571646
3664.0,0.18879959259014625
