,5
1598.0,0.16059203459253704
1606.0,0.21751320112354694
1612.0,0.17982268034127308
1619.0,0.21127719268936596
1625.0,0.22473956000972597
1629.0,0.1993281203721528
1643.0,0.22110380091424167
1649.0,0.1812122514059427
1655.0,0.22104259846816213
1667.0,0.14321068654487823
1676.0,0.20877988852747426
1680.0,0.1994383226420597
1688.0,0.18971817361012502
1694.0,0.1922566854215458
1706.0,0.2145455165088465
1715.0,0.18816370169104982
1726.0,0.19610863136042564
1737.0,0.18146009918160408
1746.0,0.18919534297978668
1755.0,0.1792537688259768
1764.0,0.21916637823078305
1772.0,0.184339895587085
1780.0,0.18813454641638622
1794.0,0.16106611150788916
1799.0,0.1859791109630619
1807.0,0.1846967079919914
1812.0,0.17139041373103897
1821.0,0.17024810945349372
1832.0,0.1795162457870218
1843.0,0.18461874524699728
1849.0,0.18416464545151962
1855.0,0.1925105976011685
1864.0,0.188294570372483
1873.0,0.18271000271551516
1878.0,0.19521314570377277
1883.0,0.16499073748587167
1887.0,0.20681499030803271
1891.0,0.196625943076612
1901.0,0.1769340383809626
1909.0,0.20810867523259
1916.0,0.19859280843314736
1922.0,0.16760758090947886
1930.0,0.20127387398784172
1939.0,0.19344123028671917
1947.0,0.13083060589149684
1959.0,0.16089382212151687
1965.0,0.19750121190287204
1970.0,0.21192083720355376
1979.0,0.18607136440728597
1988.0,0.18367201280245887
1996.0,0.20823531196774375
2007.0,0.1565742030678555
2014.0,0.1900223853189976
2018.0,0.1644867464983561
2026.0,0.17397873207438308
2034.0,0.19422726998256615
2041.0,0.18334504593256165
2048.0,0.18342923075921927
2057.0,0.1750954574745253
2065.0,0.17525428063964432
2073.0,0.19856615216801274
2082.0,0.1827390279513584
2088.0,0.19730732669026013
2094.0,0.2183782995307319
2102.0,0.17079046342460993
2110.0,0.19124333544004113
2122.0,0.1767587510940202
2127.0,0.20616050479136308
2141.0,0.19307120299723657
2149.0,0.1762110133431156
2153.0,0.20710333048652005
2161.0,0.1867909288681621
2172.0,0.19490465733473383
2179.0,0.17797376311011381
2188.0,0.20018108366185208
2196.0,0.16536460318338858
2205.0,0.16867518425842246
2214.0,0.23327888072683822
2223.0,0.20256074433430807
2232.0,0.22141333499119348
2238.0,0.20429690094383104
2244.0,0.1789777624375756
2250.0,0.22733112203122424
2259.0,0.17744896412709174
2273.0,0.1978248463137175
2279.0,0.1855994634893471
2287.0,0.19817317063654816
2291.0,0.19253726489322995
2297.0,0.19033805688050348
2303.0,0.1816247015135926
2310.0,0.17985347091480705
2316.0,0.15400878024080528
2328.0,0.2120398274794222
2337.0,0.19243381445512298
2345.0,0.2025251730316225
2352.0,0.1872097698484296
2359.0,0.17678855678850042
2368.0,0.16288336891062197
2379.0,0.21088761334914563
2386.0,0.17038674106296264
2393.0,0.1758714100587322
2402.0,0.18728182394757945
2411.0,0.19208352116865385
2417.0,0.18403521460663858
2428.0,0.19064044859556625
2433.0,0.19761273667943838
2441.0,0.18810474889248346
2450.0,0.182204534663704
2459.0,0.2379815210377954
2467.0,0.16722222036215684
2475.0,0.18237564704801876
2479.0,0.19737766219182357
2490.0,0.18654733859214975
2497.0,0.22298566667063507
2505.0,0.1888523342518195
2519.0,0.19309353326613957
2527.0,0.20587306545305104
2535.0,0.2004526747792522
2543.0,0.1917616566364229
2555.0,0.19869770368573772
2561.0,0.19804462106844756
2566.0,0.20131535344339807
2575.0,0.17761067783313528
2584.0,0.17741314774140113
2592.0,0.19154598202968512
2599.0,0.19078098560032866
2610.0,0.19988748022246716
2617.0,0.1729606856309034
2623.0,0.19005311341356343
2632.0,0.18264139453804415
2638.0,0.19606046582507614
2645.0,0.22906341422256216
2652.0,0.15962856161624578
2661.0,0.18332011966643919
2669.0,0.19072246921136726
2675.0,0.2168226649016134
2682.0,0.19890478120169533
2689.0,0.2167576947915043
2697.0,0.20633546250553866
2711.0,0.16505246195284176
2717.0,0.19823503068466417
2723.0,0.18796951588086963
2735.0,0.18725398763645235
2744.0,0.1525040766022996
2748.0,0.22930952320055253
2758.0,0.1935001942393887
2764.0,0.17304950459531654
2776.0,0.1791404709313635
2787.0,0.21138745485424135
2798.0,0.19398637480343953
2809.0,0.1882377460137964
2814.0,0.18977817990722437
2823.0,0.21112176825479417
2837.0,0.20374910617413913
2845.0,0.18319990680435994
2855.0,0.1758958342655578
2869.0,0.18546780676842525
2877.0,0.1962505624753161
2885.0,0.19221726598682443
2890.0,0.1718513683751275
2899.0,0.1787017388260861
2908.0,0.17149461375638667
2919.0,0.1804787610288194
2925.0,0.1771425460264476
2932.0,0.18175211583098205
2941.0,0.2008207435684434
2950.0,0.19116721148616375
2959.0,0.15841904494921888
2966.0,0.19137933191148984
2970.0,0.16540279053345852
2975.0,0.19053985908774862
2985.0,0.22013983698074605
2993.0,0.20034891393521465
3000.0,0.18357868226126794
3006.0,0.19287801894466408
3017.0,0.19415993056234856
3026.0,0.17868873361369272
3032.0,0.16549394041545137
3041.0,0.16646964169451509
3050.0,0.21004982831495214
3059.0,0.19562878492985492
3064.0,0.20320476731944384
3072.0,0.16811935023709662
3083.0,0.1824933872615571
3090.0,0.20288155205675926
3101.0,0.20628502897989412
3107.0,0.1877447637901927
3115.0,0.23925372261870767
3119.0,0.1734517225888391
3127.0,0.1839175625927121
3134.0,0.19705130333092868
3141.0,0.19501019922623458
3155.0,0.18542491883956802
3163.0,0.1961490921789758
3167.0,0.19216558694153826
3175.0,0.18774820041580612
3181.0,0.20348796062244368
3189.0,0.19209860546127208
3196.0,0.2088160667095099
3210.0,0.19545525351718673
3218.0,0.1770035496671146
3227.0,0.19936040807587596
3233.0,0.18270928157655633
3244.0,0.1774957730806125
3255.0,0.20008389728052176
3264.0,0.22066757707974363
3278.0,0.17831051827515185
3285.0,0.1809093095626805
3293.0,0.16588331654112237
3297.0,0.18982016379999195
3305.0,0.20887711684947918
3314.0,0.13829611911184542
3325.0,0.17912258925646363
3333.0,0.1938512864806932
3345.0,0.18019102510325544
3353.0,0.1908236987501584
3361.0,0.1946080265645804
3373.0,0.1978024083165376
3385.0,0.19861963128882898
3393.0,0.17402256116745923
3401.0,0.1952214263794473
3406.0,0.2043923822974867
3415.0,0.17242215313143244
3427.0,0.18274088222435636
3436.0,0.1884726390538327
3442.0,0.20784724442425712
3449.0,0.19751461079895502
3454.0,0.17638876169006665
3460.0,0.18715103778655054
3469.0,0.2091639495486959
3476.0,0.17360358308947932
3483.0,0.190066567455962
3491.0,0.18907753787083756
3499.0,0.19504674188647156
3508.0,0.1935126607604203
3522.0,0.19440834533757007
3536.0,0.19792045729814314
3544.0,0.18065886726800426
3552.0,0.1972126752013595
3559.0,0.18801462837070226
3565.0,0.2224554100870428
3572.0,0.15820829451927276
3583.0,0.16967177102240252
3594.0,0.18237118592218887
3603.0,0.18013312602958306
3611.0,0.1825580366684948
3622.0,0.20339855038861185
3629.0,0.19412806730996643
3635.0,0.1943610845246997
3644.0,0.19961691421943423
3655.0,0.19388760033733168
3664.0,0.19002151461078454
