,5
2.0,0.1894881398766894
7.0,0.15162971828210217
13.0,0.2051653516164273
22.0,0.21393627031043524
30.0,0.17726567448316952
39.0,0.21381782029221655
44.0,0.21098564679950774
55.0,0.20034455668028958
66.0,0.1802961942396474
74.0,0.16263244680462866
88.0,0.1779903087481672
96.0,0.191178834539572
103.0,0.1955406464369033
111.0,0.1982885757668346
120.0,0.20902894339798242
129.0,0.18618262518477757
136.0,0.17432912799655728
147.0,0.1771220293381716
159.0,0.18932184740904287
167.0,0.1963181624025532
178.0,0.14406132360421944
186.0,0.20193863098795783
194.0,0.1757144068834054
203.0,0.20378489934929142
211.0,0.16805811118778277
218.0,0.19103332880236054
223.0,0.18855430726161965
227.0,0.17569758981592704
239.0,0.1645296499198687
247.0,0.17672197485589283
256.0,0.18868677902517939
260.0,0.229082386110844
267.0,0.19217901615847113
275.0,0.18874936012475962
282.0,0.20078940193767245
290.0,0.17821404134535157
298.0,0.15992087163528662
307.0,0.1773043315709793
316.0,0.2156876215817464
325.0,0.18134573907292717
333.0,0.173459219033076
341.0,0.16178263995090414
348.0,0.21642982529498106
355.0,0.16387007942275877
362.0,0.23258640817738263
370.0,0.1958375318948654
379.0,0.18545885192274947
386.0,0.15763471602789342
396.0,0.16658332463816503
401.0,0.1620856984832019
409.0,0.19923457893537597
420.0,0.17686085472038948
428.0,0.20635884882646424
432.0,0.20204156516187446
440.0,0.19028037909418494
450.0,0.18842566689199497
454.0,0.21508704370066156
458.0,0.18772451922038377
467.0,0.18602837890715582
475.0,0.1959859733860507
481.0,0.2098825603765695
489.0,0.1848961248491463
495.0,0.20191858860848352
501.0,0.17422160779157098
508.0,0.1888887822703247
517.0,0.1936644053874196
523.0,0.15782082513043855
527.0,0.18335942779757475
532.0,0.1998931066441172
541.0,0.21888441487661092
548.0,0.18130642146497958
559.0,0.18314475373885794
567.0,0.18113600587944645
576.0,0.17460934901203964
584.0,0.18566519646688473
593.0,0.18812143675369408
598.0,0.13937680811306194
605.0,0.20550791285744452
613.0,0.201237328452104
621.0,0.19353928204666354
628.0,0.19414162095811702
636.0,0.17899353650049077
644.0,0.20830510449329678
650.0,0.16251822348599212
659.0,0.21129471159407873
667.0,0.19713573222959122
678.0,0.20608072817188233
687.0,0.21138278328829974
696.0,0.19919647503161927
704.0,0.20586554412437977
713.0,0.1641666792014196
724.0,0.19109786458977204
735.0,0.22129500213840428
740.0,0.21306975331573663
751.0,0.20098187372780638
759.0,0.21463015172013078
770.0,0.18649693305537038
776.0,0.19948403498051936
784.0,0.2099139655308624
790.0,0.16270914944506698
794.0,0.20419029377653378
801.0,0.16306405142277572
808.0,0.19820403263035521
815.0,0.17398088247855795
821.0,0.18647252001415218
832.0,0.1950995922360932
841.0,0.18204584326067488
847.0,0.19010201344497107
852.0,0.18912368049200728
857.0,0.18860583412510726
863.0,0.19540373120454027
870.0,0.15881794308763392
874.0,0.1833074083839273
888.0,0.19524408855323572
899.0,0.20709240406955023
907.0,0.19477167693287872
913.0,0.1828547621946456
920.0,0.19593501337150487
925.0,0.14676265383304432
933.0,0.19206462023796392
942.0,0.17249099420368869
947.0,0.1899832225705847
955.0,0.2060524476346482
964.0,0.20674572432538724
971.0,0.23418783442826963
978.0,0.20310105406163975
984.0,0.2023030458450278
992.0,0.20812843702096823
999.0,0.18628585322412886
1007.0,0.2234019033039622
1015.0,0.19795896919172945
1022.0,0.2090036007479841
1030.0,0.18297857124557212
1039.0,0.23541245209253392
1043.0,0.23068795641435794
1050.0,0.18607008008977144
1058.0,0.20966989620740095
1065.0,0.20017991995461093
1072.0,0.2109415510002214
1081.0,0.2241985098698173
1092.0,0.1874471583620076
1104.0,0.15854440460793504
1115.0,0.2012334914482467
1124.0,0.18650585565324262
1133.0,0.21095520585317148
