,4
1142.0,0.23495137726763396
1150.0,0.13413292508033683
1159.0,0.21138365925329536
1165.0,0.21923865536457982
1170.0,0.19220924575538811
1179.0,0.17777383625310295
1190.0,0.1856825832168344
1199.0,0.21652083052229626
1208.0,0.15387561552502446
1217.0,0.19744525686705702
1225.0,0.17970992732899208
1233.0,0.08591289744253605
1241.0,0.2074580903170651
1248.0,0.17863169473106175
1254.0,0.2035439690517925
1260.0,0.16769441890532283
1265.0,0.19420773894480456
1273.0,0.19346499008786447
1282.0,0.1520348202404792
1290.0,0.20874969616045094
1298.0,0.1773573464467416
1305.0,0.17619592194734418
1316.0,0.18412699082355205
1323.0,0.20641124097377644
1329.0,0.162249526748308
1336.0,0.1639461023561736
1344.0,0.17486078384657178
1352.0,0.2132466286356002
1359.0,0.22874580028540697
1367.0,0.11151092540557822
1376.0,0.19278318590005616
1386.0,0.13349008925665382
1395.0,0.16261656118309087
1399.0,0.21295192498653656
1406.0,0.17970851556161185
1414.0,0.1702970557555588
1421.0,0.19847165122785615
1435.0,0.2164911171460013
1447.0,0.1802163996568653
1456.0,0.2081155899432512
1464.0,0.16312774146799186
1472.0,0.23152000988659613
1478.0,0.18017303580535074
1487.0,0.2010326543593116
1494.0,0.23475213162023162
1501.0,0.18624429512828267
1508.0,0.17434943386166404
1514.0,0.22399592106303207
1521.0,0.15601458825396328
1530.0,0.17635224552130283
1539.0,0.21219557569668107
1544.0,0.17797000997309959
1550.0,0.14258492847159623
1561.0,0.17828454674817493
1569.0,0.21295251065033619
1579.0,0.20363991215234292
1588.0,0.20725267700237338
1598.0,0.20865851225404355
1607.0,0.18755733991696602
1616.0,0.17959710286047784
1625.0,0.1712671175208907
1633.0,0.16127746059895698
1647.0,0.2087680602053824
1658.0,0.2174834248671903
1665.0,0.21167836010593385
1672.0,0.21680683886193355
1677.0,0.23855693483136825
1686.0,0.164342288309726
1693.0,0.150045943751039
1702.0,0.1797479280819196
1710.0,0.21669170224796688
1716.0,0.1633524613861894
1720.0,0.22127406982727965
1730.0,0.17613000732351228
1742.0,0.17845568820601468
1754.0,0.22390802253002196
1760.0,0.18486654387958656
1767.0,0.1676025958880731
1774.0,0.20252680297002365
1785.0,0.2106041928357181
1793.0,0.2540920402043175
1799.0,0.1812776072309097
1805.0,0.16403706032631252
1817.0,0.2002594306116252
1823.0,0.18481184712213666
1831.0,0.12211509057581767
1842.0,0.1863166560447602
1850.0,0.20244140897141272
1859.0,0.20834902591563723
1867.0,0.16528361030170105
1873.0,0.2108804022708332
1878.0,0.14870162209467647
1887.0,0.1490497583215973
1898.0,0.19113609909947005
1905.0,0.16134607731723663
1914.0,0.2018997765536521
1922.0,0.2758606247472124
1931.0,0.19300730882622116
1938.0,0.21818915615477377
1946.0,0.20026705416439766
1954.0,0.20209650560733186
1960.0,0.2043009327948133
1972.0,0.18114828803790045
1980.0,0.21539857446442792
1985.0,0.20216678357741985
1994.0,0.2106409722229132
1999.0,0.22177724952589742
2007.0,0.23183176336568254
2018.0,0.18015417962222202
2027.0,0.17969934802407359
2036.0,0.1755153990419236
2045.0,0.2497520148766362
2053.0,0.1979521672267868
2060.0,0.21508370040047792
2067.0,0.23127036581027982
2072.0,0.13578383539669853
2076.0,0.19782208315749553
2084.0,0.18110518397873615
2088.0,0.19048735142436296
2092.0,0.24301722886317484
2100.0,0.1868681742745538
2107.0,0.22811019353987927
2113.0,0.15937015940562813
2120.0,0.17219195098718304
2132.0,0.1617323613768706
2140.0,0.15390323031163453
2149.0,0.18778970406672094
2160.0,0.16915082802909315
2171.0,0.13809120715441936
2180.0,0.20828729287832404
2188.0,0.22579745447305868
2193.0,0.22010119588850227
2201.0,0.18927920266496923
2209.0,0.15770236120450798
2218.0,0.19127564736285396
2226.0,0.1380435138422865
2233.0,0.19060118326938294
2242.0,0.19652904430882354
2250.0,0.13735821996660416
2259.0,0.1737694031435113
2273.0,0.1728733950444174
2285.0,0.1716210549387026
2294.0,0.1978932667182706
2302.0,0.19894415849813235
2308.0,0.18740232940549229
2317.0,0.18295600862590541
2324.0,0.0781447003635353
2332.0,0.15503324288983786
2340.0,0.16365365597639678
2348.0,0.2289528945982175
2356.0,0.19826571859499834
2364.0,0.19090575173118585
2372.0,0.20161855809728202
2382.0,0.17194520727004262
2393.0,0.17282947620501657
2399.0,0.19707307987163955
2403.0,0.20725086575361043
2410.0,0.168931075483176
2419.0,0.20477391735379075
2427.0,0.18434718121697055
2438.0,0.1858973827378741
2446.0,0.18193725209888212
2454.0,0.21132625187050816
2461.0,0.21280089618932507
2469.0,0.20513159062804245
2477.0,0.22026180148560429
2484.0,0.1500703981233154
2489.0,0.1809771174460749
2498.0,0.2187420672896421
2507.0,0.2147777570168718
2517.0,0.221970455891166
2528.0,0.1437787042648637
2532.0,0.149387733762561
2540.0,0.19600357798042328
2552.0,0.1761767027088167
2559.0,0.22401486629208087
2565.0,0.2122063995633851
2575.0,0.15757368671641692
2580.0,0.1730707635845663
2586.0,0.2065581693763766
2598.0,0.2117611246760884
2605.0,0.18934061278794134
2617.0,0.15117935182274594
2625.0,0.14386118290563538
2629.0,0.16918453091522662
2634.0,0.1930327513644997
2643.0,0.2191877925754833
2655.0,0.2110167307624104
2662.0,0.1788688357717535
2670.0,0.1860076018713726
2677.0,0.19359236877623467
2688.0,0.2546789226452466
2695.0,0.21876745645819798
2703.0,0.21714247813747878
2712.0,0.2059304708861355
2723.0,0.20732142618375296
2731.0,0.22312585574176327
2738.0,0.20324679027213588
2746.0,0.19260557422188182
2755.0,0.16203111696193614
2764.0,0.1805486479467182
2772.0,0.1609551474883865
2777.0,0.19155626751896146
2784.0,0.18789124113144978
2791.0,0.18915529975139683
2802.0,0.1788523852131653
2809.0,0.1789180045550682
2816.0,0.19250453121529626
2824.0,0.183616628857153
2831.0,0.19664606413170369
2837.0,0.1957483733304498
2844.0,0.2287975318142657
2849.0,0.16427480623750715
2857.0,0.17250648635927213
2866.0,0.19884784109974665
2873.0,0.1781497796313926
2881.0,0.17664100221351256
2890.0,0.16813330297079523
2897.0,0.17736183451635548
2905.0,0.15899366221800673
2913.0,0.25736626005888774
2917.0,0.20610307138701245
2923.0,0.22122065710994626
2932.0,0.1675393199723216
2940.0,0.1828723872702831
2949.0,0.19373000906149535
2957.0,0.16511858213221037
2965.0,0.16552901858882166
2971.0,0.2222772504908652
2979.0,0.22108085470734337
2986.0,0.23966800748687317
2993.0,0.19085756934748468
2997.0,0.16699330548401065
3006.0,0.2384632036650308
3014.0,0.20780784710485564
3020.0,0.21379712935008288
3028.0,0.2365462232297562
3036.0,0.16613444008588413
3041.0,0.21054713249313992
3053.0,0.21549899643649972
3067.0,0.23652490496420536
3076.0,0.22142405676485208
3090.0,0.20527405537423468
3098.0,0.17774471815262602
3102.0,0.16374218355488582
3108.0,0.1831230005485659
3115.0,0.2335492435321118
3123.0,0.2050595071295297
3131.0,0.16865085834879273
3140.0,0.19624657394128925
3145.0,0.2136651642183832
3153.0,0.26047067117414857
3160.0,0.1766209173468764
3167.0,0.11926470726164447
3175.0,0.1727874607865465
3179.0,0.1528650664244822
3188.0,0.15037709393516008
3196.0,0.2172909876736667
3208.0,0.1973893779777195
3220.0,0.188387190512772
3226.0,0.19945717757351197
3233.0,0.15753323008716297
3242.0,0.2222085620807846
3250.0,0.21645735010281514
3257.0,0.13855441059521797
3262.0,0.18100439320442482
3270.0,0.17044615432089352
3279.0,0.1992427829851694
3290.0,0.21174415957831463
3301.0,0.16813377836933202
3307.0,0.1914795291893747
3314.0,0.1792480637389279
3322.0,0.175700947037597
3330.0,0.20621898131277622
3337.0,0.18796474719845077
3344.0,0.18778085631191774
3352.0,0.1690715655538915
3360.0,0.20562239258080803
3368.0,0.20857173387658018
3374.0,0.2439197996663717
3383.0,0.17661590520965229
3391.0,0.17595101449663467
3400.0,0.20492713942538207
3406.0,0.17143309607692883
3417.0,0.22577720293854245
3428.0,0.2137106986040511
3440.0,0.18694714412908903
3449.0,0.17160574982229246
3459.0,0.15958409347348332
3466.0,0.15352729686482447
3477.0,0.22926927005195955
3484.0,0.18436245221274777
3490.0,0.22224295851943085
3501.0,0.2004730392290888
3506.0,0.22540212850729904
3515.0,0.19457149049855865
3523.0,0.1935158494611927
3530.0,0.193578479360921
3540.0,0.13676337866459992
3544.0,0.19186654368323325
3552.0,0.14793949462839898
3560.0,0.18567270885448256
3565.0,0.2288052041068729
3570.0,0.19978864948818478
3582.0,0.22229814187595673
3590.0,0.2003187291961335
3599.0,0.2047028487251753
3607.0,0.17306158024932894
3615.0,0.18626943977307642
3627.0,0.21693377230479305
3634.0,0.19164781801387537
