,5
1142.0,0.1793678893126722
1150.0,0.17194823022815964
1159.0,0.20743547875380008
1165.0,0.17500381416207852
1170.0,0.17120904417113172
1179.0,0.19050548060139713
1190.0,0.1858021846371332
1199.0,0.18645805463546908
1208.0,0.17150067051420445
1217.0,0.20867879633635278
1225.0,0.1896063286826994
1233.0,0.1544473552498113
1241.0,0.17241039714513548
1248.0,0.16325515261543855
1254.0,0.20115062603159733
1260.0,0.18053650831279805
1265.0,0.21905035053647343
1273.0,0.1951562437574631
1282.0,0.21457439976155576
1290.0,0.19240930102141635
1298.0,0.19995052435327215
1305.0,0.17719568964137408
1316.0,0.19557598762102538
1323.0,0.21213863354477092
1329.0,0.1340162713170043
1336.0,0.1832135962960765
1344.0,0.17733302565496845
1352.0,0.17693259622774185
1359.0,0.20606255438418034
1367.0,0.17814440757656655
1376.0,0.14622847053687427
1386.0,0.15739707895846236
1395.0,0.17519669711606609
1399.0,0.20713420484856307
1406.0,0.19947555752085888
1414.0,0.17827906560004037
1421.0,0.20467018280318655
1435.0,0.18852397777117566
1447.0,0.20707977163177016
1456.0,0.17744029175338813
1464.0,0.14800741784977314
1472.0,0.18858227830868715
1478.0,0.1919969070652572
1487.0,0.18870635898704394
1494.0,0.20441402478696624
1501.0,0.16761591353537703
1508.0,0.1953341432896537
1514.0,0.17755484478942196
1521.0,0.19051441801111033
1530.0,0.1763736317206844
1539.0,0.17092203520765514
1544.0,0.19446525846961743
1550.0,0.19472093755043773
1561.0,0.19190887039697513
1569.0,0.18254899655892268
1579.0,0.19813375303799477
1588.0,0.17416200777803675
1598.0,0.20526349116243583
1607.0,0.1819329700801145
1616.0,0.18639140269545618
1625.0,0.15092538193591637
1633.0,0.19027501915079045
1647.0,0.20543265865281093
1658.0,0.18317092067239732
1665.0,0.20692763473984116
1672.0,0.2187048990175246
1677.0,0.19432783203413928
1686.0,0.1880464668977766
1693.0,0.20145007538030935
1702.0,0.19547495062243853
1710.0,0.21263893466493242
1716.0,0.18635505989621418
1720.0,0.19262539670499174
1730.0,0.17304234263442494
1742.0,0.17902498387972296
1754.0,0.22170019137857686
1760.0,0.17133353879510316
1767.0,0.18255441472879644
1774.0,0.20328983785041552
1785.0,0.21438210916301786
1793.0,0.21777606095395421
1799.0,0.16728052596109114
1805.0,0.1834001776200631
1817.0,0.19160246756482263
1823.0,0.18755561385004546
1831.0,0.17191433707187875
1842.0,0.1645586473052517
1850.0,0.20595694752331792
1859.0,0.18562906744167504
1867.0,0.20529623391456078
1873.0,0.21151345494053175
1878.0,0.17740463231501208
1887.0,0.2048268226461731
1898.0,0.19624399724347874
1905.0,0.21645749429544514
1914.0,0.20478394447281487
1922.0,0.18106239911032002
1931.0,0.18382455002841244
1938.0,0.21338985888409562
1946.0,0.2034843324567565
1954.0,0.1736245495400217
1960.0,0.178969000323039
1972.0,0.17731915909934484
1980.0,0.20025018468637618
1985.0,0.18209896567637668
1994.0,0.18831775135275838
1999.0,0.18140864441877874
2007.0,0.22310148522683523
2018.0,0.1929327186635539
2027.0,0.20209337685422754
2036.0,0.20071597059862653
2045.0,0.19903024327245067
2053.0,0.20418284662190223
2060.0,0.2036012319835255
2067.0,0.182009147603137
2072.0,0.20504643827308838
2076.0,0.1850894627039572
2084.0,0.20284856613405422
2088.0,0.2248202677294941
2092.0,0.19621249354814072
2100.0,0.18617084439221052
2107.0,0.18418803281639032
2113.0,0.17812978937246393
2120.0,0.19200199538551976
2132.0,0.17226415978188278
2140.0,0.20223665828564946
2149.0,0.1995330959190242
2160.0,0.17451029662344938
2171.0,0.20774442182135158
2180.0,0.16626108217323735
2188.0,0.1918186301617766
2193.0,0.17860427202730556
2201.0,0.1602854731301618
2209.0,0.18421660081146618
2218.0,0.16809879422000507
2226.0,0.15217051136218362
2233.0,0.19811961039718576
2242.0,0.1872269492886395
2250.0,0.1928042884741125
2259.0,0.2050105351525598
2273.0,0.16618506298207872
2285.0,0.18810306254356637
2294.0,0.22149305288201127
2302.0,0.20460503930285123
2308.0,0.18064731281142424
2317.0,0.1913413850132534
2324.0,0.2130500402884162
2332.0,0.19352396790635917
2340.0,0.213661524821082
2348.0,0.18877611546524603
2356.0,0.18741876823972184
2364.0,0.1753250770263779
2372.0,0.1995704186565255
2382.0,0.1878662750441366
2393.0,0.18362300696672476
2399.0,0.22322072616746302
2403.0,0.20594777732777256
2410.0,0.2055563274692288
2419.0,0.2104298287841267
2427.0,0.19795893021605984
2438.0,0.20651712885140724
2446.0,0.2019713236345539
2454.0,0.19090323080500407
2461.0,0.21424661531381653
2469.0,0.1935407958347358
2477.0,0.19281839479983987
2484.0,0.20514160827324324
2489.0,0.1420776704452716
2498.0,0.2021274035684879
2507.0,0.19197956740071476
2517.0,0.19831313060854486
2528.0,0.18983978495842282
2532.0,0.21942936535132354
2540.0,0.1886835274209702
2552.0,0.21885509391092905
2559.0,0.21562651516035267
2565.0,0.19450454231073042
2575.0,0.2160900414327961
2580.0,0.18970501770105674
2586.0,0.19725164505284604
2598.0,0.19265526040874534
2605.0,0.18207562964277482
2617.0,0.15497890673317108
2625.0,0.18264381969964347
2629.0,0.20000383281722608
2634.0,0.1660903651602556
2643.0,0.21426932629590725
2655.0,0.20380232332847614
2662.0,0.19419663015355434
2670.0,0.21121859435779192
2677.0,0.22571538570520383
2688.0,0.20455318734312258
2695.0,0.18609936002942495
2703.0,0.2041732223192133
2712.0,0.16972692665719008
2723.0,0.17434291287921494
2731.0,0.19890646214040944
2738.0,0.17991184722020673
2746.0,0.19444365995931603
2755.0,0.16713750299146188
2764.0,0.18346531571491606
2772.0,0.1449827082339829
2777.0,0.1728400377043253
2784.0,0.1853324536100771
2791.0,0.20673309100247858
2802.0,0.20270103651693386
2809.0,0.1952848909340053
2816.0,0.19918958877744347
2824.0,0.17928486443287703
2831.0,0.1682273444628155
2837.0,0.20647832503632302
2844.0,0.19559561938973213
2849.0,0.18586206066861075
2857.0,0.16722713001559042
2866.0,0.1725387541794599
2873.0,0.2137749031491745
2881.0,0.1543572165390799
2890.0,0.17923331383176158
2897.0,0.21047407789155997
2905.0,0.19859523516916866
2913.0,0.1753400475718539
2917.0,0.16198747889136225
2923.0,0.19174678448380741
2932.0,0.21246135675115507
2940.0,0.18640841454789908
2949.0,0.21538435997738653
2957.0,0.18058712785531814
2965.0,0.18266681201301896
2971.0,0.19561035670866275
2979.0,0.20210010950408994
2986.0,0.21730907098526284
2993.0,0.2058164928373923
2997.0,0.199240850051385
3006.0,0.19831728601330792
3014.0,0.2059778609247826
3020.0,0.1887820914204826
3028.0,0.20318582452323655
3036.0,0.18601138442799642
3041.0,0.16895910234315928
3053.0,0.2282281410759144
3067.0,0.17914669514882967
3076.0,0.22067756558202378
3090.0,0.20259227853801542
3098.0,0.13756455885113536
3102.0,0.19419401640857234
3108.0,0.18741030591948774
3115.0,0.17587241858328123
3123.0,0.237210148351796
3131.0,0.15877382171237703
3140.0,0.15322183555738167
3145.0,0.1679526202139024
3153.0,0.17463219266628854
3160.0,0.1947647592243285
3167.0,0.18637440254803836
3175.0,0.20040100428148955
3179.0,0.22183951215829592
3188.0,0.21104655853903018
3196.0,0.20012293655426944
3208.0,0.13170570169012297
3220.0,0.19682360232343132
3226.0,0.1680738834947918
3233.0,0.20059439755181024
3242.0,0.19625201196651987
3250.0,0.1670349285691526
3257.0,0.14868155080922763
3262.0,0.20635759141644147
3270.0,0.1805064010922065
3279.0,0.1875476922305696
3290.0,0.19346054967780565
3301.0,0.1950067382210669
3307.0,0.18649712902740534
3314.0,0.16687768003566764
3322.0,0.1572598510853069
3330.0,0.17462240477293636
3337.0,0.1927553275432667
3344.0,0.1874759748398394
3352.0,0.19604121192590115
3360.0,0.1737148622905644
3368.0,0.20427297304207354
3374.0,0.2013639266874946
3383.0,0.21513194888100584
3391.0,0.20001219035533355
3400.0,0.16213899878190824
3406.0,0.2118779744314356
3417.0,0.19226485938186857
3428.0,0.20558616189467205
3440.0,0.1872675272692256
3449.0,0.19735796421644614
3459.0,0.1842555233819561
3466.0,0.2056337859876182
3477.0,0.1727280082596569
3484.0,0.19624129230971077
3490.0,0.18966741190097836
3501.0,0.18819299034372627
3506.0,0.19783084572263612
3515.0,0.18762270048266733
3523.0,0.21471678074769723
3530.0,0.16800057425960158
3540.0,0.16718402986616437
3544.0,0.1721276186509785
3552.0,0.2127535516390523
3560.0,0.21219968104075282
3565.0,0.1803561986232103
3570.0,0.19802586235622982
3582.0,0.1772434962486708
3590.0,0.18902831588803826
3599.0,0.182482244421312
3607.0,0.1911805779720903
3615.0,0.17668561142109218
3627.0,0.1996881998256477
3634.0,0.19169330633214318
