,3
2.0,0.05701558155409049
6.0,0.1510957099203903
12.0,0.18566451471556505
20.0,0.20644984149327764
31.0,0.1786998299161395
39.0,0.19243017248796374
47.0,0.16773208584297003
55.0,0.23245699228713523
62.0,0.12459323733984821
66.0,0.2262075503525433
74.0,0.20158971159349787
82.0,0.24654368037821006
87.0,0.20226608865346365
92.0,0.17020107277817936
96.0,0.18571170580484253
105.0,0.1999441969328531
112.0,0.17030282656204496
119.0,0.2231680332647358
127.0,0.11766481149706104
135.0,0.2528885187795924
147.0,0.1220635814497131
156.0,0.2242698816117971
164.0,0.13037944059957782
173.0,0.2052487927991424
181.0,0.2290670014683726
185.0,0.23562997504230856
194.0,0.22324491741703678
202.0,0.2324211876045697
209.0,0.2493818221163873
216.0,0.2304211039569608
223.0,0.22795866621384056
231.0,0.2028234588254487
238.0,0.19207251791189453
245.0,0.15000023125956546
253.0,0.15464078736813142
257.0,0.22578024567821453
268.0,0.16071535412023374
276.0,0.10107482820361761
283.0,0.14687686968591745
292.0,0.2280474310503617
299.0,0.17889777950359156
306.0,0.22597105513310312
315.0,0.17379943394742026
327.0,0.15230793106409654
336.0,0.1936646316451749
344.0,0.22738395225986874
352.0,0.1865722608485238
358.0,0.18574924921148336
369.0,0.24535444297900533
376.0,0.19112533616243732
383.0,0.23801705306295115
397.0,0.20162950894433854
405.0,0.22165659171089758
412.0,0.20247422666875564
416.0,0.19204946139413018
420.0,0.22927752054943146
428.0,0.21714795976335577
436.0,0.21324746410725143
445.0,0.238635321475921
453.0,0.19035896138998024
464.0,0.2025105864926814
471.0,0.210752669808486
479.0,0.21653877585097717
493.0,0.1997614961758576
504.0,0.2360227041800147
514.0,0.20293792227979016
526.0,0.23498131455627563
537.0,0.11615942691512611
546.0,0.1666387021944277
554.0,0.22489368653607875
561.0,0.24804918790635933
570.0,0.15486979186403185
574.0,0.19521160561532233
582.0,0.17943299429074883
590.0,0.1890207034705422
601.0,0.20522011421125977
608.0,0.23904710948614097
615.0,0.19601289927799923
623.0,0.20643450732989216
629.0,0.15000575376124528
637.0,0.21997007496530518
645.0,0.2507003825026323
656.0,0.21792035275565416
665.0,0.23045334211520552
676.0,0.23347141464528107
683.0,0.2317399110738713
691.0,0.17048737801125297
700.0,0.2134449163014895
705.0,0.12045400135758762
716.0,0.1854942406311652
725.0,0.1634278131401157
734.0,0.19220717099817677
742.0,0.23276307620669104
750.0,0.16288344589044498
761.0,0.16026387154174768
769.0,0.2146864103845521
777.0,0.21713594163409938
782.0,0.17789069257130408
791.0,0.21640948370878388
799.0,0.2411466348584286
808.0,0.20600811578435418
816.0,0.1582101562014249
827.0,0.21579778012673131
835.0,0.19175968134365265
840.0,0.20487510674520396
847.0,0.19879309964629732
855.0,0.14619137777019686
863.0,0.22090536084441662
870.0,0.13328961697843966
881.0,0.2195225070397955
886.0,0.19281794908819885
894.0,0.21791452689623414
903.0,0.21533272541103737
912.0,0.1688894210480054
920.0,0.24138895048929698
928.0,0.2188729425197405
935.0,0.2427833352919951
943.0,0.17789646630424225
948.0,0.17063887380256137
956.0,0.17687347713769752
964.0,0.18688565473018173
969.0,0.2127533846098729
974.0,0.2207068066523999
983.0,0.23411003372404915
991.0,0.20983163397960816
998.0,0.1639390078583363
1006.0,0.19770135526205623
1015.0,0.22240670754070377
1023.0,0.2522461685362491
1027.0,0.22672101124201513
1035.0,0.21369647212250353
1045.0,0.21109110826528488
1051.0,0.18289964044358903
1059.0,0.24510633206010862
1070.0,0.21837243492632555
1080.0,0.235463521563565
1091.0,0.17522069000907464
1099.0,0.19942156682530626
1113.0,0.23374578339033258
1125.0,0.25271889809477
1133.0,0.17152901493712525
1142.0,0.23262481588410405
1147.0,0.2323941247245363
1154.0,0.18523640835917293
1160.0,0.21341032971837212
1165.0,0.1589283069020587
1172.0,0.16753925262552005
1178.0,0.1858738260614796
1182.0,0.1775774585310495
1190.0,0.19151057547455352
1194.0,0.16274800694426317
1202.0,0.23960131100751
1214.0,0.20029640709701477
1223.0,0.19344901527532687
1227.0,0.18110863157607054
1235.0,0.22437706035500332
1243.0,0.2180284976243547
1257.0,0.16407644074630204
1265.0,0.20458562939736333
1271.0,0.19979860006389566
1279.0,0.16366290025942162
1288.0,0.12786472402169233
1296.0,0.2207492601784162
1307.0,0.1826754526836586
1315.0,0.18852920187504218
