,4
1325.0,0.18498906008718588
1333.0,0.12310862183793506
1344.0,0.21205624011109406
1353.0,0.14497839840061497
1361.0,0.20182242736430023
1370.0,0.1584449349733895
1379.0,0.18301308042428077
1388.0,0.16611761296003044
1394.0,0.1660155125064788
1403.0,0.2056814381417529
1411.0,0.1311093104116787
1419.0,0.20238094151881975
1424.0,0.17659894279868313
1435.0,0.2002943379143127
1443.0,0.19326019921846835
1451.0,0.1916697831437143
1460.0,0.18600663225496847
1466.0,0.21131230830807032
1472.0,0.19659895214736317
1482.0,0.15222258318615794
1489.0,0.18451708266488273
1498.0,0.17207388317233674
1506.0,0.16997921603953445
1514.0,0.18372827595940963
1525.0,0.21960615067271266
1530.0,0.21875217727249338
1535.0,0.19852629316454806
1543.0,0.17952345319787866
1552.0,0.10387350689117958
1560.0,0.19922565349847884
1568.0,0.1597818615314795
1577.0,0.19036104270535903
1586.0,0.2134323138956198
1594.0,0.215182238971015
1601.0,0.21131804859086953
1610.0,0.21463374032056715
1619.0,0.2095995189682927
1627.0,0.18390524982905213
1636.0,0.19350080406483736
1645.0,0.1985256739488158
1656.0,0.2317607985755677
