,4
3508.0,0.16860623443033385
3514.0,0.17233070903345327
3520.0,0.18275185947680223
3528.0,0.2203588112261161
3536.0,0.13007912791575282
3544.0,0.22415342181480763
3552.0,0.1919167063091295
3558.0,0.205912232841846
3563.0,0.1958499819208562
3569.0,0.20652499023578672
3577.0,0.20184462779764206
3585.0,0.2072642593857415
3590.0,0.13742476812229415
3594.0,0.19945687743792645
3603.0,0.20954165990811435
3617.0,0.16831976318845482
3624.0,0.19488546403677864
3632.0,0.18376325708237778
3641.0,0.175373603051362
3650.0,0.1983362069746908
3658.0,0.16172112008950387
3667.0,0.1669128240853066
3672.0,0.1639354217067307
3679.0,0.17709632267036995
3684.0,0.21421157282648778
3692.0,0.19837042054673176
3698.0,0.16990295218730503
3708.0,0.21641449549397276
3716.0,0.21758295571456995
3725.0,0.2146133578645445
3733.0,0.16852461000549274
3744.0,0.17818565287380939
3752.0,0.16292786946021776
3758.0,0.21888481839215226
3767.0,0.2009528054729819
3774.0,0.1835129252614515
3779.0,0.1627566900943232
3788.0,0.21625787958089265
3793.0,0.12454007780575432
3799.0,0.1638724995296693
3803.0,0.1626966309783923
3815.0,0.21691465373145746
3823.0,0.17687809831768866
3831.0,0.17570753593071842
3835.0,0.14496499743792066
3839.0,0.17691681445026905
3847.0,0.22833525892312512
3854.0,0.15333024103800977
3859.0,0.21284393329717022
3865.0,0.21162911900558587
3873.0,0.17040435015093797
3880.0,0.19178685016922872
3891.0,0.16914291252114458
3905.0,0.19544889401505988
3913.0,0.16721459033592967
3920.0,0.19368432094683463
3926.0,0.20328638934842783
3935.0,0.18375588486878364
3942.0,0.16442229937937164
3953.0,0.17975218733553172
3958.0,0.19720881006196864
3972.0,0.1533830951378574
3983.0,0.2131433078722679
3990.0,0.17922125411949802
3997.0,0.16112722990075642
4004.0,0.12683234337027682
4009.0,0.2503087997866973
4013.0,0.2001854673718127
4021.0,0.18341670112381786
4026.0,0.1514744056529946
4034.0,0.18670144454650062
4042.0,0.15963807654778464
4051.0,0.19718695298256872
4062.0,0.19256738477090113
4066.0,0.1503434000655665
4070.0,0.2004445613792613
4078.0,0.2210953474424442
4085.0,0.20559931367427717
4093.0,0.16014398273060398
4101.0,0.0863978616518591
4109.0,0.15342197529189514
4117.0,0.19203592117692309
4121.0,0.1958568503134382
4132.0,0.14322913073900587
4141.0,0.0163803832232639
4145.0,0.199478501335482
4154.0,0.17671585963300887
4158.0,0.17927492922963195
4166.0,0.22544457115846647
4178.0,0.17462238053732163
4189.0,0.15117842147855706
4196.0,0.19200235932111176
4205.0,0.21524249096499348
4214.0,0.1824960647541682
4218.0,0.2103058708043168
4226.0,0.1381632013339419
4230.0,0.24344748386031342
4234.0,0.20344757799412372
4243.0,0.21446191624815547
4251.0,0.18426110161929804
4258.0,0.19114180909213233
4266.0,0.20961162513697487
4277.0,0.19350472563235768
4288.0,0.1934425694304909
4293.0,0.20204773118657562
