,3
2.0,0.0738314028158167
6.0,0.22360557715645932
17.0,0.23162302852197592
23.0,0.22652010488082178
31.0,0.2569154375767902
36.0,0.17100497639448356
48.0,0.21515552310256045
55.0,0.17825232959520904
64.0,0.16568581979771008
71.0,0.2146485380754569
79.0,0.2208561245754675
87.0,0.22437324961657135
98.0,0.2231545971585867
106.0,0.2398817435934034
116.0,0.22879599044056992
121.0,0.23706931900064718
133.0,0.18462855751435417
138.0,0.16871600818127644
149.0,0.17717520692397104
153.0,0.1982042931651864
157.0,0.18387510675552257
165.0,0.17109981465763685
174.0,0.16753614549550977
182.0,0.17699373704288493
189.0,0.19307722196208665
197.0,0.1889843526914108
201.0,0.16477619652168457
211.0,0.17259408545574148
218.0,0.14125624002177617
224.0,0.2408186061348348
236.0,0.2260351895498752
243.0,0.22931695278637315
250.0,0.22295982258274105
258.0,0.2005361015037712
267.0,0.18865528988285155
272.0,0.23076626800652345
277.0,0.23647256046606058
286.0,0.11936427263647824
295.0,0.2159113567839756
303.0,0.22834981668808277
311.0,0.21570615654267467
322.0,0.2176943464828733
331.0,0.2060257125006216
340.0,0.19077120193284414
345.0,0.20963840353641428
351.0,0.26300727398457013
365.0,0.2081587688611706
374.0,0.1581129375203995
383.0,0.22764766328162175
388.0,0.22978653967717222
395.0,0.1941754382836084
399.0,0.20502503511680376
407.0,0.2074536612286243
413.0,0.1542115810919854
420.0,0.17219069016411284
428.0,0.19154252207806616
435.0,0.1984359297994969
443.0,0.23027116889689017
449.0,0.2365563402368285
461.0,0.19819847810232005
467.0,0.17799540017061735
478.0,0.17932343599796935
486.0,0.2430026880206978
493.0,0.21501603123342927
502.0,0.1714955728102407
509.0,0.1853470190372448
517.0,0.24187049617487677
525.0,0.20658297474108245
536.0,0.2010629878115924
547.0,0.22573798509513596
555.0,0.202842725718115
562.0,0.21650358793629845
569.0,0.22919747187852185
583.0,0.24100601359071483
592.0,0.20652048227091266
604.0,0.20174217576844994
611.0,0.21956335647347344
617.0,0.1671301275648524
625.0,0.2250586570322201
633.0,0.2460585888424977
645.0,0.18919913934542396
651.0,0.22205878733584808
659.0,0.1894132439585463
663.0,0.22077773845193768
672.0,0.1502883636469868
683.0,0.14376776830012217
689.0,0.21966262219607002
694.0,0.2067423303342291
705.0,0.189710868412345
711.0,0.19119774708516843
716.0,0.1650029535062187
725.0,0.18977555507316976
734.0,0.22261288651828506
743.0,0.18205221067222058
748.0,0.24187803595241567
757.0,0.18688868285874144
762.0,0.20353077749140713
771.0,0.1710020178203401
779.0,0.18356784881169444
785.0,0.1970259352904512
793.0,0.15535212316118896
802.0,0.1821321800221762
808.0,0.17746430143047992
822.0,0.23509374697725255
828.0,0.22473885583464737
836.0,0.21909744060921324
843.0,0.23830724287695226
850.0,0.21403014730796383
858.0,0.2331514806647341
866.0,0.15421723864237524
876.0,0.16928016081103267
887.0,0.24889233271280858
894.0,0.20503026535958752
902.0,0.23860480346516438
907.0,0.20333323500602948
911.0,0.2397364284888732
920.0,0.1961808420061922
924.0,0.2288506351454448
932.0,0.23313177594776488
941.0,0.18804344513662286
945.0,0.21232523820445007
953.0,0.26684041337669495
961.0,0.2158145490505939
968.0,0.1944600000466533
979.0,0.09755127752060481
983.0,0.18770567044275457
991.0,0.14018929812986253
1002.0,0.18038247433725907
1008.0,0.21583017404088894
1014.0,0.20780346964554186
1020.0,0.22932975678423398
1027.0,0.21440098303845714
1031.0,0.19868002782834832
1035.0,0.2019387828872987
1040.0,0.23296304395623618
1045.0,0.15410591759127207
1056.0,0.23142361037362766
1061.0,0.21002060232948988
1072.0,0.2374012854530199
1080.0,0.20708910810867767
1087.0,0.22480095081950638
1095.0,0.24290150316839418
1102.0,0.20736912338081565
1109.0,0.16267639471682482
1117.0,0.20166504330625712
1122.0,0.23949568753687156
1130.0,0.15344620941665194
1139.0,0.19805617728577488
1143.0,0.19145589485854006
1152.0,0.22299959025784682
1158.0,0.1705075572922934
1172.0,0.2117133545784396
1184.0,0.16587274818565131
1192.0,0.21303827216424365
1200.0,0.2211306868178538
1208.0,0.22183987122003668
1214.0,0.23078216625199607
1220.0,0.18448394695271672
1232.0,0.2171338523337578
1238.0,0.20377678138818406
1243.0,0.22368853926215543
1251.0,0.23258169702497047
1258.0,0.219076951893087
1266.0,0.22043839579439078
1273.0,0.22233471425165874
1278.0,0.11648188442504523
1286.0,0.2411847109221545
1290.0,0.204851438185765
1298.0,0.1826797994370301
1310.0,0.20733064698642586
1314.0,0.11686848649399767
1325.0,0.2071249754680455
1334.0,0.21754982698919992
1341.0,0.16981979139950254
1349.0,0.17271396517779833
1356.0,0.182796116856627
1366.0,0.23357546449152836
1375.0,0.19813170198944927
1383.0,0.23051935593665968
1387.0,0.1693941673281634
1397.0,0.1873365776039526
1404.0,0.18832740111386037
1412.0,0.2056502500939814
1416.0,0.17336497101127057
1424.0,0.2370900660761543
1430.0,0.1746929969280804
1440.0,0.19147198503428922
1447.0,0.15154072280774186
1451.0,0.19213171931689602
1459.0,0.15935270134315035
1471.0,0.18714442095843065
1479.0,0.260143876516024
1484.0,0.22878903261033856
1488.0,0.21935017404005483
1497.0,0.19637916108150627
1501.0,0.16459407066141732
1509.0,0.1684019186078379
1516.0,0.24339433316742715
1523.0,0.16093462403607398
1535.0,0.245273260207942
1540.0,0.21435229145369988
1548.0,0.1870377995928212
1553.0,0.1974763351725208
1560.0,0.1830870632762066
1572.0,0.22411055166262123
1577.0,0.21692629830659055
1586.0,0.21651261182977374
1594.0,0.2189073360156872
1601.0,0.17949541391212243
1612.0,0.19205476193036225
1617.0,0.18761211559093022
1629.0,0.2226621517815668
1635.0,0.23955393201777345
1642.0,0.25063330159719194
1650.0,0.22540711369101382
1656.0,0.2126506903300552
1668.0,0.18819000664754382
1682.0,0.22272406178161583
1691.0,0.19122571436604816
1700.0,0.22828931730438864
1709.0,0.22898446036221085
1717.0,0.21486271239079455
1724.0,0.22341747052776717
1728.0,0.2514972228933058
1737.0,0.19800791066264023
1745.0,0.2038601321909761
1756.0,0.14885251542037922
1765.0,0.2009891742724441
1769.0,0.19768210703764624
1774.0,0.16051703487025792
1786.0,0.2371163905505846
1792.0,0.2601770968194284
1798.0,0.23502733995352199
1803.0,0.20545298022624361
1810.0,0.23746644027758423
1818.0,0.1762883239205853
1826.0,0.18403045843120455
1834.0,0.16393137795847604
1842.0,0.21630629337513982
1850.0,0.17872374790247628
1855.0,0.1851574409451731
1860.0,0.18921795957347295
1868.0,0.22112871917229998
1877.0,0.23618274862572491
1886.0,0.20840935837957006
1894.0,0.21940921511570935
1906.0,0.20203671419572838
1910.0,0.18494707268567293
1915.0,0.23322749391214098
1923.0,0.23090686269682262
1931.0,0.2146385259790733
1938.0,0.1678222074861268
1945.0,0.14524024582526818
1956.0,0.22579325639145628
1963.0,0.201390202468836
1967.0,0.1790268898027939
1975.0,0.1798307905558892
1982.0,0.14121583619347045
1989.0,0.25545858207998706
2001.0,0.185443509260994
2005.0,0.23892650449251707
2016.0,0.2223303225088659
2024.0,0.22333776474047137
2030.0,0.20799093179504732
2038.0,0.24363741197134273
2045.0,0.21601251019924142
2054.0,0.18913924453385267
2065.0,0.21537931622425888
2073.0,0.21268676989901028
2084.0,0.2166357868695458
2096.0,0.1771633906219462
2102.0,0.16697643412560337
2107.0,0.23242379842284208
2114.0,0.2242873258549064
2120.0,0.22405583970309803
2126.0,0.252946553988562
2132.0,0.17636898437383366
2138.0,0.24384771227707094
2147.0,0.21123905525597872
2155.0,0.2320310395729974
2162.0,0.18222033544475985
2173.0,0.18632454219485153
2179.0,0.1714707529541883
2186.0,0.18696585023131662
2200.0,0.21003720156940422
2208.0,0.20083713981864357
2213.0,0.15636342981712095
2217.0,0.21376953541359658
2221.0,0.15798200807580443
2229.0,0.1802857651030085
2237.0,0.1429474740138758
2244.0,0.1797740234950978
2252.0,0.20740697015803114
2260.0,0.20492212693675532
2271.0,0.20625005854816794
2277.0,0.21550870214268733
2281.0,0.2131183154028656
2292.0,0.17915087822737472
2298.0,0.23163854567569356
2307.0,0.16778835524452607
2315.0,0.2502295219873936
2324.0,0.19990327335662766
2333.0,0.18760961677646412
2341.0,0.22335402014469546
2349.0,0.21730670820771691
2357.0,0.1898459932000925
2365.0,0.2171807973197449
2374.0,0.20886081901656217
2383.0,0.2358516651129621
2388.0,0.16170251169719566
2396.0,0.18468659477674093
2402.0,0.22993701529402638
2410.0,0.22934592892640665
2417.0,0.28134636403097346
2421.0,0.2551598019356337
2425.0,0.21718837503746705
2433.0,0.18579928114164462
2442.0,0.23648475739118022
2446.0,0.22600900553431486
2454.0,0.17089110688741382
2461.0,0.1713806820748721
2467.0,0.22427029547754945
2475.0,0.2590396381451828
2480.0,0.2658958152537378
2485.0,0.18681134457560156
2489.0,0.22267419736045158
2496.0,0.23876180610919354
2503.0,0.19987713435021054
2510.0,0.24336263423620397
2519.0,0.18509286058620056
2527.0,0.18031365151146483
2532.0,0.1966152556560492
2540.0,0.19048805184607193
2544.0,0.20278978065187347
2548.0,0.2253182852343476
2554.0,0.1952687405637238
2558.0,0.19855806293355382
2564.0,0.22537680855530443
2572.0,0.1693266653251907
2580.0,0.19377265328054608
2588.0,0.1776173287861942
2596.0,0.20566708831692865
2600.0,0.23064519890532145
2608.0,0.22319314040416519
2616.0,0.22250111192946798
2623.0,0.21369975141346412
2628.0,0.1873144822362886
2636.0,0.17144020919407874
2643.0,0.1528173643565243
2651.0,0.19525399504996976
2660.0,0.24562146623606698
2664.0,0.24776931134238914
2668.0,0.2404341080277145
2673.0,0.1916071320959866
2677.0,0.2201609124152786
2685.0,0.26253601664756837
2693.0,0.18359942987626857
2701.0,0.19912620782080934
2709.0,0.1914437973056578
2721.0,0.26058152384772826
2725.0,0.27351303536503907
2729.0,0.21460425874968925
2737.0,0.181894556062569
2741.0,0.24437110992097413
2746.0,0.2707725220956808
2754.0,0.23426735526099884
2763.0,0.17139074873926974
2771.0,0.2376148623642592
2785.0,0.2535923017700521
2789.0,0.21310677080374602
2793.0,0.24669662705143272
2798.0,0.18842351018752182
2802.0,0.23208213912791634
2807.0,0.2045944284286799
2815.0,0.19092160239433728
2822.0,0.2164265129786076
2833.0,0.2204417324423367
2840.0,0.15197774082483662
2852.0,0.2248332998276435
2856.0,0.2455763954994844
2864.0,0.2486405246880566
2872.0,0.24470623105492803
2877.0,0.1927388167237722
2886.0,0.2194507216108616
2892.0,0.21815480896719044
2898.0,0.18321702559308675
2903.0,0.22660333364487284
2908.0,0.22619339077227255
2913.0,0.23361075660475988
2920.0,0.24118886469361564
2928.0,0.20378410823405255
2935.0,0.1809815136330303
2943.0,0.23363710171748464
2954.0,0.19822211782719892
2962.0,0.22063980148290643
2973.0,0.1731408332078008
2980.0,0.12402421429183264
2986.0,0.19341057139647577
2990.0,0.21096018086265422
2999.0,0.19189624640442007
3007.0,0.17084025743149853
3016.0,0.19307959393371416
3024.0,0.18438016509070804
3032.0,0.23387080844030667
3040.0,0.17137531260055294
3046.0,0.20541341807307378
3050.0,0.22693161868177364
3058.0,0.2153923181535981
3066.0,0.2561921978117455
3071.0,0.1839785380226268
3082.0,0.2174569753537859
3089.0,0.2238269708452118
3097.0,0.27821759112890154
3101.0,0.22999202851370157
3105.0,0.16774022614661294
3113.0,0.23098023445553245
3120.0,0.1651399248240121
3128.0,0.22353234055822985
3137.0,0.17594486123754652
3149.0,0.23614120305546896
3156.0,0.21130408941356502
3164.0,0.15542568670371154
3169.0,0.24654054480453497
3180.0,0.1680791824704868
3185.0,0.2395783425988548
3189.0,0.1778606823367565
3198.0,0.19801141699612904
3203.0,0.1788678959888067
3207.0,0.22936350296541846
3216.0,0.15934957150574097
3221.0,0.255474632322422
3229.0,0.19903178217804973
3237.0,0.21320402918048914
3243.0,0.157400766666781
3255.0,0.23217052341601688
3263.0,0.2059293646657041
3268.0,0.21521439036751383
3273.0,0.22087173003229313
3279.0,0.1967668834720602
3288.0,0.20289201719653172
3293.0,0.15947716157092712
3297.0,0.22685121484452012
3303.0,0.1590816106470362
3311.0,0.22688067422554947
3316.0,0.19861759796599018
3324.0,0.2289722031828148
3332.0,0.20767524181649574
3343.0,0.17606739338201477
3349.0,0.17503761028350603
3353.0,0.2249593544951254
3361.0,0.20690828008972897
3366.0,0.16216399879378515
3376.0,0.22391380308725872
3381.0,0.22997195278416419
3389.0,0.19333954809943796
3400.0,0.23015039453971167
3405.0,0.19144987918001166
3413.0,0.22638125422021355
3421.0,0.16526152959402687
3429.0,0.22458945905622935
3437.0,0.15787102964414676
3441.0,0.16025310122903114
3450.0,0.18692290648671755
3455.0,0.21193480447669347
3462.0,0.23077400087319838
3471.0,0.20934983529141152
3476.0,0.19786622370547507
3484.0,0.20457696446425197
3492.0,0.18973741921899964
3499.0,0.24492235023747125
