,3
2.0,0.15318567731888322
9.0,0.22821752782659468
18.0,0.18058190966710227
23.0,0.20427112241576403
30.0,0.23949419006467404
35.0,0.1774448646001078
42.0,0.2388463401914503
50.0,0.24612222299656622
59.0,0.21227581067925932
63.0,0.20601425447033742
71.0,0.1903286306977247
76.0,0.26412031078219683
80.0,0.22452301606997344
87.0,0.22120553138187046
93.0,0.0684570323992772
97.0,0.21617130146278749
104.0,0.23061562330766308
111.0,0.23281960623050046
120.0,0.15388915129290703
131.0,0.23339185093995882
140.0,0.22730405354144556
149.0,0.23563153793341143
154.0,0.24827067990225873
160.0,0.15501021539153406
169.0,0.19207260053719463
175.0,0.25632207579429217
184.0,0.24163701008317048
191.0,0.22659336495420193
198.0,0.19381088916295625
205.0,0.17623645685787712
212.0,0.20374306257562266
218.0,0.20388876399270334
230.0,0.2287718033536457
239.0,0.20193961692202017
247.0,0.24280940276113314
252.0,0.1784200156536565
256.0,0.2537129083989866
264.0,0.1872851074069748
270.0,0.2243234133518931
277.0,0.20851563679469926
285.0,0.20097927714104677
290.0,0.1968017676729382
299.0,0.14547962097557296
310.0,0.24517557141116159
314.0,0.2216092495617022
325.0,0.2396628877591823
335.0,0.17012130593336683
343.0,0.21116778533201916
354.0,0.12168783909062969
363.0,0.21653071007693647
374.0,0.17861177745649195
378.0,0.18239386013209105
386.0,0.17264187726885744
391.0,0.2321810962168333
398.0,0.22506889511451533
406.0,0.24722751224038253
410.0,0.21344994059180453
416.0,0.16032544195209686
423.0,0.2021563829988143
429.0,0.2252176145941438
434.0,0.19249303147619504
438.0,0.2281014268962681
445.0,0.16649185448807877
455.0,0.15358182435708406
466.0,0.2559262829288709
474.0,0.22588735067577626
481.0,0.27415698413474376
492.0,0.22950547671393962
501.0,0.24447841694223246
510.0,0.2578186425418999
517.0,0.21244880085313098
527.0,0.1505422248227041
531.0,0.21032491054284227
536.0,0.2058574672286591
543.0,0.2167444505283059
550.0,0.20629333516594042
558.0,0.20292311294979534
567.0,0.21763335433564449
574.0,0.1913065900131156
585.0,0.24512695356817873
595.0,0.25028517075456813
602.0,0.23066270477257422
606.0,0.23409805961968286
614.0,0.24180685304668387
622.0,0.23918486905573838
626.0,0.1770778993139812
634.0,0.21590664103513676
641.0,0.19589415163259263
650.0,0.23824451112688114
657.0,0.22228124473708807
665.0,0.2245065990350734
674.0,0.18245187302294624
682.0,0.19184796315996985
686.0,0.2323179600376029
693.0,0.1927574165962339
698.0,0.20850310259291918
707.0,0.15654194790241857
711.0,0.22082631668870145
717.0,0.16620059735734613
728.0,0.20570184154241902
737.0,0.23809021565663582
745.0,0.20329415971699943
751.0,0.2806001647047253
759.0,0.21647198141313906
767.0,0.2817713875414814
776.0,0.222264680925907
784.0,0.20565719763816856
792.0,0.21625306102584274
796.0,0.20938094703115842
803.0,0.23707787288699084
810.0,0.16600455399292635
816.0,0.25367011136943296
823.0,0.21104783474032984
830.0,0.1748850530381653
834.0,0.18574887640741544
845.0,0.17506695510822928
851.0,0.17798780137172052
858.0,0.23163711719193136
865.0,0.16417185515692548
873.0,0.236420550001755
883.0,0.23129956613437394
888.0,0.23305207912690692
892.0,0.13410004409240708
901.0,0.2136096085605509
909.0,0.22389023125673954
917.0,0.18676862180867665
925.0,0.2374899786925838
929.0,0.2014512432037457
938.0,0.25055302476412833
942.0,0.20253792078201377
950.0,0.21749187042773005
957.0,0.15534611567503642
966.0,0.21636494506372028
975.0,0.14882544910067264
981.0,0.2149259867310444
989.0,0.21397924194410814
998.0,0.22847060656163923
1005.0,0.27051396993598714
1009.0,0.21407896888071276
1017.0,0.2506875207096353
1022.0,0.2557015993356649
1026.0,0.2120027086859522
1033.0,0.2491014223350386
1044.0,0.19697855612875373
1051.0,0.22505446085099462
1056.0,0.2263087055281256
1062.0,0.16203847276431896
1066.0,0.18066520692038002
1073.0,0.20529858887943553
1081.0,0.19666538052390709
1085.0,0.22733239039548067
1093.0,0.2177590446803805
1100.0,0.23686796898497212
