,4
1110.0,0.21910437162856258
1117.0,0.20426609029019555
1125.0,0.19962840593302722
1133.0,0.19217753837464313
1140.0,0.20900461846701154
1152.0,0.21266910354171042
1161.0,0.22301251244270964
1166.0,0.2097939812810126
1173.0,0.20156290909046115
1185.0,0.22935218339423957
1190.0,0.18078276152189446
1198.0,0.18299635829848176
1205.0,0.21964333237055209
1213.0,0.13186968179665137
1223.0,0.19235471757329403
1229.0,0.22187476465618397
1238.0,0.2155823704057441
1246.0,0.20693108568843077
1252.0,0.22100143399639596
1259.0,0.21280180078578811
1267.0,0.18474356566772185
1275.0,0.21169269220415593
1283.0,0.19500354008004642
1292.0,0.1937491943469714
1297.0,0.1795325950636257
1303.0,0.18017219617353653
1311.0,0.20013501316877355
1320.0,0.25158943405528245
1328.0,0.22035783964379188
1335.0,0.1789212416593396
1342.0,0.1701779878242683
1346.0,0.19059985330247398
1354.0,0.17878733832445315
1362.0,0.1740346353401838
1368.0,0.20494559166165655
1376.0,0.18986019174560398
1384.0,0.22333999041830657
1395.0,0.19626314463338218
1403.0,0.2203737788608536
1411.0,0.17307032033193706
1420.0,0.20845139190942769
1429.0,0.2147551810595657
1438.0,0.17388237903225046
1446.0,0.18494866013399627
1454.0,0.2054045366747908
1460.0,0.1997160139733937
1467.0,0.20989843211516349
1476.0,0.18800014651389604
1482.0,0.18816846645280014
1488.0,0.21699105979897
1495.0,0.17806845115748746
1500.0,0.19507933764155527
1507.0,0.18876672901775046
1513.0,0.2238327908051467
1520.0,0.20304336686608754
1528.0,0.14136915224936236
1536.0,0.19880056056350798
1544.0,0.21816852456761981
1551.0,0.17204330991943723
1559.0,0.20337102464128712
1570.0,0.20515666477149974
1578.0,0.21831212247147208
1584.0,0.2155430665369316
1588.0,0.1851653406126285
1597.0,0.15482864355587583
1605.0,0.23433497910407555
1610.0,0.16632582851532673
1618.0,0.1895513877846567
1626.0,0.18409645832667856
1637.0,0.1928879471698303
1641.0,0.18964637745161256
1646.0,0.19815423550325345
1650.0,0.22837967053079328
1659.0,0.18892956014479814
1666.0,0.1675976013017017
1674.0,0.18792221664216857
1680.0,0.17808823918878935
1686.0,0.22542829178511148
1691.0,0.20781575431187727
1698.0,0.17705924689857164
1703.0,0.22547309873926272
1711.0,0.2124390305462826
1719.0,0.20116620982633782
1728.0,0.22476680737583474
1735.0,0.19157155218408797
1746.0,0.17089262996780527
1755.0,0.18686828583242318
1764.0,0.2054332510814008
1776.0,0.20971523100817016
1783.0,0.20371694813375035
1791.0,0.22202235257520841
1799.0,0.145856800227649
1808.0,0.20524232794239222
1817.0,0.22870822821731773
1826.0,0.16492428420223645
1834.0,0.15060607869152956
1841.0,0.21903293361963685
1846.0,0.20657715957529474
1853.0,0.2013783486055052
1864.0,0.13889402436189408
1868.0,0.19997755712442417
1876.0,0.1580391820132187
1881.0,0.17077491619620846
1892.0,0.23708359307325527
1900.0,0.18095240611919627
1907.0,0.2423880287842361
1916.0,0.22454695931605526
1923.0,0.19221737833475555
1927.0,0.18589846180129857
1936.0,0.20624640736015545
1944.0,0.21686611225396213
1953.0,0.20268926973051773
1960.0,0.18685668716771361
1968.0,0.1868887668166069
1979.0,0.1702622877829256
1987.0,0.23273929477651803
1995.0,0.19152440673098997
2002.0,0.18163435715182993
2009.0,0.19533720848607716
2017.0,0.20168324715238256
2021.0,0.19230024359274153
2028.0,0.1271302454745215
2035.0,0.1959294644357841
2044.0,0.23018569663081415
2049.0,0.20119836919344258
2053.0,0.18791760673953586
2061.0,0.22339507095869915
2073.0,0.15664688864916046
2083.0,0.18634095862668792
2088.0,0.22290152217851306
2094.0,0.23379769252508237
2102.0,0.1857955522651748
2112.0,0.18247356381772206
2121.0,0.15620125979599098
2130.0,0.19996224955027708
2134.0,0.13765425880581267
2142.0,0.20521472682945402
2149.0,0.2072861277945736
2155.0,0.18881592948893577
2164.0,0.2525212072873755
2168.0,0.18143360530936023
2175.0,0.19868002987180633
2184.0,0.24434929100446884
2190.0,0.18158667260208083
2197.0,0.17338176111343684
2201.0,0.18557100379385094
2210.0,0.2156358008534789
2217.0,0.1526795164621403
2231.0,0.17909556005267271
2241.0,0.21465988194147373
2250.0,0.15961257083873276
2261.0,0.1868006058671935
2269.0,0.15481303807247118
2278.0,0.22797805246647646
2285.0,0.1617415206550786
2293.0,0.20908316308731714
2302.0,0.2179010943630228
2308.0,0.19986293613685427
2319.0,0.17562283315475638
2327.0,0.1968704880850627
2336.0,0.2014176641026983
2342.0,0.19952415462284528
2350.0,0.156482103068001
2358.0,0.1645096559210062
2362.0,0.2045771359693091
2371.0,0.20279196201757352
2379.0,0.2417117594433288
2387.0,0.21197072594133665
2399.0,0.1577343570566
2405.0,0.25071059019174263
2409.0,0.15956702020867247
2418.0,0.14759450372677285
2425.0,0.1648881700675909
2436.0,0.1878211381061583
2444.0,0.1978719907365313
2450.0,0.17858260617813243
2455.0,0.19399917145278223
2462.0,0.14346293896461781
2470.0,0.19199358812783657
2477.0,0.21665670195675982
2484.0,0.18154035956458323
2498.0,0.20303694637822392
2507.0,0.18731978046901582
2515.0,0.18569903240784358
2523.0,0.17327462699989934
2527.0,0.24024082873377342
2538.0,0.1528583248091467
2544.0,0.15740811745642097
2555.0,0.18877847939424966
2562.0,0.20901280636434846
2570.0,0.19851435090334102
2576.0,0.16448623612572746
2585.0,0.23841951481674478
2591.0,0.214880946794032
2599.0,0.19024427974888813
2607.0,0.24266623219042038
2617.0,0.22516306487768717
2624.0,0.2337984211207748
2633.0,0.174217212691695
2641.0,0.18262302689034163
2650.0,0.2203557569061458
2657.0,0.18191037515570033
2663.0,0.23521101276583634
2669.0,0.19528551003656247
2676.0,0.1918970449266854
2685.0,0.19524223288602507
2693.0,0.21689038683423767
2705.0,0.23581271047826508
2711.0,0.17895342096898356
2722.0,0.17634111487909662
2730.0,0.19490340006877802
2734.0,0.1955712480908114
2741.0,0.21280440882637505
2749.0,0.17195056140111986
2754.0,0.2527288364469223
2765.0,0.15847252054810043
2771.0,0.17848022229063545
2776.0,0.21223501255137767
2780.0,0.1916510630940355
2787.0,0.20306563481022344
2801.0,0.2214678886342741
2810.0,0.17643341193737594
2818.0,0.26997123928505695
2826.0,0.11494412436850032
2835.0,0.19280442114662819
2844.0,0.16927102281416495
2851.0,0.16672735879786268
2857.0,0.17433100325714526
2862.0,0.18897968088526787
2868.0,0.1729885991773029
2875.0,0.17947718569016588
2879.0,0.15465921716004255
2888.0,0.13739884209676728
2895.0,0.2429104191159925
2902.0,0.19395354454913621
2916.0,0.19023216041274432
2925.0,0.18789518033579333
2934.0,0.21345465655999674
2945.0,0.20101114868484396
2954.0,0.1919889078206973
2962.0,0.15454758531908586
2967.0,0.19883196022112365
2975.0,0.21617489864006303
