,5
2.0,0.20749952678671918
9.0,0.19627355408010097
18.0,0.19298917232327364
23.0,0.182722542930002
30.0,0.20601916009610025
35.0,0.17191970278708796
42.0,0.21586581508702646
50.0,0.19860436352974792
59.0,0.1657288918088576
63.0,0.17636337232908744
71.0,0.1855287827798783
76.0,0.2143817539685351
80.0,0.2051592651938472
87.0,0.20023739323633738
93.0,0.17261173209223718
97.0,0.18003104033544234
104.0,0.1995986785516075
111.0,0.17267143496737453
120.0,0.20741804597641514
131.0,0.20234179703926863
140.0,0.20868767459835189
149.0,0.21704601580709473
154.0,0.18641385912759678
160.0,0.18915431623424428
169.0,0.19202993897652038
175.0,0.17606970858984763
184.0,0.2031027825663318
191.0,0.21271883931972982
198.0,0.21921454598061338
205.0,0.22328708296949903
212.0,0.1976192156499213
218.0,0.20819066153592394
230.0,0.2143136806166208
239.0,0.19528769165932675
247.0,0.1898315758003426
252.0,0.19963117529115368
256.0,0.20390751184873557
264.0,0.20422841677633494
270.0,0.1731959719834262
277.0,0.19574199783363655
285.0,0.22585117603849392
290.0,0.16425069723433028
299.0,0.1821092448166053
310.0,0.18497027761268947
314.0,0.1956658235876288
325.0,0.19965302015524286
335.0,0.1985373133632824
343.0,0.1726429849086026
354.0,0.19299933881866096
363.0,0.19273726962942164
374.0,0.2096852622299082
378.0,0.1563644757579869
386.0,0.17682278298507934
391.0,0.18227530459933192
398.0,0.22768890607591782
406.0,0.20836452155851945
410.0,0.1797405512332783
416.0,0.18868274218964065
423.0,0.1873741905259425
429.0,0.17875845924736877
434.0,0.21324494540292094
438.0,0.19128104504157695
445.0,0.1811647657008964
455.0,0.19037185659708036
466.0,0.1741663336826903
474.0,0.1756684458037071
481.0,0.21273688079538283
492.0,0.1753957412101907
501.0,0.23402531418886335
510.0,0.19625898062651345
517.0,0.18707134268788495
527.0,0.21158390464025834
531.0,0.22196996019940965
536.0,0.18913285832550145
543.0,0.19179501466182855
550.0,0.21828323208644038
558.0,0.19545492416095828
567.0,0.20001150013285698
574.0,0.18971543597618365
585.0,0.20333342656731576
595.0,0.19186673222742914
602.0,0.1884588634072101
606.0,0.23165027226650564
614.0,0.19637723444921396
622.0,0.19012600824269227
626.0,0.17637040134593734
634.0,0.21740607729772493
641.0,0.15492584156699174
650.0,0.20507570450881302
657.0,0.19398967752890167
665.0,0.16525726659730117
674.0,0.16661942617591083
682.0,0.19272375572395675
686.0,0.18774349124664788
693.0,0.19459546990044438
698.0,0.1735099926032758
707.0,0.20733221193572726
711.0,0.19886894015428658
717.0,0.23715358494789748
728.0,0.18499350055751365
737.0,0.221420087562922
745.0,0.16623033609025478
751.0,0.20713019448332776
759.0,0.21019752393084984
767.0,0.1993889013513286
776.0,0.20243901144133258
784.0,0.20193159693598256
792.0,0.2112123601040705
796.0,0.1878920645555865
803.0,0.1827592356555875
810.0,0.20370763475156045
816.0,0.22520304513931022
823.0,0.20242448720879544
830.0,0.2071988562861665
834.0,0.17691119895282972
845.0,0.19739835924419466
851.0,0.20310319470705238
858.0,0.2119306086610804
865.0,0.19963040723141667
873.0,0.17822069896532286
883.0,0.1902238499710131
888.0,0.14508594579282613
892.0,0.199182740340287
901.0,0.19854286132710222
909.0,0.20314651596588537
917.0,0.18206490980386614
925.0,0.19966239251071696
929.0,0.2129453635776327
938.0,0.2164018330284982
942.0,0.22765838079299017
950.0,0.1862944230519667
957.0,0.21150442682029208
966.0,0.2065867126608697
975.0,0.17648623576450806
981.0,0.19140758990262502
989.0,0.18461783050140912
998.0,0.19267281600060346
1005.0,0.18961552561860298
1009.0,0.17824062948518662
1017.0,0.17535902216342017
1022.0,0.14405841776991965
1026.0,0.17606208236099377
1033.0,0.20189255250036742
1044.0,0.218014079483295
1051.0,0.2343463055834599
1056.0,0.20003075665615525
1062.0,0.2108939946442156
1066.0,0.16704350449287672
1073.0,0.22293673791002275
1081.0,0.18540242358656203
1085.0,0.18792911457118172
1093.0,0.17977684175614128
1100.0,0.21926306293108058
