,3
1110.0,0.23553576688637912
1117.0,0.18792108033339627
1125.0,0.25310326164847985
1133.0,0.21729544846169263
1140.0,0.23028875452818534
1152.0,0.20549325893001752
1161.0,0.1669346980709789
1166.0,0.2586428290459826
1173.0,0.15855283456558558
1185.0,0.24394122078292707
1190.0,0.23334336008911452
1198.0,0.22983643643397295
1205.0,0.19483664099806658
1213.0,0.1791244569145286
1223.0,0.20260866347446402
1229.0,0.16494199273663956
1238.0,0.20499098154645634
1246.0,0.138999605912
1252.0,0.2448560363261449
1259.0,0.21790205016699069
1267.0,0.18240148051550042
1275.0,0.24461046690111443
1283.0,0.16697470380775203
1292.0,0.2282826569293801
1297.0,0.14183299494795243
1303.0,0.20841752595716687
1311.0,0.20371780415351756
1320.0,0.24901963768920962
1328.0,0.20202121915554178
1335.0,0.2005525778783812
1342.0,0.1880601273645697
1346.0,0.19540714581383933
1354.0,0.17150900928674245
1362.0,0.22332078345480233
1368.0,0.19035808752627936
1376.0,0.2614130447344258
1384.0,0.19474550110789626
1395.0,0.20074505945366913
1403.0,0.2334050941881396
1411.0,0.1653148952167901
1420.0,0.2594954838155061
1429.0,0.21811818511890219
1438.0,0.18513717461552134
1446.0,0.17286155591690333
1454.0,0.20093226283984547
1460.0,0.20802840998116504
1467.0,0.2008361842800812
1476.0,0.2262602736416323
1482.0,0.2164444446113782
1488.0,0.21730133787012687
1495.0,0.22071482400324385
1500.0,0.18002429169835557
1507.0,0.20050699769368513
1513.0,0.23894391566926088
1520.0,0.1776749535634828
1528.0,0.15406239115859852
1536.0,0.21394723467772797
1544.0,0.23974971964446673
1551.0,0.18874551647969035
1559.0,0.11947145675010919
1570.0,0.20845174055254234
1578.0,0.16871861641098557
1584.0,0.2169546518426637
1588.0,0.25291241755733734
1597.0,0.18995451751356954
1605.0,0.17930853352194182
1610.0,0.2460421914151674
1618.0,0.21687995204027757
1626.0,0.21608494093166725
1637.0,0.07177212372783658
1641.0,0.17986358175424602
1646.0,0.243468103546569
1650.0,0.2542841160056181
1659.0,0.16449070067950985
1666.0,0.21451395394756537
1674.0,0.21382905273451122
1680.0,0.1997303783119535
1686.0,0.1848007023898466
1691.0,0.24045199274906803
1698.0,0.19121981601503737
1703.0,0.24484457881846342
1711.0,0.2443508083422544
1719.0,0.17212536579495286
1728.0,0.23173783696885608
1735.0,0.2281679250432662
1746.0,0.21990051433002317
1755.0,0.23524165577135067
1764.0,0.2543040655530987
1776.0,0.19189780461254555
1783.0,0.22701894454161492
1791.0,0.2382216635229384
1799.0,0.25084281675319975
1808.0,0.24229764992065692
1817.0,0.18673554448933885
1826.0,0.22496092242677446
1834.0,0.19872020127249457
1841.0,0.24799102631468817
1846.0,0.19552622078214021
1853.0,0.2362663811944422
1864.0,0.1515928516035557
1868.0,0.2089724909784154
1876.0,0.19592142524599715
1881.0,0.2004619663288517
1892.0,0.22862808491603334
1900.0,0.2042490353485991
1907.0,0.22586016280947155
1916.0,0.23311131620770004
1923.0,0.19812272420498755
1927.0,0.18001532166862483
1936.0,0.2535259373292879
1944.0,0.12920921467450783
1953.0,0.2523433861959165
1960.0,0.1626339390557904
1968.0,0.21316336314384404
1979.0,0.22425733367972606
1987.0,0.20354701258662067
1995.0,0.24385923725269296
2002.0,0.208192095577968
2009.0,0.23726091930754364
2017.0,0.16302458271784112
2021.0,0.25008330255678757
2028.0,0.17689796615654993
2035.0,0.2084836189297562
2044.0,0.23122323666803637
2049.0,0.19237628441360297
2053.0,0.1630025495372201
2061.0,0.27117490648159187
2073.0,0.23783592294463915
2083.0,0.1930779781748585
2088.0,0.20189798598876968
2094.0,0.27969892626745585
2102.0,0.24778772691407805
2112.0,0.21889698027813909
2121.0,0.21507708211082538
2130.0,0.18295631096199166
2134.0,0.17061339271973613
2142.0,0.22172056934555182
2149.0,0.2390938347705084
2155.0,0.23779043074214468
2164.0,0.23815550907385824
2168.0,0.23001027181993028
2175.0,0.1545884984045614
2184.0,0.2267502248824087
2190.0,0.23983026641834815
2197.0,0.20934785111114537
2201.0,0.19614188950338732
2210.0,0.21625186536011218
2217.0,0.15872070539582575
2231.0,0.23576649704627708
2241.0,0.1826116908972458
2250.0,0.2598563115203806
2261.0,0.24252037737431134
2269.0,0.18250427728067745
2278.0,0.2327517820423757
2285.0,0.2473830882580229
2293.0,0.18495027611594503
2302.0,0.21817158551353014
2308.0,0.21452570868805892
2319.0,0.20796159318890786
2327.0,0.15014733346472683
2336.0,0.1650045945593117
2342.0,0.1680860056452549
2350.0,0.20307400650350288
2358.0,0.1592053086599585
2362.0,0.17987479300469256
2371.0,0.20350392370338743
2379.0,0.23451248808337996
2387.0,0.22145052759248388
2399.0,0.22154089037253705
2405.0,0.18212560439645825
2409.0,0.22551982409990223
2418.0,0.17467402801219098
2425.0,0.1922193378137669
2436.0,0.2653676115629021
2444.0,0.17316979777207744
2450.0,0.22137579756703163
2455.0,0.18790705777886865
2462.0,0.2675165107435076
2470.0,0.22360658076676476
2477.0,0.2152448514946223
2484.0,0.22356858398764465
2498.0,0.2259753128223443
2507.0,0.15642621683275534
2515.0,0.23536660427841202
2523.0,0.1765805185189843
2527.0,0.26110064350090895
2538.0,0.14418470351595813
2544.0,0.15839281071751551
2555.0,0.19989711840278673
2562.0,0.22999804430237816
2570.0,0.1493156491334777
2576.0,0.19647344034729766
2585.0,0.17779676492459823
2591.0,0.22730127952753185
2599.0,0.2335992401971223
2607.0,0.2135289286931972
2617.0,0.24230533365577414
2624.0,0.255347388955177
2633.0,0.23573668068364811
2641.0,0.25415124867288025
2650.0,0.2239898947543891
2657.0,0.21311266699632747
2663.0,0.2021919446934364
2669.0,0.21332025974934096
2676.0,0.24145291653294074
2685.0,0.23445128214175381
2693.0,0.1853959535566493
2705.0,0.143909159885977
2711.0,0.26525565408694957
2722.0,0.192968230310732
2730.0,0.2124392026333543
2734.0,0.21784092264990773
2741.0,0.17102466733426602
2749.0,0.24726950089508917
2754.0,0.26595025313597875
2765.0,0.20210778087993278
2771.0,0.21918561085733174
2776.0,0.2008166637418712
2780.0,0.24046985407039537
2787.0,0.23619873703754718
2801.0,0.22346828528067592
2810.0,0.229210561703723
2818.0,0.22002642772347933
2826.0,0.11847552958972597
2835.0,0.224423124582144
2844.0,0.24387335159543364
2851.0,0.22509899899003255
2857.0,0.22315918322610373
2862.0,0.21453349904033434
2868.0,0.22283949199131026
2875.0,0.1878562133797991
2879.0,0.22645862907942582
2888.0,0.1629402954943181
2895.0,0.18686740071573144
2902.0,0.1664274467540541
2916.0,0.2204896884590911
2925.0,0.18578187613789005
2934.0,0.2175292593777864
2945.0,0.2316545315463152
2954.0,0.23145021149397557
2962.0,0.20385960765438724
2967.0,0.22355281266780688
2975.0,0.2720744151379306
