,4
381.0,0.20131862555671862
389.0,0.21101365038331826
396.0,0.17281226736106503
405.0,0.20474189271111617
409.0,0.1718276407789965
415.0,0.20935379774294904
423.0,0.2276320894609811
428.0,0.20584652819580418
437.0,0.20007459200007927
445.0,0.21898811487962727
449.0,0.1925828517817068
457.0,0.20849398494771673
463.0,0.169990723904398
470.0,0.19994653672416565
484.0,0.1653294261664117
493.0,0.17461130158530197
500.0,0.1385817358874492
508.0,0.20306619751702315
516.0,0.1877514947191808
527.0,0.17389955116755657
538.0,0.18854492566946865
547.0,0.18497910076177207
553.0,0.17162161283012572
560.0,0.18685724904843884
569.0,0.12435294575135188
578.0,0.18519917730467128
586.0,0.2011480216176684
594.0,0.1949023366376236
600.0,0.21396580817361427
604.0,0.23713239900770125
609.0,0.16838232036875972
615.0,0.1988823790285369
623.0,0.18256905242522467
631.0,0.17013853902595585
637.0,0.19301205574264604
645.0,0.23662812048159385
656.0,0.18826168800432913
670.0,0.23577704007302344
677.0,0.21504891678413257
685.0,0.20943608579694475
692.0,0.18365033442656697
697.0,0.17633029487552923
702.0,0.18256914889234171
712.0,0.21990116148586786
718.0,0.16587771067519275
726.0,0.19853730741638706
734.0,0.2148277631786381
746.0,0.209470332786708
753.0,0.2421966592201471
760.0,0.18190301212279963
774.0,0.15074081433873118
782.0,0.1449906434902035
791.0,0.20050892038009174
799.0,0.19756919622589347
810.0,0.21013606215479197
817.0,0.19237279960422488
826.0,0.16893394686328306
834.0,0.2041663703246432
842.0,0.1844621363814584
850.0,0.19237215141718006
858.0,0.195997188004759
865.0,0.19195415598140395
876.0,0.17392998642775048
884.0,0.2112100730087909
888.0,0.22395711494244613
897.0,0.12916741710319074
907.0,0.20145668934004352
913.0,0.24569793078130314
924.0,0.20085131682279467
931.0,0.19224429137373433
942.0,0.18036829844940994
954.0,0.1777629990116981
963.0,0.16619039292506532
974.0,0.13916195192839168
982.0,0.2037899158384421
990.0,0.17400173042138684
999.0,0.16361792241573375
1008.0,0.19256262520917655
1016.0,0.17094647357884998
1022.0,0.2068380694500534
1030.0,0.22225337617725927
1038.0,0.18798177869006785
1047.0,0.19568569848875472
1056.0,0.1929581051839427
1064.0,0.18128341114939245
1076.0,0.1604632403945067
1084.0,0.22137217167293477
1094.0,0.2517739882079938
1101.0,0.15382406631327064
1112.0,0.20814863369815886
1124.0,0.24098234126632337
1132.0,0.19103628646643786
1146.0,0.17576065506866667
1157.0,0.16790673742705403
1166.0,0.20152949257975006
1174.0,0.2033252611885544
1182.0,0.16634622654649203
1190.0,0.19138557894928768
1201.0,0.19195506667250162
1209.0,0.1995777390797699
1217.0,0.246229661334304
1222.0,0.19891967413233214
1230.0,0.1935349448751447
1238.0,0.1738777295684617
1247.0,0.21912544125422626
1255.0,0.20797448001667812
1264.0,0.14234123891177483
1273.0,0.2377992651413623
1280.0,0.13118913378116698
1287.0,0.1848098030527853
1292.0,0.22050784159557502
1303.0,0.16651710385081803
1309.0,0.21804739927670883
1317.0,0.1917026011999105
1329.0,0.2022563339375482
1337.0,0.17655747561027083
1347.0,0.19157567181918914
1354.0,0.19593521914669124
1361.0,0.196043982063091
1367.0,0.1353243884828505
1375.0,0.2252444043558256
1382.0,0.17117586490994022
1390.0,0.24498604794384912
1401.0,0.16634577908144546
1410.0,0.227959704753651
1417.0,0.22325449567999975
1422.0,0.21698647266114868
1427.0,0.18472753636376393
1433.0,0.20813693992817967
1441.0,0.2073573023178339
1449.0,0.23263987906549316
1458.0,0.19416641622774897
1463.0,0.23634248525315202
1467.0,0.18988835813038657
1479.0,0.23364232456678294
1488.0,0.21583837087527125
1492.0,0.1818153706067803
1503.0,0.1825035309928872
1510.0,0.1771433888486939
1517.0,0.19019722836152644
1521.0,0.13648356834995853
1535.0,0.24997969861142272
1539.0,0.20836706877628353
1547.0,0.1929234212800794
1555.0,0.19228832852322414
1564.0,0.167614794971984
1573.0,0.17714704341961485
1580.0,0.1634836429229837
1594.0,0.18810116647097233
1601.0,0.22032633024034393
1606.0,0.16841765252517188
1614.0,0.15231761849813258
1621.0,0.20045250808854673
1625.0,0.16759555407675705
1634.0,0.17398007008297192
1638.0,0.19980666786827866
1647.0,0.2169903483078304
1654.0,0.20664012688324035
1660.0,0.19251010540114058
1667.0,0.21090105809974238
1675.0,0.20303898141709528
1684.0,0.17972098463527683
1691.0,0.16876494481116955
1698.0,0.18564947937788343
1706.0,0.20391898646564036
1714.0,0.21291620747304232
1721.0,0.1823222268896895
1729.0,0.20567424735939868
1736.0,0.16596561747875865
1745.0,0.17089168297058346
1756.0,0.22093176767986383
1763.0,0.1976316892504308
1770.0,0.16692461881054407
1776.0,0.18822897784889944
1785.0,0.2045808138197633
1793.0,0.19290508559109068
1799.0,0.16497499559442574
1806.0,0.19307724503367907
1817.0,0.22159805019930318
1825.0,0.1659046700675675
1836.0,0.14044954579194632
1844.0,0.16856130311583886
1851.0,0.18239047289764862
1859.0,0.18213630035183995
1867.0,0.16536976840143153
1875.0,0.1881612953788142
1886.0,0.166642499510871
1892.0,0.17959740350715614
1897.0,0.19611312435184888
1901.0,0.1949748768464632
1913.0,0.2261486093239806
1922.0,0.21503208714765615
1929.0,0.21116918972385695
1937.0,0.21471759626005177
1946.0,0.16754466958819647
1950.0,0.18275607105186414
1959.0,0.1977080062173867
1970.0,0.20421697089657376
1974.0,0.15752878736368633
1982.0,0.1689264073784766
1987.0,0.20407777175801065
1993.0,0.1950900173608892
2002.0,0.16878855542085405
2006.0,0.20442291798281015
2014.0,0.1755052275339599
2019.0,0.20296797176428283
2023.0,0.2021994368905292
2027.0,0.187915225252685
2034.0,0.18998332418370334
2045.0,0.2028328248534389
2052.0,0.22007657373068157
2060.0,0.13364584748264638
2069.0,0.18662814202885536
2075.0,0.2228209231771168
2082.0,0.23320581920519426
2093.0,0.20378966693301423
2101.0,0.18695260875266184
2109.0,0.17635441731865156
2120.0,0.21270460484475018
2134.0,0.21411574274557518
2146.0,0.22008300602191516
2155.0,0.18893564407880348
2163.0,0.250082921436612
2167.0,0.18906567551950249
2175.0,0.20757065026418176
2182.0,0.2370091141514238
2188.0,0.17323725054589323
2202.0,0.17223537191303231
2206.0,0.19920601227884369
2215.0,0.18853356224357717
2219.0,0.19018603937351292
2225.0,0.24621665062421544
2233.0,0.16793333920169193
2244.0,0.18338324299549832
2252.0,0.1497753117717991
2256.0,0.21315048773302475
2265.0,0.21281680660803118
2277.0,0.22666416827672464
2281.0,0.21828613886864898
2292.0,0.16942248046539626
2304.0,0.2220679292691915
2311.0,0.24134792967497923
2321.0,0.2256971138371688
2328.0,0.1971562851965402
2339.0,0.17624995829638407
2350.0,0.19153196191216912
2358.0,0.1968260893830214
2367.0,0.19782685321413107
2376.0,0.2047660832611416
2390.0,0.1831492869409368
2398.0,0.18019173655711254
2407.0,0.143176263029669
2416.0,0.22649982005556693
2423.0,0.1977647661577471
2431.0,0.2052559290226741
2439.0,0.18025680427659066
2448.0,0.18212544742985046
2459.0,0.22047328026942403
2463.0,0.15358227985324302
2.0,0.19226025906971866
7.0,0.2109235775154699
14.0,0.21645728088703745
20.0,0.18103338368215474
29.0,0.20872143915902486
41.0,0.17518243684417867
50.0,0.21907553198878257
57.0,0.23002676509911152
68.0,0.18943664438947797
79.0,0.19014138916533738
87.0,0.18456995958516245
94.0,0.1698522814811627
105.0,0.22540560612884195
112.0,0.19736937743171482
123.0,0.1995492610333574
127.0,0.18403883796458034
133.0,0.13514080102332182
137.0,0.1717476183973659
146.0,0.1464508063070988
151.0,0.1953268921954444
159.0,0.18748199595865073
165.0,0.22586149176286557
169.0,0.11673305958129512
177.0,0.2219115626800269
188.0,0.21201745842211034
195.0,0.1653204385455451
203.0,0.214930092742514
214.0,0.21278948893152555
223.0,0.1943682609780182
232.0,0.19460456634249354
241.0,0.22539570200805448
247.0,0.2043872499198058
255.0,0.22023502550025725
264.0,0.17649699299351132
272.0,0.18354148442316626
281.0,0.21739741316878056
288.0,0.1795004761734357
297.0,0.20257189902036776
308.0,0.11002364555280233
317.0,0.1955617469587034
325.0,0.1636110175672036
333.0,0.19787138104940938
342.0,0.24131492359709425
348.0,0.1991969091549508
360.0,0.1832043131774784
368.0,0.20306037089748213
376.0,0.16828091139289847
