,3
3251.0,0.21142159662510432
3259.0,0.2031389090665636
3266.0,0.18441912211171696
3273.0,0.23179456957592723
3278.0,0.2525239461384245
3283.0,0.13676272825244723
3295.0,0.20695595060307567
3303.0,0.17638099717594413
3311.0,0.21607278050532344
3318.0,0.1570382677639688
3332.0,0.18335251422957638
3341.0,0.1660265754295431
3347.0,0.14911856881768823
3354.0,0.21234328976360872
3362.0,0.17652922251902134
3373.0,0.18804506662793982
3382.0,0.1648881419249998
3389.0,0.18879628247395105
3397.0,0.12013660116968752
3405.0,0.2282776303247157
3414.0,0.19723166486389776
3428.0,0.2965675339984846
3437.0,0.2081370419802438
3444.0,0.19193662051400662
3453.0,0.249620506154608
3460.0,0.23803206272263303
3467.0,0.20657124976393382
3475.0,0.19981082073211784
3484.0,0.20686695148974626
3491.0,0.2458096633040717
3503.0,0.22918632243453443
3510.0,0.2173931057707865
3517.0,0.24558430047134483
3526.0,0.2167525841590423
3534.0,0.21402982956182834
3540.0,0.2289290275301118
3547.0,0.16705837430954923
3556.0,0.16316106081097057
3562.0,0.16507751735240941
3566.0,0.19364927752651073
3574.0,0.15239602446090517
3588.0,0.18684611083267064
3597.0,0.18314816229989056
3603.0,0.17497816489133827
3612.0,0.21703056765410705
3618.0,0.21868973839523465
3629.0,0.15552918880096794
3641.0,0.22098770860452555
3648.0,0.23653451198692893
3655.0,0.23960384303952895
3663.0,0.24619548058525947
3670.0,0.21315640426226184
3679.0,0.19163206597527355
3685.0,0.10862344643177682
3693.0,0.1629876644594478
3701.0,0.17153868368444697
3708.0,0.21283127048432673
3716.0,0.1703522589200241
3725.0,0.22185332148025919
3733.0,0.2234859447622748
3740.0,0.17808692066256357
3749.0,0.16542236403739768
3757.0,0.23278774026100657
3764.0,0.19113213838219395
3773.0,0.1584505866139399
3782.0,0.2185298855238323
3789.0,0.18630697884781483
3801.0,0.18491845110277982
3809.0,0.16672645090517185
3814.0,0.2319928494107897
3825.0,0.17843265214026693
3832.0,0.18176484984276986
3843.0,0.24051921235640714
3849.0,0.13869902346263605
3861.0,0.2272967999779014
3868.0,0.24075180952293093
3873.0,0.17291382562363553
3877.0,0.22844445194059587
3885.0,0.24781195961010238
3892.0,0.19409159660240147
3901.0,0.23066789854651834
3908.0,0.24986448524613858
3916.0,0.1906483594148048
3928.0,0.20823465287203202
3937.0,0.20821487820141493
3945.0,0.20969221681600891
3951.0,0.21458211886523465
3958.0,0.2289216907816357
3967.0,0.19466074992247118
3978.0,0.1766926128862735
3985.0,0.17268087243013155
3992.0,0.22100956422515214
4004.0,0.23226859950636852
4012.0,0.19396479597197122
4021.0,0.1678162708309418
4028.0,0.18246650071204076
4036.0,0.17607352992529346
4044.0,0.20206984423500543
4048.0,0.1703167086276953
4057.0,0.1936412535981945
4064.0,0.2188407686892458
4071.0,0.2188580474488219
4079.0,0.15565960935482367
4088.0,0.20791955319408245
4094.0,0.17411890790200737
4105.0,0.1749652692228194
4114.0,0.18922217309749384
4123.0,0.18548170468597744
4130.0,0.2187275881762687
4134.0,0.2326283681445845
4141.0,0.2501833588589652
4150.0,0.1904246248879353
4157.0,0.2132000327502503
4165.0,0.2350681102138269
4172.0,0.2024400292817382
4179.0,0.21734868677436645
4186.0,0.16289866086227264
4195.0,0.23111847123197038
4203.0,0.13493502960158776
4212.0,0.13392749372197582
4223.0,0.21925067240212054
4230.0,0.2112760532531375
4238.0,0.20794668998477628
4245.0,0.22994673347711175
4256.0,0.1783954635758856
4267.0,0.218258718473089
4275.0,0.12500079685241672
4283.0,0.1444049576699142
4290.0,0.20285511370218862
4301.0,0.17349398983473302
4309.0,0.21820400873517
4315.0,0.21401649951341697
4323.0,0.1728826256653089
4334.0,0.22141656028537232
4342.0,0.15250570133227603
4349.0,0.20246142445525758
4360.0,0.22192750288546453
4364.0,0.22430047179137802
4373.0,0.215371415124752
4381.0,0.18798774605449234
4389.0,0.21770949327024647
4397.0,0.22772857577804081
4409.0,0.17742285358989923
4416.0,0.18208651314878724
4424.0,0.24239489829292052
4436.0,0.24474218227633704
4448.0,0.20768999903019736
4462.0,0.1564031866679482
4471.0,0.20885797577173068
4477.0,0.22907420509658735
4483.0,0.15511447850518156
4489.0,0.22643459918762837
4495.0,0.25058297316317135
4499.0,0.2029045676150507
4508.0,0.20527187480898318
4517.0,0.11620591986299657
4524.0,0.21555193111996512
4529.0,0.17040165974645866
4538.0,0.1843021384325724
4545.0,0.23385964958281943
4553.0,0.21776380422915198
4560.0,0.18844855624428558
4568.0,0.17340391875741623
4577.0,0.18197751945598944
4588.0,0.18000851371391643
4596.0,0.20527313201022487
4604.0,0.2581808215889524
4612.0,0.22583930231748203
4619.0,0.19334740231074765
4627.0,0.192594840053265
4636.0,0.22117089219689393
4640.0,0.22695947418153242
4649.0,0.18893410026159646
4657.0,0.1890135708782353
4669.0,0.1711694816672498
4675.0,0.2393780488090206
4686.0,0.1899839878442705
4692.0,0.24511870479310963
4699.0,0.1868157792036057
4708.0,0.21362721378071264
4713.0,0.16136567640159813
4720.0,0.23691466764927763
4728.0,0.16111627182951543
4735.0,0.21049706336853644
4741.0,0.27551172632030774
4752.0,0.190075946006232
4759.0,0.2006793432777443
4766.0,0.15626076270387373
4774.0,0.1875523653543825
4785.0,0.17419037484461167
4794.0,0.1886704024263594
4800.0,0.24489016680852216
4807.0,0.19365219595524985
4815.0,0.1950881053833686
4821.0,0.20753902844857464
4828.0,0.22527298706201537
4835.0,0.2364242141161933
4844.0,0.1645344140796588
4850.0,0.1716858917303149
4858.0,0.2268986466127607
