,4
1650.0,0.18012778873308968
1659.0,0.19982917853405716
1666.0,0.14924315938124982
1675.0,0.10397855223537494
1683.0,0.16408190764025993
1690.0,0.17962453233545653
1699.0,0.16885168180993684
1705.0,0.19597129105578598
1709.0,0.18313913997317413
1713.0,0.16516477874797125
1717.0,0.19643054367856855
1725.0,0.18824211647906994
1732.0,0.2048315648053687
1741.0,0.2297589783066446
1748.0,0.19998654706575336
1752.0,0.21066349291573222
1756.0,0.18916101866540358
1762.0,0.17510955098077907
1770.0,0.17381369929519244
1781.0,0.1914893600656419
1789.0,0.17409792196184157
1795.0,0.18585061921342333
1801.0,0.16097477324760154
1806.0,0.21042570384142592
1811.0,0.16555837176677812
1817.0,0.1793203490531253
1821.0,0.19360504560030042
1832.0,0.14827319301611253
1840.0,0.2083750168172826
1848.0,0.17032278890374955
1857.0,0.19703678845692915
1866.0,0.16599146271756335
1878.0,0.14426661098148424
1890.0,0.188670412755747
1898.0,0.2080071150484693
1908.0,0.18590281455069405
1922.0,0.20054642157600594
1929.0,0.19912172766697167
1940.0,0.17974025786519282
1949.0,0.18446530537706748
1954.0,0.20261625513756285
1961.0,0.2131136778696036
1965.0,0.15068363148676764
1974.0,0.17041368727209696
1978.0,0.1982694402086606
1986.0,0.17709783811576293
1995.0,0.17984247465013334
2009.0,0.13945049248760924
2016.0,0.19568891968253993
2020.0,0.19427575886393741
2028.0,0.20019538420869432
2036.0,0.22033197948711442
2044.0,0.19298324788889074
2051.0,0.1944601308074964
2060.0,0.20948367124253336
2069.0,0.2106304340437705
2073.0,0.19754446520206076
2081.0,0.19555783205233948
2088.0,0.17130376598789007
2096.0,0.20911486045195246
2108.0,0.17334963760141486
2116.0,0.20609475832333785
2123.0,0.19123221007966354
2132.0,0.21136351461596467
2143.0,0.14805249798293302
2152.0,0.16703997927886807
2160.0,0.1892642791303854
2171.0,0.19558688348102773
2176.0,0.2049295623379866
2183.0,0.1999525805282872
2191.0,0.16907020630535086
2197.0,0.172038029438762
2202.0,0.22092904432706528
2210.0,0.20294302460256525
2218.0,0.22856557153252174
2224.0,0.14763534844035936
2233.0,0.18097095569014765
2241.0,0.20624589540483268
2248.0,0.17715323292369614
2253.0,0.22591444506943714
2265.0,0.17003963175319464
2273.0,0.1765333972533935
2282.0,0.19123856758288488
2290.0,0.22375926783250139
2298.0,0.21953280680388912
2304.0,0.20158503769102207
2312.0,0.1833135825814706
2323.0,0.19918676730372623
2328.0,0.21685737768450314
2337.0,0.20058714780553782
2345.0,0.20417389325033403
2352.0,0.163765015355754
2357.0,0.1702912434065591
2364.0,0.2133630778456383
2376.0,0.1764676062812281
2388.0,0.17802300597887247
2394.0,0.19392070212222495
2399.0,0.15796665183603206
2410.0,0.10460189028589786
2418.0,0.20498949271196165
2425.0,0.2197124974120585
2430.0,0.13969395284157
2435.0,0.1891337198560317
2447.0,0.17594212205881463
2458.0,0.1948299948781201
2466.0,0.1853592335803483
2478.0,0.20118496065684946
2492.0,0.2004116366254628
2496.0,0.20462890706774195
2505.0,0.20058327916972815
2509.0,0.14281449851272557
2516.0,0.19492513945277737
2524.0,0.19870540720358332
2531.0,0.17072795091130386
2538.0,0.21361043189879111
2545.0,0.1711860752265745
2551.0,0.21909567199696228
2557.0,0.22423169048009736
2562.0,0.1696569980399947
2568.0,0.18416074102664456
2575.0,0.24411208584319763
2584.0,0.21628312175390613
2588.0,0.17762450901919477
2595.0,0.16199714565608037
2601.0,0.16451007427096395
2608.0,0.2066628378100689
2619.0,0.20360997664149064
2626.0,0.1453272704762974
2634.0,0.1531746435052139
2639.0,0.2143663563780187
2646.0,0.19326177999492805
2652.0,0.2202943807188844
2658.0,0.1505751006387935
2662.0,0.19321908949980826
2666.0,0.1853084161850489
2673.0,0.1838740076164831
2678.0,0.17771327448406102
2683.0,0.1793960727513667
2691.0,0.19950524978247403
2695.0,0.19116852321957323
2701.0,0.23163245801509355
2709.0,0.16919263342830373
2716.0,0.2424496267163857
2725.0,0.21070743009228352
2733.0,0.18440883165984998
2745.0,0.19475677005550893
2756.0,0.1760375738731601
2763.0,0.2172965594338842
2772.0,0.16684187167508055
2779.0,0.20347964745507227
2786.0,0.17979990505213525
2793.0,0.1950305825342199
2800.0,0.1377088343975865
2806.0,0.21198703761214271
2820.0,0.21135007996383193
2828.0,0.15420634229351687
2834.0,0.2378460390959631
2838.0,0.20335411621315472
2843.0,0.20465812137356426
2851.0,0.26519341745237596
2858.0,0.16271081936864484
2864.0,0.2317372341539954
2868.0,0.17794081198620035
2875.0,0.17323846878888144
2885.0,0.17918959195003933
2892.0,0.19422498897267282
2903.0,0.14177872571055644
2910.0,0.16774830921513398
2915.0,0.16882236987606328
2922.0,0.20697560526834588
2930.0,0.17750364861211415
2939.0,0.17259923463458215
2945.0,0.2044986706418068
2951.0,0.17872333661672585
2955.0,0.23458416160540377
2963.0,0.19632188635206504
2975.0,0.19490174157648127
2981.0,0.17595635210538366
2989.0,0.208361890770975
2995.0,0.19522096165790914
3001.0,0.2006705298251915
3008.0,0.166681982463674
3015.0,0.1593050211164356
3022.0,0.1858602604050241
3029.0,0.20347885533827795
3036.0,0.2119712042755801
3042.0,0.19531355663756408
3048.0,0.25291732855808685
3054.0,0.2305894019696473
3062.0,0.15617924799932537
3066.0,0.16924921151779868
3073.0,0.17330030535128974
3082.0,0.1745681743790121
3089.0,0.14662237715544302
3101.0,0.17742240547324462
3109.0,0.21096384947258146
3115.0,0.19504368553529805
3123.0,0.21286072421251748
3130.0,0.17880980631194088
3138.0,0.19689196203792567
3148.0,0.20860263501513643
3157.0,0.21984355087329457
3164.0,0.20577674505321134
3170.0,0.1585492664738076
3178.0,0.21060537350394315
3185.0,0.16200171360036256
3194.0,0.19165703176318197
3201.0,0.20660502925981952
3209.0,0.18000299328122263
3218.0,0.18127371559562508
3227.0,0.17725499987653937
3234.0,0.23487212117697187
3243.0,0.14104829302762387
2.0,0.18311345201124035
10.0,0.17313706409017526
18.0,0.18002824250434532
27.0,0.16694957294074375
35.0,0.21458522560221743
42.0,0.16951983848848054
51.0,0.1801580490058641
57.0,0.20126476748268068
64.0,0.2228795606714101
70.0,0.1722133557354865
76.0,0.15864755276142017
84.0,0.2013993650970649
90.0,0.1876139169825681
95.0,0.18402750259267228
101.0,0.21616356691730496
108.0,0.20930743104667285
112.0,0.1796508612027491
120.0,0.19376391850625205
131.0,0.18122666430706205
138.0,0.20303624429408762
145.0,0.18904175986005786
153.0,0.2128176576181552
160.0,0.1820341131891631
166.0,0.17526740123869572
177.0,0.22111317397471886
182.0,0.20678239275928256
188.0,0.16563212615364709
199.0,0.18001514326261334
207.0,0.1792085233540657
215.0,0.17992329200438814
224.0,0.2111150082618776
230.0,0.1902388032757289
242.0,0.1682200780048495
250.0,0.1865637257184646
258.0,0.17008605232589996
272.0,0.13791936806876753
284.0,0.20317727250236114
293.0,0.14695588521249814
302.0,0.1939519080645293
311.0,0.18692968659805215
318.0,0.19878054878219367
322.0,0.18810596899951132
331.0,0.20983151835454342
336.0,0.13251875406958133
343.0,0.15299658832411095
352.0,0.21070751634803542
359.0,0.11618370131141745
367.0,0.18058321100755306
375.0,0.18651093607789765
387.0,0.21069780486589199
399.0,0.17498513571240457
404.0,0.20023233314382732
411.0,0.18417001675763228
417.0,0.07971049197875212
425.0,0.1981755911255753
430.0,0.11131821058588681
439.0,0.18433768133543815
443.0,0.19664427674970575
450.0,0.19571041105660444
457.0,0.19729166344907023
463.0,0.18381419107303168
474.0,0.19232263604520947
485.0,0.1343182558452127
491.0,0.19188905309477514
495.0,0.2176250968597367
501.0,0.2111937189918586
505.0,0.2082944594902579
511.0,0.1898373041724538
515.0,0.18891539333990343
522.0,0.19772893698511423
530.0,0.1726399472738225
542.0,0.18130143850813984
549.0,0.17367607728275247
557.0,0.1677429598803304
564.0,0.17966992513951183
572.0,0.1985363510767091
578.0,0.22262133606658746
584.0,0.2268666384065716
592.0,0.18755029305348503
601.0,0.18644805483562138
608.0,0.20765212683290846
617.0,0.1860135760989773
625.0,0.1934673803815481
636.0,0.1957465584801322
641.0,0.1664095493833668
648.0,0.21715473819444434
660.0,0.19010867312867358
672.0,0.14835208729632876
678.0,0.1669758762624442
686.0,0.18153044288645193
695.0,0.1962555888983959
705.0,0.18888657478552984
709.0,0.12467672332515088
718.0,0.21453370381596154
724.0,0.19746639142201025
731.0,0.2157541184821652
745.0,0.1646991174889103
752.0,0.16179921687932722
763.0,0.23470003385449487
767.0,0.18412358693918757
776.0,0.19959853750567114
780.0,0.16137431315763645
787.0,0.16912610942629286
796.0,0.16868424838088697
803.0,0.20573694727945602
812.0,0.21381874524078856
820.0,0.17911404720218832
829.0,0.16270681472058818
840.0,0.18340400707357027
847.0,0.2104872657270893
854.0,0.19317149438226416
859.0,0.20336399308849898
864.0,0.20202114862758044
871.0,0.20686669282368533
877.0,0.19145477245600592
884.0,0.19327532736457764
895.0,0.1498793943686457
903.0,0.1829960773304547
914.0,0.22584647441011432
921.0,0.19078454316681961
928.0,0.18504983385528323
934.0,0.22424168293858332
942.0,0.17816155070387651
951.0,0.20173118127748954
960.0,0.2203691270134461
968.0,0.1493484291572869
977.0,0.18824275172610502
983.0,0.14499472531858568
987.0,0.16289748944581037
994.0,0.24368528935138153
999.0,0.17170864799575053
1005.0,0.19971720035237578
1012.0,0.16545016869458098
1019.0,0.19131397321753138
1025.0,0.20745062816361193
1033.0,0.18481543768806144
1041.0,0.1606890792046334
1049.0,0.172136507609934
1057.0,0.2057108632080491
1068.0,0.2056531869982626
1080.0,0.1932777804266786
1087.0,0.1403419879022377
1098.0,0.1787965306091108
1107.0,0.17157696560334043
1112.0,0.15908602283665435
1121.0,0.18721105040507613
1128.0,0.19042424762684404
1137.0,0.17855977960002473
1151.0,0.21293951121389337
1160.0,0.21028889018434857
1167.0,0.21875844430033045
1175.0,0.16368643368756727
1183.0,0.1949420846341303
1188.0,0.20618341955769395
1196.0,0.2100598875910365
1205.0,0.15878789628101825
1211.0,0.20131041788577927
1215.0,0.19999239027284474
1223.0,0.17104874775295267
1229.0,0.13804505411575566
1238.0,0.15050106159979906
1247.0,0.173522580171147
1253.0,0.2070234997192204
1260.0,0.18775996474701753
1267.0,0.22114411640647375
1276.0,0.1760364092368076
1285.0,0.19014638957566216
1293.0,0.20962110714586402
1299.0,0.12353188223598487
1308.0,0.2044272582308182
1316.0,0.177857558795729
1322.0,0.21035737430886833
1329.0,0.20704503704634977
1341.0,0.1878835991664934
1347.0,0.2164754836914604
1355.0,0.19648318536199372
1361.0,0.16650795548338407
1367.0,0.1979256183590613
1374.0,0.16077198877910692
1382.0,0.1921682389101819
1389.0,0.19101585851246045
1397.0,0.17524118298693636
1403.0,0.19283619153221393
1412.0,0.19114228734521882
1417.0,0.2275181310758521
1425.0,0.1901240134461631
1437.0,0.22211405620188274
1446.0,0.166320545583932
1455.0,0.2157348978420504
1465.0,0.17217068415030157
1474.0,0.18046545223980714
1481.0,0.1619637124503117
1493.0,0.1936125317979666
1498.0,0.23576686695162025
1504.0,0.18329349295581224
1513.0,0.19440710572744116
1520.0,0.1753183086960525
1527.0,0.18105883508384207
1537.0,0.19854223470888716
1546.0,0.1919622382434601
1550.0,0.19293366504420836
1558.0,0.23011554977076612
1564.0,0.20572771750226704
1570.0,0.21182332718431524
1577.0,0.17507992741554881
1584.0,0.17852769944310273
1591.0,0.21562079753850988
1600.0,0.16493390712196684
1606.0,0.17445944108328992
1617.0,0.18285385646373506
1625.0,0.18234010347909246
1636.0,0.15392023316586162
1640.0,0.2320100652592968
