,3
1650.0,0.22007546194640903
1659.0,0.19308477279777408
1666.0,0.19534879654622783
1675.0,0.11126731597979024
1683.0,0.1812878518243948
1690.0,0.1785365187522908
1699.0,0.1983798911216028
1705.0,0.24244468034029892
1709.0,0.22069227279806436
1713.0,0.22978538707117102
1717.0,0.2060403670843787
1725.0,0.2287719344562031
1732.0,0.2477499594670622
1741.0,0.22531983089991842
1748.0,0.23708473761017243
1752.0,0.1952038029355297
1756.0,0.2353071393063411
1762.0,0.1719674004240395
1770.0,0.18035851892884538
1781.0,0.17693262957549677
1789.0,0.17781521678249074
1795.0,0.2037876902006144
1801.0,0.19351126928847245
1806.0,0.2628951986620438
1811.0,0.1804049730815698
1817.0,0.21381363442767698
1821.0,0.2202566039241733
1832.0,0.16278214401122332
1840.0,0.2420772296998191
1848.0,0.19734204937829766
1857.0,0.24256671839737373
1866.0,0.20432247773037418
1878.0,0.18674151957907884
1890.0,0.2022959157158061
1898.0,0.22573193476089373
1908.0,0.15879876945751276
1922.0,0.2265360100289821
1929.0,0.2316893895136088
1940.0,0.20857482686418805
1949.0,0.20434031858701693
1954.0,0.24692883810997093
1961.0,0.2329325436729937
1965.0,0.21080302837924692
1974.0,0.23029848945923279
1978.0,0.1908026668327047
1986.0,0.191008326430622
1995.0,0.21785734513812005
2009.0,0.17787713463269447
2016.0,0.15386685906332634
2020.0,0.17349591442310225
2028.0,0.24048993107708194
2036.0,0.21291095902978993
2044.0,0.20703807915408365
2051.0,0.15865190164646914
2060.0,0.1980228372121402
2069.0,0.2228549984286205
2073.0,0.21573925969095958
2081.0,0.23545520883320412
2088.0,0.20759189548832596
2096.0,0.18129475567300693
2108.0,0.12984689566085675
2116.0,0.1875667386257524
2123.0,0.2270067703022477
2132.0,0.190981497532737
2143.0,0.11660789418148586
2152.0,0.21241267054316532
2160.0,0.2402445135653388
2171.0,0.16630416772890505
2176.0,0.19802613121844007
2183.0,0.1833588737882322
2191.0,0.17362283851815818
2197.0,0.1491460504547694
2202.0,0.20845766256246898
2210.0,0.23460441126707368
2218.0,0.20132788952199498
2224.0,0.21715512322721783
2233.0,0.2009320184422405
2241.0,0.2581257992142152
2248.0,0.22244771835861732
2253.0,0.23929718576450157
2265.0,0.18341612563288642
2273.0,0.2552576964279083
2282.0,0.170778310567541
2290.0,0.20533031092030218
2298.0,0.2340610506076439
2304.0,0.21291076054002805
2312.0,0.21860806260804566
2323.0,0.1928352027614907
2328.0,0.2131149406431949
2337.0,0.1921980908017156
2345.0,0.1693204599403217
2352.0,0.1938342494194735
2357.0,0.22119183278469368
2364.0,0.24812606281418026
2376.0,0.221478678530679
2388.0,0.137254941235596
2394.0,0.23862856415274772
2399.0,0.19113618240622568
2410.0,0.1172932363832532
2418.0,0.22396921185562482
2425.0,0.21088974839897265
2430.0,0.16850160585768031
2435.0,0.14229600479514481
2447.0,0.17798882161989563
2458.0,0.20089262132164606
2466.0,0.19074407230581059
2478.0,0.23727989929583704
2492.0,0.1775954792325624
2496.0,0.19988269008426313
2505.0,0.16641551710062236
2509.0,0.11939407173667567
2516.0,0.18648876719751623
2524.0,0.25173287011679235
2531.0,0.20120548647962697
2538.0,0.22215704082637977
2545.0,0.18755561199430526
2551.0,0.2408069600552848
2557.0,0.2418824645179788
2562.0,0.22649164427472218
2568.0,0.24637334376629358
2575.0,0.24174259628957767
2584.0,0.22303464575159684
2588.0,0.21769330892212374
2595.0,0.1657730304284848
2601.0,0.1524519500564193
2608.0,0.21712460024542227
2619.0,0.21103182507190807
2626.0,0.24114924855094208
2634.0,0.20330857950337652
2639.0,0.2526264767874587
2646.0,0.1973105728063561
2652.0,0.23480909344841464
2658.0,0.20238624423150922
2662.0,0.1825644001470043
2666.0,0.14570580494878255
2673.0,0.14768102799662783
2678.0,0.14705593454080987
2683.0,0.17345054290165182
2691.0,0.20394197541834558
2695.0,0.1381626993087928
2701.0,0.21980854294936214
2709.0,0.20433825192642552
2716.0,0.2051850771998875
2725.0,0.16014377858014003
2733.0,0.1853478265481799
2745.0,0.2339732580726195
2756.0,0.22695274097016452
2763.0,0.22914406172942978
2772.0,0.2126741670353478
2779.0,0.1772997328351717
2786.0,0.1857019004582561
2793.0,0.26280086336464414
2800.0,0.1579256762709839
2806.0,0.17274450313542966
2820.0,0.1879060589327339
2828.0,0.20234920187798616
2834.0,0.20892233632192078
2838.0,0.19909907904236757
2843.0,0.18265953205363517
2851.0,0.24766743440651964
2858.0,0.17669696195709714
2864.0,0.21520055122801934
2868.0,0.1736458211439752
2875.0,0.17238802156720062
2885.0,0.17886997154546025
2892.0,0.20378653575772696
2903.0,0.16767921562797306
2910.0,0.20550558185269194
2915.0,0.18712344062993536
2922.0,0.19471046668436143
2930.0,0.24208854738616473
2939.0,0.1895354001518115
2945.0,0.1916004114692729
2951.0,0.1767236125655739
2955.0,0.264496962999253
2963.0,0.22358419755329
2975.0,0.2169571835184333
2981.0,0.2313314977740152
2989.0,0.225657144429353
2995.0,0.2236438700601541
3001.0,0.2338615129712719
3008.0,0.1902528292482745
3015.0,0.1284159545774946
3022.0,0.24512089898407716
3029.0,0.2240270140544282
3036.0,0.23400437914377462
3042.0,0.2288805995526872
3048.0,0.21207807802602352
3054.0,0.15729380685439745
3062.0,0.21450589193904324
3066.0,0.20646174447991694
3073.0,0.20463181075333697
3082.0,0.21469733848347175
3089.0,0.1731344761594122
3101.0,0.21034090517224344
3109.0,0.15857726602326594
3115.0,0.21794735691440398
3123.0,0.23163584693924405
3130.0,0.17711194378002768
3138.0,0.20291362895218873
3148.0,0.21430314592083224
3157.0,0.20942207129783624
3164.0,0.2305390040973744
3170.0,0.16689386885302868
3178.0,0.21764987956835238
3185.0,0.1602138321836238
3194.0,0.17543324887787803
3201.0,0.24187456298978802
3209.0,0.1921268535660455
3218.0,0.2142880256768507
3227.0,0.17960499208288153
3234.0,0.2146537185405408
3243.0,0.16873753803485103
2.0,0.2513169661287002
10.0,0.24434758570019935
18.0,0.1783088016768782
27.0,0.18471238643377635
35.0,0.16455692450659914
42.0,0.20183163349403607
51.0,0.21962650412095178
57.0,0.19338409040815638
64.0,0.20163924704640226
70.0,0.21694925028078504
76.0,0.15024427971973647
84.0,0.22518338572364327
90.0,0.15918677008164678
95.0,0.2002974267155022
101.0,0.21373054846894868
108.0,0.24023836504636764
112.0,0.19099933935827818
120.0,0.17540270881186956
131.0,0.13679383486449945
138.0,0.23356446873924958
145.0,0.13719850316614157
153.0,0.23131268074267922
160.0,0.1943594831513551
166.0,0.23583869941048724
177.0,0.2575467135042844
182.0,0.2328343765209728
188.0,0.17542261481054044
199.0,0.22287674896145537
207.0,0.2256201477663148
215.0,0.21725172926531786
224.0,0.21618722391279374
230.0,0.21058861794069805
242.0,0.16710823811103737
250.0,0.2200643999483785
258.0,0.16040935870726378
272.0,0.2251830040054803
284.0,0.13515086104518567
293.0,0.21757553601574084
302.0,0.26086397630477076
311.0,0.24178159822510017
318.0,0.23810763773233726
322.0,0.21987807002005605
331.0,0.20713020432681503
336.0,0.16626319854159133
343.0,0.1799764568455854
352.0,0.1745595668780763
359.0,0.1646061866448445
367.0,0.13673840388600186
375.0,0.16880258363669606
387.0,0.22670596749460903
399.0,0.19137998906720005
404.0,0.2188096259962307
411.0,0.17834948930105862
417.0,0.11603443353357196
425.0,0.23784905000715129
430.0,0.13762429118856184
439.0,0.19921262427222744
443.0,0.22836664286070948
450.0,0.22207077931079403
457.0,0.2224573748426479
463.0,0.17910006660701194
474.0,0.18683016116766418
485.0,0.14258737707001773
491.0,0.15396491332642068
495.0,0.18617892944125958
501.0,0.19590368822897625
505.0,0.20236529316270693
511.0,0.24393909947947867
515.0,0.24884911729996612
522.0,0.21601329848520837
530.0,0.18020592370983782
542.0,0.2388332027688426
549.0,0.13984995138199524
557.0,0.2175251842307127
564.0,0.17062764977999081
572.0,0.1923198375790875
578.0,0.21187353925502045
584.0,0.20905262064450644
592.0,0.25997291665484096
601.0,0.2188521133274706
608.0,0.24502299731920643
617.0,0.22071325782839377
625.0,0.21897501455288948
636.0,0.1753121431205469
641.0,0.1833646555591686
648.0,0.1907204307477325
660.0,0.20992165162939497
672.0,0.18046131954959538
678.0,0.17925121539452368
686.0,0.1945802811251354
695.0,0.2061209732202578
705.0,0.231560850766823
709.0,0.18611148434638658
718.0,0.19730062301230863
724.0,0.23605698726165672
731.0,0.20978840553061007
745.0,0.22856985807805233
752.0,0.1996325300784829
763.0,0.2109252428988363
767.0,0.24519978819183086
776.0,0.19351772686504068
780.0,0.17383007460378802
787.0,0.19732127512214184
796.0,0.12908506103542242
803.0,0.18937833591763067
812.0,0.2314863000009527
820.0,0.17571266580716
829.0,0.22251250237999398
840.0,0.23065091249305888
847.0,0.171056701583153
854.0,0.16655759868621017
859.0,0.19668530823343638
864.0,0.21989745458352092
871.0,0.22004541161056063
877.0,0.22472930343302291
884.0,0.2375103068523875
895.0,0.15184866040557488
903.0,0.1915771732975938
914.0,0.2077329238218792
921.0,0.2495573831035194
928.0,0.17789502190768006
934.0,0.22592113290259397
942.0,0.2367595291795064
951.0,0.18335639190692563
960.0,0.2276115678442563
968.0,0.1966944205678342
977.0,0.21623174882497923
983.0,0.18194530136691878
987.0,0.2226792757095682
994.0,0.2194851417311736
999.0,0.16906694046674675
1005.0,0.19780568970298087
1012.0,0.23142293555907892
1019.0,0.15192977837528673
1025.0,0.18851424172775705
1033.0,0.1712728200146005
1041.0,0.21551236078359054
1049.0,0.2218227048738648
1057.0,0.1631426489744775
1068.0,0.1637047386461669
1080.0,0.20627768037847488
1087.0,0.15024199136042088
1098.0,0.20969625632843877
1107.0,0.22652954061501643
1112.0,0.19012344230229472
1121.0,0.1800575322533093
1128.0,0.18669824811848632
1137.0,0.1926139943113411
1151.0,0.2513028347536623
1160.0,0.2378717460894657
1167.0,0.23684097323924275
1175.0,0.2110902211853538
1183.0,0.24742378205788917
1188.0,0.20272095242959795
1196.0,0.2131847882381762
1205.0,0.15987534966974262
1211.0,0.22557622772033795
1215.0,0.2467719649299678
1223.0,0.22622008441713237
1229.0,0.22831618746415533
1238.0,0.23530094746123378
1247.0,0.20307624256862358
1253.0,0.21710563700228336
1260.0,0.2529075227006115
1267.0,0.18582055910895434
1276.0,0.2388388151078249
1285.0,0.11695714455785752
1293.0,0.21629249088818683
1299.0,0.1810861792128011
1308.0,0.18191369084499298
1316.0,0.21432971281765245
1322.0,0.22972250621431595
1329.0,0.17748996970024106
1341.0,0.19594317439846545
1347.0,0.16591841503761345
1355.0,0.2218952377239359
1361.0,0.17552884635455937
1367.0,0.2210304052238748
1374.0,0.20149078760216232
1382.0,0.18092233638114674
1389.0,0.21921359953097413
1397.0,0.20253595011421424
1403.0,0.18719130930916927
1412.0,0.21550417999668695
1417.0,0.22253986821951735
1425.0,0.21094151668712482
1437.0,0.22193253922224523
1446.0,0.2130792347440442
1455.0,0.22777679734921788
1465.0,0.13429572028658793
1474.0,0.21346050682348014
1481.0,0.1586421909729218
1493.0,0.2285081571345203
1498.0,0.19873969413283984
1504.0,0.2396138030375099
1513.0,0.2132378315769427
1520.0,0.15503522710741982
1527.0,0.20781564957135787
1537.0,0.20215767594455297
1546.0,0.22883828203029688
1550.0,0.1568986832467453
1558.0,0.17097667611551606
1564.0,0.23581079249486606
1570.0,0.2331389699369963
1577.0,0.15827628959461013
1584.0,0.2048928685320281
1591.0,0.16723377969245468
1600.0,0.19356829683556456
1606.0,0.16823325860488456
1617.0,0.19798450330980066
1625.0,0.197851926292995
1636.0,0.2167246200672894
1640.0,0.1817037111640261
