,4
3251.0,0.19487124561163102
3259.0,0.16682709979325283
3266.0,0.15292432075310247
3273.0,0.20402625741455838
3278.0,0.19304606277696656
3283.0,0.17714125454370536
3295.0,0.1812817403306429
3303.0,0.18542097486376952
3311.0,0.17503988198628376
3318.0,0.17635593526743742
3332.0,0.177825809364072
3341.0,0.14368062824024197
3347.0,0.16527702888796242
3354.0,0.1804230835675374
3362.0,0.20036942167752878
3373.0,0.17431584885052406
3382.0,0.18458435256547823
3389.0,0.17345309090251448
3397.0,0.19206355847769058
3405.0,0.20553654071693275
3414.0,0.17764415948579199
3428.0,0.18888601444275477
3437.0,0.21406261169086074
3444.0,0.21853862319198963
3453.0,0.22662154627601702
3460.0,0.2076380131057524
3467.0,0.18741141553278143
3475.0,0.18715413643629325
3484.0,0.20734681637482455
3491.0,0.22527873567407627
3503.0,0.16831171594243927
3510.0,0.1648914814153455
3517.0,0.21237599596098775
3526.0,0.12816767911716853
3534.0,0.1986837737496422
3540.0,0.1973696963447271
3547.0,0.19580193104828086
3556.0,0.18550869671040762
3562.0,0.14696068563665993
3566.0,0.17337537805340203
3574.0,0.1744820281547254
3588.0,0.16613077142850166
3597.0,0.18708605434938824
3603.0,0.21659906156884284
3612.0,0.14923510282856184
3618.0,0.11142702972956252
3629.0,0.1669615775687451
3641.0,0.18328739508644756
3648.0,0.1714005727904843
3655.0,0.1950456194725124
3663.0,0.20505926491164636
3670.0,0.19250364326189207
3679.0,0.18736930530049975
3685.0,0.1529045105856575
3693.0,0.1770563448842301
3701.0,0.1997634806678591
3708.0,0.1653717744879318
3716.0,0.20366436811638414
3725.0,0.19251983897999225
3733.0,0.18637366222527932
3740.0,0.20805452647656628
3749.0,0.17173530511350246
3757.0,0.18792386928393748
3764.0,0.1344645026554813
3773.0,0.18021504225775092
3782.0,0.14569259000876494
3789.0,0.18603177289681855
3801.0,0.16829003395372802
3809.0,0.20216657082996053
3814.0,0.1641031250225137
3825.0,0.16709889309059245
3832.0,0.13723494119206353
3843.0,0.1838707132911695
3849.0,0.13671333063760668
3861.0,0.21443186857954474
3868.0,0.17943878348735426
3873.0,0.16699859119108396
3877.0,0.1688950336485386
3885.0,0.21031741487309177
3892.0,0.15625333843218242
3901.0,0.19186810764110798
3908.0,0.22616551675852578
3916.0,0.20339222748098798
3928.0,0.19181811464317403
3937.0,0.19624936044231037
3945.0,0.2166602735027141
3951.0,0.1417422754315946
3958.0,0.19059276278543225
3967.0,0.19516226432648554
3978.0,0.15315615994001605
3985.0,0.1862060050886509
3992.0,0.2145252792050502
4004.0,0.18577325653322302
4012.0,0.1771267532036337
4021.0,0.22558068046059832
4028.0,0.19067940855636664
4036.0,0.16304116877771938
4044.0,0.17272456647591825
4048.0,0.1408742110905704
4057.0,0.13557918116081535
4064.0,0.1937227148774958
4071.0,0.19899832743050824
4079.0,0.17840614483130765
4088.0,0.1809581784893017
4094.0,0.22078685447059596
4105.0,0.16329594347062434
4114.0,0.19181513011836188
4123.0,0.17134954554323364
4130.0,0.16402781745075806
4134.0,0.2127019160894285
4141.0,0.19518102275325458
4150.0,0.18762423197086253
4157.0,0.19236945423721233
4165.0,0.18776877633231398
4172.0,0.17284916291202224
4179.0,0.1723787371505988
4186.0,0.18851349751513294
4195.0,0.19417149059671426
4203.0,0.17596498288048906
4212.0,0.12493114703663617
4223.0,0.14818527383046892
4230.0,0.18642807331390981
4238.0,0.1979839891555145
4245.0,0.18284894671751015
4256.0,0.17684680171037426
4267.0,0.19396128857093745
4275.0,0.1986625834673108
4283.0,0.15084951743523628
4290.0,0.1821837091850271
4301.0,0.20120579228364563
4309.0,0.14315116989604781
4315.0,0.21004576920195425
4323.0,0.18199299702332938
4334.0,0.2072598399037819
4342.0,0.1448000178241733
4349.0,0.18688224215825133
4360.0,0.19429068412813405
4364.0,0.16353679352821301
4373.0,0.20164960816913285
4381.0,0.19581426909926167
4389.0,0.21805606206462944
4397.0,0.20755061708290354
4409.0,0.20716651216307377
4416.0,0.20315981958968024
4424.0,0.22109885517158823
4436.0,0.18527771952411526
4448.0,0.1816771286282312
4462.0,0.18538515465509575
4471.0,0.20231772461870354
4477.0,0.22416923010142567
4483.0,0.20385201525737665
4489.0,0.19425082358371076
4495.0,0.13720887318329847
4499.0,0.22586928259964256
4508.0,0.1500326676289843
4517.0,0.15020370375909137
4524.0,0.13839069900180143
4529.0,0.1760731543603452
4538.0,0.1407532244106606
4545.0,0.20074081320998197
4553.0,0.1978833358378346
4560.0,0.1679291533380472
4568.0,0.16777126039976284
4577.0,0.1887063231896577
4588.0,0.20102266235903657
4596.0,0.19780878486559114
4604.0,0.17189560266675738
4612.0,0.18246109121119186
4619.0,0.18876090807197676
4627.0,0.17103517412389693
4636.0,0.16989488716047776
4640.0,0.19807140145920088
4649.0,0.20858801366141302
4657.0,0.12403864271319241
4669.0,0.20496582993220727
4675.0,0.19959081485175975
4686.0,0.21019487816322938
4692.0,0.17658729305741258
4699.0,0.17700407908379825
4708.0,0.18957280482298458
4713.0,0.16939694971241062
4720.0,0.1853447961466825
4728.0,0.1599561973703761
4735.0,0.21547035154489177
4741.0,0.19739807880940893
4752.0,0.1774277154087803
4759.0,0.16672735189340326
4766.0,0.12063513106805532
4774.0,0.15096406003257215
4785.0,0.173536000509995
4794.0,0.18724358068309546
4800.0,0.19215335969808986
4807.0,0.1778302456250378
4815.0,0.18184651125869383
4821.0,0.1936643348280021
4828.0,0.1938077940961908
4835.0,0.2108187431624323
4844.0,0.18799753534550884
4850.0,0.13886130087869428
4858.0,0.16547500182618707
