,4
2028.0,0.13756091523201833
2035.0,0.1926453859131784
2040.0,0.17639476337039478
2045.0,0.19641783868015253
2052.0,0.14656753350490334
2058.0,0.1855747052191914
2065.0,0.18891165098642868
2072.0,0.20178927239531985
2077.0,0.18607776842122373
2091.0,0.1622242060470027
2095.0,0.14005994340253552
2099.0,0.17823019815446556
2107.0,0.20618573259318485
2115.0,0.19353581979647844
2123.0,0.16755773360308215
2137.0,0.18147230207639112
2141.0,0.17365565983042971
2150.0,0.16915515972327713
2155.0,0.20055015728456047
2162.0,0.1761921013848061
2169.0,0.12504102416439128
2176.0,0.1934792585722234
2181.0,0.19649464624347665
2190.0,0.16666509733878737
2195.0,0.1854806058998408
2204.0,0.19373495533414567
2210.0,0.2399136562770352
2214.0,0.19623650072466733
2221.0,0.17114835121133978
2229.0,0.14047391598846068
2234.0,0.18759567475630082
2242.0,0.19661489878922303
2247.0,0.17739576943278237
2251.0,0.18987607938975143
2255.0,0.17749577495890473
2267.0,0.20356830153463118
2278.0,0.14585914290243124
2288.0,0.18438063817469824
2292.0,0.2066994934179
2300.0,0.20942544591554416
2305.0,0.1561287894808964
2313.0,0.17371887818194956
2322.0,0.21246931154437615
2326.0,0.1851133939452685
2330.0,0.19576575566840082
2339.0,0.16645749634161813
2346.0,0.1838762320664489
2354.0,0.2040382348667234
2358.0,0.15391335350113874
2372.0,0.17392477361435393
2376.0,0.18908396945618192
2381.0,0.18539739524773907
2389.0,0.17674581958514218
2397.0,0.17139641776635411
2405.0,0.19720588247845092
2409.0,0.19624501459679672
2418.0,0.16293761907618146
2426.0,0.22060336893966156
2433.0,0.18190611686058888
2441.0,0.19770487834887646
2448.0,0.19195033556572969
2453.0,0.20307608074060454
2458.0,0.175317613513639
2465.0,0.19756495924108508
2474.0,0.17541103295086768
2480.0,0.2043831089940157
2484.0,0.19729012237528384
2491.0,0.18946884170301315
2499.0,0.1302604216206247
2504.0,0.18270305392345304
2512.0,0.1399359968669199
2517.0,0.17744589877225744
2522.0,0.1478807239463547
2526.0,0.2228752878255548
2534.0,0.16866914947709866
2546.0,0.15315100397741008
2556.0,0.1982623699330917
2562.0,0.2193736714496947
2570.0,0.20240185880675055
2575.0,0.18866651168815132
2583.0,0.15109424276421654
2592.0,0.1958957841143256
2600.0,0.18786649699836644
2604.0,0.16558737737881987
2613.0,0.19902317079696213
2620.0,0.18148741988218417
2628.0,0.16904068375479175
2633.0,0.19125328569509148
2647.0,0.17420100347655423
2651.0,0.20549715101629873
2655.0,0.1719083924953321
2663.0,0.15942430358754106
2672.0,0.18402628090297854
2680.0,0.16617233173288531
2684.0,0.182914928144288
2693.0,0.16562402204399135
2700.0,0.2197771407246372
2707.0,0.1835881740741484
2714.0,0.13306638686476924
2721.0,0.19254509338976727
2726.0,0.17206703988168326
2735.0,0.19085388786610522
2740.0,0.19670379622207218
2751.0,0.17775721581290538
2757.0,0.15944809499742546
2761.0,0.20128100160133972
2768.0,0.19448348345823563
2776.0,0.14721646091641302
2781.0,0.16109372001563269
2789.0,0.1638688238623877
2794.0,0.1813992110981361
2799.0,0.18837662534945274
2803.0,0.17892999343878094
2808.0,0.2046899557258019
2822.0,0.18057196835483427
2827.0,0.16545966569739248
2833.0,0.14601329495216747
2845.0,0.19276495842678745
2850.0,0.19899903259679202
2858.0,0.20793576659045535
2867.0,0.16410419978562235
2875.0,0.18811988927346038
2879.0,0.15932257298207225
2888.0,0.2091372146443777
2895.0,0.18308763570240486
2903.0,0.1960817137744823
2908.0,0.20693831631148116
2922.0,0.17352840302723624
2926.0,0.168494256942103
2934.0,0.16513366591962722
2942.0,0.23526138170998268
2948.0,0.1922059865523958
2956.0,0.23693551123073828
2960.0,0.1912936693696884
2969.0,0.18259942087325204
2976.0,0.256226910563709
2983.0,0.21257031992520645
2990.0,0.13586897373803505
2997.0,0.18299545356351238
3002.0,0.22368715450117443
3015.0,0.18773787456839522
3020.0,0.21068898274006803
3029.0,0.16896217797365112
3035.0,0.18776314963699695
3039.0,0.19508581389295235
3046.0,0.21493774074596653
3053.0,0.13913124311429975
3058.0,0.1885731780827942
3066.0,0.21316671770340087
3074.0,0.17907300902446713
3078.0,0.16851017818708322
3082.0,0.21442436737423098
3089.0,0.17261014182180165
3101.0,0.1717744572569465
3108.0,0.16087717620155811
3113.0,0.16783214141636837
3121.0,0.19490094092532478
3126.0,0.20227068848001434
3133.0,0.20921228631077005
3142.0,0.16369967198133456
3150.0,0.2129632531191342
3154.0,0.18930944035537942
3158.0,0.21017218357521109
3165.0,0.2020199221081979
3173.0,0.19721291444001762
3178.0,0.1593360542707564
3192.0,0.2034105227335322
3196.0,0.16603450118683818
3204.0,0.1740313383022157
3212.0,0.2211007584138522
3224.0,0.18275775064065472
3235.0,0.2232685106327507
3239.0,0.19545001615641389
3248.0,0.19629537626365517
3255.0,0.25018194321541387
3262.0,0.21787729682140547
3269.0,0.14212022159864052
3276.0,0.232369174149212
3281.0,0.18183153646779493
3290.0,0.1725454602059926
3295.0,0.18933381264687338
3304.0,0.13511960876599713
3310.0,0.21021985197350024
3314.0,0.18722234173172494
3321.0,0.17910917602945062
3329.0,0.16506054414295887
3337.0,0.15576041008900351
3344.0,0.16022675732242128
3349.0,0.17138611247054242
3353.0,0.17651460805798094
3357.0,0.17806100261692837
3365.0,0.19307049424614636
3376.0,0.17856641494178543
3386.0,0.18320193109236868
3392.0,0.11703286072914029
3400.0,0.1953792487678503
3405.0,0.19789834135775158
3413.0,0.14863041007865405
3422.0,0.18967967933038626
3430.0,0.23347450045691173
3434.0,0.12646011484044473
3443.0,0.19858750316635537
3450.0,0.15745582810064213
3458.0,0.19239241149561104
3463.0,0.18794948879556636
3477.0,0.19691000242007525
3481.0,0.17786024617120594
3489.0,0.19464152662024348
3497.0,0.21621104798363508
3508.0,0.19713188194203443
3520.0,0.1931080996627754
3529.0,0.20107708168901586
3538.0,0.1972823770916152
3545.0,0.18570199342328353
3552.0,0.2243646186993278
3559.0,0.16024923428270718
3566.0,0.20083791408457613
3573.0,0.17885660688185534
3586.0,0.19486915391271162
3591.0,0.1754093546917611
3599.0,0.16993421719544993
3605.0,0.22961138810133602
3609.0,0.18202668027210034
3616.0,0.21705424686660238
3622.0,0.13835504223721384
3627.0,0.1885390111745139
3635.0,0.13214241672511137
3640.0,0.1774492028255213
3646.0,0.16291089247315058
3650.0,0.20689041156206467
3659.0,0.19103199041637078
3673.0,0.2038861634819225
3685.0,0.18323656862062934
3691.0,0.13238931632096934
3699.0,0.1976020739144078
3704.0,0.17506976891874113
3712.0,0.17413447292063663
3721.0,0.17466274210864538
3729.0,0.19024542001637346
3733.0,0.20387083064134148
3742.0,0.203316047736032
3749.0,0.17989662731061173
3757.0,0.18105974537875846
3762.0,0.1938568950282356
3776.0,0.19599675424022364
3780.0,0.19866304645155633
3786.0,0.13935687495672358
3792.0,0.1586026121070772
3809.0,0.20172547590675283
3816.0,0.19312332730785925
3821.0,0.22528385110891708
3828.0,0.19220869155631637
3834.0,0.2244223593330108
3840.0,0.1688398059670962
3847.0,0.21375270867712562
3856.0,0.1269322690806977
3862.0,0.19998695530174318
3866.0,0.17937986197512293
3873.0,0.1892024227509134
3879.0,0.1886556306614234
3885.0,0.2144010046010178
3893.0,0.21643146462005894
3902.0,0.16838364926099078
3907.0,0.25165953379946654
3911.0,0.23115707931383403
3918.0,0.22253600128858467
3926.0,0.19588661533348076
3931.0,0.2172929480000688
3936.0,0.17620220269386555
3948.0,0.1960882009210499
3953.0,0.18974503476824012
3961.0,0.1726475730733664
3970.0,0.17823349700635951
