,3
2.0,0.07328316646824821
9.0,0.22278500914133822
18.0,0.21440670397966072
25.0,0.13688059029971944
33.0,0.2328660210237129
40.0,0.2182502439894336
49.0,0.182342662190801
56.0,0.1665647449579795
65.0,0.2086009675417314
73.0,0.23362433995698806
78.0,0.15636130845523089
87.0,0.24606813595744903
95.0,0.20280759268993642
104.0,0.22337695495070112
112.0,0.26053859457351064
116.0,0.19583385459429709
121.0,0.16785271237046198
132.0,0.24648339308451708
139.0,0.16870989190819136
143.0,0.22502689944449247
155.0,0.17024770920240695
163.0,0.21106426246474344
172.0,0.17115526309636622
180.0,0.11909189819623225
188.0,0.19970715067227182
196.0,0.19936249626590516
204.0,0.16882301543929554
210.0,0.15718683617027562
214.0,0.16006044695974458
223.0,0.20047741777942218
231.0,0.18532817648213723
239.0,0.15459906162345669
248.0,0.1925825963564203
254.0,0.16203454186594513
265.0,0.2149516560659574
276.0,0.1930551197664085
283.0,0.18020037313142226
292.0,0.1886488207037195
301.0,0.17745417778026085
312.0,0.12726528979537172
323.0,0.18572157077287035
330.0,0.18930180919134895
338.0,0.22719070027688135
346.0,0.23559643172462133
352.0,0.21676454779102602
359.0,0.18932239349621208
370.0,0.1829465444037268
379.0,0.17029632946157588
386.0,0.16566376318819442
394.0,0.13882780541286294
402.0,0.18972364289171637
408.0,0.19966358683318014
412.0,0.19335408615050595
417.0,0.21538590161893492
424.0,0.21559263965710454
432.0,0.12012934581934626
438.0,0.17936977884788244
449.0,0.16590017365785045
456.0,0.20998735529212656
464.0,0.23663838695312456
469.0,0.2356127676566649
473.0,0.1766565373816209
482.0,0.1746110039018424
491.0,0.17270181407998267
500.0,0.20199152815520863
508.0,0.19537685395087412
512.0,0.11889771480072263
523.0,0.21222621931450067
534.0,0.20837279656416335
542.0,0.17275005757240078
552.0,0.16704725646511873
564.0,0.22972745082727133
570.0,0.23385664453067187
579.0,0.21536841055938732
587.0,0.18110457961764742
595.0,0.20522401692481645
603.0,0.22684612710549246
610.0,0.19202162080804858
619.0,0.1428558774318474
631.0,0.15935131723033133
637.0,0.17110809430048923
644.0,0.1775276517291046
651.0,0.1858957454015556
658.0,0.1947903957275556
667.0,0.1657401391372772
676.0,0.22393367369468625
686.0,0.21217787562600376
694.0,0.15826582983980655
701.0,0.20020189471376454
709.0,0.19349052974178807
713.0,0.17034771566480586
721.0,0.1868052873613463
728.0,0.16758135497770535
735.0,0.12230129692598946
746.0,0.16341621855526114
755.0,0.1645391797507051
763.0,0.23152155834625607
769.0,0.20336036286280554
775.0,0.2501069630520565
780.0,0.23486809569149214
785.0,0.17098359200018293
793.0,0.18033490524287302
800.0,0.18756163902028034
808.0,0.18146201727437672
814.0,0.17360180230718703
822.0,0.19368399856497678
830.0,0.17120892183737801
837.0,0.18311863657788952
842.0,0.1872491192684849
847.0,0.24057719390339105
855.0,0.17048523794159892
863.0,0.16735855395111388
871.0,0.19550290354831965
879.0,0.18955802126330756
886.0,0.22504017185603511
893.0,0.19239290891780508
901.0,0.2046359382262297
905.0,0.18568195079015706
909.0,0.1872585266047821
916.0,0.218389637890831
925.0,0.20784409409329402
934.0,0.14787340020981302
942.0,0.20170659427486567
949.0,0.1815697258349946
954.0,0.1641444492020846
965.0,0.16674501093398456
973.0,0.16017467953194336
983.0,0.2144500591234454
991.0,0.21079576702150243
999.0,0.17934754852140555
1003.0,0.16898039921570548
1011.0,0.1600212438918501
1021.0,0.13397724307880599
1028.0,0.15448745947358913
1035.0,0.16880392925356139
1046.0,0.1350494650425223
1054.0,0.168484401911276
1062.0,0.18043585287277208
1073.0,0.18083226731842023
1087.0,0.19283760422121501
1096.0,0.23429255784608527
1103.0,0.22100318233447674
1112.0,0.2197711410478509
1120.0,0.2576000276829858
1128.0,0.1995014527086478
1137.0,0.2388990131587803
1142.0,0.22006145837850397
1150.0,0.22899704340967317
1157.0,0.17896718272328455
1165.0,0.07934502105638865
1173.0,0.2425997051268396
1182.0,0.22274594802749084
1193.0,0.18381914043580186
1201.0,0.2116100510517371
1208.0,0.17591512119520192
1215.0,0.19131811796221207
1223.0,0.21095333632192367
1230.0,0.15805785236783856
1237.0,0.1863267063253824
1242.0,0.14920305487958804
1250.0,0.19032251544690892
1255.0,0.15439578479941643
1262.0,0.1577345825764039
1269.0,0.2178654903442245
1277.0,0.12591463923137947
1288.0,0.15583635992292733
1297.0,0.15573225069527602
1305.0,0.2036039089524193
1313.0,0.20291698307828107
1320.0,0.2041624772038591
1324.0,0.18877734655744285
1333.0,0.12675543932914554
1341.0,0.1849499685969986
1349.0,0.21568172349512704
1356.0,0.18180560382134037
1364.0,0.23011836143424544
1369.0,0.18298872074621117
1375.0,0.17686779826928822
1392.0,0.18486523190450305
1401.0,0.1305259028514033
1410.0,0.1942109318147419
1418.0,0.16287912883898586
1426.0,0.22280385096422667
1434.0,0.19083708312295264
1448.0,0.1688245747519798
1456.0,0.1724305265855421
1465.0,0.2286330496881266
1470.0,0.12600276571804392
1478.0,0.21125870528953206
1487.0,0.17749475339447054
1494.0,0.16599290212544257
1499.0,0.2019847469826921
1503.0,0.20549507506893816
1510.0,0.17166789717280695
1518.0,0.19394254290548016
1526.0,0.1709715833855723
1537.0,0.23119805279123132
1543.0,0.17620463776982084
1548.0,0.18448740486464343
1556.0,0.1694567092226418
1563.0,0.25447004603127976
1568.0,0.1815964027834799
1572.0,0.1724055139079269
1586.0,0.16611552116473974
1597.0,0.20806170052054385
1605.0,0.2095536288147005
1610.0,0.16072339502048702
1618.0,0.22533778926829412
1627.0,0.1936090570706225
1633.0,0.15618936935660846
1637.0,0.22415269629375156
1642.0,0.18923814032979866
1646.0,0.24210611555772976
1655.0,0.19106769333484416
1666.0,0.20508458490101394
1670.0,0.1938310375418595
1676.0,0.20828588984716132
1687.0,0.13850471362867575
1691.0,0.17822139293412706
1699.0,0.19706976030734671
1707.0,0.1426818592987945
1712.0,0.16370601540602078
1717.0,0.1941117104126334
1725.0,0.07065091256297909
1729.0,0.2227437721948883
1736.0,0.19214366324424614
1744.0,0.18930243219998857
1748.0,0.20468153512648746
1757.0,0.2023159663538626
1764.0,0.1456811485976994
1770.0,0.17795822224266514
1781.0,0.13385986604850378
1789.0,0.14898238542157913
1796.0,0.19087636747260234
1803.0,0.2394066176948634
1811.0,0.16492282572929265
1823.0,0.18689962113446185
1830.0,0.18527902478810154
1837.0,0.19215631697991364
1841.0,0.15161530135029178
1847.0,0.22853134733140937
1856.0,0.2662965990871821
1861.0,0.17733636226948193
1868.0,0.1983862575808252
1876.0,0.22900473261345983
1884.0,0.19146883790541477
1893.0,0.18026927758526595
1904.0,0.20555131934448076
1912.0,0.15688253394889332
1923.0,0.16196578199902584
1932.0,0.21953660235209313
1940.0,0.2380554649352806
1945.0,0.21440428703066644
1954.0,0.17060321040542245
1962.0,0.20390567493757827
1966.0,0.18423515619853859
1971.0,0.12160918722569106
1977.0,0.14079225556924657
1985.0,0.2114458250976688
1993.0,0.21287476280687984
2002.0,0.21711077665545986
2012.0,0.18851152684085126
