,5
2.0,0.15570906313089627
9.0,0.18389559714188272
18.0,0.17560220068525487
25.0,0.18884106852894092
33.0,0.16694688427267027
40.0,0.17488395417928818
49.0,0.17616266432159755
56.0,0.17236030879683292
65.0,0.18133296582091465
73.0,0.17997306707226532
78.0,0.19973875496971466
87.0,0.17602638796458875
95.0,0.19255672891685519
104.0,0.1864728042015268
112.0,0.1507946552515384
116.0,0.19139514199861157
121.0,0.19470715409141487
132.0,0.18089473867662523
139.0,0.18453853557744884
143.0,0.18022427217616918
155.0,0.1792947968977105
163.0,0.18708757879524146
172.0,0.17837744518883142
180.0,0.15296408015203702
188.0,0.19889159072824997
196.0,0.18334468905351584
204.0,0.17157100590672494
210.0,0.1730737531033653
214.0,0.19156880397980333
223.0,0.19440468040448702
231.0,0.1866715093543457
239.0,0.1806003874564233
248.0,0.17178148806604798
254.0,0.1842730250999013
265.0,0.1749726108716241
276.0,0.19703670655162026
283.0,0.18551516195433207
292.0,0.17993681991562252
301.0,0.19717981932109513
312.0,0.1941583429269564
323.0,0.18435599445049658
330.0,0.18806965839801765
338.0,0.20940457253261885
346.0,0.18474128047135271
352.0,0.1938293801633269
359.0,0.20612760543646835
370.0,0.16753744916741808
379.0,0.20265223510188787
386.0,0.16248878446361492
394.0,0.15827772155305506
402.0,0.174014764784697
408.0,0.17732669600137224
412.0,0.1641525843156355
417.0,0.16004479805424515
424.0,0.1719050491128335
432.0,0.16602291169506228
438.0,0.18037195877949347
449.0,0.16877931467458912
456.0,0.1824635467133125
464.0,0.14884289699197922
469.0,0.16695201338709267
473.0,0.1737205750721933
482.0,0.18348739780918963
491.0,0.18259945372890293
500.0,0.18525964372336406
508.0,0.1585153194249178
512.0,0.17311934618718774
523.0,0.17632655994514188
534.0,0.173075285868549
542.0,0.206558376190528
552.0,0.18411644275921882
564.0,0.1869675600942389
570.0,0.18865816987661113
579.0,0.2113135140918311
587.0,0.14130000281650196
595.0,0.2013678579240248
603.0,0.1593846193452141
610.0,0.18820989993286566
619.0,0.1861258835761214
631.0,0.16625781251774602
637.0,0.15695618699064925
644.0,0.1798043633909496
651.0,0.17252816374015867
658.0,0.18994268125464883
667.0,0.18500396635561783
676.0,0.1782082315889802
686.0,0.1792449926549794
694.0,0.167799020724923
701.0,0.155625937318349
709.0,0.18918750326712452
713.0,0.19637054499644271
721.0,0.17338798060186492
728.0,0.18070790682699678
735.0,0.17656980539798509
746.0,0.1845160046658456
755.0,0.19017010940009563
763.0,0.1739653266896599
769.0,0.1875193633153719
775.0,0.16523095195632373
780.0,0.1919189426912314
785.0,0.17099076758041518
793.0,0.1880224380441882
800.0,0.1984684816626262
808.0,0.15201078800612708
814.0,0.1745683874670533
822.0,0.17742886484978007
830.0,0.19368300140194206
837.0,0.19147648935773773
842.0,0.1804381363342139
847.0,0.1520375778399928
855.0,0.1835057461230482
863.0,0.1824719857564322
871.0,0.18067440000847568
879.0,0.16848768618727994
886.0,0.19269333948977446
893.0,0.18275252614171045
901.0,0.1718057278930019
905.0,0.1907075591552836
909.0,0.17076539581489505
916.0,0.18900206588332533
925.0,0.18372289161994618
934.0,0.19030164435145314
942.0,0.18402197511710622
949.0,0.1898982780336975
954.0,0.1682557794567106
965.0,0.16388435605231236
973.0,0.16095998052858787
983.0,0.18142384199301456
991.0,0.19093404910575804
999.0,0.1604193538401181
1003.0,0.1743494950929806
1011.0,0.19235673965540537
1021.0,0.16442376386955934
1028.0,0.19522449295093625
1035.0,0.20608002727177888
1046.0,0.15706687052728996
1054.0,0.1814070924305788
1062.0,0.19762956013978158
1073.0,0.19603151389740484
1087.0,0.1761230805499917
1096.0,0.16567993782271379
1103.0,0.18588089055601684
1112.0,0.1842477666875508
1120.0,0.1885740824433634
1128.0,0.17992400615261847
1137.0,0.21685043795733222
1142.0,0.20564938279659237
1150.0,0.1773896852108276
1157.0,0.14573030026371525
1165.0,0.15324442973082764
1173.0,0.15648150888007895
1182.0,0.18416253717452025
1193.0,0.18330664671657793
1201.0,0.19230548297377986
1208.0,0.18841042409580647
1215.0,0.1859027734902661
1223.0,0.18652964439361147
1230.0,0.18318699759724255
1237.0,0.1739727477783941
1242.0,0.15821165429470274
1250.0,0.1810569334736683
1255.0,0.1688825366863153
1262.0,0.18162635403078264
1269.0,0.17051084952312134
1277.0,0.1789140587833539
1288.0,0.1742405107274598
1297.0,0.17867364478039643
1305.0,0.17170954891554568
1313.0,0.17761344917618008
1320.0,0.17677484926811357
1324.0,0.17866401029622436
1333.0,0.1640005122089779
1341.0,0.16520908041468277
1349.0,0.1756037610866702
1356.0,0.17612982751307915
1364.0,0.15831065342622502
1369.0,0.16990530814291158
1375.0,0.19508576423046486
1392.0,0.18920265002401937
1401.0,0.17055864889199115
1410.0,0.17616309992639867
1418.0,0.1890173884716875
1426.0,0.18006951284023143
1434.0,0.19327658234692188
1448.0,0.179264769680873
1456.0,0.17111150850370224
1465.0,0.18870518514323267
1470.0,0.17751011451152007
1478.0,0.17216155130488178
1487.0,0.1788805747001875
1494.0,0.18502042545927216
1499.0,0.1671377070654909
1503.0,0.1558254781204994
1510.0,0.17571252209137242
1518.0,0.20704729431458846
1526.0,0.17866025448845482
1537.0,0.13199374886016157
1543.0,0.16472761171976114
1548.0,0.19748239117614771
1556.0,0.19605854268054249
1563.0,0.18543279859760578
1568.0,0.16770120533034139
1572.0,0.20296972372573707
1586.0,0.1957818557191839
1597.0,0.1866770355026803
1605.0,0.15439781104373948
1610.0,0.17293405335593348
1618.0,0.19578214017868212
1627.0,0.19531957954159582
1633.0,0.18138985190483647
1637.0,0.15208693719048702
1642.0,0.17902614106678633
1646.0,0.20276722308439038
1655.0,0.15267857662291254
1666.0,0.18038717761428286
1670.0,0.193065736560749
1676.0,0.1752758589189764
1687.0,0.19723295484362446
1691.0,0.18425410430628555
1699.0,0.17416843826429182
1707.0,0.15185265628362643
1712.0,0.1961745556169745
1717.0,0.18655578804048914
1725.0,0.1671524547549644
1729.0,0.1691746269549175
1736.0,0.17188859057478517
1744.0,0.17916181154217314
1748.0,0.17339325461002913
1757.0,0.18727868985022292
1764.0,0.19544758131159826
1770.0,0.16356295694835316
1781.0,0.15322265367388493
1789.0,0.17703591652093192
1796.0,0.1738041517166386
1803.0,0.15762270707180856
1811.0,0.21302465472620416
1823.0,0.18576401917410168
1830.0,0.20283454555830008
1837.0,0.1606138229512894
1841.0,0.22058027438032365
1847.0,0.19659879892911497
1856.0,0.18682739927298578
1861.0,0.18107774513753822
1868.0,0.17707105090169384
1876.0,0.1844215334502734
1884.0,0.20370904313283333
1893.0,0.1479824973204649
1904.0,0.1746191228461012
1912.0,0.18306082109442307
1923.0,0.16822611533004678
1932.0,0.19495917154793008
1940.0,0.20460459878865536
1945.0,0.15986746530009524
1954.0,0.20527816529892093
1962.0,0.1755166171928305
1966.0,0.16943700992135582
1971.0,0.1545910089141876
1977.0,0.1716779249482425
1985.0,0.18425679417187335
1993.0,0.1778550435035673
2002.0,0.17034751552517144
2012.0,0.18670334752873968
