,3
2028.0,0.17304486474269654
2035.0,0.20018553554791954
2040.0,0.198249338583529
2045.0,0.243177159004946
2052.0,0.16176953946422595
2058.0,0.23343843106320056
2065.0,0.2556331266632348
2072.0,0.16278073838271653
2077.0,0.22256573116871345
2091.0,0.2134241458818559
2095.0,0.1837303049255204
2099.0,0.21082118726168564
2107.0,0.19745340458183666
2115.0,0.23973262217646202
2123.0,0.2294441396243498
2137.0,0.18377447689484983
2141.0,0.15749137237103875
2150.0,0.19498163343127742
2155.0,0.20191831689150755
2162.0,0.19530710555830344
2169.0,0.16789408821734972
2176.0,0.18279758327674575
2181.0,0.16464018672408304
2190.0,0.2261611026502908
2195.0,0.21230567313705578
2204.0,0.18973235967339566
2210.0,0.20130453119743533
2214.0,0.17966358807057822
2221.0,0.2066279031434837
2229.0,0.2093141253757119
2234.0,0.2339926260889427
2242.0,0.15740742249643946
2247.0,0.2206139917509146
2251.0,0.16834964464366292
2255.0,0.20284093061726932
2267.0,0.2231952120783867
2278.0,0.18729316503012092
2288.0,0.2033171258279581
2292.0,0.22906908329820008
2300.0,0.23314915469889214
2305.0,0.16656668556614737
2313.0,0.19070559097827885
2322.0,0.23920356520125347
2326.0,0.25238613581869623
2330.0,0.18799262451441973
2339.0,0.17990760481210363
2346.0,0.20396344819078466
2354.0,0.10112437859867583
2358.0,0.22403558710430158
2372.0,0.22651629036746074
2376.0,0.19667225637092742
2381.0,0.23172065383940074
2389.0,0.1785819090168633
2397.0,0.19117117367288053
2405.0,0.1698137862672942
2409.0,0.22632686881344194
2418.0,0.20920992443474548
2426.0,0.2200640416560162
2433.0,0.13300816210501687
2441.0,0.22325198933663332
2448.0,0.17909707253980123
2453.0,0.2384112266251535
2458.0,0.22145536089965887
2465.0,0.20966546235132932
2474.0,0.18127368592319065
2480.0,0.20098896203046585
2484.0,0.2184235162410626
2491.0,0.20994209772105035
2499.0,0.2246555361472448
2504.0,0.23874500315327185
2512.0,0.22373898432067593
2517.0,0.22217021366811235
2522.0,0.15605271124029801
2526.0,0.2080227273226303
2534.0,0.22348975285439113
2546.0,0.1897794850073052
2556.0,0.17080575283062346
2562.0,0.2576751443204124
2570.0,0.1703177831427574
2575.0,0.17535763068269802
2583.0,0.23385401906240016
2592.0,0.20820613616992487
2600.0,0.25133573746914434
2604.0,0.18873348752445973
2613.0,0.23112327936432747
2620.0,0.17287560683527162
2628.0,0.20407639896613303
2633.0,0.158159887405734
2647.0,0.2548641569906438
2651.0,0.24199135589001716
2655.0,0.2036022622210483
2663.0,0.2083711274450417
2672.0,0.12298497680584095
2680.0,0.17207479886956858
2684.0,0.22903899687614204
2693.0,0.24193902893578884
2700.0,0.22023007357584762
2707.0,0.2035736483307692
2714.0,0.16915380291254473
2721.0,0.1417870166453758
2726.0,0.1582259287067812
2735.0,0.25142393599507196
2740.0,0.24321547738095078
2751.0,0.17831132761053023
2757.0,0.1871268255218723
2761.0,0.17317673220513494
2768.0,0.23571550831750995
2776.0,0.20992402585134512
2781.0,0.23322156366224248
2789.0,0.208038990695382
2794.0,0.1689868226042293
2799.0,0.16507893298910967
2803.0,0.20845149205498528
2808.0,0.1604239671310766
2822.0,0.21984888562848395
2827.0,0.15634371152999704
2833.0,0.21600956576463437
2845.0,0.16788373248342334
2850.0,0.209776872401752
2858.0,0.23668338894850072
2867.0,0.22308076722004128
2875.0,0.25859237765334425
2879.0,0.16447351724404025
2888.0,0.22180319878074647
2895.0,0.1765661194319233
2903.0,0.24269318193059417
2908.0,0.163627654794458
2922.0,0.23454431421268965
2926.0,0.17987675018149282
2934.0,0.20068323378712374
2942.0,0.19130113298912582
2948.0,0.2024996461880562
2956.0,0.18517045878339447
2960.0,0.20913526217585082
2969.0,0.1913029153484393
2976.0,0.20767209028008182
2983.0,0.2326515586720602
2990.0,0.16612720186361568
2997.0,0.19251496240507243
3002.0,0.18036096451716802
3015.0,0.24925041278346594
3020.0,0.2463971640161166
3029.0,0.21700547979441243
3035.0,0.24187081170514815
3039.0,0.2073913520024894
3046.0,0.23436389618331863
3053.0,0.22619099210965365
3058.0,0.23067131499899973
3066.0,0.1812799110658413
3074.0,0.16468754883369588
3078.0,0.16373824125598818
3082.0,0.21390322335399453
3089.0,0.19354688524330776
3101.0,0.24100160827751668
3108.0,0.15972528644504896
3113.0,0.20598459902684146
3121.0,0.20087859076616824
3126.0,0.18760087790383792
3133.0,0.21473519485877332
3142.0,0.22225291692777882
3150.0,0.2205610891731665
3154.0,0.2065384368879355
3158.0,0.22014332085161833
3165.0,0.1984819878326455
3173.0,0.231374259463381
3178.0,0.18075941901180054
3192.0,0.24420269340644465
3196.0,0.1950417855028696
3204.0,0.20118609855298866
3212.0,0.21161292060450287
3224.0,0.1847682713683071
3235.0,0.2149726230050291
3239.0,0.19479023775610724
3248.0,0.2057656244463952
3255.0,0.21253786585091264
3262.0,0.2344356905222658
3269.0,0.18894709385665323
3276.0,0.208512786179532
3281.0,0.20571615764239487
3290.0,0.19235492406046095
3295.0,0.22820171814886836
3304.0,0.14157712806533787
3310.0,0.22208709922094252
3314.0,0.2216830318134092
3321.0,0.221315128319726
3329.0,0.20499921218761588
3337.0,0.2407130917028959
3344.0,0.23331875438574984
3349.0,0.1634112382266918
3353.0,0.17514357857981544
3357.0,0.15629943104970667
3365.0,0.19279847373858422
3376.0,0.20677599260967372
3386.0,0.17442056137268516
3392.0,0.1523538329865261
3400.0,0.22962560493559256
3405.0,0.16094889260163942
3413.0,0.219356780446149
3422.0,0.22703158503757181
3430.0,0.20848366028295498
3434.0,0.13543883632371054
3443.0,0.1799966679905097
3450.0,0.18164637878466028
3458.0,0.2400368105571791
3463.0,0.1819363973115295
3477.0,0.2122729123170665
3481.0,0.21758580424356233
3489.0,0.22207178011970446
3497.0,0.1729696714751607
3508.0,0.1871877170305763
3520.0,0.17636702471085397
3529.0,0.15979248256767287
3538.0,0.21965466711417006
3545.0,0.19061202887540352
3552.0,0.23672921726701782
3559.0,0.21266337468684882
3566.0,0.22721549116425868
3573.0,0.20823253407358866
3586.0,0.24115142281111338
3591.0,0.21265521994517864
3599.0,0.17544128973057688
3605.0,0.2171322368506934
3609.0,0.24931091425620586
3616.0,0.19908502136089568
3622.0,0.16091489269718695
3627.0,0.2324878650478969
3635.0,0.1583385031926213
3640.0,0.2091132467980438
3646.0,0.15457637421468307
3650.0,0.24446041253034304
3659.0,0.19450795797711556
3673.0,0.2245759539638948
3685.0,0.23439443808080196
3691.0,0.15836284838417605
3699.0,0.2377919850851921
3704.0,0.20570049397603357
3712.0,0.1990515144311991
3721.0,0.19609088494277943
3729.0,0.22675414421689938
3733.0,0.19243412403058066
3742.0,0.1919506655673313
3749.0,0.1959324755597396
3757.0,0.20897551092819514
3762.0,0.2063470648544422
3776.0,0.14973795778228807
3780.0,0.1646240793091282
3786.0,0.16987416072452682
3792.0,0.21185441758540338
3809.0,0.2197132525141999
3816.0,0.23850681315602532
3821.0,0.22801735738085843
3828.0,0.2014514365051872
3834.0,0.21524014880109596
3840.0,0.27871677206691853
3847.0,0.19756885247395944
3856.0,0.2083467915519335
3862.0,0.18534151807967866
3866.0,0.14352971343504864
3873.0,0.20124363872835177
3879.0,0.17887702101251335
3885.0,0.24458280650248765
3893.0,0.17956688806199173
3902.0,0.23938253468722098
3907.0,0.19472207179787762
3911.0,0.2505110853917442
3918.0,0.1686530418118407
3926.0,0.1751696133277519
3931.0,0.20157022880277717
3936.0,0.1618623479072146
3948.0,0.23962826656770478
3953.0,0.20201876622334852
3961.0,0.1742954723028754
3970.0,0.17562858571271225
