,5
2028.0,0.2100242022667281
2035.0,0.17741840288940583
2040.0,0.20666010314994085
2045.0,0.18253398142431673
2052.0,0.17966763025610652
2058.0,0.2077695094466604
2065.0,0.1676608359125659
2072.0,0.19206747165208274
2077.0,0.18040502161142696
2091.0,0.2127452180869089
2095.0,0.16985314294578802
2099.0,0.1568565845389437
2107.0,0.18810787363334913
2115.0,0.18556149914172113
2123.0,0.17434953328427827
2137.0,0.17971402648241622
2141.0,0.1808552058978386
2150.0,0.19981809724676422
2155.0,0.17980837346784695
2162.0,0.1870517863394732
2169.0,0.1715763715308419
2176.0,0.15106453527847466
2181.0,0.194551142164247
2190.0,0.19715631354002008
2195.0,0.18022266119002836
2204.0,0.19810693533768345
2210.0,0.19057380252003261
2214.0,0.17906156605154308
2221.0,0.18148180422927626
2229.0,0.20216999962473836
2234.0,0.1652786920679404
2242.0,0.19835541334048276
2247.0,0.2017076235434666
2251.0,0.1961798774363342
2255.0,0.20158690295508838
2267.0,0.18213137712721447
2278.0,0.18012815869874055
2288.0,0.1847439174671634
2292.0,0.17212965668760624
2300.0,0.1725535030786479
2305.0,0.17035829824188853
2313.0,0.1719268162209139
2322.0,0.1914713039138372
2326.0,0.19003399815993013
2330.0,0.18176123969923869
2339.0,0.1711297902509295
2346.0,0.17043124590259562
2354.0,0.17760526546626862
2358.0,0.18531546801170104
2372.0,0.1716829043172504
2376.0,0.19890362507404913
2381.0,0.1467912587451831
2389.0,0.18610885152922166
2397.0,0.19029119978725365
2405.0,0.20241282528160343
2409.0,0.19689393532284455
2418.0,0.17573230754752922
2426.0,0.17387803088826
2433.0,0.19957512823758017
2441.0,0.18776479908397073
2448.0,0.16671174207249767
2453.0,0.19418631441031445
2458.0,0.18891140004543655
2465.0,0.18996123303815332
2474.0,0.19618872709030838
2480.0,0.17161320506593647
2484.0,0.1871979982138277
2491.0,0.18100985473298598
2499.0,0.17355187411807416
2504.0,0.19248263204204116
2512.0,0.19252853239914408
2517.0,0.18450888846956634
2522.0,0.1970642372216502
2526.0,0.20880571609093196
2534.0,0.19917579518419792
2546.0,0.20331135227572292
2556.0,0.18827772783579655
2562.0,0.1930441297348395
2570.0,0.18750275719566223
2575.0,0.1920021342377439
2583.0,0.19588374000757178
2592.0,0.2112958777827366
2600.0,0.19807209354671038
2604.0,0.19170058402687515
2613.0,0.18283521179415474
2620.0,0.1916544203996826
2628.0,0.1988457079348016
2633.0,0.20013402156643006
2647.0,0.19363335645168905
2651.0,0.19405142488856894
2655.0,0.1450385846606625
2663.0,0.17386475202939872
2672.0,0.18745076385855036
2680.0,0.1880573507753198
2684.0,0.17446171267311103
2693.0,0.19116975451114324
2700.0,0.16722805443862163
2707.0,0.2008308831716213
2714.0,0.14839444426684875
2721.0,0.15889538563675876
2726.0,0.22010549162883525
2735.0,0.18983900674092957
2740.0,0.1947860319497712
2751.0,0.1889760292098806
2757.0,0.18919757012482935
2761.0,0.19520894774595113
2768.0,0.1968551786786206
2776.0,0.1901706766232524
2781.0,0.1826696794110212
2789.0,0.17389949561730128
2794.0,0.1932916347270887
2799.0,0.17446715346987426
2803.0,0.19426906120556117
2808.0,0.18026528636963654
2822.0,0.18385434294527359
2827.0,0.18853457020820946
2833.0,0.2038186941031585
2845.0,0.20765852975299987
2850.0,0.2085830242461557
2858.0,0.1876162896716048
2867.0,0.17390386460389212
2875.0,0.2105150849343365
2879.0,0.17344093527277965
2888.0,0.1834335066824703
2895.0,0.1679579261175174
2903.0,0.2003432994517401
2908.0,0.19362719431842318
2922.0,0.18261699125341957
2926.0,0.19462612530676476
2934.0,0.1883885180170139
2942.0,0.168236034989225
2948.0,0.1912037224171006
2956.0,0.20065102464949205
2960.0,0.17381747991986685
2969.0,0.18684866706438555
2976.0,0.1846240747420891
2983.0,0.1972516847383645
2990.0,0.1994599501885275
2997.0,0.1473784182225225
3002.0,0.20710096617552687
3015.0,0.1926873233158777
3020.0,0.17152597918830653
3029.0,0.19119436459449257
3035.0,0.19436190245679566
3039.0,0.18256948049083035
3046.0,0.19171039299267015
3053.0,0.16558508270452837
3058.0,0.16951348327428112
3066.0,0.16686663386943595
3074.0,0.19919740173884334
3078.0,0.18540671926770186
3082.0,0.18238897097257967
3089.0,0.19991714980356026
3101.0,0.16849909234463709
3108.0,0.17813802461963613
3113.0,0.20737785058538918
3121.0,0.20308943946767852
3126.0,0.2101890986218946
3133.0,0.20593677612786404
3142.0,0.1732645568150015
3150.0,0.1969652959124537
3154.0,0.18596203814315437
3158.0,0.1988580003830146
3165.0,0.18117582863756979
3173.0,0.1989694483473029
3178.0,0.17785868390569717
3192.0,0.19440190435890378
3196.0,0.1922664017265629
3204.0,0.1804713474451491
3212.0,0.144377915563995
3224.0,0.2093921097075527
3235.0,0.19079764093882792
3239.0,0.20454338502999167
3248.0,0.19454503727220232
3255.0,0.18702831299237413
3262.0,0.20275637785026715
3269.0,0.1595588277108969
3276.0,0.20331805239669906
3281.0,0.2106564780132459
3290.0,0.20152180657233523
3295.0,0.17689565758577833
3304.0,0.1878338100857846
3310.0,0.17560554602315165
3314.0,0.1941527569563527
3321.0,0.17048655467805932
3329.0,0.19750258985403563
3337.0,0.17334180721288567
3344.0,0.19466431053308342
3349.0,0.20602182063620667
3353.0,0.1914030499265234
3357.0,0.19221759834241736
3365.0,0.19380252735199183
3376.0,0.188181534025028
3386.0,0.16991638860761016
3392.0,0.19473954639864424
3400.0,0.1940066822315548
3405.0,0.16776884393607425
3413.0,0.19189951830341026
3422.0,0.17929093244121244
3430.0,0.2051453373991649
3434.0,0.19820629566112516
3443.0,0.19173770022340458
3450.0,0.1845400766509092
3458.0,0.20697514994273083
3463.0,0.1931860723069571
3477.0,0.1754943865076267
3481.0,0.18022265477256938
3489.0,0.18152521886668815
3497.0,0.18208120718159188
3508.0,0.19761036637671558
3520.0,0.19023143205580897
3529.0,0.18795758201260548
3538.0,0.20720625672802123
3545.0,0.2001344185653026
3552.0,0.20205884738355714
3559.0,0.16817202875922824
3566.0,0.1977287927314972
3573.0,0.21425943985657298
3586.0,0.19913763885006303
3591.0,0.1931678794668038
3599.0,0.17600900392096694
3605.0,0.1863084803374786
3609.0,0.20132900100351717
3616.0,0.19210510664034253
3622.0,0.1823079333412231
3627.0,0.1852876001312123
3635.0,0.19557841434520903
3640.0,0.20919215693557588
3646.0,0.2054823322776333
3650.0,0.18678519741466806
3659.0,0.1953003836775414
3673.0,0.17495622817074372
3685.0,0.20374465903611158
3691.0,0.1898085683813704
3699.0,0.19848178210716666
3704.0,0.19359680399613935
3712.0,0.19109039698184285
3721.0,0.1895007447556332
3729.0,0.175919036373004
3733.0,0.18960141813303788
3742.0,0.1862585684368164
3749.0,0.1862063437801619
3757.0,0.1857443297033002
3762.0,0.18507653194852594
3776.0,0.1910263463826768
3780.0,0.19405191529427565
3786.0,0.21177155180852963
3792.0,0.16635069323157808
3809.0,0.19506483184477807
3816.0,0.1855591894338048
3821.0,0.20197734405352755
3828.0,0.17634979827272135
3834.0,0.2109901895112869
3840.0,0.17443108748952885
3847.0,0.19346704466679926
3856.0,0.1796030557620184
3862.0,0.19052477141299234
3866.0,0.16978544274520993
3873.0,0.16213153411313355
3879.0,0.1866523557296407
3885.0,0.18078399568620335
3893.0,0.15876198986316728
3902.0,0.19507827729547367
3907.0,0.19031008238209907
3911.0,0.20664542326895954
3918.0,0.18964917296947384
3926.0,0.21838700948733653
3931.0,0.19505377820466635
3936.0,0.21120017431382282
3948.0,0.19126520783419104
3953.0,0.20635002820465898
3961.0,0.18836287474618588
3970.0,0.19383033159662988
