,4
2.0,0.13744138445902443
9.0,0.18520050665532764
18.0,0.1743053498119018
25.0,0.11302833106475638
33.0,0.2077145542437458
40.0,0.16188941840342397
49.0,0.20739583099669484
56.0,0.19572509155532203
65.0,0.18979587113962357
73.0,0.1941280832540961
78.0,0.20716602631038053
87.0,0.17815898051975243
95.0,0.19078170407364284
104.0,0.23813951385373716
112.0,0.22696403947792604
116.0,0.1579450567114892
121.0,0.1835018189436423
132.0,0.19892073248286285
139.0,0.18599155788422927
143.0,0.17397434916838123
155.0,0.1682895557445846
163.0,0.19400468671754836
172.0,0.20489237036829255
180.0,0.1659157949866423
188.0,0.20714891149997833
196.0,0.14936332887067008
204.0,0.21729031877698274
210.0,0.16033006451004478
214.0,0.18893551216445567
223.0,0.14167338310476466
231.0,0.2067150239456496
239.0,0.14465971649435902
248.0,0.1656052976143651
254.0,0.2015233637228733
265.0,0.18710111895946469
276.0,0.18057660269218542
283.0,0.10926386758246938
292.0,0.1668622382583008
301.0,0.16421496043125566
312.0,0.16949167726745118
323.0,0.20077581745537446
330.0,0.19576757581389698
338.0,0.21670545567170532
346.0,0.1821066662288041
352.0,0.18287479125841172
359.0,0.18783736939437537
370.0,0.19228638840516635
379.0,0.17579589488682545
386.0,0.1850018068139922
394.0,0.18487564088409936
402.0,0.19727275588184306
408.0,0.18108150501134787
412.0,0.16195861996653502
417.0,0.18999194837211206
424.0,0.18025200150246204
432.0,0.18003438531941043
438.0,0.1699856274350394
449.0,0.18749982147678484
456.0,0.19300441465090143
464.0,0.18028244604841495
469.0,0.20613243453304433
473.0,0.1170818119413671
482.0,0.18940809399921638
491.0,0.18215739185214982
500.0,0.1721446360442517
508.0,0.1542855100873359
512.0,0.09202222543725663
523.0,0.19139078833065884
534.0,0.1737354017616441
542.0,0.17074940447151948
552.0,0.19513339371361935
564.0,0.19062472118400517
570.0,0.20578510469349454
579.0,0.18939495661299008
587.0,0.14756925662560663
595.0,0.16784919099743184
603.0,0.16904319850748323
610.0,0.1672532329330439
619.0,0.12172181241762443
631.0,0.1652862136428152
637.0,0.1543570361010407
644.0,0.14528193929600894
651.0,0.2061659379525699
658.0,0.1887258405775178
667.0,0.1671747664124534
676.0,0.18999336380350765
686.0,0.1921597172983336
694.0,0.14386811688148737
701.0,0.21210007694959135
709.0,0.19115228893222838
713.0,0.19171524719115046
721.0,0.19939782861018615
728.0,0.18909982465686812
735.0,0.09481174163352253
746.0,0.2101661894614281
755.0,0.18095231660097783
763.0,0.17563727667518872
769.0,0.17329735802045051
775.0,0.1889171358210691
780.0,0.1983116922381349
785.0,0.1828906206784984
793.0,0.17213961684548368
800.0,0.20282755321753063
808.0,0.13816789019939096
814.0,0.18823404578626457
822.0,0.18044244345311167
830.0,0.2085886700736164
837.0,0.16411644524767952
842.0,0.1647870683577888
847.0,0.19088978499668185
855.0,0.20359321319114593
863.0,0.1885618464844961
871.0,0.19523581330128117
879.0,0.18082305325913153
886.0,0.20369499671509592
893.0,0.17868751041796382
901.0,0.15801022952066837
905.0,0.20805270189629668
909.0,0.20042082647102538
916.0,0.20366095751577049
925.0,0.1853285622157156
934.0,0.10326679327859944
942.0,0.211924063573446
949.0,0.1676927338843686
954.0,0.1985450366608
965.0,0.157312868648181
973.0,0.196970530829039
983.0,0.19732797425372597
991.0,0.179848697113906
999.0,0.1955097333331004
1003.0,0.15319387028876416
1011.0,0.17102891020859992
1021.0,0.12902323714747924
1028.0,0.19328707327302733
1035.0,0.18467129703496662
1046.0,0.19560608904919147
1054.0,0.16541961708528477
1062.0,0.16832879526348354
1073.0,0.16464831139916986
1087.0,0.14765721681464805
1096.0,0.2017504815966311
1103.0,0.20189370961629524
1112.0,0.20684923287049528
1120.0,0.19439930222418272
1128.0,0.1874989912205396
1137.0,0.20685729815752177
1142.0,0.18922626257096867
1150.0,0.18348104682660418
1157.0,0.16651264248654304
1165.0,0.05996829470359886
1173.0,0.19749977677634223
1182.0,0.1746080397073974
1193.0,0.19905218713399284
1201.0,0.19626321229058352
1208.0,0.1593619425071873
1215.0,0.1540297073286696
1223.0,0.1833061471390326
1230.0,0.169928292136138
1237.0,0.18328132318998505
1242.0,0.18117514400291235
1250.0,0.19300145863742965
1255.0,0.17759406867903135
1262.0,0.16667306971454773
1269.0,0.18525066410576718
1277.0,0.11922716186480847
1288.0,0.1860946714170566
1297.0,0.16778370494374267
1305.0,0.1817215152483448
1313.0,0.14634793380935412
1320.0,0.14461078623773332
1324.0,0.17811139625502792
1333.0,0.1447339859228546
1341.0,0.1651193933776717
1349.0,0.17096315909508308
1356.0,0.19166553678134401
1364.0,0.1834621499811623
1369.0,0.16853294717424155
1375.0,0.17655614872869457
1392.0,0.18684966737552033
1401.0,0.21678965241198148
1410.0,0.18413941085758748
1418.0,0.16193671142448574
1426.0,0.1929117714475366
1434.0,0.18888193939657769
1448.0,0.17316952397302424
1456.0,0.1988977093607084
1465.0,0.18290622287132746
1470.0,0.08350896518092683
1478.0,0.17510562403186467
1487.0,0.16227663501291031
1494.0,0.15406860010026854
1499.0,0.1734788417093397
1503.0,0.2122936911968473
1510.0,0.14939826737257633
1518.0,0.19172769797013045
1526.0,0.15746524927073652
1537.0,0.18107211852241095
1543.0,0.1683744826703674
1548.0,0.2106494774612781
1556.0,0.14233747446187817
1563.0,0.15985565985038572
1568.0,0.14986605641883502
1572.0,0.21593880540142726
1586.0,0.15151083814503188
1597.0,0.18699772231049405
1605.0,0.19161065156774182
1610.0,0.1659331976993159
1618.0,0.20236465936224576
1627.0,0.17548793002667917
1633.0,0.14487294095951753
1637.0,0.2007405877028204
1642.0,0.18810052111842795
1646.0,0.17308730228673383
1655.0,0.10552599327613774
1666.0,0.18415096959104643
1670.0,0.2037633539175143
1676.0,0.20782984276150515
1687.0,0.1761245167659021
1691.0,0.20699334683053644
1699.0,0.17392902152888443
1707.0,0.1664368848929475
1712.0,0.1741862485382885
1717.0,0.14359792957340184
1725.0,0.20054805147175175
1729.0,0.15864643498512593
1736.0,0.19232173718840223
1744.0,0.18951615377531475
1748.0,0.16503564215925037
1757.0,0.22413149041232278
1764.0,0.18723507058814606
1770.0,0.16827726197402657
1781.0,0.16470945704696807
1789.0,0.1630074226077234
1796.0,0.16801410859942428
1803.0,0.17759457477146529
1811.0,0.13823195752369583
1823.0,0.15620946421333204
1830.0,0.13485667842760463
1837.0,0.17501600486151495
1841.0,0.19618555270006613
1847.0,0.2249353306331863
1856.0,0.23480283792909223
1861.0,0.21735907184736614
1868.0,0.16865834043877667
1876.0,0.20138406886465177
1884.0,0.20494229764299676
1893.0,0.21968183393242816
1904.0,0.20451807675759373
1912.0,0.22770771978991827
1923.0,0.15627122338159283
1932.0,0.1977424849685507
1940.0,0.17398913448168052
1945.0,0.1889878469387284
1954.0,0.17321485771717307
1962.0,0.1862779681645177
1966.0,0.17020862693762098
1971.0,0.1915230124756048
1977.0,0.18325252604743777
1985.0,0.18611560127167537
1993.0,0.19440756375494175
2002.0,0.1739150229935896
2012.0,0.18516907422153778
