,3
2025.0,0.09257469519274643
2030.0,0.1718213858165456
2034.0,0.23464778583165796
2041.0,0.2159950190848719
2049.0,0.18341157984340317
2056.0,0.20787456266346613
2060.0,0.17875744435059426
2065.0,0.1674141563326926
2074.0,0.18452606985479972
2085.0,0.21814861318067638
2092.0,0.2212942223753087
2101.0,0.15646147424557222
2109.0,0.21081919108648958
2118.0,0.23392087083659094
2129.0,0.23426120229256714
2133.0,0.23316742333804916
2141.0,0.22149601768210037
2148.0,0.15787108532700064
2159.0,0.21936643239403353
2168.0,0.16088005639653327
2177.0,0.20039007824767854
2184.0,0.1610283062153168
2192.0,0.23684722915713852
2200.0,0.16796907606010564
2208.0,0.20201686638813987
2213.0,0.21230916889631193
2217.0,0.23911544135300972
2222.0,0.20484441816885912
2231.0,0.22214460408390765
2239.0,0.18682936119603233
2245.0,0.18345750987094941
2254.0,0.23079785493514826
2261.0,0.20416080731291664
2265.0,0.24400920854566202
2269.0,0.20294207452997517
2275.0,0.23106819851751942
2286.0,0.2134870918182319
2290.0,0.18978964690830935
2298.0,0.184986315158311
2304.0,0.1625841924388654
2312.0,0.15375033932544657
2322.0,0.16052940221153952
2328.0,0.20175461848682424
2339.0,0.2007879208288853
2343.0,0.22399697737274374
2353.0,0.24043808506889505
2358.0,0.17062517059626164
2363.0,0.2071018444908905
2367.0,0.23770759049984957
2375.0,0.18228160655591485
2387.0,0.23573285884769807
2399.0,0.17980490396892834
2404.0,0.14144095960866387
2416.0,0.23358537033711732
2421.0,0.21044908982904684
2428.0,0.1549492901250991
2439.0,0.25051979332637825
2443.0,0.211632529654273
2454.0,0.24088401321370742
2461.0,0.15768228087410424
2467.0,0.24149187557678398
2472.0,0.18580473451448626
2477.0,0.22202437756185306
2482.0,0.22180793867616314
2490.0,0.2464875110161955
2495.0,0.18003964986223825
2504.0,0.2095134406921466
2511.0,0.22215469928445158
2519.0,0.182240395746407
2525.0,0.18885355142102955
2534.0,0.18341265366963821
2540.0,0.14023458902026723
2549.0,0.16982712650375367
2558.0,0.19310922203518552
2567.0,0.225760988154652
2575.0,0.2197189710011332
2583.0,0.18315171531966587
2588.0,0.23222811045135827
2595.0,0.1717168327058654
2601.0,0.18484923580710214
2606.0,0.21315744349186475
2613.0,0.23710697781012077
2620.0,0.22336163845577575
2628.0,0.195653907481235
2635.0,0.1739947830824537
2643.0,0.18575276785797507
2648.0,0.22607090779516045
2657.0,0.15050604568589576
2668.0,0.2250401142696719
2676.0,0.23564440609820628
2685.0,0.17811670539099897
2692.0,0.22950904621274182
2699.0,0.21533065724262598
2706.0,0.25873453697487797
2710.0,0.18565638533052872
2718.0,0.20435399149421624
2725.0,0.17369681182477148
2736.0,0.18202563729347873
2741.0,0.16448993686373684
2750.0,0.16990384173510195
2757.0,0.23213528232138278
2765.0,0.27353802691129675
2770.0,0.21685449052229905
2777.0,0.2229464700020754
2784.0,0.1876724923207635
2788.0,0.21859960537323977
2797.0,0.1723714522810819
2801.0,0.18937096893106908
2807.0,0.2590981344604814
2813.0,0.23599319149207612
2820.0,0.18748001307381468
2827.0,0.19377009204294104
2841.0,0.2508144060960144
2847.0,0.22580348610841192
2856.0,0.20790631098133486
2868.0,0.2359816557600532
2880.0,0.2269509518983139
2887.0,0.2440432884548492
2892.0,0.2171107468111043
2904.0,0.19388919881573785
2911.0,0.21001499683222694
2917.0,0.24182521636697019
2924.0,0.2056295659267344
2929.0,0.2240421104493525
2933.0,0.20749792499825606
2940.0,0.2319561135507022
2947.0,0.20829773898991857
2955.0,0.18744784989194593
2961.0,0.19048965386278235
2969.0,0.1404670656002951
2975.0,0.21825821473696155
2981.0,0.21458108856341543
2992.0,0.213214802546261
3000.0,0.21524496680908128
3007.0,0.22308847036806234
3015.0,0.2306748081885778
3019.0,0.19017451956307763
3031.0,0.19745331541403552
3037.0,0.18896781083227265
3043.0,0.20866981539906987
3050.0,0.186047787354809
3054.0,0.2113621497715799
3065.0,0.20459061571610562
3077.0,0.18844377486978867
3088.0,0.1739358941601447
3092.0,0.22921083000566642
3098.0,0.1493365256942047
3103.0,0.1826018787205101
3113.0,0.16948302966630993
3121.0,0.14381155156133224
3135.0,0.1703171984766609
3146.0,0.18307185358907344
3153.0,0.2218915890489201
3161.0,0.24731280563495397
3165.0,0.1915663303103188
3172.0,0.11724227455541657
3180.0,0.18121127877018045
3189.0,0.04879743561899807
3193.0,0.1392846047841637
3202.0,0.22718889626559738
3213.0,0.16360038956582612
3222.0,0.22266703064036492
3236.0,0.1614932881140459
3244.0,0.16620291379422047
3252.0,0.23131265064696296
