,3
2.0,0.19968594893036692
12.0,0.2266556361434827
19.0,0.23143261390789724
28.0,0.2174570061167804
35.0,0.1980513139419266
43.0,0.17115809190685136
50.0,0.22875610188677337
59.0,0.21784114629379303
66.0,0.19003812432726677
75.0,0.2276489555783433
83.0,0.21174725022882515
88.0,0.1870600888132274
97.0,0.1473913860377742
105.0,0.22527011832892244
114.0,0.22160662650224386
122.0,0.22371367615667315
126.0,0.22103452473099147
131.0,0.2259924527029368
142.0,0.18895683040316094
149.0,0.21648591326061978
153.0,0.20641795041564487
165.0,0.1879955303782954
173.0,0.17518499000716442
182.0,0.15059081221819073
190.0,0.2262117656499786
198.0,0.21534527072269466
206.0,0.259580190585783
214.0,0.16840009104513162
220.0,0.1879104313999795
224.0,0.22685365764490034
233.0,0.23857432679075677
241.0,0.2636157259693261
249.0,0.20132489588656816
258.0,0.17857293868166135
264.0,0.2322100558275714
275.0,0.19572878735437005
286.0,0.23896786246966678
293.0,0.203650634613216
302.0,0.22320736706600358
311.0,0.18397744782206132
322.0,0.2666640500132196
333.0,0.26210697085211354
340.0,0.1890369135917213
348.0,0.21359012168623678
356.0,0.22422936498515647
362.0,0.1799340467724386
369.0,0.231990992909988
380.0,0.22445438452521466
389.0,0.17714774618910636
396.0,0.2210832241727536
404.0,0.1905563224167297
412.0,0.24226473671476495
418.0,0.23051331949697826
422.0,0.18889832942926027
427.0,0.2071096013582047
434.0,0.21357691351635852
442.0,0.19614192959836238
448.0,0.20819568188808363
459.0,0.22909301164240065
467.0,0.2338805410578869
475.0,0.22039447296710052
480.0,0.25460533389822937
484.0,0.21744707357206214
493.0,0.22580715632659565
502.0,0.17516837953762815
511.0,0.2255899275298443
519.0,0.23867404798767253
523.0,0.236733029134499
534.0,0.22470592352056154
545.0,0.25637872082082713
553.0,0.1976163017193844
563.0,0.1992452197459562
575.0,0.22405495021879931
581.0,0.23300621678885897
590.0,0.24289943260783134
598.0,0.21783120884531404
606.0,0.18312547625888614
614.0,0.2332132904023931
621.0,0.18934788731477475
630.0,0.1650284706889256
642.0,0.19727482985248676
648.0,0.22343515134789366
655.0,0.2073809421827098
662.0,0.24497047903664368
669.0,0.2144895073045202
678.0,0.16219991120510646
687.0,0.18659703061100197
697.0,0.13237208884622387
705.0,0.25716297726992704
712.0,0.1951441661463689
720.0,0.23347195334579007
724.0,0.207387650026793
732.0,0.22930035884276115
739.0,0.22215077031860667
746.0,0.11672345694454953
757.0,0.23434430153874256
766.0,0.2041452259493919
774.0,0.22565557681124918
780.0,0.1981195063180978
786.0,0.18775983182423778
791.0,0.21862232854966845
796.0,0.20631173056178292
804.0,0.2324146333287115
811.0,0.1959367075045291
819.0,0.2148238162410413
825.0,0.20371606270690384
833.0,0.24016594754650933
841.0,0.17054053691118373
848.0,0.18678746713220443
853.0,0.22281697410705847
858.0,0.23590955692204493
866.0,0.21779483136928754
874.0,0.21929387352496882
882.0,0.22209952839759572
890.0,0.24379140488211926
897.0,0.24149215416993558
904.0,0.24194738153738776
912.0,0.24747353581995407
916.0,0.1997823219728432
920.0,0.19897508031536615
927.0,0.17647150211160442
936.0,0.2036481843331081
945.0,0.2370977100980532
953.0,0.1603878130661499
960.0,0.2227217527101182
965.0,0.21267857648002855
976.0,0.16603582924154128
984.0,0.16739194584790415
994.0,0.22393049582632077
1002.0,0.23127729791957943
1010.0,0.2214820700553162
1014.0,0.2333865058250408
1022.0,0.22023822490610212
1032.0,0.15399587715515112
1039.0,0.21696284548378245
1046.0,0.22520880311461744
1057.0,0.20297067822991938
1065.0,0.1891539739086985
1073.0,0.22477734987007542
1084.0,0.20268173988184116
1098.0,0.2473103415834449
1107.0,0.2478775921959778
1114.0,0.23098607721116365
1123.0,0.2172691478858796
1131.0,0.22640481239378218
1139.0,0.19953055862829597
1148.0,0.25148577059835736
1153.0,0.2322013146905607
1161.0,0.2192592734921235
1168.0,0.17136459846114238
1176.0,0.08135679884457629
1184.0,0.24982269928712633
1193.0,0.19612331021965287
1204.0,0.17687035657296338
1212.0,0.21897961290574636
1219.0,0.18007021286151836
1226.0,0.18117419845967953
1234.0,0.1974487658839156
1241.0,0.16009528295440795
1248.0,0.18456272697685716
1253.0,0.2153421790489977
1261.0,0.18230732620170084
1266.0,0.21856605078390076
1273.0,0.20381484759883584
1280.0,0.17316605644071756
1288.0,0.1418781953898645
1299.0,0.2295922768057852
1308.0,0.2351420332521372
1316.0,0.206086617447761
1324.0,0.23222992124448327
1331.0,0.22376845474510226
1335.0,0.21371848105206706
1344.0,0.20060321502949435
1352.0,0.189646380185539
1360.0,0.21796986392190448
1367.0,0.12723106151857744
1375.0,0.23663019427279589
1380.0,0.26083628929039165
1386.0,0.22515380994136774
1397.0,0.19333027561186905
1406.0,0.13071633732123614
1415.0,0.1647047890701502
1423.0,0.1774864012942374
1431.0,0.22624439879272223
1439.0,0.19265854217447698
1453.0,0.2426581107692039
1461.0,0.15388791373079838
1470.0,0.18084979547132282
1475.0,0.21917804283768555
1484.0,0.1898843812810061
1491.0,0.24009889019767833
1496.0,0.26874608108022213
1500.0,0.25022021300862757
1507.0,0.17579466918531286
1515.0,0.17008194199152477
1523.0,0.18166135216042859
1534.0,0.22226389984857325
1540.0,0.20058139932920896
1545.0,0.21803969694631356
1553.0,0.211002497363168
1560.0,0.20303962481050802
1565.0,0.2326687437202668
1569.0,0.2152354988697098
1583.0,0.20977342890439682
1594.0,0.1820964596661821
1602.0,0.1584018223373226
1607.0,0.18059026924589675
1615.0,0.22975038937470998
1624.0,0.19835818509678727
1630.0,0.15629577984820775
1634.0,0.15723224953280937
1639.0,0.1417142734315911
1643.0,0.22362584833326365
1652.0,0.2204927614377288
1663.0,0.21194855850390457
1667.0,0.25242750096897293
1673.0,0.1860372667228061
1684.0,0.20167224371190304
1688.0,0.159481628278333
1696.0,0.2393928867575103
1704.0,0.17929160122255913
1709.0,0.1492596991083858
1714.0,0.1852017830802193
1722.0,0.15486054650884337
1726.0,0.22936223480475051
1733.0,0.2037236077201638
1741.0,0.2026990370266711
1745.0,0.19839330907790387
1754.0,0.16508486401882125
1761.0,0.163512369886601
1767.0,0.24736195469867836
1778.0,0.21649788732069594
1786.0,0.23474758079990285
1793.0,0.23895516139302078
1800.0,0.2502636953180135
1808.0,0.20914691645443986
1820.0,0.2359630068806884
1827.0,0.19330446519818303
1834.0,0.20627009919397657
1838.0,0.2174278973438312
1844.0,0.20759018457185932
1853.0,0.2127468642371711
1858.0,0.19302052582918794
1865.0,0.13115993421525401
1873.0,0.20951311200607095
1881.0,0.12975480079859197
1890.0,0.23610041400098758
1901.0,0.2236746121329418
1909.0,0.14595063878206713
1920.0,0.19949835496024507
1929.0,0.2162852154717113
1937.0,0.2301308381880405
1942.0,0.18409960066918749
1951.0,0.2277932837288729
1959.0,0.2583077834943633
1963.0,0.1893566316406317
1968.0,0.1664739385398963
1974.0,0.20547728643203142
1982.0,0.19495783590002896
1990.0,0.14753235501638937
1999.0,0.2299684944676809
2009.0,0.1182053784972211
