,5
5655.0,0.18496152939766164
5664.0,0.15691734277429967
5671.0,0.19187782262811096
5677.0,0.19454034657911015
5691.0,0.19447244842126155
5699.0,0.16083047794879132
5705.0,0.18060196967792583
5719.0,0.19100937728977344
5730.0,0.17425493832822014
5736.0,0.20995196688871207
5740.0,0.1830442543518566
5748.0,0.17059778550385912
5759.0,0.22541521460614294
5763.0,0.20982229685581133
5771.0,0.2118160296842592
5780.0,0.19933845908139738
5791.0,0.20198459461347767
5802.0,0.20725858433446606
5808.0,0.16200885394132103
5817.0,0.1704954016341819
5824.0,0.18338526322372573
5832.0,0.20596142684584348
5841.0,0.1878889401725962
5849.0,0.18724284681654052
5861.0,0.186827262643052
5869.0,0.18345449223638643
5878.0,0.1571731241742757
5886.0,0.1992166071635206
5895.0,0.1738933228620443
5906.0,0.18985449823164427
5914.0,0.16618518638404095
5922.0,0.20064638864809742
5929.0,0.1698253432987778
5933.0,0.19671156856166244
5941.0,0.20637476896340778
5949.0,0.20943461305256086
5958.0,0.18715636966224342
5967.0,0.14902705542500982
5974.0,0.15031886481409865
5981.0,0.2057341456083697
5991.0,0.1908511484646637
6003.0,0.22628383323289555
6014.0,0.2079655786381371
6023.0,0.2070774561917874
6028.0,0.18085696179105173
6036.0,0.18252406375991231
6044.0,0.2102760760684814
6052.0,0.17345090453033044
6060.0,0.195169682998208
6068.0,0.20519743229472243
6076.0,0.20996583278951417
6084.0,0.2217489562431494
6093.0,0.1930853858770649
6100.0,0.18877561414500463
6108.0,0.20417762436393677
6117.0,0.1869632795984877
6126.0,0.1923184445657224
6134.0,0.21928414905140364
6143.0,0.20564561114798877
6151.0,0.19362635071123815
6159.0,0.1722074095333734
6166.0,0.17399382813768702
6174.0,0.22000919140839625
6183.0,0.20805541851352524
6189.0,0.19460727020375104
6197.0,0.1825768842191363
6205.0,0.2099581469374803
6213.0,0.18948108549753012
6222.0,0.19175564604817563
6231.0,0.19485324861948466
6236.0,0.17385440484866166
6241.0,0.17561424608979032
6250.0,0.21215023132375294
6258.0,0.1802945193948765
6266.0,0.17320979084399066
6278.0,0.18021648603303939
6282.0,0.18928418515567588
6290.0,0.1989224456326706
6298.0,0.1763808199489134
6308.0,0.18877971643549585
6313.0,0.1847451859423639
6324.0,0.18499626376512446
6336.0,0.19861257430129992
6344.0,0.1905634800302755
6352.0,0.17292531966243432
6359.0,0.21611372160357142
6367.0,0.20885217841165687
6378.0,0.18792128660263244
6382.0,0.1944848301172209
6390.0,0.17709753464074776
6395.0,0.18450542089529529
6404.0,0.1655172104119705
6412.0,0.17533631429403204
6420.0,0.19030314759553807
6429.0,0.18871165405563442
6438.0,0.17569754596295323
6450.0,0.1705476054810397
6459.0,0.18729291025941236
6468.0,0.21513016697656334
6472.0,0.17709847922214064
6480.0,0.18683091395061266
6491.0,0.16217598529922256
6495.0,0.18261728605439964
6507.0,0.16635020267160128
6513.0,0.21803151019478056
6520.0,0.17729331744341256
6531.0,0.20602601703060805
6538.0,0.20303845604468082
6550.0,0.18071080566106568
6556.0,0.15926887943668064
6565.0,0.202248933562795
6573.0,0.17536993328146433
6582.0,0.19283790824923558
6589.0,0.22210945118427008
6597.0,0.18327199641570466
6605.0,0.1980698348325513
6612.0,0.20189314136781555
6620.0,0.19763828451987195
6624.0,0.20352826832590767
6632.0,0.18798687680098172
6638.0,0.2074394952552853
6646.0,0.17227997178955287
6654.0,0.17530588017181872
6661.0,0.1728418487440304
6665.0,0.229124934749631
6674.0,0.19824810748984714
6679.0,0.16960844090467672
6687.0,0.20526356927048128
6694.0,0.18759511006308002
6703.0,0.19709035052566645
6711.0,0.1842094636428353
6723.0,0.1974076807100798
6729.0,0.21632208911943615
6736.0,0.2008232987889427
6745.0,0.18670371551144097
6751.0,0.19467990269205962
6759.0,0.1930452007145864
6767.0,0.20969449494134895
6774.0,0.20705082016557977
6786.0,0.2156597027468097
6793.0,0.23051234694719916
6800.0,0.19875613331772155
6809.0,0.19561755757944915
6815.0,0.1843086784788804
6821.0,0.17675541023805835
6832.0,0.20651796072547185
6842.0,0.2049381349382124
6852.0,0.19430199147464544
6862.0,0.19605126567453274
6869.0,0.22602324009748764
6877.0,0.1843298197854557
6881.0,0.1843893522324848
6886.0,0.2053325324685967
6898.0,0.2045365510943047
6909.0,0.19287271781669227
6913.0,0.18520511180446028
6920.0,0.201698235027093
6924.0,0.20647671024546918
6935.0,0.19843213078564623
6942.0,0.20748997048002035
6952.0,0.16023680219157618
6960.0,0.19577096637724947
6968.0,0.19535818423992102
6979.0,0.1830198207007282
6987.0,0.16401123970873865
6994.0,0.19032697863727455
7004.0,0.17036156364410587
7011.0,0.20257681658416074
7020.0,0.18717817770110717
7032.0,0.21906491195308658
7043.0,0.20828060486037417
7050.0,0.224129773789049
7059.0,0.19688089910896253
7070.0,0.2056325378443781
7077.0,0.13149909779298413
7082.0,0.18618122488302286
7090.0,0.20264041392364157
7099.0,0.19417402439074616
7110.0,0.1431431621821313
7117.0,0.2093885663093129
7124.0,0.21122070648933985
7135.0,0.21900306888780682
7143.0,0.16983183489706055
7155.0,0.17856509416216707
7159.0,0.17302184111045069
7170.0,0.21612961876100836
7179.0,0.19914287788387777
7187.0,0.17855403938394412
7197.0,0.19500084218163982
7204.0,0.20596064740954578
7212.0,0.17574547061329518
7217.0,0.21953580451729718
7229.0,0.2349141959794162
7238.0,0.19732532142967849
7246.0,0.16201234325545671
7255.0,0.20963457932365492
7263.0,0.1876586398207933
7272.0,0.2219312554898497
7277.0,0.2145288853312853
7282.0,0.20473015471427725
7289.0,0.23076129908819235
7295.0,0.20765530786363995
7301.0,0.17329351392072218
7307.0,0.20341728275656681
7316.0,0.21066412855851105
7325.0,0.16652342239275789
7332.0,0.1896827138904382
7338.0,0.19052067714477838
7352.0,0.19495670289828923
7360.0,0.1891861906855669
7366.0,0.17832688412297393
7380.0,0.1780447630768352
7391.0,0.17429920073306907
7397.0,0.18496614041315954
7401.0,0.1811539778093873
7409.0,0.19785323838871208
7420.0,0.2039760952073019
7424.0,0.1910610793867812
7432.0,0.2040757991023619
7441.0,0.1982547270147884
7452.0,0.191416930673502
7463.0,0.20602422463213207
7469.0,0.1825607578823057
7478.0,0.1806925400824627
7485.0,0.18716206846770675
7493.0,0.1992126749944277
7502.0,0.20762025967121503
7510.0,0.20675084812066954
7522.0,0.18789926273947674
7530.0,0.1708979362810195
7539.0,0.2036209862786735
7547.0,0.1964794432908704
7556.0,0.1683329976441449
7567.0,0.1989373227926005
7575.0,0.18481566804145155
7583.0,0.21200919309919714
7590.0,0.19974384458237496
7594.0,0.17416864681925648
7602.0,0.1985075951073137
7610.0,0.16410245946240115
7619.0,0.20878147551816145
7628.0,0.19485372919813734
7635.0,0.15890734058478795
7642.0,0.13735660151442453
7652.0,0.2129362944307691
7664.0,0.2073395441952089
7675.0,0.21454821386272074
7684.0,0.20088383017072786
7689.0,0.1790540377534876
7697.0,0.2022094305953752
7705.0,0.16855513509510248
7713.0,0.1846919631322821
7721.0,0.2009275902269298
7729.0,0.18482293581445575
7737.0,0.17750135143355752
7745.0,0.16736584358952547
7754.0,0.19388904272787186
7761.0,0.2057936824806629
7769.0,0.18561505526022756
7778.0,0.17916843853986683
7787.0,0.18454638066634763
7795.0,0.21266033268538143
7804.0,0.20894560161777487
7812.0,0.16839100834223442
7820.0,0.197939662115366
7827.0,0.19270825506286865
7835.0,0.22580881387054805
7844.0,0.19840647071169437
7850.0,0.19208330028005327
7858.0,0.1828384658595917
7866.0,0.2055776968812431
7874.0,0.17111605138518457
7883.0,0.16692082677324438
7892.0,0.21680683504558654
7897.0,0.1767229702967533
7902.0,0.17295883745877996
7911.0,0.20455844102565118
7919.0,0.19047440166359983
7927.0,0.20217787756071806
7939.0,0.1770922794527158
7943.0,0.19841405376848953
7951.0,0.17297246040949896
7959.0,0.19830757584316047
7969.0,0.2078676020491399
7974.0,0.19194324095855966
7985.0,0.1828523520110488
7997.0,0.1757867654152563
8005.0,0.2062569110863298
8013.0,0.15610627707170763
8020.0,0.2087290898355947
8028.0,0.21575493749054733
8039.0,0.17648731585184294
8043.0,0.17333397501600595
8051.0,0.1714724291120243
8056.0,0.18690126310747882
8065.0,0.18788312526366577
8073.0,0.19953103557767618
8081.0,0.19955450822325088
8090.0,0.1905038027532983
8099.0,0.21707666053611085
8111.0,0.1825184539464465
8120.0,0.19055254017231535
8129.0,0.19884219649292453
8133.0,0.21899536649783924
8141.0,0.20005040623811338
8152.0,0.15337939635848968
8156.0,0.19297551694073106
8168.0,0.19801637587142124
8174.0,0.2100752703267049
8181.0,0.18926982842969994
8192.0,0.19726250576689455
8199.0,0.22259405204407723
8211.0,0.20023989006425338
8217.0,0.21265693202122177
8226.0,0.16894536248811937
8234.0,0.179987247300304
8243.0,0.20638635297265023
8250.0,0.1981001298130059
8258.0,0.20729328113740722
8266.0,0.21062748149563484
8273.0,0.20617864017129597
8281.0,0.21538783452638355
8285.0,0.21051807064161931
8293.0,0.19331275729065892
8299.0,0.21168866641556267
8307.0,0.18101423694563074
8315.0,0.1715719273123008
8322.0,0.1658910838030591
8326.0,0.1927061858960859
8335.0,0.16660949904742287
8340.0,0.18250819609041338
8348.0,0.21108472021896685
8355.0,0.18750013564456644
8364.0,0.18410784799522753
8372.0,0.1896046351585335
8384.0,0.1846853146979589
8390.0,0.21423215968018894
8397.0,0.18589016115578727
8406.0,0.19585990278974347
8412.0,0.17566322316110708
8420.0,0.1675554171040947
8428.0,0.20096693212441102
8435.0,0.1946534270796413
8447.0,0.19695570481127922
8454.0,0.1792214269906276
8461.0,0.22507234219652433
8470.0,0.22987415578583406
8476.0,0.18400026125901234
8482.0,0.18721723138088053
8493.0,0.19439908373166515
8503.0,0.18122821487695898
8513.0,0.2222390113611705
8523.0,0.1778357745251617
8530.0,0.1875580423242943
8538.0,0.2072007328123299
8542.0,0.18418546695309396
8547.0,0.19433750432634397
8559.0,0.2081876218543342
8570.0,0.24063666356426594
8574.0,0.18518284077508923
8581.0,0.19957772423171186
8585.0,0.2104471703004329
8596.0,0.1850141000259188
8603.0,0.15734734886594234
8613.0,0.19165588552079718
8621.0,0.17102175680187584
8629.0,0.17013555352906007
8640.0,0.18362889666884125
8648.0,0.1915229188250511
8655.0,0.17252900984825884
8665.0,0.18101931216026143
8672.0,0.18926027968319578
8681.0,0.1798615966499286
8693.0,0.2014801425716439
8704.0,0.22780035139437338
8711.0,0.15222396812856684
8720.0,0.19932802124014154
8731.0,0.21949842955046558
8738.0,0.13941575822263721
8743.0,0.1517870376602555
8751.0,0.228388026472635
8760.0,0.2000933230130981
8771.0,0.16615816071186457
8778.0,0.20342822958312537
8785.0,0.21197598809558865
8796.0,0.20292204898821795
8804.0,0.1452033666855446
8816.0,0.17341271456610657
8820.0,0.20375944859244335
8831.0,0.17064040034525849
8840.0,0.17063519601933377
8848.0,0.1607312205205644
8858.0,0.1919410865229748
8865.0,0.21324357897003476
8873.0,0.1788802500672325
8878.0,0.16712427277414893
8890.0,0.19268797380602748
8899.0,0.17023750060917792
8907.0,0.18593678647739456
8916.0,0.17852372217423076
8924.0,0.1958236029063783
8933.0,0.18686434636243582
8938.0,0.22596705383885476
8943.0,0.19430150987493724
