,3
5655.0,0.15546364359629336
5664.0,0.23210888615482106
5671.0,0.17409634460359508
5677.0,0.17936633466997548
5691.0,0.19592975845655716
5699.0,0.21798182791400586
5705.0,0.23589420371834122
5719.0,0.21921724153861158
5730.0,0.2507442727748472
5736.0,0.1611885411723217
5740.0,0.1985398055139304
5748.0,0.23917327595101842
5759.0,0.22896957222176692
5763.0,0.18227502283030067
5771.0,0.2285761610465052
5780.0,0.23664080094851825
5791.0,0.23226249764566587
5802.0,0.14730561313906274
5808.0,0.1790467598738061
5817.0,0.23401294488387697
5824.0,0.2334843895851541
5832.0,0.19738097469518145
5841.0,0.172486775435705
5849.0,0.1685449886098856
5861.0,0.16304859352711154
5869.0,0.23104270038047933
5878.0,0.18947443876558623
5886.0,0.19805498077058528
5895.0,0.16726337056874746
5906.0,0.1921028681733198
5914.0,0.21143023308772288
5922.0,0.20442443133255672
5929.0,0.19453587483071721
5933.0,0.19189299904865323
5941.0,0.2552828761723669
5949.0,0.21049501422280012
5958.0,0.23008675707990553
5967.0,0.2074977013268671
5974.0,0.21498280148829682
5981.0,0.2313803785710373
5991.0,0.12841818661725868
6003.0,0.15513474132505678
6014.0,0.22341494349288848
6023.0,0.21768471774690504
6028.0,0.177254359342053
6036.0,0.2108733053181542
6044.0,0.1420880328408287
6052.0,0.18100933926442062
6060.0,0.2324128337816076
6068.0,0.23272235847008438
6076.0,0.22417779576090557
6084.0,0.2438357345665943
6093.0,0.19664870656527803
6100.0,0.1932668119533639
6108.0,0.20910051394204066
6117.0,0.22828417160570894
6126.0,0.1901188198259898
6134.0,0.20818494855603098
6143.0,0.23462378073519685
6151.0,0.178248940126498
6159.0,0.23203422597543535
6166.0,0.22150916309035557
6174.0,0.13064804650147904
6183.0,0.23740700063574527
6189.0,0.1975327189829416
6197.0,0.21470437062960138
6205.0,0.19192969909159424
6213.0,0.22366538590234125
6222.0,0.23034864241146782
6231.0,0.2515117840210986
6236.0,0.18663652281151152
6241.0,0.11713442835580275
6250.0,0.18958299362543232
6258.0,0.11561994206999823
6266.0,0.18943986926964965
6278.0,0.2877463161625347
6282.0,0.21094349016318606
6290.0,0.21643611932633494
6298.0,0.18214224725867798
6308.0,0.21070592155307394
6313.0,0.19683133769307876
6324.0,0.15466926176688855
6336.0,0.2004105027562029
6344.0,0.15682105397984727
6352.0,0.22405921029127587
6359.0,0.2145512479903731
6367.0,0.17586555813524277
6378.0,0.20973987094875557
6382.0,0.15444720668916967
6390.0,0.21069063813879518
6395.0,0.20737718711674594
6404.0,0.1989041074444118
6412.0,0.20390750944257996
6420.0,0.22589614144682274
6429.0,0.2205347876978483
6438.0,0.21711924281510547
6450.0,0.1884173657079871
6459.0,0.2256134997505405
6468.0,0.16276942398944014
6472.0,0.21777095030133958
6480.0,0.22756978163304714
6491.0,0.1664862318237449
6495.0,0.2357887069880833
6507.0,0.17671046826459746
6513.0,0.21654360564443575
6520.0,0.2103835448964747
6531.0,0.19865571387041783
6538.0,0.21125080987097802
6550.0,0.2187662852578898
6556.0,0.13835901693122865
6565.0,0.1651557923570944
6573.0,0.1933388585242961
6582.0,0.2004058682064345
6589.0,0.27302973916622203
6597.0,0.18816428323256548
6605.0,0.20381001418890715
6612.0,0.2042254288863371
6620.0,0.19954964992583915
6624.0,0.18964536856220754
6632.0,0.20410135045239539
6638.0,0.2238161998970696
6646.0,0.20363985595530543
6654.0,0.1662027376951828
6661.0,0.2076274773265606
6665.0,0.20737216192144
6674.0,0.17917508730021073
6679.0,0.21601923607953924
6687.0,0.16952138429069616
6694.0,0.14302823946183135
6703.0,0.22892612739758675
6711.0,0.12763855702280621
6723.0,0.20248898149619868
6729.0,0.2612090420177658
6736.0,0.17676439190311036
6745.0,0.1730084349812328
6751.0,0.21563813446464916
6759.0,0.23364687364463757
6767.0,0.220861930041661
6774.0,0.23437685984612236
6786.0,0.22545648322562542
6793.0,0.21276886704699635
6800.0,0.2008719574081368
6809.0,0.20063339723886314
6815.0,0.2127382703838624
6821.0,0.1983161508502295
6832.0,0.1578553516550311
6842.0,0.20807105334297596
6852.0,0.20234895059103847
6862.0,0.1749205408398051
6869.0,0.18653289924149272
6877.0,0.24029605337143026
6881.0,0.2466358812211227
6886.0,0.2181945786546495
6898.0,0.18141761064136283
6909.0,0.18752645112362093
6913.0,0.20175488880600453
6920.0,0.19269963677759924
6924.0,0.2012337234231566
6935.0,0.17897987214195676
6942.0,0.19400946885331644
6952.0,0.11717351308623655
6960.0,0.20249616544688054
6968.0,0.22103707255005525
6979.0,0.19598729766370065
6987.0,0.20420528194421325
6994.0,0.21189947468894182
7004.0,0.21298543142196757
7011.0,0.1694415862199778
7020.0,0.22850672688005025
7032.0,0.2018046424537618
7043.0,0.19559360521892755
7050.0,0.2556261933092865
7059.0,0.24196737016828804
7070.0,0.2127804466924811
7077.0,0.17478372117553365
7082.0,0.2203224779831708
7090.0,0.21440127617237137
7099.0,0.19114356922570905
7110.0,0.20337800207351223
7117.0,0.2096458347351217
7124.0,0.17837893738904848
7135.0,0.2550953984911474
7143.0,0.2172257149742722
7155.0,0.20763376190620098
7159.0,0.22073192022805418
7170.0,0.20087565187436537
7179.0,0.24213434787072996
7187.0,0.2261854598969129
7197.0,0.20543094542700815
7204.0,0.19424352599240707
7212.0,0.23059304244520495
7217.0,0.23094159427391162
7229.0,0.20915645916706194
7238.0,0.19264491669366823
7246.0,0.1901596628400995
7255.0,0.1813445105121579
7263.0,0.22824604675289986
7272.0,0.2671606168031346
7277.0,0.1811376036289516
7282.0,0.18909268724956516
7289.0,0.23005282091827195
7295.0,0.17213403634147714
7301.0,0.22052223375358893
7307.0,0.15615276676866618
7316.0,0.24195306762465982
7325.0,0.219016756956033
7332.0,0.17375116672438073
7338.0,0.1992169308165945
7352.0,0.2165650406951248
7360.0,0.2027113643524903
7366.0,0.16653452951054307
7380.0,0.2061682039691402
7391.0,0.22664050446796635
7397.0,0.1971303345262877
7401.0,0.19329785016380865
7409.0,0.23275524979202114
7420.0,0.24995354216828933
7424.0,0.197069480251633
7432.0,0.16749211670691275
7441.0,0.21914675399876557
7452.0,0.24266306339057597
7463.0,0.21142161120991282
7469.0,0.25639380000022854
7478.0,0.22212705261330637
7485.0,0.21363611268133173
7493.0,0.17100577161687328
7502.0,0.22479046066251301
7510.0,0.21521757074411282
7522.0,0.25195375778442225
7530.0,0.24509624941077035
7539.0,0.22144032158402488
7547.0,0.17404350935080176
7556.0,0.20772346044590329
7567.0,0.1576892079556553
7575.0,0.2350565942081697
7583.0,0.19604084725075482
7590.0,0.19420949229560838
7594.0,0.22940569167955366
7602.0,0.23176798396827686
7610.0,0.22411802688255594
7619.0,0.19559399515412
7628.0,0.23148747096298442
7635.0,0.23723456132691054
7642.0,0.2153979829371305
7652.0,0.13070417423053313
7664.0,0.20987038092441188
7675.0,0.22678490048605818
7684.0,0.2964855511508671
7689.0,0.21083212573111504
7697.0,0.19022930516246198
7705.0,0.18719209897603345
7713.0,0.16179099694060983
7721.0,0.2381436631560401
7729.0,0.16214637670375892
7737.0,0.21379662730813503
7745.0,0.2247321488863963
7754.0,0.23110073718870727
7761.0,0.2025129090754041
7769.0,0.2636062443690208
7778.0,0.24725545690851528
7787.0,0.1910955448066005
7795.0,0.22876268597150803
7804.0,0.21228603232519655
7812.0,0.2136522919528616
7820.0,0.2270993523840404
7827.0,0.2215340419334079
7835.0,0.1528193376939429
7844.0,0.19125001224064594
7850.0,0.2250811424395644
7858.0,0.20437956273456484
7866.0,0.1925315403555049
7874.0,0.2024809522694126
7883.0,0.15279951333542294
7892.0,0.18871010546513683
7897.0,0.25198289420917125
7902.0,0.211091585176764
7911.0,0.16082097210805754
7919.0,0.14560219405854746
7927.0,0.1964952772858003
7939.0,0.18188794422383356
7943.0,0.18093867863662358
7951.0,0.23273020996489122
7959.0,0.21379663756930578
7969.0,0.19942791253596953
7974.0,0.22288163482058776
7985.0,0.1535876250803037
7997.0,0.20430346570528946
8005.0,0.16787105315951872
8013.0,0.22324304705341683
8020.0,0.21301286498872665
8028.0,0.12139496981264875
8039.0,0.23238751440099412
8043.0,0.23277802524533397
8051.0,0.26772543186400904
8056.0,0.1815218199967068
8065.0,0.2209532200627462
8073.0,0.1914011255396437
8081.0,0.20965948785390434
8090.0,0.2154671873371863
8099.0,0.21181192428496282
8111.0,0.2270122960741772
8120.0,0.20823638670975286
8129.0,0.18271387515440676
8133.0,0.22333950134261474
8141.0,0.24484288165080198
8152.0,0.2427059923621275
8156.0,0.20620598252315575
8168.0,0.20664096582642616
8174.0,0.262180771865717
8181.0,0.24379791854150087
8192.0,0.19335224170484575
8199.0,0.22224030277755477
8211.0,0.2251979054446547
8217.0,0.17927311876801974
8226.0,0.21091434898228592
8234.0,0.12715969105784167
8243.0,0.22786777052588153
8250.0,0.2034797439717478
8258.0,0.21731768134627394
8266.0,0.22874489649745033
8273.0,0.23147227413450053
8281.0,0.20768724400194613
8285.0,0.21209641657594305
8293.0,0.207623095955963
8299.0,0.20077780080763571
8307.0,0.23752306025680114
8315.0,0.19522300871286555
8322.0,0.20810725029217247
8326.0,0.21053806807675693
8335.0,0.22312871572821108
8340.0,0.2363878978162398
8348.0,0.22929056483150864
8355.0,0.13050719013414913
8364.0,0.23389663244164327
8372.0,0.19247647231412562
8384.0,0.22269175944474098
8390.0,0.24608500438997225
8397.0,0.15971714274723464
8406.0,0.16906745566856135
8412.0,0.18177631102369735
8420.0,0.15801655519394742
8428.0,0.13534219613095366
8435.0,0.17228535674962547
8447.0,0.200611428988558
8454.0,0.17520826092376637
8461.0,0.21669079130930824
8470.0,0.18365626525398754
8476.0,0.24371105134494148
8482.0,0.24014313872924467
8493.0,0.18240182690709494
8503.0,0.21260656239945924
8513.0,0.2346316958870345
8523.0,0.15352469186615259
8530.0,0.08144707770991405
8538.0,0.22964120132149468
8542.0,0.24246711779271496
8547.0,0.24536882097811694
8559.0,0.21633759442895936
8570.0,0.1562660142709753
8574.0,0.23498323910871607
8581.0,0.20276270174893793
8585.0,0.12052193900722936
8596.0,0.2086828222871802
8603.0,0.2256475852413398
8613.0,0.11660472055020252
8621.0,0.15901880536595836
8629.0,0.2435563499732229
8640.0,0.20715498571745264
8648.0,0.17586327734555932
8655.0,0.1968610373276369
8665.0,0.1961323285715404
8672.0,0.21799890384714987
8681.0,0.21911785011404053
8693.0,0.21311518317362693
8704.0,0.19958180981071807
8711.0,0.22628194963562714
8720.0,0.23763865487697322
8731.0,0.20241436119881157
8738.0,0.20436472491019947
8743.0,0.22619879194690815
8751.0,0.14477404634692145
8760.0,0.18863881444732863
8771.0,0.21294312238154037
8778.0,0.24291132986098962
8785.0,0.17972001930272152
8796.0,0.2029432723575184
8804.0,0.16731813668337286
8816.0,0.1724551613871767
8820.0,0.22121759164977256
8831.0,0.2569635510245723
8840.0,0.21991222638185737
8848.0,0.21969979675749032
8858.0,0.19238035306022422
8865.0,0.2258619664642842
8873.0,0.24899410706341618
8878.0,0.20623510999294922
8890.0,0.18607751211888712
8899.0,0.1899160135587417
8907.0,0.19434405638946023
8916.0,0.2501438556549504
8924.0,0.17598385770716077
8933.0,0.2622851865743679
8938.0,0.2246582060427501
8943.0,0.19039884605267063
