,3
3282.0,0.2121472020166279
3287.0,0.20683194741219754
3293.0,0.13500658583443645
3302.0,0.1827097163555568
3313.0,0.2466967627569302
3320.0,0.21581794263102325
3327.0,0.22719439100889696
3332.0,0.22814368723825476
3340.0,0.20522188690270815
3349.0,0.22269459835231226
3354.0,0.22598810988267007
3365.0,0.1585657181293928
3370.0,0.21664441482156094
3381.0,0.2083178595748609
3389.0,0.21490459487422284
3400.0,0.23240613129778814
3409.0,0.22033693390068856
3418.0,0.22062347646093125
3426.0,0.2139653918400442
3435.0,0.2170785260321236
3445.0,0.18879695590419288
3453.0,0.1977850319568716
3461.0,0.17485239982372464
3469.0,0.16839882378981236
3477.0,0.22929856657023445
3484.0,0.19670065927758595
3498.0,0.1710318247666389
3507.0,0.18220535235713092
3515.0,0.16092224285873957
3524.0,0.22046198455131924
3532.0,0.1692846056170412
3536.0,0.19773801330337568
3548.0,0.22405205388115731
3560.0,0.19285997278084743
3568.0,0.2502614024753592
3580.0,0.15526644192316152
3591.0,0.16400877841596817
3600.0,0.19573030773316238
3609.0,0.16627137366757352
3617.0,0.25545896397892476
3628.0,0.2585870185098685
3636.0,0.2560460097880663
3643.0,0.2365824384527228
3650.0,0.1652491470588998
3659.0,0.21241118355492852
3669.0,0.20025348518290043
3674.0,0.1985782308816446
3683.0,0.19226546766092698
3691.0,0.1964380194780534
3696.0,0.13532225340457443
3704.0,0.2033850686896727
3711.0,0.24016631445145642
3720.0,0.23143913823939696
3728.0,0.18229867815291362
3735.0,0.21754610392494886
3744.0,0.1889842366620796
3748.0,0.22461297347771045
3755.0,0.21468104659875673
3769.0,0.2181929752512099
3779.0,0.19203612146891727
3788.0,0.16624720533182902
3796.0,0.2634120475503258
3805.0,0.21483988254059305
3816.0,0.2157677493569554
3828.0,0.21510781390536762
3832.0,0.17939343755284173
3841.0,0.1620304853368463
3847.0,0.18895049449674983
3856.0,0.2254511155838122
3864.0,0.14074202163088212
3876.0,0.22442597505951295
3887.0,0.1879953141486075
3895.0,0.1860515716633464
3906.0,0.21510335334825528
3914.0,0.19794132882509852
3921.0,0.20503975477385183
3929.0,0.19610466890859699
3936.0,0.1867770371928187
3943.0,0.22766892554966384
3950.0,0.18637152108336116
3958.0,0.17875235747689758
3966.0,0.20509751334873716
3975.0,0.22603941703913086
3980.0,0.21989935189739862
3986.0,0.21721793262983763
3991.0,0.25186801139707626
3995.0,0.23256512084500452
4000.0,0.18825815677821417
4007.0,0.17679997870917422
4015.0,0.15610162796123345
4022.0,0.2263913611570281
4029.0,0.21007448599188133
4036.0,0.16720329871871376
4048.0,0.19192834257034755
4057.0,0.1591182639369775
4061.0,0.2252621368145766
4066.0,0.20491323369690018
4071.0,0.17490166583477196
4079.0,0.213680563375706
4084.0,0.17575824855788985
4088.0,0.21671191196248205
4099.0,0.19290509480024362
4105.0,0.2285881342903348
4117.0,0.19426240948374826
4124.0,0.2135278487180679
4131.0,0.1779326273798724
4140.0,0.1479210788192175
4147.0,0.21498603527045615
4156.0,0.17210454417193166
4163.0,0.2515440735160712
4170.0,0.22730558160829673
4177.0,0.17073212993174
4185.0,0.2678838058779424
4191.0,0.20012837774964762
4200.0,0.22435840989093359
4207.0,0.16536398520577703
4214.0,0.18871005474951988
4219.0,0.1740341968818174
