,5
2.0,0.2020385508862229
6.0,0.1805726775419409
11.0,0.21158380076676936
19.0,0.18607695361755885
24.0,0.19986682924559998
32.0,0.19032747089116592
40.0,0.20130814965279187
45.0,0.18219766728165523
50.0,0.17950371140513882
58.0,0.16998542652079537
67.0,0.19195448661284573
76.0,0.17067249683689514
83.0,0.18600750894668172
91.0,0.1803697458644065
96.0,0.2002590335722487
105.0,0.1850610627609937
113.0,0.1819909626807891
117.0,0.16889254285040975
125.0,0.1791604914105275
134.0,0.19226810413509127
140.0,0.19052908945211708
146.0,0.19749807146726361
154.0,0.20649270469034564
162.0,0.1922478541491243
171.0,0.18504251010782732
178.0,0.20418906722858285
183.0,0.174167860872526
190.0,0.16398274469187954
197.0,0.22133649325035568
202.0,0.16992513545172008
206.0,0.19941961939972822
214.0,0.1945941187456676
223.0,0.1939656667674242
230.0,0.1949926968296128
237.0,0.14390679655651123
245.0,0.18450419903149273
252.0,0.2102696247492562
260.0,0.20796023578487485
266.0,0.1999670254344136
270.0,0.18271132255921602
277.0,0.19766527413769872
285.0,0.195803941945114
297.0,0.19211710722272746
305.0,0.21062816530231493
312.0,0.20728549565401463
320.0,0.19015430717047382
328.0,0.18673078986764774
332.0,0.19975442299913357
341.0,0.1882985841823824
351.0,0.17473259214509718
359.0,0.1789672910909095
367.0,0.23064405367419713
376.0,0.2087480186380767
380.0,0.2009502747747472
387.0,0.18459157425204006
395.0,0.2023952581519353
407.0,0.19356275895492292
415.0,0.18632398721221702
422.0,0.19380293659949935
428.0,0.19990779441913373
432.0,0.19191923759536755
439.0,0.18530833507474564
444.0,0.22364136682140442
451.0,0.18141672378007168
458.0,0.17729086717782572
466.0,0.20354857224622824
473.0,0.18618070918230037
480.0,0.1863584086346197
488.0,0.19035407817437083
497.0,0.19090972359584382
505.0,0.18238896908640836
513.0,0.21243550009447024
521.0,0.203208275646169
530.0,0.1954508601109817
539.0,0.17866252949498262
547.0,0.16368730877975066
555.0,0.15990329963938799
560.0,0.1785189697080378
568.0,0.1897558967367721
577.0,0.17436143387840444
586.0,0.18648528953938878
595.0,0.18897925527741802
603.0,0.184149914444103
611.0,0.2091856012218986
618.0,0.20804572754555722
630.0,0.20595760161823906
639.0,0.1947977021719274
644.0,0.1747463036994192
651.0,0.1800614799051582
660.0,0.19654711004469466
669.0,0.16949022485944076
678.0,0.19948607776558772
688.0,0.18530844981374014
695.0,0.21235501374040305
703.0,0.19765808759721562
710.0,0.2104891237814835
717.0,0.20020699512908352
728.0,0.1878224836474653
735.0,0.1731917855457004
743.0,0.21040141881926783
751.0,0.20349645687448123
758.0,0.19717064702359707
764.0,0.16836605840623156
768.0,0.19105624562102289
780.0,0.18203495559760974
786.0,0.19279253912880126
796.0,0.2091911257982456
805.0,0.17822245692882208
813.0,0.1809814427279777
823.0,0.16382291581579717
832.0,0.21993354450829122
841.0,0.17076518617453446
849.0,0.17711223230265016
854.0,0.18633047219006327
862.0,0.1856515980181628
874.0,0.1761072408548911
882.0,0.1984373940996745
887.0,0.1616684311358801
895.0,0.17415873805438553
899.0,0.16059180696728217
907.0,0.20340338385553414
914.0,0.16601042367762514
921.0,0.18667493302776805
932.0,0.21405192874363924
944.0,0.19396480001348973
952.0,0.1788984847444369
957.0,0.20249365275341538
968.0,0.1914702641994484
975.0,0.2061868180800108
986.0,0.20922368341928219
995.0,0.19410306130937882
999.0,0.19256862694696292
1007.0,0.1918290260772221
1015.0,0.18459586666458289
1021.0,0.21917035534501011
1029.0,0.2090420799699614
1034.0,0.17797801792444629
1043.0,0.15946492604199478
1052.0,0.1522834727768392
1061.0,0.19591527728818395
1069.0,0.15917786194829317
1078.0,0.17087101434726895
1083.0,0.19233119174869626
1091.0,0.18197235296713266
1105.0,0.21400249032835886
1111.0,0.18689558361436256
1116.0,0.20444547273556685
1125.0,0.21777656626407904
1133.0,0.2078730449860484
1142.0,0.18792181766051996
1150.0,0.1948085662209868
1159.0,0.19479366376803517
1164.0,0.18031474866670502
1175.0,0.16486877481060244
1183.0,0.1864167567216784
1191.0,0.1696260659357058
1198.0,0.174060363662306
1206.0,0.1963822505568357
1211.0,0.16714238867019057
1215.0,0.20347623986433483
1224.0,0.1628642699419791
1230.0,0.18174762530552024
1237.0,0.17343082743419663
1242.0,0.18303614723406197
1249.0,0.17014459959673012
1254.0,0.20640505226455153
1260.0,0.15592965459912975
1266.0,0.19562334495599287
1274.0,0.19540776986421637
1281.0,0.21184006379742093
1289.0,0.21233738732548293
1297.0,0.21689591393367724
1302.0,0.1915037121615196
1310.0,0.19784515413259754
1320.0,0.19091853802426179
1332.0,0.21784031151889724
1337.0,0.19443451996217687
1345.0,0.1694288224497255
1349.0,0.18036990559058824
1356.0,0.2025431549264078
1365.0,0.19431251639919914
1373.0,0.20105811054710845
1377.0,0.21758445202644697
1384.0,0.20842988998664413
1390.0,0.17722640321663274
1394.0,0.20052631388759193
1401.0,0.19648565577971713
1408.0,0.17437540850791916
1413.0,0.1946990682008465
1420.0,0.19331457425780244
1427.0,0.19595450148186624
1435.0,0.13744063395459397
1441.0,0.19154611583199616
1449.0,0.1722758458921512
1453.0,0.1880609842621889
1460.0,0.18824106142726055
1468.0,0.1713723024182385
1475.0,0.21157445102981115
1482.0,0.16393983903906015
1486.0,0.18798614341681585
1498.0,0.2091744368582234
1507.0,0.19131147457524914
1514.0,0.18432514351581483
1521.0,0.17252521464255066
1530.0,0.18740183164954782
1539.0,0.18874223842013607
1547.0,0.1873710700117639
1556.0,0.19997630802973085
1565.0,0.20441140155987506
1576.0,0.18576543505547713
1584.0,0.1915886224397488
1592.0,0.18712790527010165
1601.0,0.1994881359156288
1611.0,0.18753979374527027
1620.0,0.18660731916936002
1629.0,0.2004461028424958
1637.0,0.1678573648832891
1644.0,0.18098305048462185
1650.0,0.25065843955707046
1655.0,0.22732603056799625
1663.0,0.18829887252581004
1671.0,0.19394554100985423
1676.0,0.16379570824358214
1681.0,0.18472229890331782
1689.0,0.1658759883018743
1698.0,0.18361493565135947
1707.0,0.1835947088907659
1714.0,0.1734416364850719
1722.0,0.1718841515597815
1727.0,0.19860652601242584
1736.0,0.17514611120279008
1744.0,0.19016465654595363
1748.0,0.17330975614824518
1756.0,0.18487694460122064
1765.0,0.203090573879469
1771.0,0.1762833456645463
1777.0,0.1558212217125355
1785.0,0.19637179727550536
1793.0,0.1805122674566356
1802.0,0.1708951861357147
1809.0,0.1977751102010596
1814.0,0.17516077269428806
1821.0,0.192521761682506
1828.0,0.20943708190735016
1833.0,0.17131857529578545
1837.0,0.1807315489156137
1845.0,0.18186611329164107
1854.0,0.19883181253493842
1861.0,0.16997880059653236
1868.0,0.20032785784787555
1876.0,0.20936897959640158
1883.0,0.19828636422870735
1891.0,0.1666129332497149
1897.0,0.2157654428691554
1901.0,0.18212995602929696
1908.0,0.1741477886439388
1916.0,0.17206678745779308
1928.0,0.183810657689735
1936.0,0.19333006932789518
1943.0,0.1754795142017945
1951.0,0.18375217997719198
1959.0,0.17866815117324705
1963.0,0.20294323990438232
1972.0,0.19740661712996696
1982.0,0.18632188846853137
1990.0,0.19522684085769007
1998.0,0.19443876101862886
2007.0,0.1891121976067614
2011.0,0.20471319159933754
2018.0,0.18523131527068107
2026.0,0.18372577281329958
2038.0,0.20912016107877002
2046.0,0.18460761005656204
2053.0,0.18296203853890183
2059.0,0.19654643014724751
2063.0,0.19766966486488688
2070.0,0.18449146731423033
2075.0,0.2187317604325644
2082.0,0.1816141712424912
2089.0,0.1841749930063693
2097.0,0.21681491904438258
2104.0,0.19061699391812237
2111.0,0.18505639649468766
2119.0,0.1785262353230241
2128.0,0.17135587131630214
2136.0,0.16685537650094381
2144.0,0.1927421229572313
2152.0,0.19540376598591008
2161.0,0.200609041680425
2170.0,0.1816285373414603
2178.0,0.1849280557777263
2186.0,0.18798664785797697
2191.0,0.20063526820818495
2199.0,0.21298325444208316
2208.0,0.19292941189773333
2217.0,0.19569230650489736
2226.0,0.21552491182830588
2234.0,0.2091066858337584
2242.0,0.20065983020159783
2249.0,0.2093550506003746
2261.0,0.1702171950882296
2270.0,0.19403602667804376
2275.0,0.20252649145353155
2282.0,0.16007902347213163
2291.0,0.16054797289735454
2300.0,0.1765304458413631
2309.0,0.19250439407439532
2319.0,0.1786825570038741
2326.0,0.21886901559559394
2334.0,0.18899150481399565
2341.0,0.19457398848804136
2348.0,0.19231718927450905
2359.0,0.19108384403918366
2366.0,0.17354322738259442
2374.0,0.2070281356764502
2382.0,0.18769155799421378
2389.0,0.19423515293087476
2395.0,0.18541874603530162
2399.0,0.1828321845062546
2411.0,0.19063579456895055
2417.0,0.20951841021572767
2427.0,0.21151375043383613
2436.0,0.17530870616072067
2444.0,0.19819041905337056
2454.0,0.17776442167509288
2463.0,0.20393013063451565
2472.0,0.21563853081951234
2480.0,0.18707860027975862
2485.0,0.2091050201014045
2493.0,0.18715943405869603
2505.0,0.17837506335129513
2513.0,0.17787929543688147
2518.0,0.1992255501920362
2526.0,0.17771165008634776
2530.0,0.16913877857110718
2538.0,0.18638881613542838
2545.0,0.17332465351179
2552.0,0.17896533667917391
2563.0,0.16775639946679655
2575.0,0.19131442365884233
2583.0,0.20479670206795808
2588.0,0.20338923882936374
2599.0,0.1971899980744535
2606.0,0.1999296172282231
2617.0,0.18124524898299677
2626.0,0.18035250640191658
2630.0,0.18751111387021266
2638.0,0.20527768496294202
2646.0,0.19568632477705528
2652.0,0.1826192957422977
2660.0,0.18395523140596817
2665.0,0.17644233008217455
2674.0,0.1954121413488326
2683.0,0.1916823001347755
2692.0,0.1758712999673221
2700.0,0.1682713186881377
2709.0,0.19687826908989597
2714.0,0.18630946992941025
2722.0,0.18198593120270354
2736.0,0.18708228858083287
2742.0,0.17812596073882322
2747.0,0.18781879518319855
2756.0,0.1941710715968795
2764.0,0.19482004529968766
2773.0,0.17253291157427328
2781.0,0.1947016396736577
2790.0,0.17828687666418325
2795.0,0.15673614922821985
2806.0,0.17382619621148362
2814.0,0.19135443514878514
2822.0,0.19521153066351912
2829.0,0.21097533076153888
2837.0,0.1843312385774017
2842.0,0.190655578216066
2846.0,0.17763502458096647
2855.0,0.17930877896226027
2861.0,0.16940149367554988
2868.0,0.16155956924322837
2873.0,0.2182338640784387
2880.0,0.19686085036747458
2885.0,0.1967081037741115
2891.0,0.17511895028890026
2897.0,0.17898981933747737
2905.0,0.20627712250741062
2912.0,0.1917112606597014
2920.0,0.17368438432815675
2928.0,0.17536540312542498
2933.0,0.18824139949487492
2941.0,0.200291657965634
2951.0,0.17189632212943745
2963.0,0.1856545073105935
2968.0,0.1715888069138662
2976.0,0.1675239011154765
2980.0,0.18342313977072128
2987.0,0.17883540238054516
2996.0,0.20254364262726512
3004.0,0.20487162824884084
3008.0,0.20238033872096367
3015.0,0.20645742182703036
3021.0,0.15396027911967738
3025.0,0.20139253248345457
3032.0,0.2002231347895563
3039.0,0.18050731928239963
3044.0,0.161205469699988
3051.0,0.191907194764095
3058.0,0.19671401435697644
3066.0,0.16455640636270794
3072.0,0.19226181098475068
3080.0,0.1609473307537511
3084.0,0.16531746136779263
3091.0,0.20915280139972114
3099.0,0.17872753252264206
3106.0,0.2008551852630368
3113.0,0.14761812362948332
3117.0,0.17919450710846072
3129.0,0.20455864090560436
3138.0,0.18674575475646363
3145.0,0.1909496217047039
3152.0,0.17292478703950653
3161.0,0.1984307770104674
3170.0,0.17433058236143098
3178.0,0.18684462887806427
3187.0,0.21720400504824958
3196.0,0.19393129019116762
3207.0,0.19502786432934116
3215.0,0.1800600774345509
3223.0,0.18781801360105754
3232.0,0.19552955465830255
3242.0,0.18278489077733212
3251.0,0.18573293525761048
3260.0,0.19853622726741368
3268.0,0.1819924740216384
3275.0,0.1844012605936242
