,4
2872.0,0.22981189610387326
2877.0,0.17975357828039704
2888.0,0.2224489691451368
2899.0,0.16003640049776763
2905.0,0.15890128842133536
2913.0,0.21373601810437903
2922.0,0.19980980678252208
2926.0,0.21009205115676544
2935.0,0.19336126203233595
2941.0,0.18887119603542704
2949.0,0.15292044248465342
2958.0,0.13524850639112215
2966.0,0.12558439181446335
2974.0,0.12432843077156433
2979.0,0.20944381208587348
2987.0,0.21111072866834582
2994.0,0.21247790913654893
3001.0,0.19182878973231016
3010.0,0.167552826625878
3018.0,0.17293203848988045
3027.0,0.1888292867181301
3036.0,0.2382304533262079
3042.0,0.21438380387805475
3049.0,0.15701260471083064
3060.0,0.2156925307598187
3065.0,0.20673865356611895
3072.0,0.18742756845231728
3080.0,0.162928637237033
3088.0,0.16393134244085755
3097.0,0.18301808693703675
3105.0,0.20165571541848454
3113.0,0.19628632295700207
3119.0,0.20769132299820772
3126.0,0.17097388380020503
3135.0,0.15557099619997974
3144.0,0.16673452445225345
3152.0,0.21052241870235297
3159.0,0.17741045602433944
3167.0,0.21715299172627509
3173.0,0.17153483047360343
3177.0,0.19418871457530798
3185.0,0.18303267521421174
3192.0,0.18230098344190476
3200.0,0.15689156898374224
3204.0,0.23089234749394613
3211.0,0.18514174384610957
3220.0,0.1673738195802667
3225.0,0.16876788191059652
3230.0,0.1928555367696848
3241.0,0.2316842509890301
3255.0,0.19323578660011165
3263.0,0.1954495093405277
3269.0,0.16768130691880695
3278.0,0.18961784543275506
3286.0,0.17866457792006835
3294.0,0.21112836520467254
3299.0,0.20734665962190296
3305.0,0.13190339926482578
3314.0,0.18846823031430263
3323.0,0.18377752644291695
3331.0,0.1884584318007917
3339.0,0.1989397177068158
3348.0,0.1675487046261928
3356.0,0.18906433383413862
3361.0,0.19014007977474562
3370.0,0.16193481047888492
3381.0,0.17914907845556288
3387.0,0.21524701604523533
3395.0,0.1845218705287525
3403.0,0.1846351652600515
3414.0,0.18754178189294504
3421.0,0.17208495438255722
3425.0,0.1652726680910674
3436.0,0.1888350643764749
3443.0,0.187297729095569
3452.0,0.1734287079567537
3460.0,0.16410592647569452
3469.0,0.20589074009498512
3477.0,0.20090935872238766
3484.0,0.17420620353662528
3493.0,0.1873284631814788
3498.0,0.19122395711803283
3506.0,0.20095761635828976
3517.0,0.19725613529972638
3525.0,0.19683188688507527
3533.0,0.20460127488046012
3541.0,0.18197921791379637
3550.0,0.2165076588178894
3555.0,0.16408780497635
3563.0,0.20220881718810146
3571.0,0.18697962019580633
3580.0,0.21354356937354704
3586.0,0.21907085083469885
3593.0,0.16124443905841682
3602.0,0.18272719158521283
3610.0,0.18524747563351818
3620.0,0.18158961768647205
3627.0,0.1838173874991708
3634.0,0.15288905763104577
3645.0,0.16524986209367667
3653.0,0.18054408881873948
3659.0,0.17217924606479987
3667.0,0.16009069664868217
3675.0,0.20571681440694256
3680.0,0.17914909535366702
3691.0,0.2010371700814851
3695.0,0.19171795004719713
3702.0,0.17588765357981398
3709.0,0.22457960373968944
3714.0,0.17728531972610623
3723.0,0.16238337339692488
3732.0,0.15329339832243613
3739.0,0.2020748134102733
3747.0,0.16801993817926902
3755.0,0.1751864382277203
3763.0,0.18658019398025372
3774.0,0.19785172183404018
3782.0,0.1567387291841791
3788.0,0.1343323976127037
3797.0,0.175233506474908
3807.0,0.18406729681737743
3814.0,0.15977643917384715
3821.0,0.1824659690781879
3829.0,0.17085402838999061
3838.0,0.17491598002735131
3848.0,0.15883073768378012
3856.0,0.16610612305328437
3868.0,0.17367174926338283
3876.0,0.180273894745156
3886.0,0.19673485016919193
3894.0,0.1919346872735276
3902.0,0.21893623007235669
3906.0,0.19626210695880794
3914.0,0.19859839500417423
3918.0,0.17351770556574855
3925.0,0.162200035235219
3934.0,0.17392976455835735
3939.0,0.18597981557883833
3943.0,0.18154736391169968
3948.0,0.17208959774990923
3957.0,0.18735570803723858
3965.0,0.19429655970661658
3970.0,0.18182814309877934
3981.0,0.15996341084807514
3986.0,0.19747268466830573
3994.0,0.1844140455001007
4003.0,0.16119365288596554
4012.0,0.20418596781538592
4020.0,0.22260839871848262
4025.0,0.19605574106281767
4032.0,0.18665970509738766
4040.0,0.20137843012629517
4049.0,0.19740770289272988
4058.0,0.18419420153774724
4063.0,0.15365946611399897
4072.0,0.19577696147668366
4080.0,0.12679996443701688
4085.0,0.21414369875683814
4092.0,0.1299551279681272
4099.0,0.16076580711840302
4107.0,0.18821677935476708
4118.0,0.19697281143852535
4124.0,0.16621030339976062
4132.0,0.14963104330686933
4140.0,0.15388026863218504
4146.0,0.1923988518280865
4150.0,0.13050814385179874
4161.0,0.1516237478536683
4169.0,0.15820664319190428
4180.0,0.18806576412068818
4188.0,0.18796337114656225
4197.0,0.16995074908150906
4205.0,0.15286210679316428
4209.0,0.18494790089161517
4215.0,0.19706796818458916
4223.0,0.16502843240950402
4232.0,0.16987182528782446
4241.0,0.19225576401851235
4255.0,0.17975215572369
4260.0,0.1619629982095311
4269.0,0.16731945809513957
4276.0,0.1777421393808466
4287.0,0.17059464971569444
4296.0,0.19430806575059648
4302.0,0.15210502669121495
4312.0,0.13733802488268024
4323.0,0.14287911112211274
4331.0,0.19647320455839534
4339.0,0.1501463542605831
4349.0,0.16589665262200745
4356.0,0.17838730286066223
4363.0,0.11830903261160886
4372.0,0.12321281108310356
4380.0,0.17955941641460668
4387.0,0.18456315247718413
4396.0,0.17314761942155657
4404.0,0.13554135421714153
4408.0,0.20149185244314122
4416.0,0.23738189928834696
4427.0,0.19391415911692
4434.0,0.21788311598725482
4443.0,0.18500725857428363
4447.0,0.20642174192783339
4455.0,0.14394330090961466
4464.0,0.1756608724340651
4474.0,0.1848378264971948
4482.0,0.19458188561049738
4490.0,0.1990065676290178
4498.0,0.18674235221331875
4507.0,0.1851879276756614
4511.0,0.17272772884666512
4519.0,0.18116238345634367
4524.0,0.21154884976555371
4536.0,0.17862178489875144
4542.0,0.1946152359371014
4551.0,0.1750219470332781
4560.0,0.17225051976235406
4568.0,0.10609274558463562
4577.0,0.19116702954176915
4584.0,0.18430803592861228
4592.0,0.13313346609717228
4600.0,0.145852786561374
4608.0,0.15922041735434214
4617.0,0.1774483287831366
4625.0,0.19765562910721685
4633.0,0.20152258049618235
4640.0,0.1615927161518918
4651.0,0.19991012025997923
4658.0,0.17541515990436388
4668.0,0.135611034450405
4676.0,0.19730614828543205
4680.0,0.1987608763392195
4686.0,0.20193956327965137
4692.0,0.17878592582006794
4697.0,0.18792263363491077
4705.0,0.18678024894097467
4710.0,0.18552890973520617
4718.0,0.1765930062494834
4723.0,0.18877081947611107
4731.0,0.19742702387897518
4740.0,0.19547799292745
4746.0,0.16623050994421568
4760.0,0.2196328328995015
4767.0,0.19044175108894507
4775.0,0.19845468856434642
4783.0,0.1575012776226251
4794.0,0.1584206916642001
4803.0,0.09873029080455828
4811.0,0.17017442322900003
4815.0,0.15456096853430046
4823.0,0.17892430005088525
4831.0,0.15751379265385002
4839.0,0.17082596463326724
4845.0,0.17463354012663027
4853.0,0.2034457051230818
4861.0,0.20614661968254702
4867.0,0.17590832750353125
4872.0,0.18385144440592202
4883.0,0.1709457018723165
4887.0,0.18118964398209322
4892.0,0.2008057699963623
4897.0,0.21225363485888932
4902.0,0.18290756864747174
4909.0,0.2158085392418487
4916.0,0.2008559860810429
4924.0,0.1708220702290911
4929.0,0.1589195998713205
4940.0,0.19664152271736965
4946.0,0.17267839368157278
4955.0,0.2048609706249268
4963.0,0.16424986483236195
4972.0,0.19717130140221362
4980.0,0.13941954539261153
4988.0,0.18675838287623658
4992.0,0.1867100153819721
5000.0,0.13099815749538013
5009.0,0.19019402232461471
5016.0,0.16314161513228215
5024.0,0.1990173603148777
5035.0,0.16996925725701745
5043.0,0.18144493891782806
5052.0,0.17862177256592188
5064.0,0.2198524033612439
5072.0,0.19069478402411794
5081.0,0.16855558730889103
5089.0,0.15335548982364602
5098.0,0.19126063135801813
5106.0,0.1717052258891626
5114.0,0.1575977069560483
5119.0,0.16756457665926136
5126.0,0.17618871500808517
5137.0,0.1759478909917176
5144.0,0.1822583466810821
5152.0,0.19220899913712788
5161.0,0.17677756436440617
5168.0,0.2170738006462681
5175.0,0.19365428174783236
5183.0,0.18747148099244035
5191.0,0.2082697411630762
5200.0,0.19217998933784985
5209.0,0.19168537141632483
5217.0,0.20205056095536386
5224.0,0.17909759662270364
5232.0,0.18306604885944405
5240.0,0.17900690428403718
5248.0,0.19584192568800857
5259.0,0.18251258260301484
5267.0,0.20297085073231325
5276.0,0.1790984157362625
5284.0,0.17615657189150558
5292.0,0.19605793128502322
5296.0,0.15830403085706035
5304.0,0.13629649110394162
5315.0,0.20184302252404296
5326.0,0.1585208721927303
5332.0,0.14765780455909094
5341.0,0.1966891120523568
5350.0,0.16614820506154565
5358.0,0.1696592248509682
5366.0,0.19670355072893292
5373.0,0.20056107593946523
5380.0,0.17516302787001742
5388.0,0.1572708938065887
5397.0,0.19745281996800104
5405.0,0.1813388722563215
5416.0,0.17267950392231823
5425.0,0.19904565320766276
5432.0,0.18237367177004613
5443.0,0.17715652275476773
5449.0,0.21636089978531525
5456.0,0.14961444698681264
5467.0,0.22367145641805924
5471.0,0.16484572494861854
5482.0,0.19324579448365548
5486.0,0.144345672320082
5495.0,0.1722976514286405
5503.0,0.16197954296031733
5511.0,0.16971331277902194
5520.0,0.17563153778454307
5528.0,0.188649298465093
5536.0,0.17524620721650477
5544.0,0.17566214181044804
5552.0,0.17120845368719548
5561.0,0.17351437203636566
