,5
2.0,0.1897447603051203
11.0,0.19447159621604868
18.0,0.18869755678516195
27.0,0.18325644573520897
38.0,0.19225960325517813
47.0,0.1971808357320914
55.0,0.19543013054145064
62.0,0.1634213639623802
70.0,0.20380258044279845
77.0,0.17521587197011199
81.0,0.1651858124864646
89.0,0.17440012332114216
93.0,0.1684825168944069
97.0,0.19628342748216818
104.0,0.16808807153907437
108.0,0.17921779020093
117.0,0.16738874838321838
124.0,0.17314535015099564
131.0,0.19827270357070462
142.0,0.1758867235485127
149.0,0.18478864566788109
158.0,0.20119205359798714
169.0,0.20025622286499328
179.0,0.17055264430989608
187.0,0.17420333703940152
194.0,0.17290500286566987
198.0,0.19442017322542854
207.0,0.16804399428559433
218.0,0.22487849464439075
227.0,0.19833697149646887
236.0,0.19049224070283988
245.0,0.1610041846842526
257.0,0.15486745468175522
264.0,0.22147071875876678
269.0,0.172152464832025
276.0,0.18816373937666636
284.0,0.1802850935149519
288.0,0.18259008905290214
295.0,0.19564232959606045
304.0,0.20078037791872846
311.0,0.15767142206268028
321.0,0.18671691186637737
328.0,0.1717110925293426
336.0,0.19471655507214827
343.0,0.19295977609608103
354.0,0.17223989439611173
364.0,0.17830651912441076
371.0,0.16086889668657287
379.0,0.1818008995971436
390.0,0.20587625261380937
394.0,0.19821238065405306
401.0,0.19940668812774043
409.0,0.17494479891013756
418.0,0.18645987674368203
429.0,0.19827870150205756
437.0,0.18196071165937158
444.0,0.18240694219026507
458.0,0.17441750605580697
466.0,0.18141640799880263
473.0,0.17947564476764777
478.0,0.19735770020966772
482.0,0.15525890457855704
491.0,0.18283360608370422
500.0,0.195801823894055
509.0,0.17818045164014482
520.0,0.18464488979491295
524.0,0.16855877500274946
528.0,0.17895675651077525
536.0,0.20345315621349858
547.0,0.2081393060424652
555.0,0.17599059984289883
559.0,0.20055923929729488
571.0,0.1682152821444999
583.0,0.17231360898599468
591.0,0.15623360500814656
600.0,0.17016778900306573
605.0,0.19423804557966218
614.0,0.19153233846743212
620.0,0.20452223722913848
625.0,0.1826020057018359
633.0,0.19547795817781874
641.0,0.21660368485606438
649.0,0.198845606622946
660.0,0.2040922380561683
668.0,0.19280431152970742
675.0,0.20177766862119267
682.0,0.19065606213539557
688.0,0.17530916794023024
699.0,0.17235593702323374
706.0,0.1598683857334156
713.0,0.17857357808231777
725.0,0.19032055264165018
734.0,0.17728443496748925
742.0,0.1971043666955273
749.0,0.19794320546839886
756.0,0.1863760339059611
764.0,0.19825639640678114
778.0,0.18073787894444515
788.0,0.19431975484638628
799.0,0.1609797763464779
807.0,0.1895440638456309
815.0,0.1792692476063772
822.0,0.19819834315081056
833.0,0.18910942791697735
840.0,0.20842073604370157
846.0,0.1373142925195364
855.0,0.1735779620346909
863.0,0.19463956079835276
871.0,0.19211234925575876
878.0,0.17172216010184554
886.0,0.2015390980062794
893.0,0.19338327430681335
901.0,0.20433874514226338
907.0,0.17026917686875725
911.0,0.20094315862208395
919.0,0.14833933949896674
928.0,0.1920445859949486
935.0,0.18399126136727798
943.0,0.17954144040866635
951.0,0.1809527157457304
960.0,0.19112476057833266
968.0,0.20040825547696345
979.0,0.19979487814806887
988.0,0.19036671193589283
995.0,0.16364200636193893
1004.0,0.17940962290025717
1009.0,0.20453007834795267
1018.0,0.18484085670150632
1024.0,0.17426751384417366
1032.0,0.17070901726009782
1039.0,0.18705727108874778
1050.0,0.18387049815496856
1060.0,0.2083207258886604
1071.0,0.18671526390586396
1080.0,0.18797293307509483
1089.0,0.17264364244833594
1097.0,0.18190383421925096
1105.0,0.1949717936106212
1114.0,0.2099444279133548
1126.0,0.18207391311807775
1138.0,0.19368252702202227
1146.0,0.15902099771030906
1154.0,0.18129293872643767
1160.0,0.18676632031980642
1165.0,0.18270631592552433
1174.0,0.1746757050968736
1180.0,0.18903988600898497
1188.0,0.1663939158853829
1200.0,0.1816082850673017
1208.0,0.18959746953671452
1219.0,0.17934042618746776
1228.0,0.1904035693018605
1237.0,0.20715780130906594
1244.0,0.191733890668512
1255.0,0.18400340169580678
1263.0,0.1848130161313878
1277.0,0.18192657116435815
1285.0,0.18061936366424788
1290.0,0.1880318267718353
1301.0,0.18145660073406097
1310.0,0.19971425760759665
1318.0,0.1811473432352342
1326.0,0.18317341102892495
1330.0,0.19572938975004286
1338.0,0.18622455816597425
1345.0,0.18511283001753168
1353.0,0.192357478701716
1361.0,0.19028608327027685
1370.0,0.1788319528349188
1381.0,0.20734105806805125
1388.0,0.19138057716721357
1393.0,0.18751034986834367
1401.0,0.1757162045881305
1408.0,0.1949390319035594
1413.0,0.18729483713039297
1421.0,0.20681849796094717
1426.0,0.21743897719387997
1433.0,0.17237966308525063
1440.0,0.21092940160517132
1449.0,0.17648677827117107
1456.0,0.19755733039513165
1463.0,0.15284504125432508
1471.0,0.18067561399940557
1479.0,0.1864830006453965
1486.0,0.186310969585521
1491.0,0.1947582030675632
1499.0,0.2098992997143838
1504.0,0.1849650645105602
1509.0,0.1955523381850008
1518.0,0.18822559029862296
1530.0,0.2327946735095899
1539.0,0.1575866252956169
1549.0,0.18244578768265318
1557.0,0.20822184872590924
1565.0,0.1919993215400557
1574.0,0.19180363969279351
1581.0,0.20100467598538266
1586.0,0.18864382757743162
1595.0,0.18288610984732612
1602.0,0.1941143110918072
1609.0,0.20312357144693433
1614.0,0.193200548090142
1622.0,0.20965094805816303
1629.0,0.14755692285373567
1637.0,0.20398186395818657
1646.0,0.22471093574545925
1655.0,0.21084606608460127
1663.0,0.16894753697914805
1673.0,0.1726759063796171
1681.0,0.2009081177698943
1688.0,0.19247488913311783
1697.0,0.13688499366668375
1708.0,0.1677043081736491
1717.0,0.18585769290386528
1724.0,0.17179783793636788
1732.0,0.1719946576432652
1739.0,0.19926024073950147
1745.0,0.21501032409798732
1753.0,0.20388051366416987
1760.0,0.18606132660011976
1769.0,0.20335504112653907
1778.0,0.16435458955734367
1787.0,0.1841931297038979
1795.0,0.19224967877392216
1804.0,0.18783956919685535
1811.0,0.18195824240109698
1819.0,0.20831759883243442
1828.0,0.19585394161837924
1837.0,0.2260267614340976
1845.0,0.23025247702575602
1854.0,0.2095577485106337
1863.0,0.1831198790914321
1872.0,0.21005023746536106
1880.0,0.19399094121027002
1891.0,0.19215334708925874
1900.0,0.21509196351780122
1908.0,0.15103966923266704
1919.0,0.21076784423040656
1924.0,0.1784888299609964
1933.0,0.1962416065394658
1941.0,0.19487404955679158
1952.0,0.17309789631230155
1963.0,0.17735964530438958
1974.0,0.23969274412974714
1979.0,0.164488384280933
1985.0,0.19507240144323296
1994.0,0.18107287289501459
2002.0,0.19042966292650815
2010.0,0.16999569532568723
2018.0,0.19991229379630474
2025.0,0.1702929870184551
2034.0,0.19428071641017403
2048.0,0.17433974455851164
2057.0,0.18142069877837924
2066.0,0.17508477852110702
2077.0,0.19059345421297408
2081.0,0.1835693111899025
2088.0,0.17687258021595959
2092.0,0.17759607125229507
2100.0,0.15935924704989377
2107.0,0.21476917068396334
2116.0,0.2216573799151128
2124.0,0.18937472881951095
2132.0,0.1844800250688587
2141.0,0.20488879744912505
2151.0,0.18283636712962792
2160.0,0.17276541643367416
2169.0,0.16058966529291968
2178.0,0.15832009672891806
2182.0,0.23140032441487324
2187.0,0.17532780113316085
2195.0,0.18026082222549433
2206.0,0.20525037331445936
2214.0,0.18950650861304483
2222.0,0.2151700063984608
2230.0,0.18565408615869133
2241.0,0.18462132247380986
2252.0,0.17388827901967238
2260.0,0.215855899909229
2269.0,0.17214462991690657
2276.0,0.20208736858241738
2284.0,0.16703157307292169
2293.0,0.1891769910180183
2301.0,0.19235707912942612
2307.0,0.18852127493965293
2312.0,0.1803697603179183
2320.0,0.19097413529696747
2330.0,0.15868777739302298
2342.0,0.17394364234001825
2350.0,0.19441963791434227
2357.0,0.2140863099483646
2364.0,0.20536553770174196
2372.0,0.20788594853286366
2380.0,0.1955180684990209
2389.0,0.1798784385045258
2397.0,0.15425978919421218
2406.0,0.1846404703358804
2413.0,0.18607355358590313
2421.0,0.1849822471386038
2426.0,0.16260543604765626
2430.0,0.1369248362380812
2436.0,0.17509635585878114
2444.0,0.20596689942134228
2455.0,0.222197366080521
2460.0,0.21061227937061525
2474.0,0.1769596008293407
2481.0,0.18989853534713677
2495.0,0.17029228138900623
2503.0,0.19627440605251897
2510.0,0.19219079157921518
2520.0,0.17718581313031645
2525.0,0.19754278470399572
2533.0,0.19791758758164718
2544.0,0.20812832439290546
2549.0,0.19002945079209033
2557.0,0.18524238386138345
2566.0,0.1855781421425218
2572.0,0.20428598365173034
2579.0,0.2066917965657788
2588.0,0.19056981437339962
2595.0,0.19194164728254365
2604.0,0.17718358278392946
2612.0,0.1934513454202737
2620.0,0.1880975324888061
2625.0,0.1882260924291553
2633.0,0.18894224161217077
2644.0,0.19745886819748817
2655.0,0.1871309832590525
2663.0,0.16772416303880114
2671.0,0.21241856742070322
2676.0,0.18213748763309484
2685.0,0.17200311789273792
2693.0,0.1874176500718923
2698.0,0.1723699640475013
2707.0,0.2150062619896804
2716.0,0.18705280300426863
2727.0,0.18007943391443013
2736.0,0.17958379249198417
2743.0,0.1901071459596396
2752.0,0.18525511699048525
2763.0,0.2067874470903389
2772.0,0.20818507504300143
2781.0,0.18887451209799605
2787.0,0.20382401457649832
2798.0,0.20705717513827812
2807.0,0.16672028480698456
2816.0,0.20198801376795592
2824.0,0.20471699759142997
2833.0,0.1811585637027592
2842.0,0.2093881403899095
2853.0,0.1929069272339532
2862.0,0.21314818246275113
