,3
2.0,0.19836402943730416
11.0,0.1769070851206403
18.0,0.26777324101568273
27.0,0.15400149032773688
38.0,0.18680645805352258
47.0,0.1474056865720817
55.0,0.2276697703470618
62.0,0.1882657037179685
70.0,0.2185059730347466
77.0,0.14482625307075764
81.0,0.2175396118121373
89.0,0.19465676435773144
93.0,0.25784405589904924
97.0,0.19971025142191123
104.0,0.19547814213592946
108.0,0.19963459305197695
117.0,0.18247786369728639
124.0,0.18820173009214541
131.0,0.12906398599223876
142.0,0.15689831892887712
149.0,0.16127853466520958
158.0,0.12805201629755725
169.0,0.16466718957131585
179.0,0.2287456576668306
187.0,0.1531264681477697
194.0,0.23634678090074937
198.0,0.19213954816304352
207.0,0.24004194364466094
218.0,0.21686386113143796
227.0,0.2271584612684969
236.0,0.18339197497235632
245.0,0.2139074724083928
257.0,0.16617764311222344
264.0,0.18531676406361525
269.0,0.1889344084436111
276.0,0.16096018786570618
284.0,0.22610651614634156
288.0,0.14626026993134517
295.0,0.15239333932651264
304.0,0.1978415744205861
311.0,0.1830675388845854
321.0,0.2377859110112672
328.0,0.256976405478662
336.0,0.22319457042206478
343.0,0.16617759750777486
354.0,0.22817107932630593
364.0,0.21150323096977217
371.0,0.22209589137564162
379.0,0.1691661300033883
390.0,0.19701744751673508
394.0,0.16678006644384097
401.0,0.20093278220639196
409.0,0.20862179530650402
418.0,0.17616167226956517
429.0,0.22069011861700613
437.0,0.19584108244815593
444.0,0.2334442021153882
458.0,0.22411607397925748
466.0,0.19360399310963472
473.0,0.19549424502729076
478.0,0.17973648848108076
482.0,0.1871402090395239
491.0,0.1661297007198558
500.0,0.17702135337391567
509.0,0.1727110946130536
520.0,0.11339819441112718
524.0,0.2310526569226734
528.0,0.22116322367973038
536.0,0.18133191768628648
547.0,0.20288329377937375
555.0,0.20179440062821
559.0,0.19493442624391916
571.0,0.17661050667712877
583.0,0.21724924259468853
591.0,0.2017849901990272
600.0,0.20557659546665483
605.0,0.16843309904410597
614.0,0.1831576428329189
620.0,0.20685935480338896
625.0,0.1809523535350141
633.0,0.2423550671191356
641.0,0.20775420196138708
649.0,0.16892527349459954
660.0,0.19133459334755726
668.0,0.2170560672172887
675.0,0.2088231603625291
682.0,0.1939096202681339
688.0,0.12136354944480471
699.0,0.15814510331177556
706.0,0.1796673084870399
713.0,0.20360202099495006
725.0,0.21879234728990635
734.0,0.23487420769677794
742.0,0.1656423631398232
749.0,0.16798065357578137
756.0,0.2013003780684209
764.0,0.15891427156087234
778.0,0.2291031244293934
788.0,0.2001147222239875
799.0,0.2071519108296637
807.0,0.18469886153447138
815.0,0.23590889358774345
822.0,0.22141202963357035
833.0,0.21895433260855182
840.0,0.21592117946143516
846.0,0.17387526106763712
855.0,0.20516863173225075
863.0,0.2143234228677782
871.0,0.24644384578857234
878.0,0.24736951609013266
886.0,0.20413357872644036
893.0,0.20475734979019222
901.0,0.17235922585201136
907.0,0.16548565040283356
911.0,0.1729155420570996
919.0,0.2152282223041981
928.0,0.2327566520127554
935.0,0.1582381360011813
943.0,0.18042064431681548
951.0,0.171931099783042
960.0,0.18343382732671273
968.0,0.21464485677237602
979.0,0.17800262140166376
988.0,0.21654051341827066
995.0,0.2262455148193111
1004.0,0.2179953487609924
1009.0,0.1903594804850619
1018.0,0.134627862841814
1024.0,0.14735464832604966
1032.0,0.17714681073216895
1039.0,0.15724219976456527
1050.0,0.16722129694393398
1060.0,0.20858494488822812
1071.0,0.20533954295371787
1080.0,0.19774605381468735
1089.0,0.22597401317663515
1097.0,0.17262704266455448
1105.0,0.2150701691557603
1114.0,0.20552721288577777
1126.0,0.16396690310061163
1138.0,0.19593956223372944
1146.0,0.23329990430596723
1154.0,0.19230616879155515
1160.0,0.2016927588020651
1165.0,0.15395356845378075
1174.0,0.1806037090242611
1180.0,0.18809388208521924
1188.0,0.11854017275994963
1200.0,0.21739073620841792
1208.0,0.1554857262015599
1219.0,0.19579426987792892
1228.0,0.19844537985520727
1237.0,0.19384345407258596
1244.0,0.16960369200755512
1255.0,0.12645107106165243
1263.0,0.1425443353952377
1277.0,0.1465932939225671
1285.0,0.23116664995526004
1290.0,0.1759300658848507
1301.0,0.22548453474646973
1310.0,0.16296633409052724
1318.0,0.22900402346263896
1326.0,0.2023337629007202
1330.0,0.17569044595796984
1338.0,0.209058553889487
1345.0,0.23892601396521349
1353.0,0.22188043734348886
1361.0,0.15598969714714092
1370.0,0.17130630495224322
1381.0,0.24222169801616014
1388.0,0.2738709558922378
1393.0,0.18572230150262586
1401.0,0.23311237709477273
1408.0,0.21941309295564101
1413.0,0.20707625603122667
1421.0,0.2250204389713116
1426.0,0.1684153342489399
1433.0,0.18680802288192863
1440.0,0.19418772686887856
1449.0,0.22715207927227207
1456.0,0.2251860107565829
1463.0,0.2068680187905243
1471.0,0.18639295646683737
1479.0,0.15416395462212928
1486.0,0.22294818246448023
1491.0,0.17822015829747292
1499.0,0.23527405512307759
1504.0,0.23674355332293534
1509.0,0.23048184514363051
1518.0,0.1835251722801223
1530.0,0.20549724516618575
1539.0,0.15693162459404475
1549.0,0.23350323994777825
1557.0,0.2172114168972715
1565.0,0.15880635573978852
1574.0,0.19342673394522825
1581.0,0.20394424668381297
1586.0,0.22239553090997655
1595.0,0.19791536844979637
1602.0,0.23689045448101767
1609.0,0.2575161352863628
1614.0,0.26422781436184994
1622.0,0.24872653690393356
1629.0,0.1487921951866846
1637.0,0.16822325308510944
1646.0,0.16349198424067013
1655.0,0.16690973590728256
1663.0,0.20072139383844195
1673.0,0.2402397363253316
1681.0,0.19992753080277353
1688.0,0.2439947645727038
1697.0,0.21591463901213218
1708.0,0.2390095495367839
1717.0,0.2140479349886479
1724.0,0.21672776397839838
1732.0,0.17715059648977147
1739.0,0.2197743847226193
1745.0,0.25854904031209647
1753.0,0.20009455896483305
1760.0,0.2149868551989268
1769.0,0.1963780285994233
1778.0,0.21283122127974372
1787.0,0.18836971941519542
1795.0,0.18286999297330073
1804.0,0.18717755482251466
1811.0,0.18300272843019877
1819.0,0.2216819832815009
1828.0,0.20078452106730804
1837.0,0.2105874823752831
1845.0,0.1662336228002491
1854.0,0.22251389643169994
1863.0,0.20592543493007687
1872.0,0.19396813702504204
1880.0,0.211035635379349
1891.0,0.22059077207184719
1900.0,0.1641321503593375
1908.0,0.22070173657199346
1919.0,0.18516899160700542
1924.0,0.22794196553100624
1933.0,0.2057766155222986
1941.0,0.17651643053732635
1952.0,0.1499104736561427
1963.0,0.23647803936657485
1974.0,0.16585126432972347
1979.0,0.17302541199115085
1985.0,0.11895390545402376
1994.0,0.20040667376644983
2002.0,0.22681806761361967
2010.0,0.18617034424998954
2018.0,0.2280477982294588
2025.0,0.17851528589424673
2034.0,0.1873536117439966
2048.0,0.20279076594637446
2057.0,0.21595488252302733
2066.0,0.20167325127075186
2077.0,0.15839561797855511
2081.0,0.21074230347021775
2088.0,0.07194351215247381
2092.0,0.17485011907728482
2100.0,0.1711483590541188
2107.0,0.2633476383716493
2116.0,0.16873075301289864
2124.0,0.15470723880847315
2132.0,0.20594157645869665
2141.0,0.17455033635483233
2151.0,0.26474232069180564
2160.0,0.22117967774992797
2169.0,0.2240522903364399
2178.0,0.2179489161401964
2182.0,0.23676553320360383
2187.0,0.2585787445342156
2195.0,0.19129525733972144
2206.0,0.15516122100772828
2214.0,0.18078733566508046
2222.0,0.1498550727404961
2230.0,0.16909807502088536
2241.0,0.2192466748427927
2252.0,0.22223584451964426
2260.0,0.16032022076233227
2269.0,0.1560706681074223
2276.0,0.22258699133741303
2284.0,0.2003085824842452
2293.0,0.17789791986363107
2301.0,0.19337228761386102
2307.0,0.12851078482572492
2312.0,0.2188017537238341
2320.0,0.1799976021460101
2330.0,0.2322117655448687
2342.0,0.24895364420032576
2350.0,0.2555919166901638
2357.0,0.24126924748497092
2364.0,0.21791570037317698
2372.0,0.20158342216976574
2380.0,0.17801271619824338
2389.0,0.12221850933763923
2397.0,0.1641613573092281
2406.0,0.2343255226139663
2413.0,0.22326823846520033
2421.0,0.23599287856289258
2426.0,0.2161940004621547
2430.0,0.14081457441707956
2436.0,0.15577824995947584
2444.0,0.13353729582120824
2455.0,0.15594947700243872
2460.0,0.17323355519537145
2474.0,0.2288743580827145
2481.0,0.15721247729520646
2495.0,0.20061506404407595
2503.0,0.15546749092139978
2510.0,0.22655818176294293
2520.0,0.17617837333450834
2525.0,0.23896821738070514
2533.0,0.23097793343640122
2544.0,0.22911666181045387
2549.0,0.20842268338240136
2557.0,0.14066647386329378
2566.0,0.2612925886401647
2572.0,0.19496795382464735
2579.0,0.20454760895763976
2588.0,0.1652121121693824
2595.0,0.1434042022325465
2604.0,0.17635542780173963
2612.0,0.18542317453104193
2620.0,0.16195289180826494
2625.0,0.23171615730302558
2633.0,0.2228593377212151
2644.0,0.20665677363291274
2655.0,0.09846269256154709
2663.0,0.1664549885187386
2671.0,0.23612738063385474
2676.0,0.22815603346372715
2685.0,0.22021640877463908
2693.0,0.24016796304830937
2698.0,0.20592872394499961
2707.0,0.1697823163438418
2716.0,0.21510893546405083
2727.0,0.11643481321464194
2736.0,0.21872367034006504
2743.0,0.19119717280915183
2752.0,0.16897481395057226
2763.0,0.17348694848453805
2772.0,0.21254020118509034
2781.0,0.22790371417747748
2787.0,0.18328065351829698
2798.0,0.16744709668061314
2807.0,0.15002898366180348
2816.0,0.21860148343199892
2824.0,0.15801302348359667
2833.0,0.23923783103441615
2842.0,0.21501188735735857
2853.0,0.21434963157297549
2862.0,0.23286960410779411
