,5
2.0,0.2211209938436752
9.0,0.17203648653234552
16.0,0.2090101717612332
28.0,0.19619891851283064
36.0,0.1832273251767772
43.0,0.20211886148825875
51.0,0.2083610621114429
58.0,0.18534149820458676
66.0,0.17185155486714898
80.0,0.20288476780777107
87.0,0.20103063530869186
94.0,0.17506293304466322
101.0,0.20317021437153968
109.0,0.1949353655150868
116.0,0.18319277270676504
123.0,0.2082874701810267
130.0,0.2151151975156924
138.0,0.18782199681351275
144.0,0.19940726700952646
150.0,0.15752430801395317
158.0,0.1887645970580084
166.0,0.16091250805662685
175.0,0.1811645212446547
184.0,0.18116568624542273
192.0,0.19683742082659603
200.0,0.20486152558819987
205.0,0.20914687239046326
214.0,0.18955201343909606
222.0,0.19232193835836653
229.0,0.20239023506348655
237.0,0.1919854383299388
243.0,0.2099668486147906
251.0,0.1782699178665004
258.0,0.179744377560529
267.0,0.197966915561528
275.0,0.2300485769348437
279.0,0.17291746137985
285.0,0.17808925304973164
293.0,0.20162598519623276
300.0,0.18764018068314078
308.0,0.16090664522419945
312.0,0.18540444846291612
320.0,0.19957326317692461
327.0,0.19745394122524115
333.0,0.21374529155604297
341.0,0.18713328864520995
348.0,0.19938261473448568
352.0,0.19529466444992322
359.0,0.21719143558568754
368.0,0.16182579423644056
372.0,0.20755897330342932
380.0,0.20678974900397354
388.0,0.2038553150625344
396.0,0.181515406270888
404.0,0.1990195744985225
412.0,0.22500159850648918
421.0,0.17022529546809123
427.0,0.19692491851552363
434.0,0.16546951186652864
441.0,0.16132691021111845
448.0,0.1616151663954144
455.0,0.19304999849222762
462.0,0.19127515757175023
466.0,0.21388458073796085
473.0,0.19446802698703444
483.0,0.19643717887298578
491.0,0.1953688359585362
498.0,0.18859526444793676
509.0,0.19186084380473992
517.0,0.21092237770691497
526.0,0.18717072044935482
535.0,0.19625415029729837
539.0,0.17768648089500394
550.0,0.20776022489866036
558.0,0.19821168015034604
566.0,0.19450494842278712
573.0,0.17407977233619437
579.0,0.22958867746434033
586.0,0.19910593788559852
593.0,0.18654192242735748
600.0,0.19335718451849407
605.0,0.2078021079884073
613.0,0.17525991018941012
620.0,0.17497464139582236
627.0,0.18102306261747486
636.0,0.16368882159815465
641.0,0.22541215831771136
647.0,0.19364724236116213
661.0,0.21868806220587317
665.0,0.19838801853082527
677.0,0.1974685408916653
688.0,0.2116051415555612
697.0,0.19639845846086135
701.0,0.20020499368209796
710.0,0.18594758579827703
716.0,0.1808615708257747
723.0,0.20056400823701345
729.0,0.20359175654784425
736.0,0.16528654879795648
744.0,0.18429212213667112
751.0,0.21942437924196606
758.0,0.182108365614817
765.0,0.17154114591531114
773.0,0.22940111583411518
777.0,0.17263907188429375
785.0,0.20431521894144583
789.0,0.1977417041028442
800.0,0.2008753581281475
808.0,0.1850636332464508
815.0,0.17885512597522635
823.0,0.19667427589022804
830.0,0.1678121112012299
836.0,0.20185848575698506
841.0,0.20267728874299468
853.0,0.2088681084129551
860.0,0.17494111469234028
871.0,0.15989454063868278
878.0,0.20750595620495732
886.0,0.17690721923791214
891.0,0.20475901361980675
897.0,0.19125287668256924
906.0,0.2052438435603342
911.0,0.2078324851610371
920.0,0.21528617963938756
926.0,0.17986224573839443
935.0,0.18893175375282326
943.0,0.2114323133093659
950.0,0.18950829205770534
956.0,0.22382656776820456
964.0,0.15374882861832342
971.0,0.2087145884632698
983.0,0.18741238403835844
991.0,0.18643946886509247
1000.0,0.1752812189959173
1004.0,0.18417146107090274
1012.0,0.1852930158698546
1019.0,0.22303468517351796
1025.0,0.19553156499308338
1034.0,0.19266824627984153
1041.0,0.19339971830707503
1049.0,0.21786361516385186
1056.0,0.1870332165128477
1064.0,0.18868936448616497
1073.0,0.20076980260452915
1080.0,0.2103295012683285
1085.0,0.21103058996175755
1096.0,0.20181696766967483
1104.0,0.2228088416878523
1108.0,0.20666550646139337
1116.0,0.1623391371384869
1123.0,0.20284303133542098
1129.0,0.18330352893843038
1137.0,0.20707253458261962
1145.0,0.19961575061703052
1149.0,0.17928518776471458
1161.0,0.20293851326633175
1167.0,0.18504200042393323
1175.0,0.18866081438802
1182.0,0.1809462476737749
1193.0,0.1966181729987484
1201.0,0.1814091369199412
1215.0,0.19700562339248634
1221.0,0.2057292765687517
1225.0,0.2084422705241248
1233.0,0.1853453624119503
1239.0,0.18572970504152964
1247.0,0.2253735658089482
1259.0,0.1813072711370278
1267.0,0.1899232170076566
1275.0,0.16902054282944456
1284.0,0.20759385725654472
1291.0,0.18358876261491813
1302.0,0.2024373567909555
1308.0,0.20639548406034255
1315.0,0.18105250751186713
1322.0,0.18980563905426942
1328.0,0.21564290369387368
1334.0,0.1833264876407877
1340.0,0.19516144778049338
1351.0,0.19360851415965558
1357.0,0.20815082334307702
1369.0,0.20593941416008538
1377.0,0.20715602349325987
1384.0,0.17738970250354924
1393.0,0.17622251608260248
