,4
2.0,0.236275084584312
9.0,0.2206782046526504
16.0,0.19269742911312068
28.0,0.18671224382261123
36.0,0.19257197858009528
43.0,0.20120243168611662
51.0,0.16959746154588415
58.0,0.22997246529219817
66.0,0.196473766499161
80.0,0.20679719104001176
87.0,0.19724311971303599
94.0,0.25336770215491916
101.0,0.19216737785400262
109.0,0.20228371209346385
116.0,0.19800826573623778
123.0,0.19249034183248515
130.0,0.18971809756961827
138.0,0.223133358793599
144.0,0.18816398331829856
150.0,0.2016230186887371
158.0,0.2041931688533261
166.0,0.13798481218443526
175.0,0.1982316464927101
184.0,0.19328968678955136
192.0,0.21100505187582977
200.0,0.17959624313504033
205.0,0.20565539930278343
214.0,0.20586829557523798
222.0,0.21907416214260048
229.0,0.20898371867984436
237.0,0.2015336642277301
243.0,0.1959481390968523
251.0,0.20523854685958284
258.0,0.20440801858799776
267.0,0.17509386184652723
275.0,0.18814512193121966
279.0,0.17012040827205724
285.0,0.1746918368497123
293.0,0.17106517016237674
300.0,0.17183657848863831
308.0,0.2334447969866511
312.0,0.18070364669841077
320.0,0.24288789021532226
327.0,0.1940345002522753
333.0,0.1841885379464269
341.0,0.18680073007428655
348.0,0.2347107470045257
352.0,0.21007718522194943
359.0,0.1967196492290188
368.0,0.17034224695095343
372.0,0.2331524268475071
380.0,0.19731003024900112
388.0,0.182362151160847
396.0,0.1903844167651909
404.0,0.2413045993081269
412.0,0.20546205708461615
421.0,0.16239996455283054
427.0,0.20480059642237558
434.0,0.14626384590339628
441.0,0.19295003461152485
448.0,0.1998986784994241
455.0,0.16771743197742664
462.0,0.1945163106091464
466.0,0.19009861846278214
473.0,0.1840581419573897
483.0,0.18399982298325906
491.0,0.20810681748295765
498.0,0.2126507435026347
509.0,0.20730109873913544
517.0,0.2194241070108084
526.0,0.19760609325108291
535.0,0.22939350691678834
539.0,0.1616295455809798
550.0,0.20808731833401878
558.0,0.20156146280300583
566.0,0.2071334542070258
573.0,0.16850092467528707
579.0,0.215873305471087
586.0,0.21314595866681513
593.0,0.21462915768819027
600.0,0.2162629983524317
605.0,0.218781550628548
613.0,0.1715134269725995
620.0,0.17191186195959968
627.0,0.21621478400810093
636.0,0.17334229044492613
641.0,0.1984493661944362
647.0,0.19649826596470926
661.0,0.21485903644032944
665.0,0.2053046385925574
677.0,0.20918762291428392
688.0,0.2227652937119754
697.0,0.17164133168768592
701.0,0.15577118767308964
710.0,0.20917667574065976
716.0,0.2008725006839591
723.0,0.21006755103794714
729.0,0.19785188391644976
736.0,0.23428072080384463
744.0,0.18731985058107067
751.0,0.19617734722122482
758.0,0.228285390034418
765.0,0.20205708063478064
773.0,0.1972987078298183
777.0,0.17881851959196118
785.0,0.19780119323546622
789.0,0.19571522225333826
800.0,0.22482132066710284
808.0,0.14085822044946916
815.0,0.22331799592711765
823.0,0.1837050945673358
830.0,0.21225613405588528
836.0,0.21158214484632923
841.0,0.1779087273724423
853.0,0.2107851352089727
860.0,0.21881701373106954
871.0,0.2403304626189084
878.0,0.16551697842531107
886.0,0.1908692227034057
891.0,0.22142177554773698
897.0,0.22139407720060678
906.0,0.2249640896298466
911.0,0.21506958736459708
920.0,0.19879431350553162
926.0,0.11728826967218871
935.0,0.1628427124234831
943.0,0.1837264854059798
950.0,0.19511615437743401
956.0,0.17198236830471555
964.0,0.18753389859566777
971.0,0.18510169204739216
983.0,0.22329719049404395
991.0,0.19371397673921104
1000.0,0.2103293396740491
1004.0,0.2142524454734293
1012.0,0.19247051040408553
1019.0,0.21020586595623347
1025.0,0.17056062505135067
1034.0,0.20775446205633533
1041.0,0.2018395926435834
1049.0,0.20738808062780742
1056.0,0.22480140554144493
1064.0,0.17211387087557314
1073.0,0.18638091981559626
1080.0,0.19766089438097312
1085.0,0.19507224668240336
1096.0,0.18244314079737292
1104.0,0.19120392501234404
1108.0,0.2098847930523188
1116.0,0.21549437975312655
1123.0,0.1549710975479802
1129.0,0.20685031872907897
1137.0,0.1977761436317853
1145.0,0.23834988510555305
1149.0,0.22603399009603267
1161.0,0.17368615395639314
1167.0,0.20952345196176478
1175.0,0.20860957932982832
1182.0,0.24279463642111582
1193.0,0.1897900410788549
1201.0,0.2223868584137882
1215.0,0.1935378860401305
1221.0,0.2161496599534392
1225.0,0.19773142168813776
1233.0,0.18465878350111192
1239.0,0.20754685366955442
1247.0,0.233429527222324
1259.0,0.203740719459612
1267.0,0.22523756710714676
1275.0,0.19339246847679784
1284.0,0.15724640821290842
1291.0,0.23670658590836902
1302.0,0.16779418421297373
1308.0,0.198809263837232
1315.0,0.1752113037629076
1322.0,0.19973583033910428
1328.0,0.20726964183670912
1334.0,0.17515908069013778
1340.0,0.18499208467849262
1351.0,0.18176785839506962
1357.0,0.18741713359510112
1369.0,0.13786765832657022
1377.0,0.17017922607886046
1384.0,0.2000792856354378
1393.0,0.1974976861827729
