,5
3810.0,0.19275462142722238
3819.0,0.1678187413229991
3828.0,0.19422108744778327
3835.0,0.17073572675661006
3846.0,0.21517165229840227
3855.0,0.20585458163253037
3862.0,0.1875526655305717
3869.0,0.18385380524838504
3874.0,0.20351882602752938
3882.0,0.1530996321306091
3888.0,0.19849392705091665
3892.0,0.17764582269293516
3900.0,0.19645570237729243
3910.0,0.17565311818202223
3915.0,0.17044613023337332
3920.0,0.1775119165545474
3927.0,0.18959470532341624
3932.0,0.16426455901561654
3939.0,0.2013591172237794
3946.0,0.1847059990874062
3954.0,0.19468811204534278
3961.0,0.19795420383748435
3970.0,0.17944197386941846
3977.0,0.18548426006341523
3982.0,0.15483263336970024
3988.0,0.18662215055563922
3997.0,0.19965511023653812
4009.0,0.21287430512478828
4017.0,0.172391511092542
4022.0,0.19709260327620662
4030.0,0.230189415912717
4037.0,0.18682116683518088
4045.0,0.1859046368169633
4053.0,0.21287733583699833
4062.0,0.16760926268422194
4074.0,0.2023927936165798
4082.0,0.20372708718189453
4086.0,0.17749255969433322
4095.0,0.18023494061674072
4102.0,0.1916202077000958
4109.0,0.18607931234724584
4117.0,0.18484154543373035
4125.0,0.18951073613161593
4134.0,0.20661390916594283
4140.0,0.199406267074356
4148.0,0.21499572767058597
4156.0,0.18364771481912393
4160.0,0.18694882056685497
4167.0,0.20238753314817343
4175.0,0.18657150632032943
4181.0,0.17688635111360523
4189.0,0.2070256489587389
4193.0,0.19354827136348393
4201.0,0.17344944716422175
4206.0,0.19324002916054156
4215.0,0.2095779851361994
4219.0,0.18969066335189927
4224.0,0.1796498947240924
4233.0,0.2049446497506318
4241.0,0.18760494815489007
4248.0,0.20093317096058458
4256.0,0.21462037509673593
4262.0,0.23420268910662578
4267.0,0.1882462290082309
4273.0,0.18751010365002505
4277.0,0.17873192447598876
4282.0,0.2257118167216582
4290.0,0.21560390031498874
4299.0,0.20367498691255698
4307.0,0.18854251118904472
4315.0,0.20753764240643152
4320.0,0.1922694413135066
4328.0,0.18000561230599668
4336.0,0.19879403034654436
4341.0,0.17216951168237182
4349.0,0.17819068886718298
4358.0,0.18381001770891306
4363.0,0.17833341438507386
4370.0,0.1919487217868538
4378.0,0.17936753975692926
4387.0,0.193697558594897
4393.0,0.21017870639825242
4402.0,0.18203486062079513
4413.0,0.19680944626741523
4421.0,0.1934255336943217
4425.0,0.21501689329890944
