,3
3810.0,0.26237248464362356
3819.0,0.22190996277064348
3828.0,0.15279289394679663
3835.0,0.17344282620471044
3846.0,0.1885602639341345
3855.0,0.22066664139468425
3862.0,0.20452139617689238
3869.0,0.26492121836499183
3874.0,0.2185633306730969
3882.0,0.2003540794613383
3888.0,0.2079408535679193
3892.0,0.22340930939262943
3900.0,0.22972914909571276
3910.0,0.22618591135919736
3915.0,0.27059109807699167
3920.0,0.18946004214650827
3927.0,0.19634939980847002
3932.0,0.20044547229092669
3939.0,0.2470266100304175
3946.0,0.22087177989473689
3954.0,0.17937635101134825
3961.0,0.14762508558472726
3970.0,0.20365186915880565
3977.0,0.18448761817541512
3982.0,0.2173907645743427
3988.0,0.20532707602952122
3997.0,0.2312860308170711
4009.0,0.20363302332915145
4017.0,0.23042685268195978
4022.0,0.25070258320907257
4030.0,0.20731221868559274
4037.0,0.21412012406064856
4045.0,0.19073049283372495
4053.0,0.21003304970351278
4062.0,0.20665607881678277
4074.0,0.20731999380476046
4082.0,0.18966008661771586
4086.0,0.194742547203612
4095.0,0.25705801428738617
4102.0,0.22606434438354578
4109.0,0.21237174450534113
4117.0,0.2264682328194515
4125.0,0.22229410316574452
4134.0,0.21647593419629968
4140.0,0.19892041006209746
4148.0,0.18769337213685652
4156.0,0.19456564692775724
4160.0,0.21949388030680103
4167.0,0.2144740728667133
4175.0,0.1758350394808923
4181.0,0.22193400263085655
4189.0,0.23600906101815475
4193.0,0.18091453103617192
4201.0,0.18769133497046758
4206.0,0.16364481581236898
4215.0,0.2052825218935441
4219.0,0.1992987098423433
4224.0,0.210011005711398
4233.0,0.19980877900745284
4241.0,0.22027971599975796
4248.0,0.21691804477656046
4256.0,0.250470883309004
4262.0,0.20156279462543783
4267.0,0.17880210446063755
4273.0,0.16041926983745355
4277.0,0.21699979874297232
4282.0,0.2482898356879729
4290.0,0.23149074805909
4299.0,0.2385665278947723
4307.0,0.2131376374163742
4315.0,0.25287599946045064
4320.0,0.17957025285705586
4328.0,0.22253337827695263
4336.0,0.2251716723315734
4341.0,0.2391413568675803
4349.0,0.189755399868749
4358.0,0.2409987321114525
4363.0,0.20511451948012854
4370.0,0.16029065883400445
4378.0,0.21078461254066003
4387.0,0.22086529709496083
4393.0,0.2113592142580395
4402.0,0.21626929320593352
4413.0,0.1604562584432983
4421.0,0.15712392033857117
4425.0,0.17376531893680247
