,4
2.0,0.17564166350180466
7.0,0.16938486715565484
18.0,0.15477342727686763
29.0,0.18587666978442874
35.0,0.18705973989602925
43.0,0.179284758521317
53.0,0.19120095886147165
57.0,0.19122098008345162
64.0,0.22383808680989287
72.0,0.15725054348778192
79.0,0.19630576984061066
87.0,0.17465835184693543
95.0,0.16009476394460764
107.0,0.21643774575292427
111.0,0.1837250376251185
119.0,0.16834837186422522
123.0,0.1760163186499892
130.0,0.16737381200023294
138.0,0.18667883522836662
146.0,0.1815608738616758
153.0,0.19110229575581422
157.0,0.18592538526604868
165.0,0.23427621039806573
171.0,0.14820552053020367
175.0,0.23101084565515445
182.0,0.17344731268449315
186.0,0.18191285341566818
195.0,0.18671998590744052
201.0,0.21763469368381375
210.0,0.19566935083995024
217.0,0.1603422240615504
222.0,0.14194008289337084
230.0,0.2053501378566284
239.0,0.20050570635624365
247.0,0.15386273359348637
254.0,0.1608437443772225
263.0,0.16074325508045986
274.0,0.21602088669503455
278.0,0.16519471392176346
288.0,0.1773151913386811
299.0,0.19720476712426363
307.0,0.21984910457739065
315.0,0.18218917908842422
320.0,0.16655103009057579
328.0,0.2225540216976899
336.0,0.17334493191496092
347.0,0.18141522393111872
354.0,0.21815160017074492
362.0,0.2161750215257729
369.0,0.13220266918793014
381.0,0.1341171760304162
390.0,0.16807133891751042
399.0,0.1988435543751211
407.0,0.1732004338704858
416.0,0.12464193998819108
425.0,0.1857078038174489
432.0,0.20422306780798005
440.0,0.17011433808765647
447.0,0.17713106714292629
451.0,0.19457921010419507
456.0,0.20571319537841415
461.0,0.1687076291386762
468.0,0.22911083711027436
475.0,0.16170397922149068
483.0,0.1606862366496611
491.0,0.16508546793671647
497.0,0.17665549739033465
507.0,0.17699899440707334
515.0,0.18926657862185625
523.0,0.19115599055265106
532.0,0.18734999190942228
540.0,0.17294564256930606
545.0,0.18994430788660005
549.0,0.20299460094678679
557.0,0.20268848717642188
561.0,0.17006047282800563
569.0,0.19250147063672327
577.0,0.21047548117706064
585.0,0.1862879958010184
592.0,0.1601308686096273
600.0,0.20646034315551856
608.0,0.18816787389271372
616.0,0.20702984073844233
627.0,0.15019658321123647
631.0,0.18088223712041374
636.0,0.22889392922769836
640.0,0.19215079037730223
645.0,0.18511950558865453
652.0,0.17815827958283526
663.0,0.2227856245543749
668.0,0.18914157352490257
676.0,0.18058818531294343
683.0,0.2211396150171161
690.0,0.16520267497754107
698.0,0.18689299921275768
704.0,0.1729192295072705
712.0,0.17779159732191863
720.0,0.16034257938483804
727.0,0.19300459020736704
737.0,0.15836628545173448
745.0,0.17369912448414712
754.0,0.16793401678226577
762.0,0.1835226839769982
776.0,0.15399606971155377
783.0,0.19566519148979078
790.0,0.15421948112222936
795.0,0.17059586012626451
800.0,0.16536536821782188
809.0,0.17731900676698265
816.0,0.15728693982706554
825.0,0.14822131235893293
833.0,0.19467027814970997
841.0,0.23195846707797232
852.0,0.23636467559807914
860.0,0.1867683821039535
867.0,0.17971990026424248
874.0,0.18729615257948892
881.0,0.2087870759154034
888.0,0.17229993054187195
897.0,0.20163754444108015
905.0,0.20729259678063716
912.0,0.17389941833268896
919.0,0.24228470595553583
926.0,0.20859235903958415
933.0,0.1538561645217104
942.0,0.19376551037045084
949.0,0.21126961022357665
953.0,0.17470197452311992
964.0,0.158768586716517
972.0,0.18671629608603252
980.0,0.16812032334784455
985.0,0.1923778040244019
993.0,0.16638209840338086
1001.0,0.18774952019476449
1009.0,0.179700670391343
1018.0,0.18347945189841544
1025.0,0.19197070580316905
1030.0,0.19590243473816993
1035.0,0.19180958146007354
1043.0,0.19661150219659865
1051.0,0.19185703466262988
1062.0,0.1422863928640877
1073.0,0.18182363517363107
1078.0,0.21353901457439234
1087.0,0.2090498186072669
1093.0,0.15610201237203464
1101.0,0.23304286204591293
1105.0,0.17403276070959736
1117.0,0.22562836097828873
1125.0,0.22787023897575498
1130.0,0.2003104349314856
1137.0,0.14901710367511767
1146.0,0.2141083949230682
1153.0,0.21962883556433246
1164.0,0.19664242594806453
1173.0,0.2093063594367729
1182.0,0.19659553525788143
1190.0,0.17243100878913578
1198.0,0.19804505233280492
1206.0,0.15323713332213948
1216.0,0.19070266403360195
1224.0,0.18812922131688967
1232.0,0.22581170854329816
1241.0,0.18595494880570088
1251.0,0.1698978631084321
1259.0,0.16160314588543007
1268.0,0.18177231165699947
1278.0,0.2128159653011001
1283.0,0.20131292180995136
1294.0,0.19131450611541456
1299.0,0.15486332800108402
1305.0,0.17052271424661325
1313.0,0.16637539047472644
1323.0,0.14518124386950892
1327.0,0.1715368483910182
1334.0,0.19198833898518167
1342.0,0.1849449413920035
1349.0,0.17104987127579666
1357.0,0.15657255960523522
1365.0,0.1733709480286608
1377.0,0.2000992947271376
1381.0,0.0890903908923938
1389.0,0.21129444896797728
1393.0,0.19089665609329806
1400.0,0.1711547512182677
1408.0,0.20356002027183462
1416.0,0.1706841525974698
1423.0,0.19353036363924692
1427.0,0.18639338633885455
1435.0,0.19758750736964223
1441.0,0.15999753218342389
1445.0,0.2279266654845141
1452.0,0.15926733483727287
1456.0,0.17890916074807325
1465.0,0.1882907411575837
1471.0,0.21200985004607345
1480.0,0.227385095372285
1487.0,0.19927541734846063
1492.0,0.18548524424487334
1500.0,0.1798883408513637
1509.0,0.20609247023502966
1517.0,0.20825264318876646
1524.0,0.15874461861207154
1533.0,0.16681882771574943
1544.0,0.18624571857569172
1548.0,0.1906222845140861
1558.0,0.17354157920983682
1569.0,0.20861473842411007
1577.0,0.15098684745968072
1585.0,0.18277792829634762
1590.0,0.15973540266053948
1598.0,0.18362770808173218
1606.0,0.16982817948677678
1617.0,0.1748251546826401
1624.0,0.17427007746416587
1632.0,0.1847584871821222
1639.0,0.21523696011110982
1651.0,0.17175144992171765
1660.0,0.18296799822916066
1669.0,0.16334527767389
1677.0,0.1983864047468315
1682.0,0.2140432451326343
1691.0,0.1637782543972689
1698.0,0.15133736514586013
1706.0,0.15886485485489518
1713.0,0.17794110685367936
1717.0,0.18485719064736747
1722.0,0.1955917533742038
1727.0,0.21672787690292644
1734.0,0.1605060179188265
1741.0,0.18398799776549515
1749.0,0.17928362984116306
1757.0,0.19114998650384338
1763.0,0.15344032356167744
1773.0,0.19863185632156863
1781.0,0.2000983391967671
1789.0,0.1860385273845093
1798.0,0.18641989720617272
1806.0,0.2062287889147955
1811.0,0.15871229888649702
1815.0,0.20978984738841758
1823.0,0.20665009185302033
1827.0,0.1828192417825472
1835.0,0.17886402391302414
1843.0,0.19512636816163859
1851.0,0.180851307788356
1858.0,0.1880201371772389
1866.0,0.19473261558804594
1874.0,0.21358439431289883
1882.0,0.2079498727270705
1893.0,0.2255133068761531
1897.0,0.182470430827183
1902.0,0.19474292691513842
1906.0,0.1735980467900049
1911.0,0.17837476852522627
1918.0,0.16267952196264168
1929.0,0.21220441516698943
1934.0,0.1928033683528279
1942.0,0.1390945294051005
1949.0,0.2148473096647181
1956.0,0.17391295667581094
1964.0,0.19757267752135263
1970.0,0.1496829600026688
1978.0,0.17594487770348524
1986.0,0.16834615498188218
1993.0,0.1912432467854649
2003.0,0.2127216653286052
2011.0,0.17090515323840427
2020.0,0.1614597840868085
2028.0,0.20417099998716765
2042.0,0.1911821288117814
2049.0,0.16068608591054903
2056.0,0.01344377398072756
2060.0,0.18831735243499445
2065.0,0.16360531784745835
2074.0,0.1964772471862573
2081.0,0.2114808799319777
2090.0,0.17955138335490214
2098.0,0.1830323635530081
2106.0,0.16534900163598198
2117.0,0.1689709161838914
2125.0,0.19064146489819792
2132.0,0.21297136644389716
2139.0,0.2066115552928473
2146.0,0.14701100018576996
2153.0,0.12808580386362053
2162.0,0.20107808328116028
2170.0,0.19938141938310155
2177.0,0.16986938839190108
2184.0,0.20146555843632463
2191.0,0.1636026675406888
2198.0,0.14376266799714538
2207.0,0.1543320039243885
2214.0,0.1429946669927306
2218.0,0.1887803058664418
2229.0,0.17252385059242173
2237.0,0.2036719484638686
2245.0,0.17157923081069748
2250.0,0.15870242930722422
2258.0,0.1739508759513855
2266.0,0.20895982292026982
2274.0,0.1212887765430851
2283.0,0.21627342449290016
2290.0,0.18617339593910617
2295.0,0.21320208460164702
2300.0,0.20442234974512932
2308.0,0.198213615467049
2316.0,0.22380914245287317
2327.0,0.14221846931809898
2338.0,0.16915409795525105
2343.0,0.18684346197149773
2352.0,0.1985146484452238
2358.0,0.16163590950702658
2366.0,0.20439623644917457
2370.0,0.16864257867305107
2382.0,0.14982293299725116
2390.0,0.19752365215098686
2395.0,0.1547511210169598
2402.0,0.170241285130359
2411.0,0.1686920813005401
2418.0,0.20764481853722289
2429.0,0.21368806724864403
2438.0,0.1743830130274009
2447.0,0.20615380886198525
2455.0,0.19505541333160706
2463.0,0.19925228440714338
2471.0,0.1788783937477671
2481.0,0.1978493104755913
2489.0,0.2046742501002135
2497.0,0.20165582555135994
2506.0,0.1814470725786692
2516.0,0.18460632323403203
2524.0,0.15888439003468907
2534.0,0.19685335375147262
2539.0,0.15087026669579998
2544.0,0.20223233451237244
2555.0,0.2024116149975283
2566.0,0.19034098877817482
2572.0,0.19061458963967995
2580.0,0.16487197763240832
2590.0,0.17490748186402713
2594.0,0.1789640985751909
2601.0,0.19689976184501876
2609.0,0.197419285852833
2616.0,0.18156937172593623
2624.0,0.21256896598216443
2632.0,0.150992636043844
2644.0,0.1891686755028648
2648.0,0.1681315160428156
2656.0,0.18412397838628922
2660.0,0.17467926552343171
2667.0,0.17191670420969657
2675.0,0.16235134137974236
2683.0,0.17417473127724686
2690.0,0.18949838919440073
2694.0,0.20364230640104175
2702.0,0.21793825850731166
2708.0,0.20683963317777176
2712.0,0.24930929394590584
2719.0,0.1606697726428309
2723.0,0.1972665460910466
2732.0,0.1774258368036553
2738.0,0.192036661962711
2747.0,0.21241836579196582
2754.0,0.17600445290802236
2759.0,0.18365831621605094
2767.0,0.18172503464645745
2776.0,0.19218803232689294
2784.0,0.1876798258238225
2791.0,0.1522845330601116
2800.0,0.1471912148078668
2811.0,0.23697061270308628
2815.0,0.1829285179675295
2825.0,0.16989900196180968
2836.0,0.18947902498941868
2844.0,0.19976960737393637
2852.0,0.1631639641111239
2857.0,0.19512417938595203
2865.0,0.18962088395485457
2873.0,0.2073315412700207
2884.0,0.22516243982843323
2891.0,0.17126927689246377
2899.0,0.1905209838058078
2906.0,0.2102343841592428
2918.0,0.19604822231040114
2927.0,0.1956267605017643
2936.0,0.20564148521957323
2944.0,0.20312032925044635
2949.0,0.1814173622172659
2958.0,0.19539144871161196
2965.0,0.18190190535769757
2973.0,0.2028569375116319
2980.0,0.24168783305911978
2984.0,0.19590630487881272
2989.0,0.2067943422104242
2994.0,0.1832317599166692
3001.0,0.16267550863416677
3008.0,0.2033795747746631
3016.0,0.17240205116652263
3024.0,0.16603032329532497
3030.0,0.1579890232347079
3040.0,0.17440900062346476
3048.0,0.1799855096570874
3056.0,0.1667747507671412
3065.0,0.1558650450181472
3073.0,0.21138194242073
3078.0,0.16965960511978942
3082.0,0.18263429455679817
3090.0,0.1812594795142603
3094.0,0.18037319537468174
3102.0,0.18875652877392235
3110.0,0.14884583559065348
3118.0,0.18025236281327212
3125.0,0.18671844289350226
3133.0,0.21760906524844872
3141.0,0.18356336758610423
3149.0,0.17614228646939734
3160.0,0.17727362635693567
3164.0,0.17350904895284902
3169.0,0.209870159272847
3173.0,0.14256625098196346
3178.0,0.16718466654167694
3185.0,0.1689928012429204
3196.0,0.24208463770730046
3201.0,0.20953112155805387
3209.0,0.14193853967273393
3216.0,0.19774106431494973
3223.0,0.1386046926667399
3231.0,0.1534761836944373
3237.0,0.20440749848572057
3245.0,0.1713271010839651
3253.0,0.20916064216474603
3260.0,0.17533020907169397
3270.0,0.16065608034341078
3278.0,0.16016054916600217
3287.0,0.19901907752442308
3295.0,0.25016558598235017
3309.0,0.21147859733332852
3316.0,0.1525473765738743
3323.0,0.18066516967952248
3331.0,0.22752343241070044
3336.0,0.1921099284331243
3341.0,0.17289413703260334
3348.0,0.1799323270075635
3357.0,0.15622633186549725
3365.0,0.16476516856554077
3373.0,0.16326296483804775
3384.0,0.2288198115438043
3392.0,0.2203184875377718
3399.0,0.20596024400176466
3406.0,0.22010067358458693
3413.0,0.2226459182465727
3420.0,0.1351561206695542
3429.0,0.17912248661502808
3437.0,0.20783210823557804
3444.0,0.20623199948925255
3451.0,0.16820540384925942
3458.0,0.20786698713788965
3465.0,0.1472352930462925
3474.0,0.148846680925878
3481.0,0.19599208500051044
3485.0,0.20312085729888704
3496.0,0.17086780118710856
3504.0,0.17631557591433172
3512.0,0.18923067565670496
3517.0,0.18776062711837468
3525.0,0.1761886049260859
3533.0,0.20638964543620059
3541.0,0.21189188798279943
3550.0,0.21310316204710897
3557.0,0.18724797095502968
3562.0,0.22253184144775975
3567.0,0.1929092010687694
3575.0,0.20918428868664446
3583.0,0.1827800438761662
3594.0,0.19230277588343286
3605.0,0.17753209068592574
3610.0,0.20177340204604075
3619.0,0.16714344282617305
3625.0,0.23087736992262797
3633.0,0.20793532654719904
3637.0,0.1708349303961047
3649.0,0.21835866393139694
3657.0,0.2173678043062291
3662.0,0.13532418396627924
3669.0,0.17336835437176293
3678.0,0.22804575779302938
3685.0,0.20798567391945472
3696.0,0.22673749214531033
3705.0,0.16219411036498424
3714.0,0.22079017805919868
3722.0,0.18563576008720725
3730.0,0.21316344600738796
3738.0,0.16220126872542404
3748.0,0.20177191107646508
3756.0,0.13900183080341272
3764.0,0.2015206992107445
3773.0,0.19349624386320238
3783.0,0.18197391072116295
3791.0,0.22712860675917573
3800.0,0.1955897494149526
