,5
2.0,0.19332924030845502
7.0,0.21619311096376997
18.0,0.1780892236881025
29.0,0.20289289897536059
35.0,0.1535179529193036
43.0,0.18854684843931324
53.0,0.18705753045713888
57.0,0.1933688387598302
64.0,0.1734453713340305
72.0,0.19011012174482955
79.0,0.16358879009755
87.0,0.18264051417898985
95.0,0.15535550173553236
107.0,0.17243116813144702
111.0,0.19485217603431348
119.0,0.19714394923414633
123.0,0.18000450280121688
130.0,0.20870200672923125
138.0,0.17292282284751737
146.0,0.1729137467260266
153.0,0.18198971591716784
157.0,0.1675827510560969
165.0,0.18747418280150538
171.0,0.18589463840964707
175.0,0.18017906880569876
182.0,0.15192461128330512
186.0,0.2240776575790697
195.0,0.2211594804613107
201.0,0.19437497802543915
210.0,0.1795651703960498
217.0,0.20533175994056999
222.0,0.17036368931602297
230.0,0.1983937901864304
239.0,0.18912175400482045
247.0,0.18556114758047865
254.0,0.20925153803526775
263.0,0.17683928052793105
274.0,0.18049129297587901
278.0,0.19004737716995754
288.0,0.20035536467424983
299.0,0.21568648133298152
307.0,0.19741326146415955
315.0,0.1831760509287295
320.0,0.21401157482621422
328.0,0.20608925054711652
336.0,0.16925331194204168
347.0,0.18107463125421738
354.0,0.20453618238478946
362.0,0.19703989976771094
369.0,0.20420480548493466
381.0,0.17169770823358815
390.0,0.18547380966549395
399.0,0.1606410066256369
407.0,0.17297772744403714
416.0,0.20238128910760758
425.0,0.18490067731589238
432.0,0.1752295215116827
440.0,0.17030718261770658
447.0,0.19271744324339585
451.0,0.17685025924278047
456.0,0.21142048277643044
461.0,0.22916446652526626
468.0,0.2072865802209822
475.0,0.1683524548219979
483.0,0.18564201740525982
491.0,0.18733225760046013
497.0,0.19648931433723252
507.0,0.1965567738112007
515.0,0.15376824092953673
523.0,0.19586836492606002
532.0,0.17481942782547855
540.0,0.18260262663943172
545.0,0.20252312470463826
549.0,0.17386500571976232
557.0,0.1977364718736464
561.0,0.20221290590504132
569.0,0.18052025871459654
577.0,0.19996961180409875
585.0,0.18325638455230656
592.0,0.1946195698040378
600.0,0.18559534452832321
608.0,0.19134472154975254
616.0,0.19860065969322224
627.0,0.185977036394202
631.0,0.2210409508392971
636.0,0.196317712541922
640.0,0.19257640879827126
645.0,0.19953104238015537
652.0,0.16639957223455318
663.0,0.1454192327462791
668.0,0.1926061031869754
676.0,0.2064637288198749
683.0,0.17609218930724396
690.0,0.18914506494222819
698.0,0.19818939670896205
704.0,0.19631497396653674
712.0,0.175039943683589
720.0,0.20298397104064692
727.0,0.1714106311365728
737.0,0.18836406031156136
745.0,0.19697963350675807
754.0,0.2004378122918873
762.0,0.1732479775419956
776.0,0.15730259020455886
783.0,0.17275452837690358
790.0,0.18358567940475637
795.0,0.1739668686427458
800.0,0.20993658196747308
809.0,0.17875139646152238
816.0,0.18432054327288197
825.0,0.19490299576360962
833.0,0.17762388491124986
841.0,0.2259217156369803
852.0,0.19630252126789485
860.0,0.1970060855552171
867.0,0.19345753832839818
874.0,0.17369811981359848
881.0,0.21802746129413855
888.0,0.1948476421160494
897.0,0.18763525178623272
905.0,0.1910260157856643
912.0,0.19712164706339813
919.0,0.18662801273085866
926.0,0.18318231899209503
933.0,0.22176189573790703
942.0,0.19367871672950993
949.0,0.18341560739444066
953.0,0.1781111555019087
964.0,0.19938923006387926
972.0,0.1811439187926272
980.0,0.17615214851648214
985.0,0.19489201421618835
993.0,0.18575644654064463
1001.0,0.16510799599010625
1009.0,0.19082404240311984
1018.0,0.18288035609511735
1025.0,0.19850611942113572
1030.0,0.19185920098751577
1035.0,0.21433620191766475
1043.0,0.17512354799691876
1051.0,0.15366656068108794
1062.0,0.1878500331149923
1073.0,0.19264064853821153
1078.0,0.19535328499908336
1087.0,0.1840594739615494
1093.0,0.20125828583433042
1101.0,0.187041161805945
1105.0,0.18921153112436265
1117.0,0.21971289046791104
1125.0,0.1906935636058519
1130.0,0.19749955568068672
1137.0,0.18387175010774476
1146.0,0.18648683403134655
1153.0,0.1716478368144265
1164.0,0.16807778414522298
1173.0,0.20425365110262153
1182.0,0.1692057501723054
1190.0,0.19316267292493258
1198.0,0.16962317948566635
1206.0,0.1728282982839986
1216.0,0.18520742783048985
1224.0,0.1658517486745139
1232.0,0.18029556934627733
1241.0,0.1582991082031403
1251.0,0.16682486378973294
1259.0,0.1904085971017132
1268.0,0.1887882428619416
1278.0,0.19680594027363452
1283.0,0.1762637816317072
1294.0,0.1753923511144133
1299.0,0.21636507957435527
1305.0,0.1601785153226747
1313.0,0.1480184960169045
1323.0,0.18697919660493292
1327.0,0.14950788651493607
1334.0,0.18705066333063608
1342.0,0.16955295759934041
1349.0,0.16321502321235398
1357.0,0.16884923968012783
1365.0,0.1532408039804221
1377.0,0.20245772732818365
1381.0,0.17143666019105158
1389.0,0.2067593608124128
1393.0,0.1896592132536309
1400.0,0.19556812606769333
1408.0,0.18340839394165942
1416.0,0.1817259094752405
1423.0,0.19754738955889195
1427.0,0.18406865102829106
1435.0,0.20482498521147052
1441.0,0.20993161024886478
1445.0,0.18960092182165345
1452.0,0.1589712169761249
1456.0,0.20280089161580547
1465.0,0.17165396993333254
1471.0,0.18188497107187335
1480.0,0.1876779402133912
1487.0,0.18081122050821463
1492.0,0.19224249265704793
1500.0,0.18522483535419312
1509.0,0.17112396444054215
1517.0,0.15894957882144978
1524.0,0.19379164287087944
1533.0,0.19094540789070816
1544.0,0.16971308965451293
1548.0,0.1742124460592795
1558.0,0.19519340492609574
1569.0,0.16089796508068588
1577.0,0.18802174808574612
1585.0,0.15353407520734477
1590.0,0.20900991475899153
1598.0,0.20400360362621428
1606.0,0.16987957868389825
1617.0,0.1684565689742017
1624.0,0.2053054263783037
1632.0,0.17255964690836825
1639.0,0.19064131530021453
1651.0,0.18338514479662987
1660.0,0.1840427558305814
1669.0,0.17999344223591043
1677.0,0.18731588851611897
1682.0,0.1799804099156027
1691.0,0.17224899772298916
1698.0,0.17977503298175687
1706.0,0.18528987038115297
1713.0,0.19944928859860053
1717.0,0.1979183029752359
1722.0,0.18016056128788044
1727.0,0.17017994509823733
1734.0,0.22201194114921502
1741.0,0.20759335205117815
1749.0,0.20729923464431008
1757.0,0.19563545824995124
1763.0,0.1894039576589149
1773.0,0.1829076016989826
1781.0,0.19300944577167078
1789.0,0.19028627685700739
1798.0,0.20640553490738162
1806.0,0.1825938940289516
1811.0,0.20751706501242312
1815.0,0.19134951203269626
1823.0,0.1954680287369013
1827.0,0.20406969058336194
1835.0,0.2089499893704447
1843.0,0.20075943942826252
1851.0,0.17839938965305654
1858.0,0.18476944890374428
1866.0,0.18954135826592855
1874.0,0.17543594653066458
1882.0,0.19739523007537474
1893.0,0.19413885419436122
1897.0,0.21492637000816442
1902.0,0.1840605261621102
1906.0,0.18930532345871096
1911.0,0.18834163588499708
1918.0,0.1857696450218637
1929.0,0.18238541262302355
1934.0,0.18936886328263836
1942.0,0.14980104308144887
1949.0,0.18766208518906685
1956.0,0.19681581443526017
1964.0,0.18048460126399066
1970.0,0.19699660992662701
1978.0,0.18986522443868845
1986.0,0.1755305144537348
1993.0,0.19262600410259548
2003.0,0.18404792931789216
2011.0,0.1832783577050812
2020.0,0.13999362176257915
2028.0,0.18936816907452061
2042.0,0.16693915820303307
2049.0,0.1994238117476461
2056.0,0.18663612257431092
2060.0,0.1825502183508314
2065.0,0.17920878066597873
2074.0,0.18995240791626133
2081.0,0.20083023465581468
2090.0,0.1905092736088993
2098.0,0.20023014198043823
2106.0,0.18417568532563341
2117.0,0.16331885461579634
2125.0,0.1730418914105013
2132.0,0.1864243702637348
2139.0,0.17117837372023312
2146.0,0.1833845618874302
2153.0,0.1755155007543597
2162.0,0.20644411015112807
2170.0,0.1965792747821754
2177.0,0.18539225167494275
2184.0,0.18906112517531246
2191.0,0.2015976021339993
2198.0,0.18863791472080957
2207.0,0.18648454345310336
2214.0,0.19636239352541757
2218.0,0.19370204876878913
2229.0,0.20545332703281982
2237.0,0.1908376504179435
2245.0,0.21655205146776807
2250.0,0.20349309050778425
2258.0,0.17290549893306176
2266.0,0.19183903751296033
2274.0,0.1883997563732782
2283.0,0.1914459679344153
2290.0,0.18858231858287602
2295.0,0.2004614959096881
2300.0,0.2106428427808885
2308.0,0.17605808027370098
2316.0,0.18431177956172795
2327.0,0.17031534775433038
2338.0,0.18777001145197192
2343.0,0.18684388379187195
2352.0,0.16926654840284489
2358.0,0.1741903163493516
2366.0,0.1501976484589734
2370.0,0.2003750178416471
2382.0,0.1767083513092857
2390.0,0.18342827809102452
2395.0,0.15291424289766078
2402.0,0.18742885007228072
2411.0,0.18393570303729795
2418.0,0.18225333470237065
2429.0,0.20020272135070344
2438.0,0.17002610316659367
2447.0,0.17175816010767003
2455.0,0.19033532588219296
2463.0,0.19377960989002843
2471.0,0.17390649689998283
2481.0,0.19161304827247388
2489.0,0.15911909115108636
2497.0,0.18326815900847468
2506.0,0.18132448683269153
2516.0,0.18663096045220537
2524.0,0.16673725337616044
2534.0,0.17430226548813538
2539.0,0.19106848349438865
2544.0,0.19267731475991073
2555.0,0.19340201258367576
2566.0,0.19335141338016534
2572.0,0.1721768620760081
2580.0,0.1856211304998263
2590.0,0.18192600644311235
2594.0,0.14712788066742752
2601.0,0.18479450843842643
2609.0,0.20264096442103371
2616.0,0.16165181163398637
2624.0,0.18924932835336483
2632.0,0.17856861434585533
2644.0,0.20438947571078975
2648.0,0.18925118192084553
2656.0,0.19087623582873828
2660.0,0.15052356453289736
2667.0,0.19847174179491023
2675.0,0.17200253554297815
2683.0,0.20430344879165344
2690.0,0.15832379314230052
2694.0,0.14707050403502686
2702.0,0.21791922534963287
2708.0,0.19117479797831172
2712.0,0.20827036079514732
2719.0,0.17532152960679837
2723.0,0.19961027862820732
2732.0,0.203609144209331
2738.0,0.16082062834973035
2747.0,0.1791105774745153
2754.0,0.1618782029572113
2759.0,0.15541803333521673
2767.0,0.18994682318331452
2776.0,0.19249534106794283
2784.0,0.16712053269289887
2791.0,0.19604480422608705
2800.0,0.16354134475403842
2811.0,0.1975872245699053
2815.0,0.18300854741760839
2825.0,0.21848712486594016
2836.0,0.21635745369450957
2844.0,0.19812332558439122
2852.0,0.20536698859899116
2857.0,0.1994925493536162
2865.0,0.21727029237288148
2873.0,0.20162148582701117
2884.0,0.187525347390158
2891.0,0.19476666105195556
2899.0,0.20670418406900873
2906.0,0.19883179633128092
2918.0,0.19345006890357114
2927.0,0.20068926703698992
2936.0,0.1830532087824407
2944.0,0.21457554283288607
2949.0,0.191543226922306
2958.0,0.2063568281999871
2965.0,0.19263235023703593
2973.0,0.19807739717107417
2980.0,0.2056242720802949
2984.0,0.19935523857193604
2989.0,0.20050637746347366
2994.0,0.18066024093453895
3001.0,0.1683566939502192
3008.0,0.1999763288442622
3016.0,0.21006920282941452
3024.0,0.18654920821427812
3030.0,0.19204402130861192
3040.0,0.18748505426912446
3048.0,0.17520952889810115
3056.0,0.19312164957012085
3065.0,0.1894024699337257
3073.0,0.189473608747067
3078.0,0.17137626092490832
3082.0,0.148899242891307
3090.0,0.17928535399329365
3094.0,0.18601696711960672
3102.0,0.18400123967815293
3110.0,0.18147920521939087
3118.0,0.18840218077634238
3125.0,0.18583989212233376
3133.0,0.1922178704309265
3141.0,0.16608108300164848
3149.0,0.1910877406576137
3160.0,0.16514625453977363
3164.0,0.22519811886268562
3169.0,0.17724390350668584
3173.0,0.1938638935820521
3178.0,0.17204432984372225
3185.0,0.1649072926105566
3196.0,0.15950046265317278
3201.0,0.18808580398077318
3209.0,0.15188136324681015
3216.0,0.1843978239623327
3223.0,0.17614705913661619
3231.0,0.1787842013700237
3237.0,0.16823165305121998
3245.0,0.1827357336708078
3253.0,0.20041378189711107
3260.0,0.2106299414479188
3270.0,0.18475079330808777
3278.0,0.18015501132662964
3287.0,0.18806298042013803
3295.0,0.18072350973707088
3309.0,0.1996399640003065
3316.0,0.15176127531063618
3323.0,0.1732623891532098
3331.0,0.18332947020989446
3336.0,0.16378266859901477
3341.0,0.1989363620704825
3348.0,0.1939010106034855
3357.0,0.2032967894871478
3365.0,0.18641605454781623
3373.0,0.2424711373748177
3384.0,0.15095491134824837
3392.0,0.1806218282655177
3399.0,0.20083141370468446
3406.0,0.2008108176582172
3413.0,0.1908233962946368
3420.0,0.15481802814492282
3429.0,0.19273958464830543
3437.0,0.18774342011130207
3444.0,0.19902427578253784
3451.0,0.2009953776320419
3458.0,0.1947839457701919
3465.0,0.18706685515352778
3474.0,0.18272578701628722
3481.0,0.1837413335475534
3485.0,0.17461184005719255
3496.0,0.18488482844894072
3504.0,0.17405353618957367
3512.0,0.1793315414953309
3517.0,0.2057078517870077
3525.0,0.18700831728357087
3533.0,0.17812011801196967
3541.0,0.20268510644339444
3550.0,0.19951443689295212
3557.0,0.18743052630119333
3562.0,0.18923629379271864
3567.0,0.19187826024396976
3575.0,0.169783097435754
3583.0,0.16519970727694033
3594.0,0.19112921548061884
3605.0,0.20395982617645916
3610.0,0.15694551531234116
3619.0,0.19459300478212702
3625.0,0.17832598830702864
3633.0,0.18729795913749733
3637.0,0.18220902738293748
3649.0,0.16393665478496947
3657.0,0.18362743628384542
3662.0,0.1833127892121488
3669.0,0.1865577183983995
3678.0,0.17903259041867756
3685.0,0.16839737204327082
3696.0,0.20479701776783693
3705.0,0.19247928073283332
3714.0,0.17195887828576278
3722.0,0.1895762953470783
3730.0,0.1879381364846094
3738.0,0.1875295708476046
3748.0,0.19483127923190097
3756.0,0.18237477943267041
3764.0,0.19238377654844985
3773.0,0.19656369027143697
3783.0,0.19800490058863196
3791.0,0.20285816190495837
3800.0,0.17804833022827102
