,3
2.0,0.21750634890084844
11.0,0.17273550875449714
21.0,0.20813054176147583
28.0,0.17033474437281748
36.0,0.19917407444519913
44.0,0.16529305990596307
53.0,0.2318163983707029
58.0,0.19361206439957107
67.0,0.19546821450819582
78.0,0.1803014148067567
90.0,0.1982105518104835
98.0,0.17404827841744475
106.0,0.19329548666298402
113.0,0.23304199329452402
121.0,0.1449331008794946
130.0,0.20140175501738866
136.0,0.18886178226250372
140.0,0.21935878492630728
149.0,0.1971058537557845
160.0,0.18779563552332412
168.0,0.1409001565883591
179.0,0.19293090461146503
187.0,0.22229335468505249
198.0,0.2380411638160224
206.0,0.19470925020825555
210.0,0.1531431497500861
218.0,0.20657752376083988
227.0,0.19963256098998297
235.0,0.14489539586001288
246.0,0.2068146647183752
256.0,0.19834650963604333
263.0,0.21376705426666234
271.0,0.22834855619633088
279.0,0.18084951253200843
284.0,0.21762827100972612
293.0,0.1935434620800741
302.0,0.1802559539481177
311.0,0.17510978098627286
318.0,0.20565826996066125
325.0,0.1957431437827756
339.0,0.21831093679389382
350.0,0.21920736559182502
358.0,0.1442653382228309
367.0,0.1886809202473054
376.0,0.2172562898812582
387.0,0.2384391889583374
391.0,0.21393797971804626
402.0,0.20352491391951766
413.0,0.13255116460889863
418.0,0.23005337051318
424.0,0.17890467256796475
435.0,0.16256343518059493
444.0,0.2435809364774822
449.0,0.16391996771504735
458.0,0.21093363638310353
462.0,0.2225242010089379
467.0,0.16629538318775205
475.0,0.23507907357489286
480.0,0.21802527764094778
488.0,0.2194968106271483
496.0,0.1886794475556692
501.0,0.23200889227181118
508.0,0.22851628901981033
516.0,0.226739526700284
525.0,0.20300418537485523
530.0,0.23859015297593597
538.0,0.21398202201484942
546.0,0.2108671694838388
555.0,0.2320791616832924
563.0,0.13696515087602248
571.0,0.22420556457463758
578.0,0.17357146851288452
587.0,0.22318980605598834
598.0,0.22232076425349134
604.0,0.22417634601379952
612.0,0.2128190281993522
624.0,0.2560324289473827
631.0,0.20184005767213317
638.0,0.20963065033467035
646.0,0.1884264627989931
653.0,0.23333919892165125
661.0,0.1977960065020366
668.0,0.14223042758688748
675.0,0.2050467870674992
682.0,0.17925891934881213
691.0,0.2325833412010817
698.0,0.22060610275612508
705.0,0.25906806589398274
712.0,0.1900254158491295
720.0,0.2242625603457251
727.0,0.17649161773627786
735.0,0.1452329912814382
741.0,0.24977419341933316
748.0,0.19223613239025594
755.0,0.2250539427635032
764.0,0.13387189834122198
772.0,0.19835005110021342
783.0,0.17623835925739917
792.0,0.22172644000053796
799.0,0.20272759663809092
807.0,0.24858356299967518
814.0,0.17298610635262632
822.0,0.23617196912485983
830.0,0.1638821123598678
836.0,0.18690779460109208
847.0,0.18024033569902043
855.0,0.21965239454637275
863.0,0.2117997702963555
872.0,0.22147805877744273
883.0,0.1880137374777848
890.0,0.2200379219104608
897.0,0.21097838454924092
904.0,0.22611412212085286
911.0,0.20533409361244098
918.0,0.18338756343619841
926.0,0.25671659963611504
933.0,0.21252019519728196
940.0,0.2102846966803885
954.0,0.18005293507383596
962.0,0.22467294426645917
973.0,0.2072465715592274
981.0,0.23155168800393747
985.0,0.2065402860814987
994.0,0.1656415365447542
1001.0,0.1964331664352376
1008.0,0.23576370567772864
1015.0,0.2303184265302507
1022.0,0.22906596523959258
1026.0,0.22262908493971162
1033.0,0.17857111386196406
1039.0,0.19778426977167785
1048.0,0.20537345597567594
1055.0,0.22503550732839633
1062.0,0.22672220354333775
1073.0,0.15887038177768162
1081.0,0.2575335456359848
1088.0,0.2020094728577359
1099.0,0.21752937502683506
1108.0,0.2136421519441116
1116.0,0.19145247755958153
1126.0,0.23810312492275656
1134.0,0.23945692934077856
1145.0,0.17971610980453545
1156.0,0.20973983468453167
1165.0,0.1757268658745747
1176.0,0.2619406009741312
1186.0,0.2462470570137072
1198.0,0.2617566600848043
1206.0,0.22416208358949266
1213.0,0.23103577371171297
1224.0,0.22848391257618678
1232.0,0.24450860888910123
1239.0,0.2321622674507573
1245.0,0.23171392710457417
1252.0,0.22379350383345992
1261.0,0.2082975646003496
1269.0,0.16696441412360694
1276.0,0.1982212154323071
1288.0,0.17751085207605252
1296.0,0.21440718752834126
1302.0,0.15827312035647817
1313.0,0.23003220300918473
1320.0,0.23350258394024764
1329.0,0.21028554196813565
1339.0,0.19460086368966062
1353.0,0.23058026443234295
1357.0,0.2681544749260353
1365.0,0.1873432798171325
1373.0,0.19831240947995016
1382.0,0.2186684018441932
1389.0,0.20153966745965812
1397.0,0.19389217279694232
1405.0,0.24152705866578855
1414.0,0.13360453248178109
1424.0,0.21858013419959482
1438.0,0.1726200489229319
1447.0,0.22640521722509116
1458.0,0.1958834089445517
1466.0,0.2151484263012511
1473.0,0.21165126403940704
1477.0,0.17622368848697098
1485.0,0.2337459959596916
1492.0,0.2680888607536887
1503.0,0.23490635219383138
1510.0,0.22681834420248304
1521.0,0.2071778567471262
1532.0,0.1807487326545079
1540.0,0.17891078297235688
1554.0,0.15940842522670046
1563.0,0.20012107070413482
1571.0,0.19265211233478022
1580.0,0.2072546204776395
1591.0,0.23461968620487755
1600.0,0.1863537845637808
1606.0,0.254377068341255
1616.0,0.17631440558502187
1627.0,0.19300413049490106
1638.0,0.2239214416361792
1646.0,0.23093398561863637
1650.0,0.1696180530571684
1657.0,0.19924301209819012
1666.0,0.23072012712120307
1677.0,0.14617951863648224
1684.0,0.25771217227362897
1695.0,0.20109346084825036
1703.0,0.2033570111213251
1711.0,0.1301009829512613
1720.0,0.23339394615139952
1731.0,0.2252009673757896
1737.0,0.2336076344082679
1745.0,0.23125996716403377
1757.0,0.169623014240633
1765.0,0.21493943513262936
1774.0,0.19761746704156058
1783.0,0.1559045831967467
1792.0,0.19649969154529967
1798.0,0.16934945931783124
1805.0,0.19301384006868852
1816.0,0.19226497919595345
1827.0,0.2192229867820244
1835.0,0.17965575947943488
1841.0,0.2327222424887443
1849.0,0.19327953096169856
1856.0,0.18713612917022518
1860.0,0.16434309886009452
1869.0,0.22479218547500246
1881.0,0.19163900990891145
1892.0,0.24264376506840257
1897.0,0.19349696600215746
1904.0,0.1905724285639252
1911.0,0.21467612632982006
1920.0,0.19116123037977678
1928.0,0.22338258469684544
1932.0,0.2225942722823969
1943.0,0.261528948674101
1950.0,0.23669358376198957
1958.0,0.24113993541495082
1963.0,0.21489561047419822
1972.0,0.2163316470878897
1984.0,0.2260874047143797
1998.0,0.23375017170318935
2006.0,0.19101818846862478
2012.0,0.2305510310052176
2021.0,0.21709265387013632
2030.0,0.19348718854137684
2038.0,0.11991164469448506
2046.0,0.2082089624000525
2054.0,0.12829190600339632
2063.0,0.24064065083485792
2072.0,0.21204024474969171
2083.0,0.22049197929113667
2094.0,0.20357289640567144
2099.0,0.24209313227282175
2104.0,0.21831461850711456
2111.0,0.2501930134222561
2119.0,0.2183536555232935
2126.0,0.1598782475907205
2138.0,0.21770652285830297
2144.0,0.22647654995309652
2155.0,0.22053249972083913
2165.0,0.22368929943782742
2173.0,0.23206930386102584
2185.0,0.20429025730226397
2189.0,0.2372844104394484
2196.0,0.2427226720434814
2200.0,0.18857728351182546
2209.0,0.18638427842098537
2215.0,0.21747561559823778
2226.0,0.19433327017829408
2233.0,0.23413789593500645
2240.0,0.2696444584295114
2249.0,0.1904612314369635
2260.0,0.16796341471290066
2271.0,0.17070958789096727
2278.0,0.18893612064631063
2287.0,0.23188985003040877
2294.0,0.18007687873085357
2303.0,0.21668508521493468
2310.0,0.23056538028867365
2317.0,0.17409973230335843
2324.0,0.2003683865379133
2336.0,0.16994163985963545
2343.0,0.21728989189205844
2349.0,0.17150762542009745
2358.0,0.1798868463173846
2365.0,0.21082119391131665
2374.0,0.222401731718114
2381.0,0.1964082386794631
2389.0,0.1926556862826757
2398.0,0.22021939944952593
2408.0,0.2101441305977667
2418.0,0.20737772308042485
2426.0,0.11797462659433858
2434.0,0.18542904302100208
2442.0,0.22759449728447895
2449.0,0.1567039416779897
2455.0,0.19756085965498882
2461.0,0.23258000795845254
2468.0,0.20505238245983518
2474.0,0.2394590110484256
2478.0,0.21500127737177882
2489.0,0.2115231697977133
2501.0,0.22024657120852065
2508.0,0.25348590600467735
2512.0,0.19428702306367324
2518.0,0.22601594178546563
2526.0,0.180830868297775
2535.0,0.26546878735506263
2542.0,0.19045356092804522
2553.0,0.16390026393269824
2567.0,0.1593739632800116
2578.0,0.22774567666463302
2589.0,0.14089207174291993
2597.0,0.19510812797723187
2601.0,0.24060435435483687
2610.0,0.16259596754330227
2619.0,0.19341161667097914
2628.0,0.19263900831766273
2637.0,0.24265709090043644
2642.0,0.20931019530698478
2646.0,0.17570655945552757
2653.0,0.23106891310284103
2660.0,0.15922108031620877
2666.0,0.2075505936086794
2673.0,0.18550266090389092
2677.0,0.15108647496098992
2685.0,0.25202159981886585
2693.0,0.11753585744324481
2702.0,0.21080293171889614
2710.0,0.1939841604657635
2714.0,0.20381740622859443
2722.0,0.17239731413716697
2736.0,0.2279341831459582
2743.0,0.2231465094796802
2754.0,0.22766836671929572
2763.0,0.208623752401295
2770.0,0.17472605685500145
2778.0,0.23006613621662125
2785.0,0.20408094410851277
2793.0,0.2214737959808708
2801.0,0.20487635142329735
2810.0,0.1850454072692174
2817.0,0.21962987083917213
2824.0,0.24074879606310137
2831.0,0.15686598135373567
2842.0,0.1848180809488516
2848.0,0.18799893287408911
2852.0,0.2147609676537945
2861.0,0.15625417158716487
2868.0,0.19041645122170223
2880.0,0.16013370359023524
2887.0,0.19063542902339414
2893.0,0.1941875085044271
2902.0,0.1789224016737724
2909.0,0.14601126270501746
2918.0,0.25301457847001435
2928.0,0.17613917529217019
2935.0,0.22315968281333545
2941.0,0.1945337349178298
2948.0,0.24427118704208747
2955.0,0.19644384616171698
2961.0,0.2305239580536151
2968.0,0.20113941050123593
2976.0,0.23471547715859112
2983.0,0.19559795696594182
2990.0,0.17766386676508336
2999.0,0.2050747591021612
3013.0,0.17005355367082212
3024.0,0.2147267970593159
