,5
3135.0,0.17107382164870136
3140.0,0.16212052964361878
3146.0,0.20884227552283674
3155.0,0.19146850271872876
3162.0,0.15917769991630268
3170.0,0.20362080182431724
3177.0,0.1718707904367265
3185.0,0.18598848634176957
3192.0,0.21494677891532823
3200.0,0.19077375186779627
3208.0,0.18486811147289947
3216.0,0.2279849987699754
3226.0,0.204736088644597
3235.0,0.20362175169945868
3241.0,0.18695166127315635
3247.0,0.1985558299936613
3256.0,0.17540807492919971
3267.0,0.21138162307271255
3274.0,0.20282751793198645
3278.0,0.18572937481032387
3285.0,0.19275132799503586
3293.0,0.19112563786292514
3297.0,0.21067210570056746
3305.0,0.18402220442179365
3313.0,0.19938553544181703
3322.0,0.18801120958910986
3334.0,0.18660528185604414
3342.0,0.17915394916936908
3354.0,0.19548731615200016
3362.0,0.1533883913754318
3370.0,0.18588599171034276
3380.0,0.18126616219658043
3392.0,0.16114723369126524
3399.0,0.18827356855206315
3405.0,0.21477232428326837
3410.0,0.2093523202977974
3417.0,0.19288340089504294
3426.0,0.18037657255539888
3433.0,0.16256884672110428
3442.0,0.22936146657016968
3448.0,0.19908358544101945
3455.0,0.1953598358895516
3463.0,0.17921212397948164
3469.0,0.19427555840511854
3480.0,0.20069802658241062
3491.0,0.18325232851317966
3500.0,0.20597261025981323
3514.0,0.18876145716946083
3522.0,0.19729742332991007
3530.0,0.21112021239257184
3538.0,0.21436467376519971
3550.0,0.21806972172845263
3558.0,0.2297795256538151
3566.0,0.2050178983077769
3572.0,0.15258147286039173
3580.0,0.16647019083121184
3589.0,0.15245198363849474
3598.0,0.19076864674185962
3606.0,0.17181837329537517
3615.0,0.19770470534443954
3623.0,0.18767796298683323
3635.0,0.1940941572899227
3643.0,0.19357342225221058
3652.0,0.1962195655706486
3659.0,0.19572111637284734
3668.0,0.17564654208257807
3675.0,0.2036230069500774
3684.0,0.20863341151737103
3692.0,0.19375873061217616
3700.0,0.19114796859768562
3708.0,0.19155951274183425
3717.0,0.18660399346724982
3725.0,0.18298806218475913
3733.0,0.1959828157948296
3738.0,0.18634569388601188
3747.0,0.19695889381624335
3756.0,0.19031838869295237
3768.0,0.22755918339338196
3777.0,0.2183314642528253
3785.0,0.18810931892273225
3794.0,0.21673667698463933
3801.0,0.19329219465879963
3808.0,0.18769539510975258
3816.0,0.20332970574836143
3823.0,0.19069931255823072
3835.0,0.1870968959185701
3839.0,0.17421372616317324
3845.0,0.20470031590356041
3853.0,0.22177843837170805
3865.0,0.20081340112226062
3877.0,0.17579884648842095
3884.0,0.19603345542677497
3892.0,0.20945795830732547
3898.0,0.19793825325264086
3910.0,0.20803813144635475
3921.0,0.17831827192086677
3927.0,0.20421976480687193
3931.0,0.18512832851520655
3935.0,0.16064953201737278
3944.0,0.2027404950200368
3951.0,0.17260847240403562
3957.0,0.22064033978091807
3965.0,0.2023166112515866
3977.0,0.19417645414129578
3981.0,0.15431360473490807
3985.0,0.20704784612403748
3993.0,0.156423136504901
4000.0,0.20933497109571605
4009.0,0.19536319201182276
4019.0,0.17183999540548905
4028.0,0.18227330786132262
4032.0,0.2007116662686699
4040.0,0.21481200482116714
4050.0,0.22691831292417022
4061.0,0.18575938647303344
4069.0,0.22592944322255837
4077.0,0.1812147717509402
4081.0,0.16527591796485977
4089.0,0.1692559705040053
4097.0,0.1614561385821207
4106.0,0.17641440319823684
4114.0,0.1857684582986663
4121.0,0.1803778278177166
4129.0,0.196657761566662
4136.0,0.21002685358964374
4147.0,0.1718120833194944
4154.0,0.19182935433933773
4166.0,0.19480073580492147
4175.0,0.19579974892729612
4183.0,0.187994120019715
4192.0,0.21087420206753335
4203.0,0.18703744924554525
4211.0,0.1911422485531141
4218.0,0.1887954147278786
4226.0,0.20988132013070998
4232.0,0.1904424557684307
4243.0,0.19076082988764706
4252.0,0.1972938835340796
4259.0,0.19960238166641206
4268.0,0.20609842404595777
4275.0,0.17429138245946768
4283.0,0.17353423415503647
4292.0,0.17699362261636342
4301.0,0.17680394697165203
4307.0,0.2078300174758063
4314.0,0.20138616879016738
4321.0,0.21255193115981116
4326.0,0.21597957392244144
4335.0,0.17919456001925413
4344.0,0.20119067972376437
4352.0,0.17755759682524852
4360.0,0.1791456684786418
4368.0,0.19461673033702198
4377.0,0.17843145694069487
4382.0,0.18895289963431572
4393.0,0.18329355701086378
4401.0,0.17065186725899564
4412.0,0.19465146410951012
4420.0,0.19282441280960252
4428.0,0.1937266170928422
4436.0,0.18562408424457766
4445.0,0.21425544039946454
4454.0,0.20294375386125216
4462.0,0.19543206879670977
4470.0,0.20465379651835527
4482.0,0.18807472979628959
4491.0,0.17457143729356267
4502.0,0.20107550657116263
4510.0,0.184869583360245
4516.0,0.2059730616940867
4522.0,0.1950267043596181
4529.0,0.20312738827989557
4541.0,0.20148689122440858
4550.0,0.1885588930912211
4557.0,0.2185896633293915
4561.0,0.1770522665117513
4573.0,0.17201744477742803
4581.0,0.19771659099845387
4590.0,0.1928579108061623
4601.0,0.18173255676575845
4609.0,0.2025899715910328
4618.0,0.20202007460563734
4626.0,0.19485808249857414
4634.0,0.18628573075329632
4638.0,0.19330679820869628
4646.0,0.2276355507500753
4653.0,0.2105178388262041
4664.0,0.16248076388632898
4678.0,0.17837049750773204
4690.0,0.20393867652703437
4698.0,0.19515240046108054
4706.0,0.20710912894935884
4714.0,0.20304723750469822
4721.0,0.18054302573045183
4726.0,0.1995207824146027
4733.0,0.1865473052711261
4737.0,0.23037757490806832
4745.0,0.22004435030193387
4754.0,0.1696312655184369
4765.0,0.18902815992127786
4773.0,0.2106569145249602
4782.0,0.21513479229474827
4788.0,0.19900678897893162
4797.0,0.18880524976044574
4809.0,0.1876284608579294
4817.0,0.18382672169160036
4825.0,0.19391520067768028
4833.0,0.19374721241808027
4845.0,0.17497221216769607
4853.0,0.17238607773629955
4861.0,0.21888567469906045
4869.0,0.1762651225351356
4878.0,0.18621400235409877
4885.0,0.1817266259464278
4892.0,0.19727490291196545
4900.0,0.19911483290138846
4906.0,0.187447865447718
4915.0,0.21524256702399905
4921.0,0.1653218649379446
4928.0,0.1843534889380935
4937.0,0.15086863039997123
4945.0,0.19466001499618207
4954.0,0.1766703390199354
4961.0,0.19162440687418253
4971.0,0.18849558402983194
4979.0,0.17895321382451373
4986.0,0.22410354505379834
4993.0,0.17977231964302157
5002.0,0.18939491154035923
5010.0,0.207159431879119
