,3
656.0,0.17051669158463212
663.0,0.13964604632568825
672.0,0.17424090993531116
680.0,0.21200112496140222
686.0,0.18698028249582746
695.0,0.22311823827677812
706.0,0.19641800655358058
712.0,0.22798985429817992
720.0,0.22880195549240176
727.0,0.18497262620723318
738.0,0.20971785544987662
749.0,0.18881268850172003
755.0,0.24477587724747213
762.0,0.19958484292406614
768.0,0.18552503399297024
776.0,0.1672378540112884
784.0,0.1707470386079761
793.0,0.13506159593092448
802.0,0.18349007350954713
808.0,0.14510869037778276
814.0,0.1676943711854218
822.0,0.163379302465198
828.0,0.18203657568479772
836.0,0.24502833500958876
842.0,0.23694093794725377
848.0,0.2543306895824327
856.0,0.15951253833225917
863.0,0.1676319836646904
869.0,0.20888567605712816
877.0,0.16140348111409134
883.0,0.16595507615987182
892.0,0.23785100971377843
901.0,0.17382247894452257
908.0,0.2185902999792793
917.0,0.23234648650020015
926.0,0.19035058863440477
933.0,0.19456703208092588
939.0,0.13981921125795457
946.0,0.2434143960217185
951.0,0.15022218022044523
958.0,0.12773476328970468
972.0,0.18205766060066556
983.0,0.1635245708139716
992.0,0.21155206931988088
1000.0,0.19680697032349936
1008.0,0.17295392278951321
1017.0,0.13662892742609242
1025.0,0.1820564766013446
1033.0,0.24150687193329468
1040.0,0.20526651171945165
1048.0,0.19131003290401014
1057.0,0.23067239823378002
1064.0,0.2419495047962322
1071.0,0.27521203492403407
1077.0,0.18600185939097638
1087.0,0.22692268016858005
1095.0,0.16995490931358478
1102.0,0.20240169913183592
1111.0,0.1458033954417331
1119.0,0.2559062904437037
1126.0,0.15696161920217278
1138.0,0.2293185489323279
1148.0,0.17957622409270124
1156.0,0.23837691618883025
1167.0,0.1732080666823493
1175.0,0.2163683488730577
1183.0,0.21944213710971808
1192.0,0.17960132320596542
1200.0,0.1861876476066906
1205.0,0.2238226559172563
1210.0,0.12309675505945054
1216.0,0.2371994237962479
1223.0,0.18230119674851117
1232.0,0.1513102632734147
1238.0,0.25448204789128565
1246.0,0.19353190423726574
1254.0,0.23339181218162297
1263.0,0.21695174201823092
1272.0,0.19974607730979607
1281.0,0.21300387513684133
1290.0,0.23828706086075194
1299.0,0.24371333529226966
1306.0,0.2134142001413482
1310.0,0.13093918007225047
1319.0,0.2271937363376228
1326.0,0.17889916805086412
1337.0,0.21827136263453578
1348.0,0.19519423122229107
1356.0,0.244025063432874
1362.0,0.2525068573305075
1368.0,0.20117679462077317
1374.0,0.23195143226415574
1380.0,0.20689601279050776
1386.0,0.2016567809247975
1394.0,0.2175476550113602
1403.0,0.188082869758884
1409.0,0.22377597932791768
1417.0,0.21614754194167435
1425.0,0.18713647818508114
1433.0,0.22681519978953754
1441.0,0.26271386277568
1449.0,0.17336745518629407
1460.0,0.24391655505240767
1466.0,0.24643477474047001
1475.0,0.2390044352461987
1484.0,0.21992383164264695
