,4
656.0,0.13603818078467608
663.0,0.18035876903262404
672.0,0.18387216998982164
680.0,0.20900562212125154
686.0,0.20127761429320087
695.0,0.18521295226739004
706.0,0.20346623730008898
712.0,0.17485744096866762
720.0,0.22977796520328
727.0,0.20624465441464168
738.0,0.18047282161607162
749.0,0.17359359072894126
755.0,0.21437793653328333
762.0,0.2170061683690599
768.0,0.19325362227879075
776.0,0.16460367955394384
784.0,0.1585420251331409
793.0,0.17562960847922868
802.0,0.19517990172703872
808.0,0.19801196440681396
814.0,0.20585098094369939
822.0,0.17229952249394714
828.0,0.13707768227615463
836.0,0.24398402244023357
842.0,0.2117431640018946
848.0,0.20315766231858473
856.0,0.17299825131450874
863.0,0.1373671242002495
869.0,0.22390650866455547
877.0,0.2128370663726733
883.0,0.16312563090343793
892.0,0.20045032807835952
901.0,0.14711101707432653
908.0,0.2169062416358514
917.0,0.20292912862917692
926.0,0.20171762275776595
933.0,0.20923935992395243
939.0,0.16667994867608152
946.0,0.19184815677876188
951.0,0.19854041235869152
958.0,0.22737061055013358
972.0,0.1723437609436289
983.0,0.1702725541042684
992.0,0.16972068256338713
1000.0,0.191846628805263
1008.0,0.1631840674997079
1017.0,0.17578544089242215
1025.0,0.1379947061995143
1033.0,0.20240989335964618
1040.0,0.18649699566511932
1048.0,0.18327388952194407
1057.0,0.2184768682090514
1064.0,0.199734882704319
1071.0,0.21808730361142473
1077.0,0.2038962135613685
1087.0,0.1966870867070623
1095.0,0.19119953429372277
1102.0,0.18652976218248193
1111.0,0.18143270631644853
1119.0,0.25656742049376924
1126.0,0.16264944424761052
1138.0,0.20319945440387557
1148.0,0.1814777373281866
1156.0,0.16294152640597412
1167.0,0.1942649198496205
1175.0,0.1725294741305145
1183.0,0.21148541268978888
1192.0,0.21214557090972408
1200.0,0.1828219932536082
1205.0,0.2106633944148641
1210.0,0.19400034721663692
1216.0,0.15666538856556098
1223.0,0.2083268033633872
1232.0,0.17417926381493057
1238.0,0.2188900749530573
1246.0,0.1891761282309591
1254.0,0.15551295890467204
1263.0,0.19138851661181858
1272.0,0.1517839860840049
1281.0,0.18452430006251938
1290.0,0.17239028439333076
1299.0,0.23747164523038486
1306.0,0.19527159289441615
1310.0,0.20318984419442632
1319.0,0.20876004781594618
1326.0,0.18327428167637982
1337.0,0.1729819987602282
1348.0,0.1819526892890923
1356.0,0.1940472773920982
1362.0,0.20856156882922336
1368.0,0.2155524874288568
1374.0,0.1850133565886433
1380.0,0.18248931416113884
1386.0,0.21030377496470964
1394.0,0.1972112412113785
1403.0,0.19688741036711113
1409.0,0.1832304437588399
1417.0,0.17251258912113612
1425.0,0.17100239847409118
1433.0,0.19875578870135183
1441.0,0.20781903602706783
1449.0,0.21539201336922661
1460.0,0.20239024188739135
1466.0,0.2499650094895801
1475.0,0.19029253393779438
1484.0,0.22361984925409373
