,4
2.0,0.21478589431636327
11.0,0.22089026595824968
19.0,0.18349004405028888
25.0,0.17980940355642042
31.0,0.20866592605703652
38.0,0.17748053714440082
49.0,0.13374673910692092
56.0,0.1781438405216782
64.0,0.17666541695842064
76.0,0.21492574596854538
84.0,0.21242017558845655
92.0,0.2257740921480065
103.0,0.19284495283519637
114.0,0.18363786394049483
123.0,0.20344250444759027
131.0,0.1702039698839985
139.0,0.2762403098022362
143.0,0.1943738148315298
157.0,0.17951046520675043
166.0,0.19927826396893952
180.0,0.17325243304209775
187.0,0.17525271171443396
197.0,0.1889092915007375
206.0,0.21901588322553311
213.0,0.204700056809271
222.0,0.16054550806429213
226.0,0.16734161178400087
238.0,0.19212705853584147
250.0,0.23064456116337106
255.0,0.21545510979786364
263.0,0.22864840744202955
274.0,0.13121594607394174
280.0,0.19153321679954516
286.0,0.19553715726096554
290.0,0.19266883539825416
297.0,0.2194129227289698
303.0,0.20823137939113856
310.0,0.20125116855787775
322.0,0.17604215462346184
330.0,0.17591816996480206
341.0,0.19308449601134262
347.0,0.24404529475103673
352.0,0.16927371418301174
358.0,0.14605592127161998
363.0,0.23606963177642795
369.0,0.20836049972179702
376.0,0.198228337295446
382.0,0.1675420709282066
388.0,0.21687468587597541
395.0,0.19601287520350189
402.0,0.18384078012531777
411.0,0.2005613681030333
419.0,0.16316882103927166
427.0,0.17707289329926038
436.0,0.1988665883750835
443.0,0.19504610693668026
451.0,0.20357657310251695
458.0,0.20684282467674986
466.0,0.19702142044769763
474.0,0.20600068059023807
486.0,0.21956822291883332
498.0,0.244364533463495
505.0,0.18526827881782343
509.0,0.18635583909613665
520.0,0.2097541969373839
527.0,0.20534692676075378
534.0,0.14943269773846882
543.0,0.18498960806812573
550.0,0.1761274479348096
559.0,0.21442709195919887
568.0,0.18298858560262574
576.0,0.19208930807784078
582.0,0.16789378828446194
590.0,0.2021890459886818
598.0,0.18040054117673013
605.0,0.17709023066829244
612.0,0.19501786247476585
621.0,0.18103275065133811
627.0,0.17355939485019403
633.0,0.18230760242972313
642.0,0.21892341299684556
648.0,0.2454097144982751
