,5
2.0,0.19917445839280992
11.0,0.18738243048275804
19.0,0.18924050627259315
25.0,0.19807188079478358
31.0,0.2015569801946216
38.0,0.19429024095117994
49.0,0.181696246143234
56.0,0.20338079875405365
64.0,0.20286086084684718
76.0,0.18664454594206917
84.0,0.21344744874389923
92.0,0.169717310206898
103.0,0.18205652317663512
114.0,0.18151509544169814
123.0,0.18253351055745773
131.0,0.18337859693125352
139.0,0.18693742457229476
143.0,0.2070496448952156
157.0,0.1903375171075491
166.0,0.21380783228165756
180.0,0.20018189528869607
187.0,0.1866466787651355
197.0,0.19515685965344823
206.0,0.1852818495251032
213.0,0.2011551923504644
222.0,0.2044086828466832
226.0,0.19760790838110928
238.0,0.1967157599384733
250.0,0.17721533579676457
255.0,0.204987332965222
263.0,0.1803443919103122
274.0,0.188389885781851
280.0,0.19081145582887163
286.0,0.19050572688051276
290.0,0.21918021630969467
297.0,0.19940626351428822
303.0,0.2130268888159395
310.0,0.20515834643991013
322.0,0.1690476628529392
330.0,0.2069612051348893
341.0,0.16407748452155782
347.0,0.24326514707024735
352.0,0.21347668345500823
358.0,0.1505800071708959
363.0,0.1852602937579631
369.0,0.23324137502590137
376.0,0.2264098376047318
382.0,0.19264787188735577
388.0,0.15703630326734627
395.0,0.17233933954095562
402.0,0.20820716920735866
411.0,0.2131310889593141
419.0,0.19676545533289994
427.0,0.20810056681652342
436.0,0.1779156356442481
443.0,0.21540269098845166
451.0,0.188803535604498
458.0,0.2139898206243924
466.0,0.1752745385551958
474.0,0.19628872203795059
486.0,0.21762703929552873
498.0,0.21892161195337492
505.0,0.16168094524197305
509.0,0.21477311106783073
520.0,0.18786951390377496
527.0,0.19920904187946412
534.0,0.1578607574303272
543.0,0.2213472108481847
550.0,0.21493838083374212
559.0,0.17675374764304583
568.0,0.20578815000071415
576.0,0.18921649601504864
582.0,0.1871153853948657
590.0,0.17876821528821002
598.0,0.22965391701535426
605.0,0.18076915188931558
612.0,0.20088974423354
621.0,0.19097565704073202
627.0,0.1609824759664492
633.0,0.20252183549229277
642.0,0.18670548097365774
648.0,0.19081223466356018
