,5
2.0,0.19116049338700847
11.0,0.20638426046821765
18.0,0.17705500448487468
25.0,0.21812451042900172
30.0,0.17450259633659682
38.0,0.19387695630889423
45.0,0.1966063803076219
51.0,0.2026810060287219
59.0,0.1959563766440389
67.0,0.19448491228626438
71.0,0.2170755606212411
77.0,0.22417804396229757
81.0,0.19081954989454827
89.0,0.18598045480260114
96.0,0.18688726436869768
105.0,0.21281324349163933
110.0,0.18738037905968125
114.0,0.20050796618426453
125.0,0.22329663161245694
130.0,0.17181366110101084
134.0,0.17947303318717217
142.0,0.16825926542731495
150.0,0.14570577501428963
155.0,0.18333628663635682
162.0,0.2040484133395721
173.0,0.1995688409560368
178.0,0.1940922059377134
185.0,0.19544748508831125
196.0,0.21489709697068293
203.0,0.21844663975632692
209.0,0.2057858342893272
217.0,0.17414889631358071
224.0,0.20111841680285766
228.0,0.2042796184032943
239.0,0.18061033488311717
246.0,0.19912182774471027
257.0,0.20841557591582768
263.0,0.16444428962745286
275.0,0.16939411804335744
282.0,0.20072021271830714
286.0,0.20414105037301766
294.0,0.15736440596649504
303.0,0.20471121763441805
308.0,0.1822144331317608
317.0,0.1622588795431991
323.0,0.2082995311645032
332.0,0.19422188364710463
343.0,0.1675597703184817
347.0,0.2006505124383138
355.0,0.19183659429784886
363.0,0.1791828583077461
370.0,0.2051777507402361
378.0,0.18013485118801745
387.0,0.18500749652330384
399.0,0.18590217352487645
406.0,0.21790909322622162
414.0,0.19434963133789374
423.0,0.1779511304774721
433.0,0.20268276896086976
437.0,0.18301783910493755
445.0,0.19165562748356169
453.0,0.1845074457121908
460.0,0.1822471879460762
468.0,0.18881086151195584
482.0,0.1664400675010012
490.0,0.181340422396335
498.0,0.1738454396701162
506.0,0.20805215837758456
515.0,0.20228746795939404
524.0,0.19415703550968755
532.0,0.1790619880837629
546.0,0.1734202270752221
556.0,0.18499330056959595
566.0,0.1906800776563921
573.0,0.18495449477977327
584.0,0.20501447407676088
596.0,0.21052671106468077
604.0,0.20392996917630865
613.0,0.20753092262181694
621.0,0.1863258225469323
632.0,0.199147331544408
639.0,0.2014791405383675
644.0,0.20189281343905421
651.0,0.18793690079173858
660.0,0.21664853092694833
669.0,0.22157593480657325
679.0,0.19570734464064468
686.0,0.1704348269991256
693.0,0.19807693134797016
701.0,0.17066452450767974
709.0,0.18807556604362868
716.0,0.20103447287460674
725.0,0.17394714129145578
730.0,0.2237442323129732
737.0,0.1726501147906781
745.0,0.1844880017363932
753.0,0.19772581824244972
760.0,0.1909554705554579
769.0,0.21053247700905836
774.0,0.20858588436523723
782.0,0.18709467502099222
793.0,0.18455014873127357
802.0,0.17375565466883763
811.0,0.20977486053832073
819.0,0.180234572519472
826.0,0.1901956344965766
835.0,0.19481590350164552
843.0,0.17573900267022016
851.0,0.1963747623950422
862.0,0.1611286634587429
871.0,0.20070494780615955
878.0,0.21935509614950832
889.0,0.18464299967173892
897.0,0.18535084868204973
904.0,0.19013040567913742
911.0,0.18857900469332392
916.0,0.17366284621204015
924.0,0.18337375236027528
936.0,0.18515541033287594
943.0,0.18339013575389737
948.0,0.1639866233994764
956.0,0.1921400040939817
965.0,0.1810564944194052
970.0,0.185421067515
977.0,0.2194233521497273
985.0,0.17620410976833362
991.0,0.18987786434570944
999.0,0.17668463905216777
1011.0,0.1894413658079668
1016.0,0.16210757968952405
1022.0,0.1896715474857025
1026.0,0.18990545190740946
1037.0,0.1925916060128807
1044.0,0.19715120268714256
1051.0,0.19213575310292805
1055.0,0.15468261471461284
1063.0,0.16275167303657168
1070.0,0.21633222413756267
1078.0,0.1994105833070425
1086.0,0.19378122483668894
1092.0,0.185959049432547
1096.0,0.2171019527710637
1104.0,0.19029710630602056
1108.0,0.17948563847923896
1115.0,0.2036320088128999
1122.0,0.16629715117484198
1132.0,0.17542965238982552
1140.0,0.18977676568284463
1147.0,0.19743945032751833
1154.0,0.20516663487131706
1162.0,0.18057673988302653
1174.0,0.18956816414736663
1183.0,0.18704560294226985
1187.0,0.1974362943036077
1199.0,0.20126177624143152
1204.0,0.1947808129877719
1212.0,0.19981409083582335
1219.0,0.22185642862220578
1229.0,0.19439936959455284
1234.0,0.20123421596759414
1242.0,0.17261933574743465
1250.0,0.19205497974220054
1261.0,0.18736340690779885
1269.0,0.19281512994346606
1277.0,0.19020861045761672
1285.0,0.15649158757341255
1290.0,0.17932228793152905
1294.0,0.21180703814415133
1305.0,0.19092143192644806
1313.0,0.1898643905961926
1321.0,0.16926232766614782
1328.0,0.1748944495269295
1336.0,0.16687692040802174
1348.0,0.18449666140627813
1356.0,0.19988767752301806
1364.0,0.18042374579446008
1373.0,0.18826180666000492
1381.0,0.1910766186342762
1389.0,0.17333829581396584
1396.0,0.18954456261077685
1405.0,0.17686374393268872
1416.0,0.17474306106289486
1420.0,0.2045039949917433
1432.0,0.20335060376545486
1438.0,0.1817719648230971
1449.0,0.17932938855373942
1456.0,0.19864624602523528
1463.0,0.1722027230248834
1470.0,0.19042000702523026
1475.0,0.16715103995840558
1484.0,0.20296454623338817
1495.0,0.19951243523093182
1504.0,0.19490760589463263
1512.0,0.1822208921380271
1519.0,0.16304652820182616
1530.0,0.191408703992936
1538.0,0.19473522750883224
1546.0,0.1787034913243418
1555.0,0.19337050685446672
1564.0,0.18605128824897926
1573.0,0.1798141358447738
1581.0,0.21639795081840088
1587.0,0.19244915255712877
1599.0,0.17707235251822687
1606.0,0.2129455475255732
1611.0,0.22772211527032873
1619.0,0.18491354151754363
1627.0,0.18359491792330077
1638.0,0.18190784531943796
1647.0,0.1651890318651655
1655.0,0.16522213269506295
1664.0,0.20535759837259354
1672.0,0.19677858519426616
1677.0,0.17997271232879328
1684.0,0.1832639720012244
1689.0,0.2067052983230357
1694.0,0.18194247114925285
1700.0,0.16843163604064365
1706.0,0.17368056439694557
1712.0,0.21330085875533097
1718.0,0.2532679038507528
1726.0,0.20178631874127503
1735.0,0.21238779543598788
1744.0,0.17711500711268602
1750.0,0.21004446890274084
1762.0,0.22236069603619726
1771.0,0.19729552327648814
1779.0,0.204217900279433
1786.0,0.18997736589779077
1794.0,0.20297911167049631
1798.0,0.1764719277694628
1807.0,0.18966708066694488
1814.0,0.18580569978939762
1822.0,0.17649568275054803
1829.0,0.22330770756073146
1837.0,0.21816796030759852
1841.0,0.17714784884972395
1849.0,0.16510937172289902
1858.0,0.20195464843860006
1869.0,0.17634382255226858
1880.0,0.1867170844312999
1891.0,0.18568373561093976
1897.0,0.20045997528270093
1904.0,0.2108829185683555
1913.0,0.17625209096209904
1920.0,0.1874092746545304
1928.0,0.18214130719287147
1939.0,0.20212157864137714
1948.0,0.19607254653269884
1955.0,0.1519499344746696
1961.0,0.19567943122284498
1972.0,0.1664604244474598
1980.0,0.21150974100888267
1984.0,0.20545106747336148
1992.0,0.15353705826040728
2001.0,0.17896413164375505
2007.0,0.19688118101815447
2012.0,0.19730008722138095
2016.0,0.17188702031691228
2024.0,0.18215360095197378
2034.0,0.19025361493369852
2043.0,0.21293817189223374
2050.0,0.17239219782555695
2057.0,0.1842827079144922
2069.0,0.1899009183192108
2077.0,0.19194925129540977
2083.0,0.17757936849682388
2091.0,0.17760686607447942
2099.0,0.18533674345067105
2108.0,0.1876679531327793
2114.0,0.20669894077074086
2122.0,0.16994069909387377
2130.0,0.18306063233633277
2138.0,0.17824096651165786
2146.0,0.167836453408535
2157.0,0.18137772086706774
2166.0,0.16921920894783923
2174.0,0.20691713596025935
2182.0,0.2029789429415815
2194.0,0.1827197397926681
2199.0,0.1667203346816441
2207.0,0.17386174902577328
2215.0,0.15389546569865212
2222.0,0.18767220431991655
2230.0,0.19113467963320852
2236.0,0.17206110022849805
2240.0,0.2252249736822147
2244.0,0.20452805668390922
2251.0,0.15686698941136373
2258.0,0.1987346416684937
2266.0,0.19990894626021202
2278.0,0.19503760207244206
2285.0,0.22073358570618415
2289.0,0.1832159228352369
2297.0,0.20248411219799614
2302.0,0.19984839314157976
2310.0,0.17618815780188093
2321.0,0.19349040654025765
2329.0,0.2093566948297857
2338.0,0.1956823035796662
2347.0,0.19859654812007532
2356.0,0.19132752586941928
2364.0,0.1793861457255617
2371.0,0.16895892751058222
2376.0,0.16477684945814788
2384.0,0.20835361000812064
2389.0,0.181666755261244
2396.0,0.18485219541924242
2402.0,0.16993455961865764
2409.0,0.22834200479958358
2417.0,0.20498811359745478
2426.0,0.19049478128455086
2434.0,0.18503106081815354
2443.0,0.17609763919654134
2451.0,0.17719657345565124
2459.0,0.19610798179066544
2464.0,0.16797863605851718
2471.0,0.18343260376523973
2478.0,0.21826582768209135
2487.0,0.19909178469196803
2498.0,0.20583595316657352
2507.0,0.18043215275674532
2519.0,0.21882623541025908
2525.0,0.19831419538102704
2532.0,0.2181301585981004
2546.0,0.16682695181087287
2554.0,0.1969351691397691
2558.0,0.18777220477570633
2562.0,0.20159804430140543
2568.0,0.2076046629197616
2576.0,0.16403916746587205
2584.0,0.18218313073413156
2589.0,0.16782834090197452
2595.0,0.20103271485783383
2603.0,0.20107105166672207
2609.0,0.1866580015282634
2616.0,0.1593413988757478
2627.0,0.17812731307147703
2636.0,0.19482671084627928
2645.0,0.17605064524484018
2653.0,0.20002682906754074
2667.0,0.16280496680497505
2675.0,0.1905819308464822
2682.0,0.19762011955343542
2691.0,0.1915311911953042
2700.0,0.20565488455343067
2709.0,0.19916206079849194
2721.0,0.20261854214184685
2729.0,0.18326562972081523
