,4
2.0,0.1717470619796601
11.0,0.22014968726550518
18.0,0.20907670328567474
25.0,0.19967032765478873
30.0,0.20615505617334576
38.0,0.17266626871903035
45.0,0.16856641932688593
51.0,0.20160958438313545
59.0,0.24923248109494178
67.0,0.1730662791062616
71.0,0.19343590783695122
77.0,0.16682360006033542
81.0,0.24316905168947653
89.0,0.19057816878003164
96.0,0.17862921903269738
105.0,0.21186028157965975
110.0,0.1849474104273011
114.0,0.22899038960620693
125.0,0.18664731561412964
130.0,0.20790280264161068
134.0,0.220124407324845
142.0,0.24446055095670002
150.0,0.10580093015761623
155.0,0.18935065966143844
162.0,0.17416510714972172
173.0,0.20212389580398785
178.0,0.22556679596205875
185.0,0.2083247281382841
196.0,0.18186695854877274
203.0,0.23170170255631
209.0,0.1593584614052417
217.0,0.20652902970261913
224.0,0.21746621255238877
228.0,0.15245641289342196
239.0,0.1984633027659356
246.0,0.18717248914501936
257.0,0.18521896583273123
263.0,0.19065802202428334
275.0,0.20187778557226507
282.0,0.22257079460489204
286.0,0.1822657779570529
294.0,0.16579013825535266
303.0,0.25316660515667727
308.0,0.18535606959533651
317.0,0.22837361168238735
323.0,0.19337947400732194
332.0,0.21079541276076683
343.0,0.21294194409733924
347.0,0.2096063233080222
355.0,0.20280419500583208
363.0,0.1897089517471031
370.0,0.21388882044488156
378.0,0.18669334915276198
387.0,0.19863707683418175
399.0,0.24069172949149767
406.0,0.1730031425153115
414.0,0.19410637907121184
423.0,0.18226338424948554
433.0,0.22933886861898337
437.0,0.21752422781674954
445.0,0.1768621355476834
453.0,0.22935968357356326
460.0,0.2308452259238429
468.0,0.16209542187564252
482.0,0.19192390324763609
490.0,0.19410089813578607
498.0,0.19594425009738742
506.0,0.2110277879283177
515.0,0.171993661523749
524.0,0.21526626979577287
532.0,0.19415722851419834
546.0,0.1842067050726719
556.0,0.1975578709915915
566.0,0.2293193431292632
573.0,0.22955579920619681
584.0,0.20973799184680675
596.0,0.22848482384533705
604.0,0.19526915943347603
613.0,0.19472310827241576
621.0,0.2217786289913592
632.0,0.19104957264592157
639.0,0.20054359402500116
644.0,0.22861463556638517
651.0,0.2162734825442369
660.0,0.2226247349468892
669.0,0.19335825001337745
679.0,0.21143151448806127
686.0,0.15776828075546265
693.0,0.19126639477870158
701.0,0.1491553856929101
709.0,0.19088001837867333
716.0,0.15382197755679164
725.0,0.19110567790644725
730.0,0.23367599850723975
737.0,0.20939498642687654
745.0,0.21264362385731664
753.0,0.15868809356243083
760.0,0.19659434011297325
769.0,0.21921787435159526
774.0,0.17722123027062228
782.0,0.09855422980644267
793.0,0.1860567098252131
802.0,0.18163355048932528
811.0,0.1853797319243575
819.0,0.17620175615087147
826.0,0.200851069838565
835.0,0.2258754109473771
843.0,0.2051085454957126
851.0,0.20638588567118182
862.0,0.15895489343370786
871.0,0.14133872105871115
878.0,0.21488677557411992
889.0,0.19259469791961786
897.0,0.21463216256473233
904.0,0.21395359119052446
911.0,0.15056623450820072
916.0,0.1851704333411273
924.0,0.17168255116555467
936.0,0.16457253805847255
943.0,0.1656617034318432
948.0,0.1743691478102932
956.0,0.19379288025551816
965.0,0.22302492297072632
970.0,0.1696368650457622
977.0,0.18570920173847036
985.0,0.1824719908258817
991.0,0.19737968555447974
999.0,0.1972548542594887
1011.0,0.16841602823762353
1016.0,0.20678467490921734
1022.0,0.21536606649555565
1026.0,0.1611653333054996
1037.0,0.19941372588160672
1044.0,0.157431809922296
1051.0,0.18383493570451176
1055.0,0.16711711185896727
1063.0,0.1746786740865541
1070.0,0.21680047766539354
1078.0,0.17871237159404668
1086.0,0.21718546935090155
1092.0,0.1439315746255172
1096.0,0.20947874298655533
1104.0,0.20007541431487535
1108.0,0.19501617484142025
1115.0,0.22477977567955082
1122.0,0.21690362757570003
1132.0,0.17744127176481367
1140.0,0.20720125524074529
1147.0,0.2122468635241866
1154.0,0.19688704312277688
1162.0,0.20471577013375972
1174.0,0.1989124124825251
1183.0,0.18124995849397083
1187.0,0.19294618497601368
1199.0,0.19433970235962872
1204.0,0.22485978272210924
1212.0,0.22416583765037087
1219.0,0.23158534913765721
1229.0,0.19818459919876766
1234.0,0.19555106592401666
1242.0,0.1862927158335799
1250.0,0.2072900616066819
1261.0,0.19110179430767424
1269.0,0.14779437403845078
1277.0,0.20153804160738897
1285.0,0.15423459414639476
1290.0,0.18406773260600745
1294.0,0.22685470951255896
1305.0,0.18977721156116267
1313.0,0.18512278996335982
1321.0,0.21035360995168612
1328.0,0.19582852292371764
1336.0,0.19700483292063653
1348.0,0.22593898748912372
1356.0,0.20733713240374757
1364.0,0.22316829754152387
1373.0,0.20824637800492612
1381.0,0.20640945513502773
1389.0,0.2088484238177328
1396.0,0.2093818905096427
1405.0,0.17376073971734465
1416.0,0.18781144011960502
1420.0,0.21388557969893202
1432.0,0.15870338552252466
1438.0,0.1537424594013604
1449.0,0.2047315962094185
1456.0,0.19843578729113912
1463.0,0.19309471527534017
1470.0,0.17457297488020523
1475.0,0.19709698692210237
1484.0,0.190195550291608
1495.0,0.21542280861396532
1504.0,0.16501248944454922
1512.0,0.18365846818844714
1519.0,0.19258880579360219
1530.0,0.20114411442382962
1538.0,0.2233131679894272
1546.0,0.19196422988894044
1555.0,0.1818271085802884
1564.0,0.22484870849610736
1573.0,0.17033204582486966
1581.0,0.1750892956136569
1587.0,0.19953973002143624
1599.0,0.1920274390654114
1606.0,0.1591179902605986
1611.0,0.16546185917471007
1619.0,0.2545179485256298
1627.0,0.16760103767740941
1638.0,0.204629282227723
1647.0,0.17574847005809308
1655.0,0.21609123420763873
1664.0,0.19744389802543044
1672.0,0.17651160297440796
1677.0,0.22077161701771614
1684.0,0.22121943055906154
1689.0,0.2134923499706132
1694.0,0.17155322596031894
1700.0,0.14964320582159904
1706.0,0.16247034518968687
1712.0,0.19022360079709538
1718.0,0.20087972405221485
1726.0,0.17693558564648368
1735.0,0.20261813907462334
1744.0,0.19555126138662157
1750.0,0.23164692076119492
1762.0,0.18735556976491416
1771.0,0.25462452415674675
1779.0,0.223897386654689
1786.0,0.2144411394168352
1794.0,0.24328671631951912
1798.0,0.1975822276314149
1807.0,0.22738406667649708
1814.0,0.18484652927766343
1822.0,0.17444399872485195
1829.0,0.1918128159373562
1837.0,0.18548626724552322
1841.0,0.15527824588374042
1849.0,0.142265917211015
1858.0,0.21960775531079849
1869.0,0.18960918377869976
1880.0,0.21501061347136918
1891.0,0.157582639066096
1897.0,0.22599629017054412
1904.0,0.20033275648126025
1913.0,0.1823149690736692
1920.0,0.23256226789128365
1928.0,0.21236235342557055
1939.0,0.1948938283321636
1948.0,0.1939109231405449
1955.0,0.1934352362613512
1961.0,0.21462145320789264
1972.0,0.1994252544089394
1980.0,0.19955971562394847
1984.0,0.18313276659070724
1992.0,0.16944118778016404
2001.0,0.16346716005173026
2007.0,0.19403244719163681
2012.0,0.2175883382842915
2016.0,0.20844445029761172
2024.0,0.19884109080554563
2034.0,0.19340320853862772
2043.0,0.17385158513326493
2050.0,0.17855578437599245
2057.0,0.23392202641537382
2069.0,0.19765334864821066
2077.0,0.18106485307118603
2083.0,0.19916927104280885
2091.0,0.22482514743614262
2099.0,0.2061521181029983
2108.0,0.19970562400966432
2114.0,0.24480529517324057
2122.0,0.19172607330284397
2130.0,0.17868052603428264
2138.0,0.19057577091220515
2146.0,0.18736883340854077
2157.0,0.15417435398731336
2166.0,0.19442090083416064
2174.0,0.22887824084627006
2182.0,0.2289250613516393
2194.0,0.19459399617807932
2199.0,0.21640108347828407
2207.0,0.1823634544994517
2215.0,0.190155628633871
2222.0,0.17416924448821597
2230.0,0.1780703457611453
2236.0,0.181085329346711
2240.0,0.2317934232906046
2244.0,0.19213243766188098
2251.0,0.16289438762777217
2258.0,0.20063814337887328
2266.0,0.18157051287199102
2278.0,0.1736975131059996
2285.0,0.22501755300621745
2289.0,0.17904037753794802
2297.0,0.20346616314896282
2302.0,0.18634329375096456
2310.0,0.2522322812813502
2321.0,0.23790844999464808
2329.0,0.21283127668374743
2338.0,0.2186859339984736
2347.0,0.1901438122606478
2356.0,0.2171395322250754
2364.0,0.2289494718246715
2371.0,0.21683842733739117
2376.0,0.16245580941694476
2384.0,0.20318886764588243
2389.0,0.15206324847423086
2396.0,0.21257358106682347
2402.0,0.23236822066542462
2409.0,0.17804238362094055
2417.0,0.17315551535659193
2426.0,0.20997974613352227
2434.0,0.14720118125492454
2443.0,0.1747407881478533
2451.0,0.1517624220706988
2459.0,0.19187807114357244
2464.0,0.1498757196811939
2471.0,0.21429167018862016
2478.0,0.21978729081737705
2487.0,0.16950792690951838
2498.0,0.19279228650924696
2507.0,0.16856628485324476
2519.0,0.20778640347446625
2525.0,0.14729624613354425
2532.0,0.20014896542783817
2546.0,0.20693166090154574
2554.0,0.17665971037077477
2558.0,0.2017619958769434
2562.0,0.222767400863793
2568.0,0.2214005887285209
2576.0,0.20231152217093823
2584.0,0.21340893741850317
2589.0,0.17251460544255934
2595.0,0.17974849438921844
2603.0,0.1934243957750813
2609.0,0.1854785594787637
2616.0,0.20382869613370355
2627.0,0.18742529221484844
2636.0,0.2176755857111822
2645.0,0.19416010134688763
2653.0,0.178291752023525
2667.0,0.17010655847324946
2675.0,0.18693933306920382
2682.0,0.1996174197490441
2691.0,0.19126962848093837
2700.0,0.18804836484698775
2709.0,0.19642296104765444
2721.0,0.18221622243439412
2729.0,0.20841070161307243
