,3
2.0,0.17359252678409878
11.0,0.22054623395779818
18.0,0.2419660257361475
25.0,0.20942850106818722
30.0,0.19871044673836216
38.0,0.2370266929969729
45.0,0.15947928596215352
51.0,0.22861956044846563
59.0,0.2669740263194638
67.0,0.23210633231511277
71.0,0.2312819582378657
77.0,0.1829153131353458
81.0,0.1640898567701507
89.0,0.23752080076873083
96.0,0.23628049501918016
105.0,0.1867831951566643
110.0,0.1522253784519878
114.0,0.17658259550599045
125.0,0.1859248587483418
130.0,0.21542118557263346
134.0,0.20747729697472847
142.0,0.2421841802703002
150.0,0.14472386551553154
155.0,0.2106377198928107
162.0,0.2097841316103189
173.0,0.15309096072426012
178.0,0.27519438593577467
185.0,0.1987452624285711
196.0,0.16800031079423564
203.0,0.18392223430190116
209.0,0.20193379828439983
217.0,0.21246644857648653
224.0,0.24736236441455844
228.0,0.16496555645555333
239.0,0.21526494702085677
246.0,0.20649267656379303
257.0,0.1496742490242835
263.0,0.2772346040456613
275.0,0.24331990264271536
282.0,0.2409891296894605
286.0,0.18224489479331582
294.0,0.1952603619551501
303.0,0.22393055481559163
308.0,0.21835503348930255
317.0,0.20655956047294582
323.0,0.19278369566673975
332.0,0.16864722234577437
343.0,0.2460953888024954
347.0,0.2475327270660243
355.0,0.26179504105108187
363.0,0.2203544984759064
370.0,0.22976240409099286
378.0,0.1783090504592319
387.0,0.24277909375003676
399.0,0.24044255949209034
406.0,0.2016889324400631
414.0,0.3015926612174824
423.0,0.22970099699674468
433.0,0.225070830674642
437.0,0.2161573189881072
445.0,0.18774601204589747
453.0,0.21510640011394802
460.0,0.2164778061460559
468.0,0.1775463407158338
482.0,0.21871656828926997
490.0,0.22349419338184476
498.0,0.21904714995919808
506.0,0.2294626902596058
515.0,0.19122778117576053
524.0,0.17773571578602987
532.0,0.18792375175261802
546.0,0.18379700217910608
556.0,0.15958600905030396
566.0,0.2203345832925648
573.0,0.16266145138492136
584.0,0.25077947284889873
596.0,0.22659240798528044
604.0,0.17930768026348187
613.0,0.18867210718218386
621.0,0.155948685631286
632.0,0.21878331909077153
639.0,0.1704557282960173
644.0,0.24732367340588873
651.0,0.19483646299974056
660.0,0.23501556718152977
669.0,0.19316541731228665
679.0,0.23077497594977414
686.0,0.23410543452722057
693.0,0.1769656650280155
701.0,0.20111651484723653
709.0,0.22787829030569862
716.0,0.1743289796016822
725.0,0.2330580877285243
730.0,0.2505093335540895
737.0,0.21795135825432782
745.0,0.20969027309801705
753.0,0.19757499885211036
760.0,0.20028757924295182
769.0,0.18377911507279823
774.0,0.2244225374659969
782.0,0.12050795553351831
793.0,0.2265648455579687
802.0,0.15414557889648509
811.0,0.20478090486306405
819.0,0.17673562647888208
826.0,0.17932698243082396
835.0,0.21934643826094832
843.0,0.1813579712765737
851.0,0.17418237785875507
862.0,0.17682398408627573
871.0,0.15941983700792053
878.0,0.18872886935291325
889.0,0.20799741512451872
897.0,0.23583794078517367
904.0,0.23099169042719184
911.0,0.20974589384548364
916.0,0.22791755661808705
924.0,0.22276708606518367
936.0,0.22281668380408018
943.0,0.2290712886567736
948.0,0.20161994089436217
956.0,0.18561241561371708
965.0,0.265451885414528
970.0,0.19411905080512543
977.0,0.22834713493649575
985.0,0.1783037363371354
991.0,0.21566774377388828
999.0,0.18466782720420602
1011.0,0.24766046242999384
1016.0,0.22189526803157764
1022.0,0.2640193188712835
1026.0,0.1806533209302022
1037.0,0.25371446399558406
1044.0,0.23113765866521777
1051.0,0.15516475424921342
1055.0,0.20694792210656052
1063.0,0.138613748414928
1070.0,0.19633773247617547
1078.0,0.1982971725217487
1086.0,0.18251894565339866
1092.0,0.18582467724961738
1096.0,0.2250664442356568
1104.0,0.17686216737091365
1108.0,0.236585169152452
1115.0,0.23386012386806418
1122.0,0.16135413136531304
1132.0,0.17537730574852264
1140.0,0.2579985651074667
1147.0,0.2569810700605295
1154.0,0.2686510941768265
1162.0,0.1501938846898271
1174.0,0.16476133952493954
1183.0,0.25229181549277324
1187.0,0.2201748466450053
1199.0,0.20006618568895523
1204.0,0.23754430402658577
1212.0,0.24645778173759803
1219.0,0.1955673506966124
1229.0,0.20476430612301652
1234.0,0.1858760026778804
1242.0,0.18142708780812167
1250.0,0.22085506254350287
1261.0,0.20367231581258696
1269.0,0.17154762049203245
1277.0,0.23589249724908748
1285.0,0.2201884498286031
1290.0,0.28410219847275253
1294.0,0.2220629990544289
1305.0,0.17846916419917616
1313.0,0.187573597210714
1321.0,0.18584199880579635
1328.0,0.23012846504210702
1336.0,0.1827385676693413
1348.0,0.22182355717983518
1356.0,0.1955723024607843
1364.0,0.18979768210465955
1373.0,0.2277720828135602
1381.0,0.21463228350736907
1389.0,0.22795651067172812
1396.0,0.18791121755339268
1405.0,0.2170385918758937
1416.0,0.1630322684287684
1420.0,0.22368468327870264
1432.0,0.19763103847675445
1438.0,0.17878680126900753
1449.0,0.18319332569052948
1456.0,0.23244116173540794
1463.0,0.2517502738663401
1470.0,0.24239430757585187
1475.0,0.23705489774385025
1484.0,0.12457835287480809
1495.0,0.20876400902958592
1504.0,0.20665285129710448
1512.0,0.23683663800641377
1519.0,0.21719264285794723
1530.0,0.2135829232124196
1538.0,0.16861302548884888
1546.0,0.18681801893872257
1555.0,0.24461261371071857
1564.0,0.24078628257111026
1573.0,0.23143849200406244
1581.0,0.21373316005041865
1587.0,0.22058532566516634
1599.0,0.24148639288165707
1606.0,0.18693443890481073
1611.0,0.14662749065042152
1619.0,0.23945588502073342
1627.0,0.12746479726091697
1638.0,0.22068190119066047
1647.0,0.13437229544420995
1655.0,0.21504414878290046
1664.0,0.23119922800175632
1672.0,0.22826192997124922
1677.0,0.18556410745463914
1684.0,0.2401741537812988
1689.0,0.26434624467609424
1694.0,0.17601410268635348
1700.0,0.2065488204992182
1706.0,0.17943968760005535
1712.0,0.2046658616264657
1718.0,0.21001345011119138
1726.0,0.1728840542194765
1735.0,0.258656244315035
1744.0,0.1774001703272501
1750.0,0.22559570769277043
1762.0,0.19825148096871634
1771.0,0.2641738036816067
1779.0,0.23166220035897406
1786.0,0.21829855716403201
1794.0,0.2258731212765842
1798.0,0.16993450642483776
1807.0,0.16448489956727752
1814.0,0.2503721827911073
1822.0,0.20947838775027086
1829.0,0.2294865896893443
1837.0,0.1519312924657629
1841.0,0.2269245797298846
1849.0,0.23454063995008576
1858.0,0.20408813903130105
1869.0,0.19279830746632654
1880.0,0.20253218311013504
1891.0,0.1262686112857823
1897.0,0.19732960944165612
1904.0,0.2125587622749569
1913.0,0.21742312552932852
1920.0,0.2055302208083664
1928.0,0.21155597579507515
1939.0,0.216954947436904
1948.0,0.19409076185529006
1955.0,0.17565184281251794
1961.0,0.23823193963027142
1972.0,0.24105213936048184
1980.0,0.19797143844434026
1984.0,0.23813215604080298
1992.0,0.19603777542599776
2001.0,0.21041036316754289
2007.0,0.18539463019427013
2012.0,0.18756507638701725
2016.0,0.25547783154585924
2024.0,0.20952558818133768
2034.0,0.23138899025528822
2043.0,0.18825526954383234
2050.0,0.17833936365845146
2057.0,0.2004043131399896
2069.0,0.2308660166539993
2077.0,0.20704802724910945
2083.0,0.22077058208850062
2091.0,0.23193137163758543
2099.0,0.23234093863477312
2108.0,0.1865819267798483
2114.0,0.2222500884910286
2122.0,0.22411179763051653
2130.0,0.19323146732992416
2138.0,0.24213162885953576
2146.0,0.1776981328995185
2157.0,0.17780126482687536
2166.0,0.22470644702600306
2174.0,0.2269476596587662
2182.0,0.22338057929251484
2194.0,0.24289238911092073
2199.0,0.20931265341018385
2207.0,0.2220113364473995
2215.0,0.18377171656175456
2222.0,0.23253802640039958
2230.0,0.23979888531824847
2236.0,0.2095431659179824
2240.0,0.22776695248762444
2244.0,0.20723825464286322
2251.0,0.22279728108628963
2258.0,0.23020948456941648
2266.0,0.2342654264998554
2278.0,0.17647977348833413
2285.0,0.23662246802261871
2289.0,0.23169235156779858
2297.0,0.18308375198357263
2302.0,0.2284228089824247
2310.0,0.16377463425932043
2321.0,0.22288841352292546
2329.0,0.11576245798790795
2338.0,0.22009328050277116
2347.0,0.20522926712246972
2356.0,0.20785648250985342
2364.0,0.17651174585651394
2371.0,0.23586161868808314
2376.0,0.2302939838999332
2384.0,0.2695245791175799
2389.0,0.2091626103638376
2396.0,0.1667703620085873
2402.0,0.2439073653353446
2409.0,0.18681523112829257
2417.0,0.1956753679393447
2426.0,0.24462879753901262
2434.0,0.1595207081180743
2443.0,0.20871816297961232
2451.0,0.14903683898975417
2459.0,0.19555604103305094
2464.0,0.2070105022358289
2471.0,0.2661425793179932
2478.0,0.22699169662107924
2487.0,0.20510422838713344
2498.0,0.1989172951795963
2507.0,0.2122087463781483
2519.0,0.22843051440167098
2525.0,0.16412409417111584
2532.0,0.2243757355943927
2546.0,0.2156200717989419
2554.0,0.2056827387982089
2558.0,0.2076555327387829
2562.0,0.163964127082783
2568.0,0.1867786298613742
2576.0,0.15243947426894552
2584.0,0.2086578475753436
2589.0,0.18672158007303355
2595.0,0.1908384499940385
2603.0,0.18935577112231183
2609.0,0.23852652771402053
2616.0,0.23078018624923574
2627.0,0.21008143928728606
2636.0,0.22780181826234733
2645.0,0.2678774461877919
2653.0,0.22562107198099982
2667.0,0.21284848644731263
2675.0,0.22499706276883827
2682.0,0.22178308688286014
2691.0,0.19646368088765134
2700.0,0.19422435010907144
2709.0,0.19977046297405948
2721.0,0.1953185543026195
2729.0,0.1875440880885814
