,3
2.0,0.21273713321414126
6.0,0.23935345588917345
14.0,0.2342969737042244
20.0,0.1424766682614196
26.0,0.20311151986392245
34.0,0.22517975320081296
42.0,0.17620882511596206
53.0,0.2048312936497393
60.0,0.1883208660167971
66.0,0.22990489838378292
74.0,0.21464050876605392
82.0,0.2239837395237401
89.0,0.23062743897416063
97.0,0.22524142207047862
105.0,0.1891000297344773
109.0,0.19819340115349504
117.0,0.2600757384681378
125.0,0.20703401873725172
137.0,0.15753384594203837
146.0,0.26549700128971987
152.0,0.21439790388518123
160.0,0.1626528504298957
168.0,0.24327673038499667
175.0,0.22452860188616652
182.0,0.21678066795285095
188.0,0.2342105619721421
197.0,0.2080018113962586
205.0,0.20919188216849802
214.0,0.26295368004291264
219.0,0.21426027136460793
226.0,0.14833054182539443
233.0,0.22807212410364533
240.0,0.18582065064540412
248.0,0.21379650131031488
259.0,0.23294404199091798
268.0,0.264999112567364
273.0,0.22628391964279918
281.0,0.22261113524879556
289.0,0.21880416535266492
298.0,0.231465969065983
308.0,0.1249196179847976
316.0,0.16281052680968938
324.0,0.17532476136304334
332.0,0.15126856173406794
341.0,0.19977021851334717
349.0,0.19454749746681235
358.0,0.1889484814893833
365.0,0.23704105652472207
374.0,0.1931092842077044
382.0,0.198257815125728
394.0,0.21976192223641727
403.0,0.14025720435707734
411.0,0.23486085361405432
419.0,0.23832119787191708
428.0,0.21048186893059873
436.0,0.2036301266138417
444.0,0.15506657071865487
450.0,0.22147413260963322
459.0,0.19200424324554793
467.0,0.21713450187263472
477.0,0.22362239895368846
486.0,0.17616628545325966
494.0,0.2349979853413556
503.0,0.2466554509924238
511.0,0.21795939964456182
518.0,0.22462661502494477
527.0,0.2313820703107777
535.0,0.26966191066552175
540.0,0.13242787717504942
548.0,0.20229421100265846
555.0,0.1176029165189102
566.0,0.196166588234313
578.0,0.2674008608492042
583.0,0.19240494640574182
591.0,0.22628484568206497
599.0,0.16182125136129225
605.0,0.25595090836903767
610.0,0.2410780980353907
615.0,0.20805743508701574
623.0,0.2071435524042826
635.0,0.1984061817369862
643.0,0.2372181512835728
654.0,0.1959527531342096
662.0,0.15186651210090654
670.0,0.16470518782698296
679.0,0.18871263044190942
688.0,0.12909272581251122
