,4
700.0,0.24404073724516667
708.0,0.1880747160232482
715.0,0.19439235449166617
724.0,0.1858785127627843
736.0,0.20080322701579958
745.0,0.19898304560345212
753.0,0.20521155443329264
760.0,0.20646892133332911
767.0,0.2110722508014976
774.0,0.2271956721305255
778.0,0.1983569640208112
783.0,0.17471766666826102
787.0,0.18060164270037588
791.0,0.22269002569640087
798.0,0.20279949328930913
802.0,0.25845157446136874
811.0,0.21189346420981786
817.0,0.2171993977117296
822.0,0.22136777753606304
830.0,0.1854966638925348
837.0,0.19498030649401824
845.0,0.21191317149512728
854.0,0.18519760264568405
862.0,0.2246086277363219
870.0,0.16867596016574532
879.0,0.1767913850643798
887.0,0.20058989768934726
897.0,0.1788706975305706
908.0,0.1686760546793771
915.0,0.17234949413472936
923.0,0.15414639734302812
932.0,0.16856133324325856
944.0,0.17935694403561678
952.0,0.14513275442432033
959.0,0.16836396608267415
966.0,0.17930429097143621
974.0,0.18553436627084813
983.0,0.2014947186415395
991.0,0.18620667937853042
997.0,0.17643024849196665
1009.0,0.16416714555628645
1020.0,0.15130170007791768
1029.0,0.17157436334473505
1038.0,0.18949039022677178
1045.0,0.18372250603194729
1052.0,0.17069394253590225
1060.0,0.2061657052920259
1068.0,0.24828900327003822
1072.0,0.19395599913647393
1081.0,0.19115968121454824
1088.0,0.1864219417363552
1094.0,0.06071791375941021
1102.0,0.17458991592300901
1110.0,0.1830143292839819
1118.0,0.18917702846121753
1126.0,0.19727717750028514
1134.0,0.1802817339835634
1142.0,0.1980784926441949
1149.0,0.17509161432736062
1154.0,0.16742532207979183
1158.0,0.21276754088239377
1167.0,0.1813704196677855
1176.0,0.21668585165297533
1185.0,0.15566086645446436
1197.0,0.17306337050830015
1203.0,0.17034154173521732
1208.0,0.17823082385947955
1216.0,0.20097180751886717
1227.0,0.16820429531562858
1235.0,0.14316005263505754
1244.0,0.19642340449085335
1256.0,0.1489361680089427
1264.0,0.21833973713569757
1275.0,0.21134031758758826
1282.0,0.2057327444044803
1286.0,0.17996188983489864
1295.0,0.23865691434147762
1299.0,0.16687365116669708
1310.0,0.17274317259095723
1318.0,0.21341883632441513
1324.0,0.17131922538312858
1331.0,0.21309035821120045
1342.0,0.18264823172245429
1347.0,0.24450672723232464
1355.0,0.20528292167761789
1363.0,0.17215110242234055
1371.0,0.13643861855934422
1378.0,0.15920239705145425
1387.0,0.17456120813835732
1393.0,0.17063569584317353
1404.0,0.1980227321353718
1413.0,0.21342841433451418
1421.0,0.19790243797821963
1429.0,0.20615992773846792
1439.0,0.22589522749820823
1448.0,0.22651379552170794
1460.0,0.20665795588089841
1471.0,0.1637159370906356
1480.0,0.189214199154765
1489.0,0.18233005489983636
1497.0,0.18535724163982134
1506.0,0.09485730310468599
1517.0,0.26236250440218645
1524.0,0.18004744114834945
1533.0,0.1928333633999387
1541.0,0.17278512467622764
1547.0,0.1791548148200229
1555.0,0.1997651681391916
1563.0,0.21392968059216144
1570.0,0.14328336649663156
1577.0,0.16658208444831285
1585.0,0.22694046551519453
1592.0,0.21102500743146194
1600.0,0.2213867875124131
1607.0,0.1943359769657025
1611.0,0.18639864252667884
1619.0,0.21709729392851518
1628.0,0.22608999871651975
1634.0,0.23533031622283418
1642.0,0.18779191724618097
1650.0,0.22804699015715335
1655.0,0.21769778826921524
1660.0,0.21946128994362685
1671.0,0.19042282743547229
1678.0,0.22782027502935132
1685.0,0.2130587870077298
1694.0,0.2309996051235082
1700.0,0.1706755538181385
1711.0,0.22208087821140873
1720.0,0.19039873110684516
1725.0,0.16040956938332884
1734.0,0.19820522062308343
1742.0,0.14183619454737512
1750.0,0.2032752680676308
1755.0,0.1739882782227001
1766.0,0.2084875238593941
1772.0,0.21093786763210026
1784.0,0.19234593021713528
1788.0,0.19594463167110476
1796.0,0.1315679865290796
1803.0,0.15803561985259526
1815.0,0.14648238606900799
1823.0,0.1462623613005836
1832.0,0.19279352867592123
1839.0,0.19910484149869528
1845.0,0.16183596524254373
1850.0,0.19968261840382154
1859.0,0.20572264926856995
1866.0,0.21234886560699928
1877.0,0.13478818225727918
1886.0,0.2231122808965286
1890.0,0.18119363301820163
1897.0,0.21417173532548925
1906.0,0.1032948666142066
1914.0,0.18866564839499406
1919.0,0.18171534505863876
1930.0,0.2054058093043164
1942.0,0.2076250257204518
1949.0,0.1107684540444515
1957.0,0.18078551757505124
1964.0,0.2130051860852507
1975.0,0.19706076312704326
1984.0,0.1297408885456594
1992.0,0.16031793971707578
2003.0,0.22505157419561916
2012.0,0.1917455539472725
2022.0,0.17604211074584492
