,3
2.0,0.21150696443044453
12.0,0.16008564318229374
20.0,0.19425158526662428
31.0,0.22947320166584728
43.0,0.19864431591600196
49.0,0.19421395432398866
55.0,0.21870604654015433
66.0,0.2288272548017126
74.0,0.2325705289064181
82.0,0.18903276313054793
90.0,0.134671585081439
98.0,0.18368034723212273
105.0,0.22420890820510087
116.0,0.16708034058374363
124.0,0.1544931972957803
132.0,0.22403117805739073
140.0,0.1678809288333922
144.0,0.22045921445066788
150.0,0.20953917485225504
156.0,0.21962903191895128
167.0,0.17072782043360807
175.0,0.16679389064387581
181.0,0.14425014855284182
190.0,0.21696256965940422
195.0,0.23814919822036612
204.0,0.12277722810684426
215.0,0.23259956499505519
224.0,0.21524969578352843
231.0,0.21936645199551988
239.0,0.20450301924517747
248.0,0.18219245501945622
253.0,0.2021559240504652
264.0,0.2241665692041121
271.0,0.20393654225706337
278.0,0.22512269572029486
286.0,0.2095797785400457
294.0,0.19479729919187044
302.0,0.18246499304175343
311.0,0.17530523664140574
320.0,0.22813050708716423
328.0,0.1626365689242874
339.0,0.19042501882340787
347.0,0.16825980100402363
353.0,0.22040816759675486
362.0,0.21505290784320785
371.0,0.16581494846862127
385.0,0.23440502517222656
392.0,0.19414545493438706
403.0,0.19298029364712177
410.0,0.1694172705392045
415.0,0.23783222802679702
422.0,0.24044324264763745
429.0,0.1754852283224422
438.0,0.24305773034968295
450.0,0.2256838005772909
460.0,0.16874401857906915
468.0,0.19666355510089234
472.0,0.21888828341690877
478.0,0.19137397276504547
488.0,0.23430675736260612
493.0,0.1729044940229077
505.0,0.2638744012524988
513.0,0.224429552054891
517.0,0.17498089907019299
525.0,0.2232138493877641
534.0,0.19149191467093013
542.0,0.16222167370948862
553.0,0.1618281547180785
562.0,0.22550022308595336
573.0,0.21251243942428716
580.0,0.17287564434383978
586.0,0.22581360010980886
595.0,0.2237654930969533
603.0,0.2185579060567386
614.0,0.17861187246259574
625.0,0.21847936146130104
633.0,0.2089756419901676
638.0,0.21539507531645766
644.0,0.22022543894223118
653.0,0.20035374305366455
660.0,0.15634914265280153
669.0,0.20014790757305775
681.0,0.23752752663822968
686.0,0.2159521625100898
690.0,0.19251589670805264
696.0,0.18244803139937682
705.0,0.19752490513604695
712.0,0.20163793173388922
717.0,0.1802531439534836
723.0,0.2163669112691851
730.0,0.25245697272755707
736.0,0.19411400061143883
745.0,0.22625848742253102
752.0,0.19891129729295576
760.0,0.17057668887926694
769.0,0.1613432487795223
781.0,0.22339981301270015
788.0,0.21578796458601093
796.0,0.17804488905579835
807.0,0.21541769488342216
816.0,0.24094342445905123
824.0,0.17330586911381488
835.0,0.18455391456652284
841.0,0.2233060178280945
850.0,0.23897275901364062
858.0,0.2207591942919232
866.0,0.17378749596957815
877.0,0.18659540416286524
884.0,0.19812957892928557
893.0,0.19521808381595449
898.0,0.18950111913526468
904.0,0.1696951874045907
915.0,0.2126350885577246
923.0,0.2174402990491954
928.0,0.21201924779464165
936.0,0.2186067729238072
944.0,0.20957006358903113
952.0,0.23462232576339856
960.0,0.17865952013321465
965.0,0.19193154619519867
971.0,0.2269419325950524
980.0,0.20172641380740064
989.0,0.2393503334175883
996.0,0.1960329533610044
1005.0,0.21235855849158475
1016.0,0.18955923593940893
1024.0,0.21584601941535414
1030.0,0.21490831094525287
1041.0,0.22277475535019833
1049.0,0.22371793665814926
1060.0,0.2242694474547821
1067.0,0.23684595427208657
1078.0,0.24164452176162052
1090.0,0.15649514027119316
1097.0,0.17416970083163877
1106.0,0.20099703992984763
1110.0,0.23440717720202606
1118.0,0.12657458436115324
1127.0,0.21182632944116928
1136.0,0.23695654784704773
1145.0,0.2240071382642309
1154.0,0.1997428105448342
1161.0,0.19123211401414167
1169.0,0.24644027541272817
1176.0,0.22838277751066507
1184.0,0.2644093423002705
1191.0,0.21926126406624238
1198.0,0.2581165527790645
1202.0,0.21009548830764765
1210.0,0.21748077779066619
1214.0,0.23713514548400874
1221.0,0.22290947796632585
1231.0,0.2589906083351787
1236.0,0.16790850207583471
1244.0,0.17591555656983837
1252.0,0.21424995649824963
1261.0,0.1791064912125811
1270.0,0.2345402570800227
1278.0,0.18896950552763295
1289.0,0.21621812708698712
1297.0,0.197937389059916
1305.0,0.1864740780061775
1314.0,0.2129062496739409
1323.0,0.18557794244476858
1332.0,0.22104499274751735
1337.0,0.25589716607958485
1344.0,0.1918146894250398
1353.0,0.17407318279433615
1361.0,0.20594802231904524
1370.0,0.21584615926239595
1375.0,0.158802467811788
1386.0,0.18128567267468867
1393.0,0.1639587634901709
1401.0,0.21127883602214703
1407.0,0.24418906162837337
1413.0,0.2325409783149363
1420.0,0.21812094060168674
1428.0,0.20616728459312478
1437.0,0.1706110350649317
1445.0,0.19849409562530512
1454.0,0.1886433634254536
1463.0,0.24645460032931632
1472.0,0.17406121593266538
1483.0,0.21086323744064472
1491.0,0.21796737358945867
1500.0,0.21981753737141643
1508.0,0.17620396115333317
1515.0,0.18879838055862513
1521.0,0.17428388138893297
1533.0,0.2064382223957098
1541.0,0.22245695430727175
1547.0,0.21184215293676104
1555.0,0.18701327938795909
1563.0,0.2365564759638722
1568.0,0.16608632153649072
1575.0,0.1853021064920116
1584.0,0.20813818483206173
1589.0,0.20771108523162812
1596.0,0.22673694738620895
