,4
2.0,0.20961822187487983
10.0,0.17485625083076964
18.0,0.13295547832135704
23.0,0.1922581843049568
30.0,0.21373004019381284
35.0,0.20290831114378097
42.0,0.1749533593586355
54.0,0.1414291172822593
64.0,0.2029220783711807
68.0,0.21851309715964945
77.0,0.16776968775731108
85.0,0.17436777415958302
91.0,0.22650166229714558
102.0,0.2462013852711948
111.0,0.22092452162920692
118.0,0.19416513249853293
122.0,0.1687718218027724
131.0,0.19690399959652916
140.0,0.21513523473724774
148.0,0.2152051931772824
156.0,0.19359479348611097
164.0,0.18367896200205414
169.0,0.23149260699491492
176.0,0.2061186805387986
180.0,0.19729792448631917
188.0,0.24204895482238403
196.0,0.21467252434429343
200.0,0.15785746705570486
206.0,0.19440200649217398
218.0,0.20273741010885624
226.0,0.1855998969465496
234.0,0.18971606148585868
245.0,0.20877816552668502
253.0,0.1738139650239044
259.0,0.16141808288049023
268.0,0.12368424702464606
274.0,0.20356863461000493
281.0,0.2129449777308383
288.0,0.2005706871009889
292.0,0.1929497127813433
299.0,0.19896006676994565
311.0,0.17971685069081147
317.0,0.21686994817917396
325.0,0.1801080476992795
331.0,0.19890908856040185
338.0,0.22596561725812161
346.0,0.221832881074323
358.0,0.14093146251170227
368.0,0.2156200803185945
372.0,0.1880607105257263
384.0,0.21427259150708675
392.0,0.18026475173121478
404.0,0.16895414262252242
411.0,0.20421049470204183
423.0,0.201421922472668
434.0,0.1797356271178607
441.0,0.1465911743122813
447.0,0.21290584710086555
456.0,0.15557415903923827
463.0,0.19939079417562028
472.0,0.22092503011856285
479.0,0.1914595291821237
483.0,0.21255451056684183
489.0,0.20072127335603365
503.0,0.17397737585683018
509.0,0.18998269832823797
514.0,0.17926578116670244
523.0,0.19912760513479752
530.0,0.1662231876725508
535.0,0.2203455930194766
542.0,0.209599188998343
546.0,0.1986388628212187
553.0,0.1804995781264741
563.0,0.24294484841095706
572.0,0.21061496914329303
583.0,0.1992045441540917
595.0,0.191189385614842
606.0,0.16719801891746303
617.0,0.1820211824450477
626.0,0.16922355790697216
634.0,0.1747493420204671
643.0,0.1885792458775729
651.0,0.23735018253685222
659.0,0.1830515999401209
667.0,0.19292852991574957
673.0,0.1715840654712742
678.0,0.20179948669422132
689.0,0.16820596020842227
698.0,0.22414860828401706
707.0,0.18203761694829687
714.0,0.18174335634881492
722.0,0.18036572231208198
731.0,0.16235677283073208
735.0,0.2042471667646507
743.0,0.20163585374335694
750.0,0.1785572137061931
758.0,0.1928229855748375
765.0,0.21389915482769425
773.0,0.20665424044156233
782.0,0.2018255681097048
794.0,0.18500066940294352
801.0,0.23365845055263615
808.0,0.23043797644331815
817.0,0.15142058348807308
828.0,0.1436078001868847
837.0,0.14297157818782305
843.0,0.21355332737590402
851.0,0.18810704544464615
858.0,0.20909652278106972
866.0,0.1658345115060146
878.0,0.1985351188684669
883.0,0.19431935653724206
892.0,0.2098371881821284
899.0,0.17552439748451226
908.0,0.16732241750763263
