,3
2.0,0.1954578358900817
10.0,0.22929295922055629
18.0,0.14849357949663614
23.0,0.2058427681375057
30.0,0.18718257524543142
35.0,0.23217863483781132
42.0,0.20856996594053107
54.0,0.2191673490071424
64.0,0.27878747525061787
68.0,0.18423882348596746
77.0,0.21364472650509556
85.0,0.2234723202193788
91.0,0.22019520792115949
102.0,0.21127763251608256
111.0,0.19008598055362988
118.0,0.22861121073049626
122.0,0.1614981622177634
131.0,0.17143454544113781
140.0,0.21283689791756946
148.0,0.22386827557527253
156.0,0.23541285912635893
164.0,0.2618806651828009
169.0,0.22373059401131043
176.0,0.24647742189089256
180.0,0.2585896099239012
188.0,0.19131924796380767
196.0,0.20117772499624326
200.0,0.18474669918800685
206.0,0.1823691310329239
218.0,0.16738733939967348
226.0,0.18368872543539452
234.0,0.22942127393708545
245.0,0.19880663894033226
253.0,0.2223981246886243
259.0,0.22580829656510876
268.0,0.1421040065452586
274.0,0.2076803630789302
281.0,0.20537504541550766
288.0,0.2618817918274866
292.0,0.20280943892217296
299.0,0.18697771400090085
311.0,0.18113159879751992
317.0,0.15996343566706447
325.0,0.1925467142717794
331.0,0.24750509822892108
338.0,0.17000093955065357
346.0,0.19533580971941836
358.0,0.18984950092480143
368.0,0.24350380128124316
372.0,0.19610957176951094
384.0,0.21572091760815423
392.0,0.1855797370598008
404.0,0.1869855077672493
411.0,0.21107444151090338
423.0,0.27074914637586617
434.0,0.19320809296085367
441.0,0.1870419170758922
447.0,0.24036130414507315
456.0,0.21258857409600515
463.0,0.18707743713583813
472.0,0.23243102060898044
479.0,0.22472508164353638
483.0,0.20456702224119905
489.0,0.24633206906656135
503.0,0.18141286341274857
509.0,0.2047545718422062
514.0,0.18044737481340134
523.0,0.20155954818049288
530.0,0.25455610085640695
535.0,0.21554587030054315
542.0,0.2054327526403583
546.0,0.19315330547398407
553.0,0.18886735670896487
563.0,0.17080782960372745
572.0,0.2639258495994407
583.0,0.186946643385432
595.0,0.2552734850428982
606.0,0.16812678871932368
617.0,0.16915314133230241
626.0,0.22045938502729615
634.0,0.2045215904126499
643.0,0.20470979622303698
651.0,0.22176569945889357
659.0,0.21389848071401496
667.0,0.17322408307409454
673.0,0.18520725987553732
678.0,0.23507965076280213
689.0,0.21877996393433988
698.0,0.18865416522479936
707.0,0.24059389990768512
714.0,0.21563787960601405
722.0,0.20864367000898507
731.0,0.24898384197240994
735.0,0.21391768569698671
743.0,0.24321371445695023
750.0,0.20912972620814022
758.0,0.2536757281415742
765.0,0.2328259087165914
773.0,0.19312368849152298
782.0,0.2154891628392247
794.0,0.20353417514584676
801.0,0.18798299506313731
808.0,0.24871366303855238
817.0,0.20600330147566007
828.0,0.16244153213887721
837.0,0.16541876083975782
843.0,0.24907172678475653
851.0,0.17034197920225472
858.0,0.2532695761887283
866.0,0.17534324057585035
878.0,0.21937611654522937
883.0,0.1782010637754225
892.0,0.16361279420409605
899.0,0.1953171474214902
908.0,0.23681324694834935
