,4
919.0,0.1631881626259918
926.0,0.1953836971978263
933.0,0.20916782036230888
941.0,0.20574931933796076
952.0,0.1935070125964492
959.0,0.1853758139198708
964.0,0.19757590439628764
972.0,0.16472548425541672
984.0,0.19947996876710258
992.0,0.18306520933418283
1004.0,0.2204138920609778
1013.0,0.2266770157263242
1018.0,0.15960217665469248
1029.0,0.15940404342268444
1036.0,0.15950246311351315
1045.0,0.19474045536739448
1053.0,0.19019957220673017
1061.0,0.14371079496766676
1069.0,0.18734293782236575
1075.0,0.1627449365538351
1086.0,0.22717049531682085
1096.0,0.17546054396702068
1105.0,0.21818349442501464
1109.0,0.22238602408981745
1118.0,0.23096599965613615
1127.0,0.20732541325643492
1138.0,0.15028127416805756
1147.0,0.1877425699838463
1155.0,0.214385731456123
1163.0,0.16189820058148954
1171.0,0.19543466583411181
1177.0,0.22854567101492276
1183.0,0.215729748850925
1192.0,0.20345744184119496
1196.0,0.1740793606666178
1204.0,0.20851051370497029
1218.0,0.20173615945819193
1232.0,0.13976407992929474
1241.0,0.20183824358657995
1246.0,0.15599115483323775
1257.0,0.17880945229256492
1263.0,0.1927497203406757
1271.0,0.1971992934113747
1278.0,0.17340813887020862
1285.0,0.22176655994093927
1289.0,0.2033960703278212
1298.0,0.2035345672384898
1305.0,0.18218666407101625
1309.0,0.17795006237884728
1321.0,0.16879027261441032
1329.0,0.19751949167627392
1336.0,0.2283744485803278
1342.0,0.19444754630320904
1350.0,0.17288399031622392
1362.0,0.18012905069877874
1369.0,0.17142372748546925
1374.0,0.21574872921637686
1381.0,0.18544673031192724
1388.0,0.19121923628330217
1396.0,0.16344751357551443
1402.0,0.16776152298787017
