,3
4119.0,0.21543267557065487
4126.0,0.18800364580620757
4134.0,0.22255513045629838
4140.0,0.2119307920595745
4152.0,0.2539233737002085
4158.0,0.14162681248870013
4168.0,0.21035171611714026
4175.0,0.2104378802867174
4182.0,0.22929015151927565
4189.0,0.2264363295845292
4195.0,0.20242233380865438
4206.0,0.1559076019854736
4211.0,0.19488092639800245
4219.0,0.2064819618376492
4227.0,0.14891840423430983
4234.0,0.10713601002023355
4242.0,0.2529830429038421
4248.0,0.2612660709710298
4252.0,0.17861923185183404
4261.0,0.23914956873838641
4269.0,0.228914125045951
4275.0,0.2099250431580537
4281.0,0.1818386733336518
4293.0,0.23189731398217986
4304.0,0.16541639202563793
4313.0,0.22365094569643346
4319.0,0.13990493788066677
4330.0,0.18294047057529647
4341.0,0.1882234212126229
4351.0,0.21552348262825738
4358.0,0.24974171299871065
4365.0,0.20511948155817553
4374.0,0.1953974537079579
4382.0,0.23460533914662252
4389.0,0.22344458985608254
4397.0,0.21742959780336482
4401.0,0.2239114304772942
4412.0,0.038260749671173606
4416.0,0.2149483128562585
4422.0,0.22951785903358896
4426.0,0.23523612019765058
4432.0,0.23561786572847562
4439.0,0.18498431648591873
4446.0,0.1833379898606558
4450.0,0.19479586408459176
4458.0,0.2130863983887503
4466.0,0.2367288595213737
4474.0,0.18856679716516656
4482.0,0.211023997177887
4491.0,0.19155418405964691
4498.0,0.26204128015021005
4503.0,0.19113429582371683
4509.0,0.24115855451066456
4515.0,0.18654720561782884
4522.0,0.23472261924633497
4528.0,0.2021452819476075
4535.0,0.2230035580465505
4543.0,0.20995709515367936
4552.0,0.2005867586016515
4558.0,0.23278042859855816
4566.0,0.22965804986783714
