,3
2856.0,0.2615059931904214
2861.0,0.22098971267417333
2868.0,0.23685145238342836
2875.0,0.20735757177667338
2881.0,0.1561666980675264
2887.0,0.2390307198990156
2899.0,0.126868135267225
2907.0,0.19222224806738136
2918.0,0.17357110270129608
2925.0,0.2029504022406102
2933.0,0.19826648916831688
2944.0,0.19507201039725072
2953.0,0.2350303319537475
2961.0,0.1687505187386542
2967.0,0.22158251149560867
2974.0,0.21230267832752833
2983.0,0.1945834416085647
2994.0,0.22269325715664995
3002.0,0.18804343822926903
3007.0,0.2324187968119038
3013.0,0.2190850326420254
3025.0,0.24164181920531985
3036.0,0.24297120405676287
3047.0,0.2388846728011015
3055.0,0.23675886642459343
3062.0,0.17240661911103003
3068.0,0.19674202108176103
3074.0,0.23172492294226957
3083.0,0.24424273101224675
3089.0,0.2487374844324301
3096.0,0.16778384178458025
3105.0,0.18892489488881223
3114.0,0.16078998307278536
3119.0,0.2178917469968252
3126.0,0.23298443401121616
3134.0,0.1880277948397882
3145.0,0.20005873141552255
3154.0,0.24219586039193797
3161.0,0.22818302271000251
3169.0,0.14540082227567785
3176.0,0.22950988285754723
3181.0,0.2256746533029105
3190.0,0.19805794944283134
3199.0,0.25108828060197835
3207.0,0.18144125971389827
3213.0,0.20341755640166717
3218.0,0.17147649496512304
3226.0,0.16695687790831829
3233.0,0.196380386361983
3242.0,0.164194303809315
3251.0,0.21569153683943404
3260.0,0.20072234024775049
3274.0,0.23025709634067845
3281.0,0.15732402466581796
3290.0,0.22341394810516418
3298.0,0.22904122593714257
3304.0,0.2553740599591542
3312.0,0.19206521944075286
3320.0,0.15293073239796587
3330.0,0.19445410810934535
3338.0,0.22887310596149796
3346.0,0.20982974469127846
3355.0,0.21103111433683913
3364.0,0.21441635223891087
