,3
2.0,0.17769595402553975
12.0,0.21042548576066183
18.0,0.13598838957713114
24.0,0.1734041022937489
28.0,0.21533558975761066
35.0,0.1935725350991151
41.0,0.23842862513399557
48.0,0.168729905438147
57.0,0.1687420047945462
63.0,0.2236255042670673
70.0,0.22302993343640382
78.0,0.2294779300155699
86.0,0.2330876816512556
92.0,0.2102245090154333
101.0,0.18597437697115113
109.0,0.12320813045001816
118.0,0.20659173188298138
129.0,0.18609321472799845
133.0,0.1702294234185694
141.0,0.16364731807094351
150.0,0.16993879198230277
158.0,0.18786736884116506
167.0,0.2204574547183916
172.0,0.21348336037838994
182.0,0.1586465160632737
188.0,0.19824957909767857
196.0,0.1428314474245276
203.0,0.19315083593154778
210.0,0.17480117156860145
215.0,0.21747086608578495
224.0,0.2296291310303034
231.0,0.16658589551981787
240.0,0.19838445659787268
247.0,0.17546602489010343
254.0,0.18466273054988616
263.0,0.19776201945913863
269.0,0.18603147166262476
274.0,0.2256440751888546
278.0,0.19631249962409938
286.0,0.18124711656903023
294.0,0.21607135550085826
303.0,0.1200094023159176
311.0,0.18061821159232713
318.0,0.21714866989468448
326.0,0.20274620537256302
332.0,0.16397717389908795
341.0,0.18497737645223106
349.0,0.21081421623567626
357.0,0.20199147610594825
367.0,0.20255609236683403
376.0,0.18433482735145548
384.0,0.21484292305157443
393.0,0.18657806797392823
397.0,0.1903914921184452
405.0,0.21388796214897007
411.0,0.16882068908976272
419.0,0.14128324120965172
426.0,0.20132045032696955
435.0,0.2433756626646265
443.0,0.2212225216546198
452.0,0.15933481323132803
460.0,0.24517598420049017
464.0,0.23636438924700226
471.0,0.22633373699498927
478.0,0.1784059821570489
492.0,0.13906832415214437
499.0,0.15452236077101242
505.0,0.18986411775693196
512.0,0.2138850364564832
521.0,0.20096269958134216
530.0,0.2047796149475084
538.0,0.21358454546250755
542.0,0.1654463234887103
551.0,0.1584980225653511
560.0,0.1763270107877913
568.0,0.1975074836625375
576.0,0.1772339248547177
583.0,0.14073527292807525
587.0,0.17229988886476125
598.0,0.22147815983023925
606.0,0.1778223317574549
613.0,0.2053006150614227
624.0,0.22832076549738745
631.0,0.1845260737974023
637.0,0.16498147073461245
644.0,0.24120814933521048
648.0,0.17076722304777966
652.0,0.15060042555999667
659.0,0.17649172235095067
666.0,0.21167025456174662
673.0,0.23624724274887207
681.0,0.15252814217502325
689.0,0.20944011949968488
697.0,0.16131125075381364
704.0,0.21599906292941604
715.0,0.21404386128202077
722.0,0.15716367392865344
730.0,0.15472602629542848
737.0,0.15990080317513503
744.0,0.14461414351837998
749.0,0.22308022812689626
758.0,0.1737931699818405
764.0,0.19648826692238264
772.0,0.2088627316094445
779.0,0.24173305432886197
786.0,0.22132509225028757
795.0,0.1581694555847826
804.0,0.2234613370502841
811.0,0.2071000860808163
818.0,0.1791884710077078
827.0,0.21098091891970544
836.0,0.24123563983183627
845.0,0.17813625185519358
856.0,0.2098715869928037
868.0,0.15368336625210602
873.0,0.21209525878424734
885.0,0.1967111048405819
892.0,0.18733092482558023
901.0,0.24336744447828723
909.0,0.15158354452901657
918.0,0.19443497585680608
925.0,0.17650017058648398
934.0,0.11156550858726011
942.0,0.14478870916239173
954.0,0.1914435804440514
961.0,0.2475976194087328
972.0,0.1815218384221826
976.0,0.23446428081123422
984.0,0.21856152706170295
990.0,0.22649049930110818
998.0,0.18282588285673645
1006.0,0.24120626269449547
1014.0,0.19122698263394924
1021.0,0.2282025317461686
1028.0,0.1779622761997626
1039.0,0.18353335333316162
1046.0,0.2205901086752411
1052.0,0.2216425712775628
1060.0,0.18821476367536863
1072.0,0.1626973840017625
1080.0,0.14257812252130922
1087.0,0.18662418075665468
1094.0,0.22041274287842888
1108.0,0.22594078334000772
1116.0,0.15495802816255808
1124.0,0.15749421830265994
1132.0,0.2500105594443921
1140.0,0.23933414633397768
1147.0,0.17768154170871275
1156.0,0.2207305444678909
1162.0,0.224254444968361
1174.0,0.17718236019662417
1181.0,0.2164693664845967
1189.0,0.24038448613394472
1196.0,0.1602325209071169
1200.0,0.13997873408044553
1208.0,0.1884700721735325
1216.0,0.19700210380832023
1223.0,0.20526445087687037
1234.0,0.15957939801513335
1239.0,0.2219113195588389
1246.0,0.20899897993505676
1257.0,0.20383956920062082
1265.0,0.15943475135745072
1274.0,0.18772145428022763
1283.0,0.2229807898465738
1297.0,0.17204988195206627
1304.0,0.19469757303181745
1308.0,0.24316229683339477
1313.0,0.1435428254221599
1322.0,0.1363793191120052
1329.0,0.19364709126997817
1336.0,0.14807620054942824
1343.0,0.17933548164033727
1351.0,0.15604642850054093
1359.0,0.24028733264095128
1366.0,0.26094583482201306
1378.0,0.1595138754900874
1384.0,0.2197638255219366
1390.0,0.22639159488434626
1397.0,0.18729082401048552
1408.0,0.1718178844201063
1415.0,0.16692852758650265
1429.0,0.19863643075081475
1435.0,0.1894457154727886
1439.0,0.19351427589842515
1448.0,0.16175469301135328
1456.0,0.17698904018267833
1460.0,0.20632030266209386
1465.0,0.22441062249304147
1473.0,0.19908197576075864
1479.0,0.14071686809754047
1488.0,0.20298137308697245
1497.0,0.2102441570933917
1503.0,0.2051441411167343
1508.0,0.176039408585263
1515.0,0.16017272973964475
1524.0,0.21456468963037248
1531.0,0.1831223948532769
1537.0,0.19091482502510232
1545.0,0.16825865068487636
1551.0,0.1965330244408178
1556.0,0.16631922569431512
1567.0,0.18556584099883294
1573.0,0.23848621498453518
1580.0,0.17579823242545195
1587.0,0.1876469215801955
1593.0,0.20318610409872626
1602.0,0.20278348659767553
1610.0,0.22154016527792217
1616.0,0.1992965634206918
1621.0,0.16238914167518254
1632.0,0.2322625923124362
1644.0,0.227742076723358
1650.0,0.22138755862527026
1657.0,0.24383839832716117
1663.0,0.183702623150419
1672.0,0.23230160872800573
1683.0,0.20260434890323997
1689.0,0.22054059175722251
1698.0,0.17064621010779135
1705.0,0.22287080323452763
1713.0,0.19177662037825915
1717.0,0.20767513913010574
1723.0,0.19631683680095596
1730.0,0.22613062919064564
1735.0,0.18739380462198793
1744.0,0.2042161833269055
1751.0,0.2244461653748791
1755.0,0.15074566937025755
1763.0,0.18736046644786947
1772.0,0.2228176544739132
1781.0,0.23103618243720156
1789.0,0.2490190229720032
1795.0,0.12226350611654106
1803.0,0.1706088530007606
1811.0,0.185307879344667
1818.0,0.24377302552752542
1825.0,0.1998774943716664
1836.0,0.17612823816980938
1840.0,0.15687008273840577
1844.0,0.22313513980926317
1851.0,0.24701988056107135
1858.0,0.18233873320332417
1867.0,0.20023170590138656
1876.0,0.18496415596470445
1881.0,0.16861559555533545
1890.0,0.23076183199941275
1898.0,0.18158845976387447
1906.0,0.21885670166286036
1913.0,0.20998847755936906
1919.0,0.20106159642632226
1926.0,0.21485324402583164
1932.0,0.22608907327558006
1944.0,0.25499002008081745
1956.0,0.21347197387981406
1965.0,0.19352582003907542
1977.0,0.22682586927720416
1983.0,0.2470097562519108
1990.0,0.222059475874843
1996.0,0.20006882469878232
2003.0,0.2641974299847552
2011.0,0.1692920128234571
2018.0,0.18407780624847014
2023.0,0.1788263510897474
2031.0,0.20906383102012077
2039.0,0.16242108073659733
2049.0,0.1369169088011568
2057.0,0.201644875228793
2065.0,0.25531261020440543
2073.0,0.19077939412320263
2078.0,0.17879767253234427
2086.0,0.18573381921722282
2094.0,0.14349515549979425
2099.0,0.1742043549819479
2103.0,0.21818343358738237
2111.0,0.23307573002481796
2119.0,0.1751151827927655
2125.0,0.21861231759658423
2133.0,0.2321639586263329
2140.0,0.15383416859825003
2146.0,0.203669648148453
2153.0,0.16778886443335797
2160.0,0.1896594608025
2172.0,0.1934032165598226
2179.0,0.22133493407472613
2187.0,0.17936834459060572
2192.0,0.20282673632622852
2197.0,0.16271493213920946
2209.0,0.23460799080986167
2220.0,0.20703006323807285
2228.0,0.20110403766020749
2234.0,0.2300975799119193
2241.0,0.2028355685978317
2251.0,0.20422965289368922
2260.0,0.1930114258454549
2268.0,0.2215812795200592
2275.0,0.20439834193274814
2282.0,0.25692711009731783
2293.0,0.23667453792125703
2300.0,0.2242114456745827
2306.0,0.1570318256970529
2312.0,0.22817529089982475
2321.0,0.1501972605542832
2329.0,0.18125167410350845
2341.0,0.23922756298123987
2351.0,0.1420070324235639
2357.0,0.14435850630883876
2362.0,0.25215919098127815
2370.0,0.21906942793139744
2379.0,0.15882695558357826
2387.0,0.17053623032368903
2394.0,0.22221407546493338
2400.0,0.20957520417846418
2410.0,0.2170580500355353
2418.0,0.19490186992049502
2422.0,0.18197993118257566
2429.0,0.18467867455036407
2443.0,0.20624484963818948
2450.0,0.2395314462412306
2456.0,0.22434363547829506
2463.0,0.14848967937898064
2469.0,0.19748724614000243
2475.0,0.2101020272756541
2484.0,0.17021136053702474
2493.0,0.1601383341549822
2499.0,0.25602867512087135
2506.0,0.22461869839094095
2514.0,0.1379068947628186
2525.0,0.21703530378795033
2533.0,0.1870322459935026
2540.0,0.2025000148432608
2549.0,0.19371059152202852
2553.0,0.24796440517195273
2562.0,0.2066456873492565
2568.0,0.22993212093616763
2577.0,0.22753352369490862
2585.0,0.19289491920300275
2592.0,0.17052607619873722
2600.0,0.19193845374320834
2609.0,0.2078919384642562
2616.0,0.1705757146323834
2627.0,0.21958264719960435
2634.0,0.18519942981916893
2639.0,0.20421700404746682
2646.0,0.20104910620163863
2653.0,0.2450095641871081
2659.0,0.21872675790544926
2667.0,0.2066981433752848
2674.0,0.20071848352419944
2682.0,0.12218791213288842
2690.0,0.22420776181354174
2697.0,0.16076102423037317
2701.0,0.21995707318695948
2708.0,0.23757790716993046
2714.0,0.20296002321729617
2722.0,0.19314847913166353
2730.0,0.13261144358988353
2738.0,0.11832385399479034
2747.0,0.21713147459102713
2751.0,0.17721649868087883
2760.0,0.18313832619277454
2769.0,0.18690838610417038
2781.0,0.19182288013782542
2792.0,0.18774748413651246
2800.0,0.21857384215742853
2809.0,0.17316024201883096
2821.0,0.21417811790493899
2832.0,0.2439187955128728
2836.0,0.1830730095438966
2844.0,0.1673241532364989
