,4
2856.0,0.2444022035024301
2861.0,0.1953246721324141
2868.0,0.21643319358751753
2875.0,0.20643520115010308
2881.0,0.2093760257387229
2887.0,0.1577037595865341
2899.0,0.12010635799444824
2907.0,0.1713339890997611
2918.0,0.1810498144608475
2925.0,0.18673226871686457
2933.0,0.169401931482555
2944.0,0.22405140825195816
2953.0,0.158674298294173
2961.0,0.15685033249214414
2967.0,0.22064363782891805
2974.0,0.17766049609423798
2983.0,0.12939848330170095
2994.0,0.18437168838529722
3002.0,0.13055849297146946
3007.0,0.19973414282434646
3013.0,0.2050228702242618
3025.0,0.19731131296732496
3036.0,0.22284975362988524
3047.0,0.1793417394111179
3055.0,0.19205287201478435
3062.0,0.192425726914487
3068.0,0.24680909575209628
3074.0,0.16018740887713526
3083.0,0.23324465063338523
3089.0,0.23132611409280193
3096.0,0.11955067552429806
3105.0,0.19642983790716925
3114.0,0.22359536337825375
3119.0,0.20387687495964596
3126.0,0.20638486656382765
3134.0,0.14136405449675374
3145.0,0.20012684838752998
3154.0,0.2085161759848505
3161.0,0.24152290879919625
3169.0,0.1371456022169939
3176.0,0.2149324812697007
3181.0,0.17861881844427316
3190.0,0.1938211282886479
3199.0,0.20098443539126512
3207.0,0.19822725083788026
3213.0,0.1938697180637328
3218.0,0.18210734681943216
3226.0,0.18344113213729651
3233.0,0.22220017379994833
3242.0,0.1543581518942344
3251.0,0.18647849209202125
3260.0,0.14751828163255115
3274.0,0.1853950877724926
3281.0,0.18287327704942
3290.0,0.206717724558796
3298.0,0.20993606508576998
3304.0,0.2095287063921719
3312.0,0.18020032386562967
3320.0,0.17160010693389996
3330.0,0.17729678341140018
3338.0,0.21700372062198164
3346.0,0.19957862037550272
3355.0,0.17420978749601404
3364.0,0.22528094413897526
