,4
2.0,0.22043878692887905
10.0,0.1805130284521994
18.0,0.15122137185896417
27.0,0.2154879922927382
35.0,0.21706964040867324
42.0,0.20276245101130402
51.0,0.1860579055725164
57.0,0.20419676261912786
64.0,0.17762031488687285
69.0,0.1668122135683798
76.0,0.15297310891063334
84.0,0.17707787628741123
90.0,0.17351269908270323
97.0,0.2058751276023791
104.0,0.24097921940695333
111.0,0.24146918030262676
115.0,0.22614788953886775
123.0,0.1856716683406581
129.0,0.1661146830153589
136.0,0.1991843233075971
142.0,0.19237998244279272
150.0,0.1580779963894464
156.0,0.17256590558213655
162.0,0.17959854221621363
173.0,0.15887908508521323
178.0,0.18551132552365132
184.0,0.1857355013136462
193.0,0.194958158918492
199.0,0.1987126631754683
207.0,0.1945254302948433
213.0,0.23252686445810083
221.0,0.2037149500233569
229.0,0.18924182462644668
237.0,0.2533130632872583
247.0,0.19912743770867564
261.0,0.22745867698780411
273.0,0.21637090955406654
282.0,0.1592508978379241
291.0,0.19359623184920025
300.0,0.1939794843900489
306.0,0.2168887112069563
316.0,0.17273387819864344
325.0,0.18844019150380362
331.0,0.2507653553641748
338.0,0.18385714188857596
349.0,0.12100847813357472
357.0,0.17636430796232624
365.0,0.19161965853264176
373.0,0.19461558692640402
382.0,0.2018469487023374
394.0,0.20542071462016018
401.0,0.192509616765644
407.0,0.19029871519027816
416.0,0.14386062919294737
422.0,0.21269860389912404
428.0,0.2014725080626749
434.0,0.21217106175039427
438.0,0.20961343674212518
446.0,0.19924999700010157
453.0,0.23422474863432638
459.0,0.19212000367171053
470.0,0.21410979218302992
481.0,0.17060456755597286
487.0,0.20392150846397927
491.0,0.14552438619755248
497.0,0.209131530660365
501.0,0.19340949064421387
507.0,0.15261792611681566
511.0,0.21836474817363594
518.0,0.17185188660400527
526.0,0.2081720801958868
537.0,0.19809604304995024
544.0,0.1860171725119092
552.0,0.16099389625361704
558.0,0.195520537927664
566.0,0.2039006977485011
574.0,0.18479150679547643
580.0,0.18035781986538166
587.0,0.19318455237011334
596.0,0.20623786188475254
603.0,0.22136673517231073
612.0,0.15851328478845475
620.0,0.22420019034373373
631.0,0.12362881678950569
635.0,0.13284334635165743
643.0,0.1804204161440052
655.0,0.22752204746573396
666.0,0.17509761830408063
672.0,0.16753795132621385
681.0,0.2129557596971838
690.0,0.16745863120221602
696.0,0.252148902120891
704.0,0.1800388702995996
710.0,0.23054820740855766
724.0,0.18857233576016455
731.0,0.19546308790430156
742.0,0.15061968068777787
749.0,0.21391386773539425
760.0,0.21629684011612835
764.0,0.1766624381024856
768.0,0.17298167073167112
772.0,0.18735186589495695
779.0,0.16885181228627902
788.0,0.16979524353568773
796.0,0.19691008665324486
805.0,0.16594079162430353
813.0,0.18995599741654962
822.0,0.19139668678312885
833.0,0.1804036645888735
838.0,0.19591060914276612
846.0,0.14478179760587787
851.0,0.1763744234995482
856.0,0.12029018474244547
863.0,0.20785587028413613
870.0,0.16696621758783906
877.0,0.18218215178401165
883.0,0.17407751941370556
891.0,0.15385629637154974
902.0,0.1818946726759094
909.0,0.1339881292342459
916.0,0.19024937508139364
922.0,0.1918521026997633
928.0,0.2146575653163852
937.0,0.11623557500322196
946.0,0.22823881610260105
954.0,0.2014445949279699
961.0,0.19047053619787285
967.0,0.2113101525497191
971.0,0.20205365435693812
975.0,0.14468363790993924
980.0,0.1831269753049406
986.0,0.19863921883131347
993.0,0.1797562915915379
1000.0,0.18577451936071454
1006.0,0.18952158572914105
1017.0,0.19287471798861605
1025.0,0.21440113973748443
1033.0,0.17993430384223472
1041.0,0.21472491296717253
1052.0,0.2158049160774737
1064.0,0.21658176388371253
1071.0,0.17817084037670164
1080.0,0.19357126602848165
1088.0,0.1863042592122642
1096.0,0.18486814642925237
1104.0,0.19103194024660666
1111.0,0.1965584363081687
1120.0,0.1967586660347738
1134.0,0.2076870455993084
1143.0,0.21890974285678036
1151.0,0.16652031008606283
1159.0,0.17092412057760667
1163.0,0.16010334802779322
1169.0,0.20402139396956287
1178.0,0.19780845385727053
1189.0,0.19168738511233754
1198.0,0.13872830660975097
1206.0,0.189495610921382
1210.0,0.18554937045020523
1217.0,0.1852134438279281
1225.0,0.19878768506891606
1233.0,0.20660448291818836
1239.0,0.20492700010925843
1253.0,0.20629800326428482
1260.0,0.17099553286202185
1268.0,0.21667979467985318
1277.0,0.1827308547263137
1285.0,0.22107836023454222
1291.0,0.18895969550792838
1300.0,0.18278809410551028
1308.0,0.17483705263269336
1314.0,0.16611040724453585
1321.0,0.1915692795603922
1333.0,0.19543900955096755
1339.0,0.1798304027271588
1347.0,0.21537002178767573
1353.0,0.2138552184612975
1359.0,0.20440709347159472
1366.0,0.1707614482887634
1374.0,0.21039555341721122
1381.0,0.1757653619514765
1389.0,0.21911551051774214
1396.0,0.10155591284521771
1405.0,0.18934717098099366
1413.0,0.1645020428959146
1422.0,0.20513101604193784
1434.0,0.16956162503754976
1443.0,0.12230993312632212
1454.0,0.20725420767913758
1464.0,0.1937470572234076
1472.0,0.23972919194318898
1478.0,0.19147366221411496
1490.0,0.18009273475584323
1497.0,0.1743523295585497
1503.0,0.19375946509596922
1512.0,0.19278624973473268
1517.0,0.22503370321505056
1524.0,0.18265567714794767
1534.0,0.14504395978701012
1543.0,0.24622752747948248
1550.0,0.1768467160071016
1556.0,0.21876251266105895
1563.0,0.19584163626159168
1569.0,0.16472041219072214
1576.0,0.1966990973508754
1584.0,0.1572761763367199
1591.0,0.2388359167365966
1600.0,0.14745284028183425
1606.0,0.1562276563679305
1617.0,0.19334170376621015
1625.0,0.2030194121989763
1636.0,0.19693989013147986
1644.0,0.1878283536198766
1653.0,0.1784285604887349
1661.0,0.14251208391974202
1670.0,0.21348256839878402
1677.0,0.19216323199446328
1686.0,0.20258027406028364
1694.0,0.19676692294530454
1703.0,0.169757263977546
1712.0,0.17180765083163319
1718.0,0.16720853878141761
1722.0,0.18509383927324677
1727.0,0.16988745066992253
1736.0,0.23769068689623304
1743.0,0.18842450499128355
1751.0,0.21525211775115577
1760.0,0.1937374005749048
1767.0,0.21079883127951785
1771.0,0.17433392081549706
1776.0,0.19581510038453934
1782.0,0.19626857237063824
1789.0,0.1816185573153764
1798.0,0.1771532868013139
1806.0,0.20116087398406093
1812.0,0.19547189647725752
1818.0,0.23348757975066187
1827.0,0.19543327362592436
1832.0,0.18750806448257856
1839.0,0.18749625437165307
1843.0,0.13875102176263934
1855.0,0.19065104814053702
1862.0,0.21075605824604565
1873.0,0.20983681099673346
1879.0,0.2231742792884982
1886.0,0.14392817562400576
1898.0,0.2158396106589145
1912.0,0.1953315894695995
1920.0,0.2160028997910822
1929.0,0.22055866174339944
1943.0,0.21867274363445133
1950.0,0.19011854203326128
1959.0,0.1684556798160746
1968.0,0.1944226064389291
1979.0,0.18067929734282043
1986.0,0.19002249028587476
1990.0,0.2197970951533876
2000.0,0.13415307104847146
2004.0,0.21715980614967229
2012.0,0.1987395871050198
2021.0,0.19622629877158695
2035.0,0.17351287205836144
2043.0,0.18224880934536805
2047.0,0.14321388573532812
2056.0,0.17597602001410387
2064.0,0.17349882844245856
2072.0,0.20800034862736516
2079.0,0.1331169125115131
2083.0,0.1818641757575186
2089.0,0.2147954404495059
2093.0,0.14898420518052125
2099.0,0.17888826536780925
2106.0,0.22564725571370703
2118.0,0.1562329943750529
2130.0,0.18597069298106003
2138.0,0.23980782011495497
2147.0,0.22172976864457114
2156.0,0.15413058290250156
2167.0,0.12963990861628583
2176.0,0.17382301345029455
2180.0,0.17545275732011575
2189.0,0.17929219274184618
2194.0,0.22952469301939676
2201.0,0.15324741029853445
2212.0,0.18522151871269124
2219.0,0.21356118486720171
2224.0,0.1940420442224474
2232.0,0.20326177437181672
2239.0,0.2162269884282794
2245.0,0.16340928466659047
2251.0,0.2136753098658157
2259.0,0.19828436293116883
2266.0,0.19170071446811432
2271.0,0.19442628620804497
2283.0,0.1985573417864321
2291.0,0.16502935691605913
2300.0,0.18098418018910592
2308.0,0.1934975129655675
2314.0,0.2443615125446451
2320.0,0.18962788046381412
2328.0,0.23160676607636865
2335.0,0.1715812813697717
2341.0,0.1809480106657882
2350.0,0.16342647867204035
2358.0,0.17383921593051904
2364.0,0.1460477765107404
2369.0,0.2166412419365953
2376.0,0.20676516332165995
2388.0,0.19672758136260607
2400.0,0.16380015995625874
2406.0,0.16785542974096074
2411.0,0.1960534000018514
2422.0,0.23011716105951813
2426.0,0.15634236357236653
2434.0,0.188802911580372
2438.0,0.2043292559020914
2446.0,0.18688084326559834
2458.0,0.21009529504269114
2462.0,0.19031141729777618
2474.0,0.17899588714475584
2488.0,0.2007608616157734
2492.0,0.22166263111714624
2501.0,0.23367008126076827
2505.0,0.22699851833078527
2512.0,0.21998065803369674
2519.0,0.20008842880859878
2527.0,0.1873650559318694
2534.0,0.2316306985346976
2541.0,0.18726357499408564
2547.0,0.1982357767647018
2553.0,0.1683210195077786
2558.0,0.1801884462284595
2564.0,0.20147970148393513
2571.0,0.18046820695057433
2578.0,0.15445901433445464
2585.0,0.13567888999296257
2592.0,0.1781365541118798
2598.0,0.1891202757701704
2605.0,0.1543290315748324
2616.0,0.16507414810369994
2623.0,0.13213216439459413
2631.0,0.1994789383034894
2636.0,0.18589002691169976
2643.0,0.17253587092779163
2647.0,0.23269781515507257
2653.0,0.15401051665656082
2658.0,0.19832638232968855
2663.0,0.20873195131890548
2672.0,0.2072105414013369
2679.0,0.1832467804245815
2687.0,0.21965923039047322
2693.0,0.24060139074778186
2701.0,0.21047052217806397
2708.0,0.19961265998048003
2715.0,0.19920324901123654
2723.0,0.22876599585653656
2727.0,0.19720423053974823
2733.0,0.20903970027758695
2741.0,0.1824640947737123
2748.0,0.17012830421622904
2757.0,0.16797220817913405
2761.0,0.20089064835724765
2773.0,0.22024243841100535
2784.0,0.16330545269962812
2791.0,0.21482248651699498
2800.0,0.14667946429062204
2807.0,0.13466968205127988
2814.0,0.22226980679533567
2821.0,0.17127712906324793
2828.0,0.15541801456823018
2835.0,0.2166189803229541
2849.0,0.16540115162401484
2857.0,0.2127606816663556
2863.0,0.2104323062652704
2867.0,0.23232852403530024
2873.0,0.18620362077965785
2881.0,0.18637856219954194
2887.0,0.17258915205008996
2893.0,0.18248077611341487
2897.0,0.18072644943684454
2904.0,0.2074051709133544
2914.0,0.17584266266221263
2921.0,0.20854230432592952
2932.0,0.1517920133688799
2939.0,0.19474251854309885
2944.0,0.16345650172865736
2951.0,0.12153558216540625
2959.0,0.17607103797059992
2968.0,0.1676223249062085
2974.0,0.1564526793580087
2982.0,0.18704787386540733
2990.0,0.22138870312712594
3002.0,0.17425589437650613
3009.0,0.2280501795228781
3017.0,0.16061787762178936
3023.0,0.187174037676076
3029.0,0.18311995645700976
3035.0,0.1869194836435336
3042.0,0.1965657966498764
3049.0,0.1772106951523615
3056.0,0.17487623374669697
3063.0,0.18290169403016532
3069.0,0.22454874233203295
3075.0,0.2095236331666237
3082.0,0.1808476319536721
3093.0,0.18058484458232377
3100.0,0.1719362939776897
3106.0,0.17650085791945047
3115.0,0.20669343841053756
3122.0,0.17930222927403175
3129.0,0.17043238840162975
3136.0,0.19192069349664995
3142.0,0.18078888875763247
3150.0,0.1755100925616359
3157.0,0.21155400804213254
3162.0,0.19853571581546708
3172.0,0.19885900288786798
3179.0,0.1616796873816943
3184.0,0.22053699313343356
3190.0,0.2240648079074397
3196.0,0.1534803829682199
3203.0,0.19501842768990313
3212.0,0.19316790865865566
3219.0,0.18687724790958382
3227.0,0.1370417805816866
3236.0,0.21250443101076222
3245.0,0.21497165970439747
3253.0,0.18140764725482245
3260.0,0.20284800358968563
3267.0,0.22839378201576432
3278.0,0.1649427827800231
3286.0,0.19401273367099747
