,4
1424.0,0.20685593310287995
1431.0,0.17832367526409876
1439.0,0.18820232155055946
1447.0,0.15795053686201274
1454.0,0.17113101921836665
1465.0,0.1927738347615304
1473.0,0.19459806748120265
1484.0,0.20922369141723965
1492.0,0.19766005051247365
1496.0,0.16381475182121888
1502.0,0.1910374634622839
1510.0,0.19896668144846594
1516.0,0.19886586223254082
1524.0,0.18877909688506236
1533.0,0.22030256965514947
1540.0,0.19054170618062918
1548.0,0.18829249847813284
1557.0,0.16542702499607917
1568.0,0.20331633827663934
1577.0,0.19818232858519313
1586.0,0.19976238185008025
1594.0,0.1866322769443905
1602.0,0.1995749153914428
1610.0,0.2028147063315372
1621.0,0.1707386296283736
1629.0,0.1945018810488144
1638.0,0.19459341214539044
1646.0,0.19997125009288377
1653.0,0.21989754519104115
1661.0,0.15637814279011197
1670.0,0.18103625524929198
1679.0,0.13885054922920603
1685.0,0.18542341373467744
1691.0,0.20783638438471597
1699.0,0.1978115155045324
1706.0,0.2324992032254227
1712.0,0.1590262610078323
1724.0,0.17601285389402513
1733.0,0.17618405147969263
1744.0,0.19334846503280392
1749.0,0.1596135016513555
1754.0,0.19042209731660537
1761.0,0.19273657194037874
1770.0,0.20608733444634814
1781.0,0.18906907717107682
1787.0,0.2068108735306363
1794.0,0.1866166014930269
1800.0,0.1497310814450472
1812.0,0.2064440954748748
1821.0,0.1926079691936469
1828.0,0.18408467516717456
1837.0,0.17501115677829962
1848.0,0.17049366104785477
1856.0,0.17815140263955223
1867.0,0.20751604730139975
1873.0,0.17920453407160758
1881.0,0.20539748032675864
1893.0,0.19606731973089772
1900.0,0.11204611809832289
1909.0,0.17056656304100745
1920.0,0.21794028908840887
1929.0,0.19470657781577289
1937.0,0.22780612461913974
1944.0,0.17731434133015098
1952.0,0.21120776452102244
1957.0,0.19326118929432906
1965.0,0.13702719745731812
1973.0,0.19777612343243678
1982.0,0.1351278651273399
1992.0,0.16897718390910574
1999.0,0.15965942500723232
2008.0,0.19149930224143275
2018.0,0.16958458375412136
2026.0,0.1621949627023899
2034.0,0.14374651231108138
2042.0,0.20182474865461114
2050.0,0.17682253260149897
2057.0,0.21209890828034436
2065.0,0.1520472424598006
2072.0,0.18305655191720996
2083.0,0.17830011957404968
2087.0,0.1756136912488201
2092.0,0.20506122348728495
2100.0,0.17440369037241066
2108.0,0.1713609571454595
2120.0,0.16011283212419367
2127.0,0.1861423894405178
2132.0,0.1994834701348739
2139.0,0.2062024918887977
2148.0,0.20534521989632132
2155.0,0.19269371261457274
2166.0,0.20582291634476926
2177.0,0.18701737398518786
2186.0,0.18854519017932697
2195.0,0.22293516446137532
2203.0,0.20715299175588536
2207.0,0.1965108366393302
2212.0,0.15156645474263503
2223.0,0.23995671781198313
2230.0,0.17687838918130658
2238.0,0.18788049955513217
2243.0,0.17909710358112219
2250.0,0.18281638075511633
2259.0,0.21328269035319658
2266.0,0.198426062310979
2274.0,0.20677391716357696
2282.0,0.18085871051569985
2290.0,0.1768892650013828
2298.0,0.17454803600391133
2305.0,0.1835992340113855
2313.0,0.20294172864823415
2317.0,0.18886653185265573
2326.0,0.1931642776200283
2331.0,0.19879429058817114
2338.0,0.12793054732130668
2346.0,0.1626906633890679
2352.0,0.16967682392586328
2356.0,0.19451815980777215
2364.0,0.18498267997884754
2372.0,0.18615338295754674
2380.0,0.19198072249223427
2385.0,0.18633498485183142
2390.0,0.16352425565516587
2399.0,0.18391972326791378
2407.0,0.18809506116524935
2415.0,0.15849716845559042
2423.0,0.20192900271052316
2434.0,0.17137015093654637
2446.0,0.1491630424625285
2454.0,0.18297940204582513
2462.0,0.18417528082243476
2466.0,0.20891101136912457
2474.0,0.18023943175961324
2478.0,0.1714606000767379
2487.0,0.17479148545434856
2497.0,0.18127128291130937
2508.0,0.2107847942040542
2517.0,0.1489017110005605
2524.0,0.14960932269939572
2533.0,0.2103656369385212
2542.0,0.2014981014125562
2548.0,0.20077618159184082
2557.0,0.17664062199546107
2566.0,0.16581520334470298
2573.0,0.2035902267663452
2581.0,0.1603762230426135
2591.0,0.16862013602378115
2600.0,0.22225449027109562
2611.0,0.1345252683018888
2616.0,0.188259947450668
2622.0,0.19751952102193693
2631.0,0.1442521913936816
2638.0,0.15860199072322018
2643.0,0.17182355920667486
2649.0,0.14171525514087277
2658.0,0.1260800442268766
2669.0,0.2109646214176289
2676.0,0.15063188398845845
2685.0,0.20762023050631787
2693.0,0.17667020699655886
2701.0,0.19958153778345114
2709.0,0.21287433656380994
2716.0,0.17860412282200647
2727.0,0.17204587314943848
2736.0,0.1755764640982399
2745.0,0.2290576970555947
2753.0,0.2014290370416083
2762.0,0.18418327326182019
2770.0,0.1875562505868857
2778.0,0.1759773331865026
2784.0,0.1842426167307122
2791.0,0.211497104038168
2800.0,0.1940739885382708
2808.0,0.20810437915986332
2817.0,0.2022839950035062
2826.0,0.18012213299365562
2835.0,0.17933809478915994
