,3
1424.0,0.18902314688045305
1431.0,0.2296226581857111
1439.0,0.18801013161584226
1447.0,0.2250490427163585
1454.0,0.20665700532042938
1465.0,0.22646028346317923
1473.0,0.18878303544470607
1484.0,0.21237494372880322
1492.0,0.1759614426335799
1496.0,0.16544760328331876
1502.0,0.18056093053868597
1510.0,0.22689959003770882
1516.0,0.15657672737557476
1524.0,0.16486965217513513
1533.0,0.17724732003214913
1540.0,0.18036724321169506
1548.0,0.2005756270075252
1557.0,0.11504690821255319
1568.0,0.18457580910386945
1577.0,0.24435954385128647
1586.0,0.22211392058770435
1594.0,0.23298612297695578
1602.0,0.22368358963543705
1610.0,0.14028848427786592
1621.0,0.19756538958580203
1629.0,0.24239300783985043
1638.0,0.19037499980436406
1646.0,0.19732446493691608
1653.0,0.14186079599218102
1661.0,0.2168800057776335
1670.0,0.2242912938684402
1679.0,0.11932239429651796
1685.0,0.22294207176660652
1691.0,0.22038096666055942
1699.0,0.22216515919329421
1706.0,0.2060390158448698
1712.0,0.20276393861481837
1724.0,0.19209255448846413
1733.0,0.22202541758456176
1744.0,0.18915046245821032
1749.0,0.1987848159561334
1754.0,0.21357285588426542
1761.0,0.18272925043263843
1770.0,0.14477897163442624
1781.0,0.24585252368841928
1787.0,0.21617374734015452
1794.0,0.2042271250828377
1800.0,0.2132080527847382
1812.0,0.2167160131135686
1821.0,0.1939066095022497
1828.0,0.1879117676466874
1837.0,0.24217435148997665
1848.0,0.21709200734094605
1856.0,0.17627310847194733
1867.0,0.18740523728206307
1873.0,0.22984080492053635
1881.0,0.11568207923974205
1893.0,0.23030349130862496
1900.0,0.16970811343789977
1909.0,0.21994823396954064
1920.0,0.18874738792633924
1929.0,0.1550581313673536
1937.0,0.23749386829538263
1944.0,0.18114518737538235
1952.0,0.1738764354330832
1957.0,0.239115782181335
1965.0,0.13328418289843208
1973.0,0.1774765313565584
1982.0,0.16182838901185173
1992.0,0.19437811959052134
1999.0,0.22162735869878875
2008.0,0.23536757383487428
2018.0,0.16386196259612648
2026.0,0.19814405417722275
2034.0,0.13531514085262833
2042.0,0.202746255046564
2050.0,0.20598838047372933
2057.0,0.22938460567697352
2065.0,0.1649599186259695
2072.0,0.24416144887251726
2083.0,0.19314491051623012
2087.0,0.1750416146741703
2092.0,0.18470443632089062
2100.0,0.2184092179591008
2108.0,0.2195447392183469
2120.0,0.1532156131703968
2127.0,0.24906711069073229
2132.0,0.2319400549305264
2139.0,0.13342843386206849
2148.0,0.17510378922373165
2155.0,0.21072965391194298
2166.0,0.18381231251952881
2177.0,0.18078373024555583
2186.0,0.1430386329356213
2195.0,0.17757289644513144
2203.0,0.17258392963176153
2207.0,0.1982281678658696
2212.0,0.24898808297093428
2223.0,0.24395218913325828
2230.0,0.21580916866563474
2238.0,0.1587089961260407
2243.0,0.19484488441497566
2250.0,0.21712310157685785
2259.0,0.21313455011822083
2266.0,0.2556867579266299
2274.0,0.21596875184229222
2282.0,0.16634589374539552
2290.0,0.20945182044086616
2298.0,0.22329699447460796
2305.0,0.21974961175485938
2313.0,0.2407338388947696
2317.0,0.17448409016695085
2326.0,0.18018206803942108
2331.0,0.23314125724770235
2338.0,0.20901681303128394
2346.0,0.14905882522914907
2352.0,0.16533082386813855
2356.0,0.24657847263457358
2364.0,0.22833578302785668
2372.0,0.21610922548180989
2380.0,0.2189835325563287
2385.0,0.1821388819115968
2390.0,0.21468341409455877
2399.0,0.20205248852531577
2407.0,0.2321906418941467
2415.0,0.17723107652745262
2423.0,0.23823908279491157
2434.0,0.19236234431386073
2446.0,0.21548860815221446
2454.0,0.23273376514836935
2462.0,0.19240046475968436
2466.0,0.20788288036159094
2474.0,0.20247652433076685
2478.0,0.16703676322504285
2487.0,0.16233115976128182
2497.0,0.24053030279476073
2508.0,0.19458861135461275
2517.0,0.18561590237533862
2524.0,0.14044454046758376
2533.0,0.21063510336806035
2542.0,0.17101583713835522
2548.0,0.2156025351062683
2557.0,0.25925865288280325
2566.0,0.19836451114568007
2573.0,0.2101509762626002
2581.0,0.23209852216227334
2591.0,0.2187527147587323
2600.0,0.21983169069709652
2611.0,0.18887461599460736
2616.0,0.23896309287926035
2622.0,0.23502052559188089
2631.0,0.19970637941453304
2638.0,0.1790920749934118
2643.0,0.2216087019216171
2649.0,0.14227558495940074
2658.0,0.12584522774045562
2669.0,0.22979159404533323
2676.0,0.20008020328023163
2685.0,0.2257761313492023
2693.0,0.18848328568487094
2701.0,0.20877248586528666
2709.0,0.18852439856990325
2716.0,0.20491150475813982
2727.0,0.21216831077559378
2736.0,0.17863206623127698
2745.0,0.21975437835147166
2753.0,0.19013024490816657
2762.0,0.15808463906939793
2770.0,0.2264018868190969
2778.0,0.2166368434949755
2784.0,0.18622036506322903
2791.0,0.25479073556595777
2800.0,0.23325507175316715
2808.0,0.21226263813117344
2817.0,0.255072938739568
2826.0,0.18389153034227523
2835.0,0.20869200578458727
