,6
1994.0,-0.015890293028044192
2003.0,-0.0017516711990408441
2010.0,0.0012007598059758163
2019.0,-0.0004935666759074258
2030.0,-0.0015513340198771062
2039.0,-0.0006484306404836886
2047.0,0.00031766838817615117
2054.0,0.00029985575474704955
2062.0,0.0009586825027374786
2069.0,-4.0467831172104854e-05
2073.0,-0.001038975673433376
2081.0,-0.002604740576608837
2085.0,0.00853259676399771
2089.0,0.00016801211995367044
2096.0,0.0032726950488676182
2100.0,0.0008186164298940913
2109.0,0.0025049243454437434
2116.0,0.0035189199709469566
2123.0,0.0003519751058232603
2134.0,0.0008672605539924802
2141.0,0.0009452751810385328
2150.0,0.0005842872076345003
2161.0,0.0006566851922515616
2171.0,-0.0011009695358254429
2179.0,0.005515878475702649
2186.0,0.0004360229393452235
2190.0,0.0004420027378916592
2199.0,0.0005238573939756908
2210.0,-0.00019224960331489454
2219.0,0.0010003711386723587
2228.0,0.003694392556987861
2237.0,0.00044183757215117116
2249.0,-0.0009349379734465994
2256.0,0.0010103386798107526
2261.0,-0.0021837853565177803
2268.0,-0.002341013783360633
2276.0,-0.0016199482029191404
2280.0,-0.0012630384876838156
2287.0,-0.0014921337799794156
2296.0,0.00021219460306480062
2303.0,0.00031897636102956264
2313.0,0.00046334734681248094
2320.0,-0.0004991202811212374
2328.0,-0.0007223712233482292
2335.0,-0.001270152299465047
2346.0,6.136490190528811e-05
2356.0,-0.000210325180701971
2363.0,0.00012553739122133742
2371.0,0.00018179558637898422
2382.0,-0.006286303068907379
2386.0,0.003976581048824969
2393.0,-0.001312430638301807
2401.0,-0.0007737264587722835
2410.0,-0.00010513475835460409
2421.0,0.000254371774345073
2429.0,-3.002148073331174e-05
2436.0,-0.000463151642974758
2450.0,0.00014184923942203788
2458.0,0.002060219235732435
2465.0,0.0002693924454515616
2470.0,0.00274486106705676
2474.0,-0.00035214314508960767
2483.0,-0.0007739186969910458
2492.0,0.00042216395932332773
2501.0,-0.00017650123991751519
2512.0,-0.011483043253522186
2516.0,0.00443598558192724
2520.0,-0.00036588516859670044
2528.0,0.0010220814743155532
2539.0,0.0004840149970363575
2547.0,0.0068104755415343814
2551.0,0.0011175301909579092
2563.0,0.0005044608245569966
2575.0,0.004377207571761167
2583.0,-0.0032685126259661204
2592.0,0.00032374833264853855
2597.0,-0.0010162615462126392
2606.0,8.536121867781044e-05
2612.0,-0.0004426230690237733
2617.0,-0.00015963646134067768
2625.0,-0.0009811495071634588
2633.0,0.0009319780866482411
2641.0,0.00029579092679762745
2652.0,-0.00016208872654224166
2660.0,-0.00034348096740988404
2667.0,-0.003545542664519048
2674.0,-0.0008724309606386632
2680.0,0.0007820487250808828
2691.0,-0.00011908100689610689
2698.0,0.0007689096659502503
2705.0,-0.0004805180940551113
2717.0,0.0008497559246428425
2726.0,0.001068430267810145
2734.0,0.005449011142044028
2741.0,0.004809775115586858
2748.0,0.0007017608449322137
2756.0,0.001081680506499423
2770.0,0.002369324673297552
2780.0,0.0013167672540038465
2791.0,-0.00044697816929643
2799.0,0.002219975311354619
2807.0,0.0045818329787186045
2814.0,0.004217881623906293
2825.0,0.0006142090647449093
2832.0,-0.004345231942057618
2838.0,0.003414839714508758
2847.0,0.008256748676826981
2855.0,0.0020503988534048734
2863.0,-0.00038320563907684723
2870.0,-0.0005163842675682669
2878.0,-1.7783507330257315e-05
2885.0,7.769447039067642e-05
2893.0,-0.00036852942367285996
2899.0,-0.0005020394975128278
2903.0,0.0012732703591689669
2911.0,0.002258394263784699
2920.0,-0.000309383928498433
2927.0,-0.0026606372787015046
2935.0,0.0012357401414660677
2943.0,-0.005517232076556545
2952.0,0.0049069398673006245
2960.0,0.0016696681304969718
2971.0,-4.790573672375328e-05
2980.0,-0.0007370314190833587
2987.0,-0.000920870560995042
2996.0,0.0007668291739155529
3001.0,0.005216736499032022
3010.0,0.004015427509945999
3016.0,0.0011193183001284538
3024.0,0.0007677601097153231
3031.0,0.002999971977696816
3042.0,-0.004764936743839052
3052.0,0.001752906375356139
3063.0,-0.00330975321793324
3069.0,-0.0064783923532680705
3075.0,-0.0018001229310480502
3083.0,-0.0005544366220911865
3091.0,-0.00034679174041168145
3100.0,1.294796497175309e-05
3112.0,-0.0005134289618103294
3124.0,0.001065678551684565
3132.0,-0.000442388429217453
3140.0,0.0005432443510660162
3146.0,-0.00025719320474665644
3151.0,-0.000101753666474586
3160.0,-1.681448401459185e-05
3166.0,-0.0012239330916700181
3174.0,-0.0002446053781718075
3186.0,-0.0029163249133035756
3194.0,-0.0003169935667436129
3205.0,0.000777725382422233
3214.0,0.0008489064871176092
3223.0,0.00037559218254024665
3230.0,0.00028401542965463575
3241.0,0.00205513532222244
3249.0,0.000650761500069914
3263.0,0.001228527885302909
3271.0,0.00044540926216501915
3276.0,-0.000118505440108681
3287.0,0.001599339309270966
3296.0,-0.0007590065539587493
3304.0,-0.0014688506063275574
3312.0,-0.006999924949140647
3316.0,-0.0035451854030290977
3324.0,0.0008824717175827634
3331.0,0.002599181260544624
3339.0,0.0006205986867391187
3347.0,0.002200495605858419
3356.0,0.001276966045197417
3367.0,0.00501728053296083
3374.0,-0.002388521066364713
3379.0,-0.006501458123097196
3387.0,-0.0020753952476896885
3394.0,-0.006632260946181118
3399.0,0.0010144343561749888
3407.0,-0.0011388174299144104
3412.0,-0.0040014474867592015
3419.0,-0.001883164918676945
3426.0,-0.0011212852579747332
3435.0,0.003718388118101539
3442.0,-0.012817174453878123
3449.0,-0.0013434213435910471
3457.0,-0.002087976252248027
3465.0,0.0026346424734100876
3472.0,0.007108863921505486
3477.0,0.0019597161090645
3485.0,0.0009166011995550437
3490.0,0.005944082925246223
3495.0,0.0043119166115130015
3504.0,0.001059682313267408
3516.0,0.0048915383587241
3525.0,0.004812032393808752
3535.0,0.0013753102369909944
3543.0,0.003966396199369322
3551.0,0.012057205822245889
3558.0,0.007766468666958494
