,3
2.0,0.006561403750466783
11.0,0.004975683817370727
18.0,0.003525944473244258
26.0,-0.005259023419569999
40.0,0.014796338695171501
49.0,0.013036374170630433
58.0,0.009768898237065254
66.0,-0.017375692136787486
70.0,0.008979286889464744
76.0,0.006169470105757566
82.0,0.0013301261712679675
93.0,0.008968406642523779
101.0,0.00271185171350743
110.0,0.006937673413896809
120.0,0.0006040574471752351
132.0,0.01920673631923562
144.0,-0.00497326666116764
149.0,0.00573580498328102
157.0,0.011992011600231835
168.0,0.020970243660946797
176.0,0.0027572646148002833
184.0,-0.02392511022640991
192.0,0.016601434420092025
203.0,0.017207128935339388
210.0,0.009540089497467279
219.0,0.019532851378559788
227.0,-0.01669032581146096
231.0,0.006520064537940929
236.0,0.014096991367170186
244.0,0.0019632807234097388
256.0,0.013190106149986603
264.0,0.018389481165472954
272.0,0.005182829719894609
277.0,0.010938048130141423
283.0,-0.01242649278572538
289.0,-0.012810345523971554
297.0,-0.018782756051356788
304.0,-0.02368843247321631
318.0,-0.014836267702970724
327.0,0.01864914238591874
331.0,0.001437274613600946
340.0,0.009554897964569873
349.0,-0.01061748515079875
360.0,-0.010011179971148672
369.0,0.02110224073523867
373.0,-0.002019410980302841
382.0,0.0027575763966163234
387.0,-0.002469980295607119
392.0,0.009373491460145265
400.0,0.012347334838893533
407.0,0.0015098154231592466
416.0,-0.005138178100359758
425.0,0.013079883661729158
433.0,0.014279421583389762
439.0,0.007082972877132031
445.0,0.006715790634167609
453.0,-0.003839086796314309
460.0,-0.005124750635150601
471.0,0.0028027357403254236
480.0,0.004936175573937891
489.0,-0.0024997230597446833
497.0,-0.013128998608397767
506.0,-0.0029676268835722554
516.0,0.002657275951774072
522.0,0.0018725700120360773
530.0,0.0008885077365808916
537.0,-0.020332475752427276
542.0,-0.011753563804006283
551.0,-0.010335364656049728
559.0,-0.00583656413168193
569.0,-0.0013370424285344027
578.0,-0.00705858541930335
585.0,0.01303354491115256
592.0,0.002816454590976952
599.0,0.012484332315365122
607.0,-0.009269105327708941
613.0,0.0075527044217835165
619.0,-0.009789740471072906
627.0,-0.0035001386211574487
635.0,-0.009292185227044966
641.0,-0.016683648792749247
649.0,-0.002720487309991009
656.0,-0.0030357275169592074
663.0,-0.005720098957253037
667.0,-0.002803040543956788
676.0,0.004904456404688053
684.0,-0.016358064248299702
693.0,-0.008036469466791572
698.0,-0.027158808933079717
706.0,0.0018366036156104522
715.0,0.02368637270975413
723.0,3.9809930753537954e-05
730.0,0.010079700107136514
738.0,-0.004992090815895675
746.0,-0.012442152689063376
750.0,0.009834523448293171
761.0,-2.7069932527244383e-05
771.0,-0.014007311602519919
780.0,0.0008826981054965751
788.0,-0.01324721112528516
799.0,-0.013422412963226825
807.0,-0.00572445177071531
815.0,-0.010747686720774639
824.0,-0.023788322337956313
832.0,-0.011555201804778054
840.0,0.00627353023471589
848.0,-0.02117776363192071
856.0,-0.02150194788509898
861.0,0.009768904423768687
875.0,0.004329002426885466
882.0,-0.011132626706980524
888.0,0.007461038009051715
895.0,-0.01420006161374337
903.0,-0.01310670253318106
911.0,-0.009460322254381218
919.0,-0.007570270204611789
930.0,-0.0069191778226857775
941.0,0.01587654174520155
949.0,-0.005922287257485923
954.0,0.0005619202083612303
962.0,0.0007384659177478579
972.0,0.01192709273222333
980.0,-0.014960990076163243
991.0,-0.10021123815435928
996.0,9.013319409256412e-06
1005.0,0.0032305782679443447
1012.0,0.006446420227950814
1020.0,-0.006120313551474967
1034.0,0.014633120565080012
1043.0,0.01083242158881058
1052.0,0.008857635627328903
1060.0,-0.020166210981887797
1064.0,0.005617323568902408
1070.0,0.0006422460638064004
1076.0,0.007645330530560056
1087.0,0.012357151916500234
1095.0,0.0026659694634878525
1104.0,0.008991349257809244
1114.0,0.0030674763357293536
1126.0,0.014620174062180262
1138.0,0.002289886478163722
1147.0,0.0018073490046190486
1155.0,0.0064209210124785004
1166.0,0.018919827259207433
1174.0,0.005986800580592016
1182.0,-0.020887473643718967
1190.0,0.0108356984578052
1201.0,0.017142685405958785
1208.0,0.013419772695385319
1217.0,0.01922053825928512
1225.0,-0.015327104968059528
1229.0,0.010256995173825476
1234.0,0.017163441024683434
1242.0,0.0023261477060898196
1254.0,0.0098354642648639
1262.0,0.025313650520681207
1270.0,0.001013835418520995
1275.0,0.010250092767329104
1281.0,-0.0073157053287802795
1287.0,-0.011388611761920952
1295.0,-0.01662093034003834
1302.0,-0.023549325918856827
1316.0,-0.02047349427565532
1325.0,0.019398055548406155
1329.0,0.0056440471855131605
1338.0,0.003468997680094776
1347.0,-0.011416094084758967
1358.0,-0.010603659279885486
1367.0,0.017804231361579298
1371.0,-0.0018754543758675434
1380.0,-0.00264202895502678
1385.0,0.004987241340115729
1390.0,0.009307766015398868
1398.0,0.009817627101020743
1405.0,-0.0006141258357754382
1414.0,0.0010890534923600876
1423.0,0.01657241794910931
1431.0,0.01436671747431398
1437.0,0.013881218366302739
1443.0,0.010703213441047426
1451.0,-0.0044413269026959325
1458.0,-0.008115867088125464
1469.0,0.009358593224368857
1478.0,0.0015086855240849866
1487.0,-0.0017601812485236548
1495.0,-0.0091931402486604
1504.0,-0.0034150522137881625
1514.0,0.003426675806393441
1520.0,0.00033203720273758635
1528.0,0.004157790740532503
1535.0,-0.013636373165919603
1540.0,-0.010587443270479663
1549.0,0.00016744678258849883
1557.0,-0.012682679220640295
1567.0,-0.0017840164048905335
1576.0,-0.005804710814491343
1583.0,0.009838443496087595
1590.0,0.005405478080124379
1597.0,0.011381919122305479
1605.0,-0.009004244675229091
1611.0,0.00903750805751279
1617.0,-0.007205231911530657
1625.0,-0.0018350380564598353
1633.0,-0.013549603304713038
1639.0,-0.014684810885257514
1647.0,-0.0018419546943274183
1654.0,-0.008460223272005372
1661.0,-0.0215515708389061
1665.0,-0.0022061823437097075
1674.0,0.0014349503133885052
1682.0,-0.016853974359096042
1691.0,-0.011666290427279163
1696.0,-0.026924570440118836
1704.0,0.004329104844711388
1713.0,0.02633140972194962
1721.0,0.0022358651705719564
1728.0,0.009360022028770442
1736.0,-0.00483992650983038
1744.0,-0.011693497509244144
1748.0,0.005332518287052082
1759.0,-0.018100852850980606
1769.0,-0.011891701469494002
1778.0,-0.011533144973927493
1786.0,-0.013010361023954945
1797.0,-0.016088635015686883
1805.0,-0.006250186026325186
1813.0,-0.011047314288586976
1822.0,-0.02216301284513465
1830.0,-0.006695506869185036
1838.0,-0.01485085231022027
1846.0,-0.029519857667453943
1854.0,-0.013551396525929727
1859.0,-0.004336222341537668
1873.0,0.009346294076758755
1880.0,-0.006044714752201689
1886.0,0.00835300714938383
1893.0,-0.01347008696852676
1901.0,-0.013001960207248241
1909.0,-0.012777311163231149
1917.0,-0.009210571145311293
1928.0,-0.005427704156278721
1939.0,0.01743399526740482
1947.0,-0.014306669750857447
1952.0,-0.006360570428038997
1960.0,0.0016590080165198211
1970.0,0.005743293995841572
1978.0,-0.005914213894028811
1989.0,-0.09702380695023742
