,5
1994.0,-0.035895847745539146
2003.0,-0.0007882087765842001
2010.0,0.0014037796620156146
2019.0,-0.0015089568586001245
2030.0,-0.0005704898105306689
2039.0,0.0008851144504975764
2047.0,0.002279893484883937
2054.0,0.00014275784175859106
2062.0,0.004986821129365734
2069.0,-0.001264483207343067
2073.0,-0.0005970397440451737
2081.0,-0.012624433095522929
2085.0,0.020285269296785223
2089.0,0.002815336480117523
2096.0,0.002064527302104159
2100.0,0.0020836301414116055
2109.0,-8.019875879658877e-05
2116.0,0.0008356577456320088
2123.0,0.000466105164698957
2134.0,-0.000932074853834047
2141.0,-0.0021742008975458114
2150.0,-0.0009781828997294391
2161.0,-0.0011905639028438688
2171.0,-0.0008124399317201667
2179.0,0.001973647319575574
2186.0,-0.00015463654011294793
2190.0,0.002100513861320592
2199.0,-0.0021013899999442758
2210.0,-0.004294633401234099
2219.0,0.0006853957081649723
2228.0,0.00471569829499477
2237.0,0.0021567038965530833
2249.0,-0.0008884451643524514
2256.0,-0.0023607921997870927
2261.0,-0.0019579582692326736
2268.0,-0.0010313773015159554
2276.0,-0.003678545581931281
2280.0,0.0005168587373094628
2287.0,-0.0011570201632011663
2296.0,0.0009158174382040812
2303.0,0.000940989257137701
2313.0,0.0016699600499560318
2320.0,0.0011292847159566875
2328.0,0.000845046926803402
2335.0,-0.0018897133909559617
2346.0,0.0047634216213358485
2356.0,-0.00010115135227094212
2363.0,-0.0015072474420130026
2371.0,-0.0027251028937371664
2382.0,-0.011919192904243451
2386.0,0.0014750162979178308
2393.0,0.0037198351358882628
2401.0,0.0005703876871691051
2410.0,0.0014129192509515507
2421.0,0.00024488955984340935
2429.0,-0.0010221378110236478
2436.0,0.00048492347495003157
2450.0,0.0007372395071927455
2458.0,0.001969377859727849
2465.0,7.642762570599265e-05
2470.0,0.004123142087378176
2474.0,-0.0011439422387690432
2483.0,0.0010673502630537954
2492.0,-0.00408582950091635
2501.0,-0.005549468411442718
2512.0,-0.021745422856905023
2516.0,-0.0009711929683580084
2520.0,0.0013986870484608603
2528.0,0.0038556586629845744
2539.0,-0.00015580028263542246
2547.0,-0.0007563413786569455
2551.0,-1.3396845641443379e-05
2563.0,0.0004773504525625315
2575.0,0.004031988852781216
2583.0,-0.002559246007228149
2592.0,0.00016441190124599997
2597.0,-0.0009651115888579868
2606.0,0.0020028177874688263
2612.0,0.0017857966570656153
2617.0,0.0030259509160008914
2625.0,0.0016579697138150971
2633.0,0.0015444418272966458
2641.0,0.0013510580013976314
2652.0,0.0003820204145811159
2660.0,0.0009065811323049617
2667.0,-0.0018602891079519733
2674.0,0.005864294285610738
2680.0,-0.0014766528365717825
2691.0,-0.0009306256872685968
2698.0,-0.00046677285153766727
2705.0,0.0016956454103870468
2717.0,0.0027132727000673093
2726.0,0.00020311487116235404
2734.0,0.003662039540196104
2741.0,0.001140404531360427
2748.0,-0.0009887950899859518
2756.0,0.001482541752864547
2770.0,0.0013788186755559289
2780.0,0.0011299596710992535
2791.0,0.0003078503466292466
2799.0,-0.0002738721499059433
2807.0,0.001799262802975009
2814.0,0.0010784388002360258
2825.0,-0.0011379569335709563
2832.0,0.004293646767849436
2838.0,0.0014331724764652632
2847.0,0.00546981496809591
2855.0,0.00020857481048271043
2863.0,-0.0013247935079602072
2870.0,0.00025443224781620047
2878.0,0.0030060399856165145
2885.0,0.0017699711107526646
2893.0,0.0011173617076974782
2899.0,-4.101169798458681e-05
2903.0,-0.0005967767814296165
2911.0,0.0018273335393400537
2920.0,0.002391605037545371
2927.0,-0.004796930662246412
2935.0,-0.004800478902933967
2943.0,-0.007365651929026445
2952.0,-0.00013350452781992874
2960.0,0.001888123764354799
2971.0,-0.005380761348544718
2980.0,0.004037989906168043
2987.0,-0.0019678167526195637
2996.0,-0.0018829442125961396
3001.0,-0.005174839976847017
3010.0,-0.0011306786625717587
3016.0,-0.001756511857739369
3024.0,-0.0027606069798672256
3031.0,-0.0006558133746585769
3042.0,-0.005687926152700118
3052.0,-0.0038728160993666137
3063.0,0.002426049078318701
3069.0,-0.023445805348066964
3075.0,-0.0011496271896436051
3083.0,0.003006121297905414
3091.0,0.0003305908362584876
3100.0,0.0010836606656294985
3112.0,-0.00020561843472869564
3124.0,0.0016622844109386358
3132.0,3.313171466390435e-05
3140.0,0.0012171578035992646
3146.0,0.002766099812404185
3151.0,-0.002111221280598371
3160.0,-0.0006020396952116172
3166.0,0.0006397012616414182
3174.0,-0.0019634978885335603
3186.0,3.332805853310358e-05
3194.0,0.005772049089040628
3205.0,0.0004947163178156055
3214.0,-0.0006030472371949053
3223.0,0.0015301457850777312
3230.0,4.5311755772587044e-05
3241.0,-0.0011501702828774108
3249.0,-0.0012727418757003612
3263.0,0.001396800423588992
3271.0,0.00024491639750855745
3276.0,-0.0010042310325613672
3287.0,0.0023530086238220853
3296.0,-0.0011688984110772974
3304.0,-0.002651592805493719
3312.0,-0.01019687965027642
3316.0,-0.0009101872845125461
3324.0,-0.0026499559929239152
3331.0,0.0005515123079027622
3339.0,0.0010033865527179302
3347.0,0.002338788648555004
3356.0,0.002474988478646859
3367.0,0.003646673729639081
3374.0,0.0079174157704759
3379.0,-0.0038832487825939998
3387.0,-0.00714590109628297
3394.0,0.004754913693297876
3399.0,0.0027651509165891076
3407.0,-0.0018011773408240551
3412.0,-0.007252388544520594
3419.0,-0.0006673064522463992
3426.0,-0.004283812222199239
3435.0,0.006235018655061035
3442.0,-0.003962361960080791
3449.0,-0.004422362216297205
3457.0,-0.009493736945654342
3465.0,-0.0028486129708567426
3472.0,0.0059520239425828745
3477.0,0.0016729442116629437
3485.0,-0.00034699001660978357
3490.0,0.0011428992718188504
3495.0,0.002388562601851189
3504.0,-4.810969770985863e-05
3516.0,0.0015525996923238354
3525.0,0.003375854164684593
3535.0,-0.0010466211149335613
3543.0,0.0001586876835173797
3551.0,0.010387541015676918
3558.0,0.008408510329463081
