,4
1994.0,-0.00847500517205797
2003.0,-0.00043762507690945556
2010.0,0.0021130613906792765
2019.0,0.002442532162870044
2030.0,0.0030559102458040514
2039.0,0.0006512802631671234
2047.0,0.01099239021760342
2054.0,0.00024302731741381145
2062.0,0.013321123149280049
2069.0,-0.001803532935087385
2073.0,0.021187696269849097
2081.0,-0.0004215658849668231
2085.0,-0.004328723207043418
2089.0,0.010260343676243941
2096.0,0.011692790158764156
2100.0,0.013254236334361751
2109.0,0.003154646507563358
2116.0,0.002240502550864878
2123.0,0.0029118037600616127
2134.0,0.006889882997824549
2141.0,0.009194070126225825
2150.0,0.011923466469370652
2161.0,-0.005054772176713501
2171.0,0.013930294409391674
2179.0,0.014459813755044166
2186.0,0.0014773041311010593
2190.0,0.0028971297966572593
2199.0,0.00710190655641963
2210.0,0.013041655969185635
2219.0,0.0009912615324471417
2228.0,-0.00512029695525729
2237.0,0.004693376075722525
2249.0,-0.003241662571140263
2256.0,0.004137257844846095
2261.0,0.011467293874619545
2268.0,0.005114742890302333
2276.0,-0.007583335071467398
2280.0,0.0006168074220037374
2287.0,0.003410156276289371
2296.0,0.010170186877382005
2303.0,0.008116830994340463
2313.0,0.004448331379013553
2320.0,0.0037076197971215325
2328.0,0.011881797889807894
2335.0,-0.007089840906961778
2346.0,0.005831867992788304
2356.0,0.0029704414955660425
2363.0,0.007529441168367583
2371.0,-0.010995542466224315
2382.0,-0.003436856887126486
2386.0,0.0008189061893426271
2393.0,0.007376148472107068
2401.0,0.003999752186394255
2410.0,0.004270481420819172
2421.0,0.009051513815781627
2429.0,0.007818991663754314
2436.0,0.010187084497400238
2450.0,0.0037324979757434604
2458.0,0.008737725170859807
2465.0,-0.00029434518792171254
2470.0,0.0022279413860669213
2474.0,0.0020876052618453832
2483.0,-0.0002223259921684857
2492.0,0.014097886572486448
2501.0,0.0017964550566153662
2512.0,0.0033402736747710883
2516.0,0.0031309618940882737
2520.0,0.015510887823772477
2528.0,0.012918973604800037
2539.0,0.019326368499712622
2547.0,-0.00847713519752939
2551.0,-0.001560335537172758
2563.0,0.0032743338124227514
2575.0,0.002881524234454207
2583.0,-0.0011224557554964612
2592.0,0.005324790385522426
2597.0,0.002073412140399088
2606.0,0.000789808981331773
2612.0,0.004913250271504171
2617.0,0.0017353543354050292
2625.0,0.004677722910818634
2633.0,0.003146512215908927
2641.0,0.005889913494104334
2652.0,0.0008600681455984015
2660.0,0.011224375459049822
2667.0,0.006225630352330973
2674.0,-0.0012723881670125337
2680.0,0.01209222635845056
2691.0,0.004167973715047875
2698.0,-0.000971569200272955
2705.0,0.0011636791676686486
2717.0,0.009410291966620148
2726.0,0.013232436022085186
2734.0,0.005497007168696396
2741.0,0.00885450349940138
2748.0,0.004433443851924791
2756.0,3.940130626537672e-05
2770.0,0.005181922421948476
2780.0,0.005478448322267094
2791.0,0.003433068869245569
2799.0,0.004761312433797617
2807.0,-0.0004462816416588402
2814.0,0.013193290719808596
2825.0,-0.0026074302195781014
2832.0,-0.0025690893637529306
2838.0,-0.0029291712325533836
2847.0,0.011238792038376823
2855.0,0.00932332898255805
2863.0,0.0021769508270771142
2870.0,0.0029053279495204858
2878.0,0.0049610675108029256
2885.0,0.005720735083443992
2893.0,0.007159393117998136
2899.0,-0.0030308212077897073
2903.0,0.001618980575917786
2911.0,-0.0024412062121480344
2920.0,0.017269523336476744
2927.0,0.0036808437548688385
2935.0,0.003041497726789461
2943.0,0.003023690221065179
2952.0,-0.01026462842595209
2960.0,0.010454901557538508
2971.0,-0.0025672878475181157
2980.0,0.0031762528847793696
2987.0,0.004881213248215842
2996.0,0.013478409049805382
3001.0,0.010434530734461258
3010.0,0.003860983678207375
3016.0,-0.00200748671536655
3024.0,0.005411436906468166
3031.0,-0.0002306183094566254
3042.0,-0.0019198791912774986
3052.0,0.005260216422225398
3063.0,0.01106528590915388
3069.0,0.0006695989592775993
3075.0,-0.009384579200458803
3083.0,-0.0077973891142777444
3091.0,-0.0021510500523424145
3100.0,0.00341712732752087
3112.0,-0.0018181027324919601
3124.0,0.008977851021508856
3132.0,0.0053780296869483935
3140.0,-0.011677011727364902
3146.0,0.01713625017851441
3151.0,0.008405863698149095
3160.0,-0.0028152856953154457
3166.0,0.0058100705560566014
3174.0,0.003076458202073453
3186.0,-0.005693469229116646
3194.0,0.008538784383988883
3205.0,0.005016785121308046
3214.0,0.00627023800837768
3223.0,0.006098583109233544
3230.0,0.004554297338960825
3241.0,0.0035862357407183782
3249.0,-0.0011280265430404365
3263.0,0.010331648116202567
3271.0,0.007744950597165581
3276.0,0.004272494542166931
3287.0,0.00677926869139348
3296.0,0.006522159442479767
3304.0,0.004278434690022341
3312.0,0.002133545918573274
3316.0,-0.01516786472326544
3324.0,0.005676912826315821
3331.0,0.0031222618536242103
3339.0,0.005920038197125312
3347.0,-0.008338359627813981
3356.0,0.009986876973343075
3367.0,0.007014822502427252
3374.0,0.0038572090573733885
3379.0,0.0107001250033243
3387.0,0.004114965143558032
3394.0,0.010794420247920832
3399.0,0.0059509249945778045
3407.0,0.012375785535239965
3412.0,-0.005690676381962078
3419.0,0.001679741624224325
3426.0,0.0012666036044090589
3435.0,-0.004260759751104965
3442.0,0.0024236084047540274
3449.0,0.0019054713152148576
3457.0,0.006988049188672952
3465.0,-0.0018337534064475447
3472.0,0.0043368622314728595
3477.0,0.0030140308510150753
3485.0,0.015256186674706134
3490.0,0.004738670136299225
3495.0,0.0036388180959827997
3504.0,0.002243665275523348
3516.0,0.007405559956400037
3525.0,0.0069441926576737645
3535.0,0.011170809762136493
3543.0,-0.005831528866199128
3551.0,0.005577690369342298
3558.0,0.007260210884054584
