,8
0,0.0022673625719654158
1,-0.0006373786901326695
2,0.0003700864861963187
3,0.0006402077933469445
4,-0.0027278342290593498
5,-0.0033413920083564643
6,-0.0013090476650532519
7,0.00043240282612129916
8,0.0007768170134978473
9,-0.00031154538961076226
10,-0.001754422882217127
11,-0.002707821730744907
12,-0.0038538177089902973
13,-0.0007294918842792968
14,-0.001359184952892712
15,-0.00029039577711029716
16,0.00011670344729603349
17,0.0005327561051752212
18,0.0013848080957396375
19,-0.00013540857553838792
20,-0.002147291647780167
21,-0.0025943281516581313
22,0.0013124027216170797
23,-0.00019843195380733498
24,0.0003437240941482763
25,0.0006978301492030914
26,-0.0002492705173897663
27,0.00024439492564972293
28,-0.0004059316270091092
29,0.0003019536881740848
30,0.0002850143151235557
31,0.0006473232718709945
32,-0.0005432276860706837
33,-0.0018986163851632085
34,8.544172176566132e-06
35,-0.0007239036763534111
36,0.0015752174205261801
37,0.001460084218806777
38,0.0012874478271399997
39,-0.0005219515314071236
40,0.00020615343893243057
41,0.0003605413343217427
42,0.0005663031684587464
43,-0.0005774627206901821
44,-0.000763206755098731
45,-0.002010981174042921
46,-0.0015686384879438327
47,-0.0004792128296480435
48,-5.456773863444501e-05
49,0.0007359418861892907
50,0.0003560784319148235
51,-8.24707654958646e-05
52,4.0610234927264205e-05
53,-0.001591647449696599
54,-0.002268489907506201
55,-0.001913821929969025
56,-0.0038782747213323477
57,0.00016430579673051498
58,0.0005478225804697223
59,-0.001035411147484193
60,-0.0010790053384661426
61,-0.00048285776709372323
62,0.001137633054873651
63,-0.00035189428931815125
64,0.0004120688157410254
65,-0.00012199695527683314
66,-0.0002134110977339204
67,8.35613843297855e-05
68,-0.00011294326466422958
69,0.0004934112436728091
70,-0.0011017139815837009
71,0.0016741840400698324
72,0.005633471553096598
73,0.003518528297123265
74,0.010734715247059825
75,-0.0006836355421019655
76,0.0028562151793970086
77,-0.000760964970061697
78,0.0001346557388539956
79,0.0017944803010198373
80,-0.0003510585598776101
81,0.0010158604531453918
82,0.0008555796876109591
83,0.0015192304860386125
84,0.00156330378951085
85,-0.0010471187562203028
86,-1.5851659485571094e-05
87,0.00011633126690680237
88,-0.0007443769130346872
89,0.0013265372589972451
90,0.0010879970920682248
91,0.0003682591101951634
92,0.0006209811190118709
93,0.000817711948694629
94,-0.0005110629867761325
95,-0.0007769521981837981
96,0.000343263894882988
97,-0.00033556464789070685
98,-0.0001111428952319744
99,9.676488258748241e-05
100,-7.49797805463688e-05
101,0.00033786708584699476
102,0.00025364772114711763
103,0.00048431251960403046
104,0.0003344101816853239
105,0.0005768888913102728
106,0.002110698722624399
107,0.0030867502256048483
108,2.461125797267937e-05
109,0.0003154877910383573
110,0.0009321508022397117
111,-0.0019719190515748233
112,-0.0041434275328827395
113,-0.0016907148431880026
114,-0.0009333950164783866
115,0.00024330275351584486
116,0.0006015971468522546
117,-0.0005772512855117136
118,9.43804177822609e-05
119,0.001540540552837455
120,0.0017836210783635465
121,0.0008078625687313165
122,-0.0005994859090250274
123,-0.002405526541926557
124,-0.001814109773998373
125,0.0010148778689371744
126,0.0019569394546508855
127,0.0028839564388806883
128,0.006706315545934748
129,0.002290246683488315
130,0.0014879922053810187
131,0.003098922646652943
132,-0.0003297386006836491
133,-0.001086176617374376
134,0.00015718336554024052
135,-0.00024134438665094065
136,-0.0005853122076925414
137,-7.000368232644593e-05
138,-4.649176755176778e-05
139,0.0002800325201922333
140,0.0009653628358535212
141,-0.0006777139204807798
142,0.001021619576907648
143,0.0016151901061781115
144,0.004407166683929637
145,0.0025618006162077735
146,0.0032775758583192404
147,0.0017176735032334116
148,0.0018097810440704759
149,0.0002871506196356665
150,0.0003309155165789604
151,0.00026405820140604604
152,-0.0003823066516487551
153,-0.0005108740084075728
154,-0.0012269239680405605
155,0.0013628090040717466
156,0.0010614832467953938
157,0.0007138777945476344
158,0.0010149736059436067
159,0.0010632100498184495
160,-0.0001599493961465961
161,0.0027377790025920534
162,0.00027109094679332796
163,0.0002668149281671764
164,-0.0014137229416595924
165,-0.001097310991895243
166,-0.0004604467074639356
167,-0.0006717453745490316
168,0.0009701558510679159
169,0.005672329261081302
170,0.0006875554839141308
171,-0.0003470085420599182
172,0.0006491602425942008
173,0.00024924873524359326
174,-0.001014825432844738
175,8.023494110378417e-05
176,-1.0284262689800361e-05
177,0.00030441156535179515
178,0.0006265677354721096
179,0.0015832530536437916
180,0.0012171710706086125
181,0.003908628529289721
182,-0.0021200964286736297
183,-0.001481000130902602
184,-0.0006679546821966016
185,-0.00017842041636818257
186,0.0003930125414119615
187,0.0012953322856261809
188,0.0005446724415107527
189,0.00045246891435971975
190,0.0011603935019765532
191,-4.399100852174961e-05
192,2.9723553809327322e-05
193,0.00022360057103796378
194,-0.00048038148401919505
195,6.999164631588537e-05
196,-0.00014023203056070475
197,0.0007164309378213092
198,0.0009889730325879137
199,0.0037209690958752654
200,0.0002101434444497545
201,-0.002822590843081348
202,-0.0003525359962530874
203,0.00018977051472592274
204,-0.00018414409412234473
205,1.048505518863905e-05
206,0.0001673457412405773
207,0.0002373572873340559
208,3.0130815207185676e-05
209,-9.398269788293201e-05
210,-0.001007137008080946
211,0.0014146561079149
212,-9.01757740014374e-06
213,0.004184714796487345
214,0.0003717000362388551
215,0.0015462385768649156
216,0.001054101555127477
217,0.0004493021380148053
218,-0.00208911562121299
219,-0.0028382395751073196
220,-0.0006853230098003611
221,4.953284250826569e-05
222,0.00022519625090737896
223,9.064376575990426e-05
224,0.00027207663091909074
225,0.0001826804392847203
226,0.00014939796829813217
227,-0.0007588904375972597
228,0.0004803348198247223
229,0.0007383121829081631
230,-0.0003996890133837303
231,0.002984369803854391
232,0.00020352825049858107
233,5.5179324198944927e-05
234,0.0030132525230329795
235,0.0038635921310457948
236,0.0018375648541291518
237,6.122582210367237e-05
238,0.003873199001238253
239,0.006194124378361011
240,0.000318648505535051
