,4
1770.0,-0.002857311545094669
1779.0,0.001433831766536594
1785.0,0.0057844497282218705
1796.0,-0.000984536463094308
1803.0,0.005412635135267509
1812.0,0.012415508579942735
1819.0,0.006760804690414721
1826.0,-0.003401091183653405
1830.0,0.0085417979683916
1839.0,0.00297112757534017
1846.0,0.011223017808969091
1853.0,0.004997178731239639
1861.0,0.00670436049871263
1870.0,0.0007414553401511053
1875.0,0.002100123037841668
1886.0,0.007483013468574524
1895.0,0.005774671464807174
1907.0,0.003672542938620811
1918.0,0.006559074187001459
1925.0,0.006826643232915106
1933.0,-0.0004676341612181937
1943.0,-0.003104228489697859
1955.0,0.007430705914533114
1962.0,-0.0033391773560831834
1971.0,0.0009734348670285178
1983.0,0.0005861844185600818
1991.0,0.003829201799811554
1998.0,-0.002422236056679555
2010.0,0.005134019129573066
2021.0,-0.0002944440837461814
2029.0,-0.005414951958044799
2036.0,0.004508311095966433
2045.0,0.0024575710161801267
2049.0,0.014539240311575777
2055.0,0.001566628439421405
2062.0,0.009192766186559276
2069.0,0.014400643031840524
2076.0,0.006059386184496214
2084.0,0.006826987770752458
2092.0,-0.0028131169359236997
2100.0,-0.0005344435069617276
2111.0,0.00855153948843696
2123.0,0.004032386114169337
2131.0,0.006518402334107749
2142.0,0.0028582194075428193
2149.0,0.009229618942478661
2160.0,0.005113894072543114
2167.0,0.004090268386692508
2178.0,0.006584579030974572
2190.0,0.0055928402633624984
2198.0,0.003883940465716785
2205.0,-0.0028107325918145833
2209.0,-0.00614658469016106
2216.0,0.0010132025499247923
2224.0,0.004800613411692049
2231.0,0.0027645561469058807
2238.0,0.010377405878640198
2246.0,-0.0031240002417491004
2256.0,0.004211987720573379
2263.0,0.00023576076710175674
2270.0,-0.0009585966441100472
2280.0,0.005281493181806478
2287.0,0.011577500452953903
