,3
1770.0,0.006776645850443103
1779.0,-0.0009846878743078478
1785.0,-0.01034548029437682
1796.0,0.0036590193872950037
1803.0,0.01301145142545753
1812.0,0.017312592465823794
1819.0,0.01497163566639744
1826.0,0.01675234534710678
1830.0,0.009732268674800232
1839.0,0.01349830553165147
1846.0,0.011469939220396746
1853.0,0.01932738617656143
1861.0,0.012613390677527338
1870.0,0.0015668638890743766
1875.0,0.0008914232127341091
1886.0,0.016479220426311423
1895.0,0.004012875429012866
1907.0,0.017538317765437267
1918.0,0.011932548932181087
1925.0,0.00944201663274458
1933.0,-0.004666677740458284
1943.0,-0.007706680285887771
1955.0,0.0005874965211939314
1962.0,0.004268540080401521
1971.0,0.01093970269594615
1983.0,-0.0027223582942010084
1991.0,-0.003070989320394725
1998.0,-0.016996665662987784
2010.0,-0.0074793471849391654
2021.0,-0.0017077646880213112
2029.0,-0.0012798584949109402
2036.0,-0.0005890222974628374
2045.0,0.02033078788456996
2049.0,0.018430550194204934
2055.0,-0.00172688492321372
2062.0,0.0022709693797783874
2069.0,0.011869413237434946
2076.0,0.0071873858477905644
2084.0,0.015457954419320595
2092.0,-0.016263476494197408
2100.0,-0.01902099010461552
2111.0,0.019663633466416055
2123.0,0.005468339391402825
2131.0,0.0014618806195304673
2142.0,-0.0146047459371231
2149.0,-0.005926093482664167
2160.0,-0.008895264306635326
2167.0,-0.003258591462614284
2178.0,0.00671114330699017
2190.0,-0.0036210427829270627
2198.0,0.0005439003475609739
2205.0,-0.02136502359318668
2209.0,0.002755093791263815
2216.0,-0.01601882472472854
2224.0,0.0012340020477528912
2231.0,0.0012660199683983094
2238.0,0.010844009426801872
2246.0,-0.014691355916451035
2256.0,0.004383983228238042
2263.0,-0.0007636146721884526
2270.0,-0.01991263597559003
2280.0,0.012195455977415762
2287.0,0.01637680624878383
