,8
0,0.011238653070767296
1,0.005110020572259127
2,-0.0004775696287936237
3,-0.0017232603448340304
4,-0.00078620952585513
5,-4.041518977328946e-05
6,0.0011674878758006545
7,-0.0005193590060341578
8,0.0008535041721971015
9,0.0004716488456465201
10,-2.6753356299169933e-05
11,-0.0010202305678670986
12,0.0010160938735451533
13,6.8449525780295e-05
14,0.0004644181536210859
15,-3.9042544470019224e-05
16,0.0007422658625852304
17,0.0005988675078599845
18,0.00030563814428927807
19,-7.665909274672486e-05
20,0.001059693440820243
21,0.00023251690705647018
22,-0.0007391271155448261
23,-0.0013022789031555656
24,-0.0010193769574054939
25,-0.00013111159899802078
26,-0.0007027676388769451
27,-0.005717527769960137
28,-0.000712834962392028
29,0.0009407033612181631
30,0.00027677760983361614
31,0.000329163517241176
32,0.00022213460934109513
33,0.00037776028288238553
34,0.00029148121045421147
35,0.0015286063642839724
36,0.0014228565315450455
37,0.000720949519523885
38,0.006860317832744664
39,0.007360698857644501
40,0.0023486313637328627
41,0.0002222392421074
42,0.002284720398122235
43,0.0016468333781347552
44,-0.0009492505783302803
45,-0.00011733045407070418
46,0.00028101327493345425
47,0.0016507554825741161
48,0.0009224503894663868
49,0.0008627940786372158
50,-0.001364404763468502
51,-0.0001975437815841102
52,-0.0005179082450962694
53,-4.72124520277821e-05
54,0.0016001601503640868
55,0.0006040883324633664
56,0.0013167763349424197
57,0.003299688547113909
58,0.0013520481972278736
59,0.0004961048059975839
60,-0.0007035922974561569
61,-0.00020265048892699564
62,-0.0009826024871469978
63,-1.4693465366975778e-05
64,-2.6358728159259774e-05
65,0.00036867571375239107
66,0.001243655673266333
67,0.00013370525971629992
68,0.0002538715668633101
69,0.00021930115724800296
70,0.00010121502931989849
71,0.00030578896285687115
72,0.00033070242626609105
73,0.0002906000268286322
74,0.0005469511344977574
75,0.003076232597448492
76,-0.0024877234450980117
77,-0.0003235658891035861
78,-0.004852814538223372
79,-0.004993192883489422
80,0.001170007722275171
81,0.0007684031487534349
82,8.459366871181344e-05
83,0.0005652290523147308
84,0.00048291034330464336
85,0.001184680437050799
86,-0.000966988227496714
87,0.0001135448541900013
88,0.0012441027478026227
89,0.0005627601850177129
90,0.0002489906796569787
91,-7.04362214723245e-05
92,-2.0035635296102238e-07
93,-0.00028192169033631836
94,0.00024464484484218853
95,0.00015890766605818017
96,0.0003691987761726301
97,0.0024344687065924304
98,0.0010859635137540288
99,-0.0002581137076648923
100,0.0012192861367046524
101,-0.0006752069760012138
102,-0.0007221437171954988
103,0.00011336901909813317
104,0.0009613604304445255
105,0.000544715152011663
106,0.0014454543903815505
107,0.0005925737327625637
108,-0.008930046067484876
109,-0.0013610033118623707
110,0.001151280607649118
111,0.0004783785338291278
112,0.0006517062163096425
113,5.566985440539559e-05
114,-0.00037652633266346694
115,0.0002525893004083339
116,0.0009997516508381333
117,-9.51181532494148e-05
118,0.0003274145931159486
119,0.0032353823665033587
120,0.0005322059144105057
121,0.0002603869510161195
122,0.00040247925632125244
123,-0.0004929518569386075
124,0.0005171955429235382
125,-0.0009317836055188917
126,0.0027803503808526042
127,-0.00031598892660075875
128,0.000874449335175658
129,0.0005982026505209449
130,0.0010611619002372618
131,0.0006253860846796405
132,0.0008490227637537122
133,-0.0011583716923101086
134,-3.326091677352542e-05
135,6.499312503581825e-05
136,-0.001151038720860746
137,0.0008282107333499965
138,0.0026534534149544454
139,0.0001985432435209669
140,0.0005299004848942812
141,-5.704613190784447e-05
142,0.0006578419337661954
143,0.0005717286895868288
144,0.0009120644161790359
145,0.0002510191522566688
146,0.0009639761789987844
147,0.001319047068853728
148,-0.0010304450785802645
149,0.006418321808987168
150,0.0025543340330242944
151,0.000320311422316358
152,0.007808724111385346
153,0.004384535817772765
154,0.0008443955219193175
155,0.0012516638517325763
156,-0.0005459740085473909
157,1.7756549162074604e-05
158,-0.0004275619048298507
159,-0.0005448804244924029
160,-0.00018420268007302522
161,0.00043756802360277186
162,-0.0016297010067710214
163,0.000933979834930713
164,0.001372634123208109
165,0.0004462575557693385
166,0.002580515040475125
167,-0.0009869835503294934
168,-0.0019558139098501044
169,-0.0020801613201895768
170,-0.000908781851379459
171,0.0008759098453658144
172,-0.0007984219449710512
173,-0.0002271164602304407
174,0.0007275828991818619
175,0.00040905836811151464
176,6.812908784887672e-05
177,-0.0002115011092596805
178,0.0002010792029432973
179,0.0003794169949663305
180,0.00017571692657510472
181,-4.8532077288459983e-05
182,-0.0010735339039572899
183,0.0009846863704868426
184,-0.0008368273818081984
185,-0.0008620925109133776
186,-0.0029382901899680175
187,-0.0021728393365803415
188,0.0004858301118462022
189,-0.0009348806479776365
190,-0.0005165496160426049
191,-0.0006913200580170801
192,8.732943937126827e-05
193,0.0009730038883434367
194,-0.0013073317947151241
195,-0.0006869508100890026
196,-0.0004470020510828048
197,-0.00039726626563560386
198,-0.00037653054466113057
199,-0.0023457604413203645
