,5
2.0,-0.0016364899844581108
10.0,-0.0006585870444184742
18.0,-0.003814966940478193
27.0,0.0015005167182394336
35.0,0.00964245895807949
42.0,0.0012943255333570899
51.0,0.007763329612668872
57.0,-0.008439449040681392
64.0,-0.004439692918740017
70.0,0.009766055762601485
76.0,-0.0016044756075608154
84.0,0.0017677973021999434
96.0,0.0029228369918104413
101.0,0.0005565833206251763
107.0,0.0007295526615920672
115.0,0.0024400153978334613
119.0,0.003964269058161119
128.0,-0.002536269377421879
139.0,0.0032996901498808344
146.0,0.0006317543303302291
153.0,0.0025868235369999686
161.0,0.001730419179904776
168.0,-0.0010655424422053533
174.0,0.0012555651449893074
183.0,0.0012989251073434575
188.0,0.0011506935873436305
194.0,0.0002450340310914661
203.0,0.00037443060874318854
211.0,-0.002009709077321026
219.0,-0.0015873620700587463
230.0,0.0016334911661832925
239.0,0.0007801693112669444
251.0,0.0013433234671533603
259.0,0.0014533792981878688
267.0,-0.0015305531530663997
281.0,0.0006056301082731717
293.0,-0.0006203497487130342
302.0,-0.0003952123010054334
311.0,0.0004830934564898669
320.0,-0.006122395206742397
327.0,-0.003559849270419733
341.0,0.004332624634287761
350.0,0.00023071654155390782
356.0,-0.002432007464199642
363.0,0.003787861914494916
372.0,-0.0009338808416256575
379.0,0.0023696315829384138
387.0,0.004255823657365072
395.0,0.003150708088594981
407.0,-0.0017800332017642443
419.0,9.341125482740298e-05
424.0,-0.005077169568409798
431.0,-0.00022228404899360163
437.0,-2.9387994926513353e-05
445.0,-0.000557201392548787
450.0,0.006632769473171767
458.0,0.025752325006835594
462.0,0.003355265508143814
469.0,-0.002132936367622553
476.0,-0.004238823553739864
482.0,-0.00019434033652979403
493.0,0.00027153970285306563
504.0,-0.00033503159108175425
510.0,0.001346272410751985
514.0,0.0030490297059990183
520.0,0.003648024500189629
524.0,-0.0007193611624442801
530.0,0.002680869654005439
534.0,0.0007811301551222937
543.0,0.001567040417195121
551.0,0.0013184538378569718
563.0,0.00043115698332437264
569.0,-0.00019337778689673723
577.0,0.0006986769586976853
584.0,0.0014396946147190819
592.0,0.001329217691288137
598.0,0.003202455720612164
604.0,-0.001778015592790121
612.0,0.0010396208137661745
621.0,-0.004712243746041018
627.0,0.0005158080407841235
635.0,0.0012307384996371813
643.0,0.001332531570563929
650.0,-0.0007244702120878489
655.0,-0.0010748137910702301
662.0,0.0008261961658247682
674.0,-0.0018145864558449499
686.0,-0.0009879954537609624
692.0,-0.0016508730762809882
700.0,0.0014005595129662199
709.0,-0.0012168777915408599
719.0,0.00032124823952454993
723.0,-0.004297323022973896
732.0,0.0036043809127122295
738.0,-0.0005995149590388904
745.0,0.0005983425774624622
757.0,0.002149548470793517
764.0,-0.0008377690137003133
775.0,-0.0028159115890176297
779.0,-0.02072405420171213
783.0,0.0003281038878565516
787.0,-0.001974331378748531
794.0,0.0013202877348970842
803.0,0.0027380758151589455
811.0,0.002636938069607764
820.0,0.0007249966930292106
828.0,-0.0006308249291391019
836.0,0.0062511082037141445
847.0,0.0027451300119441394
852.0,0.0012587211095778843
860.0,-0.0060225394080013085
865.0,-0.0027149725886698745
870.0,0.0004366806100717779
877.0,-0.0003292262155124982
884.0,0.00109938774039005
891.0,0.0075588260211959055
897.0,-0.001118526630630305
905.0,-0.0022964864304429486
916.0,0.002637337452392995
923.0,0.0003554269546961274
930.0,0.0009233916807590974
936.0,-0.0019260312160985919
942.0,0.0016815139808291954
951.0,0.00039764083174885343
960.0,-0.000459556404597567
968.0,-2.905542407951945e-05
975.0,-0.007610505612478737
981.0,-0.009359637872920662
985.0,0.0032530898208519713
989.0,0.002946310045594174
994.0,-0.0005775203750790858
1000.0,0.00012326667514554824
1007.0,-4.105225424252487e-05
1014.0,0.0002453480984341687
1020.0,-0.0012672377029981328
1031.0,-0.00020117219943624663
1039.0,-0.0008477961136034742
1047.0,-4.3575112204025045e-05
1055.0,-0.0017755192039974638
1066.0,0.0016207058354515643
1078.0,-0.006517712486254228
1085.0,-0.0006611455015198611
1094.0,0.009878662934102334
1102.0,0.006659424415740074
1110.0,0.001237430667770613
1118.0,0.005076655005047438
1125.0,0.0033196701932287067
1134.0,-0.0018367759842082994
1148.0,0.0011071724519343233
1157.0,0.0005182998826001444
1165.0,-0.0010559179604409596
1173.0,-0.0052971343279156185
1177.0,-0.005092467006655192
1183.0,0.0033938892307668516
1192.0,0.0002733560843925308
1203.0,0.0050082349345907
1212.0,-0.007192897961659213
1220.0,-0.0037064035307180785
1224.0,0.00037807302013370924
1231.0,0.006513894677332052
1239.0,0.004248008715243375
1247.0,-0.0034175323895335994
1253.0,-0.0008288066437889391
1267.0,0.0009531722177134574
1274.0,0.0013973443703618321
1282.0,0.0008558187850577851
1291.0,-0.00010171287917822931
1299.0,0.001087641280767249
1305.0,-0.0008264293933003923
1314.0,0.0016387169574959752
1322.0,0.0025577740134691477
1328.0,0.0009504318424285892
1335.0,-0.0025798214335110608
1347.0,-0.0004901554375709583
1353.0,0.0006060006816844634
1361.0,-0.0019831187024768526
1367.0,-0.0008007350312445133
1373.0,0.0022159836870422047
1380.0,-0.0002553114757223898
1388.0,0.0031415033074829388
1395.0,0.002791133769380212
1403.0,0.002928149621599694
1410.0,0.0012517410476050959
1419.0,-0.0008439553556019944
1427.0,0.000604228946338665
1436.0,0.0009364797296262737
1448.0,8.300887650262772e-05
1457.0,0.0004727635242153148
1468.0,-0.001200947879096644
1478.0,-0.0011524840869655004
1486.0,3.385466738189015e-05
1492.0,0.0027317891555432325
1504.0,-0.001609557568992726
1511.0,-0.0028968387395189124
1517.0,0.0005621164981631845
1526.0,0.00021906282218177843
1531.0,0.00796131665903269
1538.0,0.0035983115191411856
1548.0,0.0002442830452066017
1557.0,0.00036360832972753723
1564.0,0.010170177071097864
1570.0,-0.005577688924341814
1577.0,-0.00396131842698198
1583.0,-0.000909392645250603
1590.0,0.0017259135786423096
1598.0,0.002419663947172239
1605.0,0.007892834069624755
1614.0,-0.0010010313642682088
1620.0,0.003138752450695675
1631.0,0.0018216169422492381
1639.0,0.001851316263054025
1650.0,0.007369930045874335
1658.0,0.013227942683665835
1667.0,0.0020289774817199764
1675.0,0.01589525892942199
1684.0,0.0011781635386346543
1692.0,-0.0006689199291841606
1701.0,-0.0026427740740874246
1709.0,0.005720049581741052
1718.0,0.002870744503575304
1727.0,-0.01217043666746633
1733.0,-0.005449073782980793
1737.0,0.0007514313844918634
1742.0,0.004924039634479921
1751.0,0.001241213124568651
1759.0,0.005027862004153624
1766.0,-0.000884038223087331
1777.0,0.0001558893684475428
1784.0,0.0019636806307257357
1788.0,0.010092236452931069
1793.0,0.0005129370517792556
1801.0,0.0015815822148696507
1808.0,-0.006413874308139119
1817.0,0.0032718677632931153
1825.0,0.0004686107482953254
1831.0,0.003100101679209549
1837.0,1.5303447157474465e-05
1846.0,0.00029099507985316857
1851.0,0.003637235080523087
1857.0,0.00010696630387914826
1861.0,0.006378407805516296
1872.0,-0.002547464892274428
1880.0,0.0015241038868557572
1888.0,-0.0001137009938531503
1897.0,-0.004092810334092478
1905.0,-0.0006551307849664111
1917.0,0.0009103925946789686
1929.0,-0.0024692843980724352
1937.0,0.0002734819722369506
1947.0,0.0010670939957619684
1961.0,0.004352487485547553
1968.0,-0.0005579482847107792
1977.0,0.0010657240806254656
1986.0,0.003209662175153979
1997.0,-0.015917398979954575
2004.0,-0.0015582697784729588
2013.0,-0.0059531891837461244
2022.0,0.00866610952289361
2026.0,-0.00012910318919986244
2034.0,-0.002148524118316971
2043.0,-0.003941701369525358
2057.0,0.0020029771004627483
2065.0,0.0004944268532758827
2069.0,-0.0030321051219184235
2077.0,0.0015652665900021223
2085.0,-0.0008073919712776448
2093.0,-0.002837773141359562
2100.0,-0.004241434742198558
2109.0,-0.001102721163346451
2117.0,-0.019724877064786567
2121.0,0.004536732039244858
2129.0,0.0011009500519336744
2136.0,0.003978288652952408
2144.0,0.0002685613165145974
2156.0,0.000550771426870799
2164.0,-0.0017758942704038919
2171.0,-0.0028913037207980693
2180.0,-0.0016823907189517132
2191.0,0.003967365634778728
2200.0,0.0030566923968646646
2204.0,0.0004693894213445749
2213.0,0.002645464296358055
2218.0,0.0028073502930941988
2224.0,0.0051077894552795065
2232.0,-0.001072939356740179
2239.0,0.001720445804391515
2244.0,0.00162571211627003
2252.0,0.001006893151768181
2259.0,-0.0017542720806625039
2265.0,0.0008134590483942936
2271.0,-0.0005524862086950188
2279.0,0.0004991549299183572
2286.0,-0.0030689593485292285
2291.0,0.0004528274626290305
2303.0,-0.0006371708818389149
2311.0,0.0001437869159817621
2320.0,0.0011676987114729396
2328.0,0.00023334228680149788
2334.0,0.00600638489751499
2340.0,-0.0002539148145108884
2348.0,0.008045694402190844
2355.0,0.00339048571115646
2361.0,0.0007618659085050324
2370.0,-7.935483262513357e-05
2378.0,0.005335960023504152
2385.0,0.0015141860831432998
2390.0,-0.0017399455634026322
2397.0,0.0017544785607729982
2409.0,0.0015189710001029782
2421.0,-0.0021636709661193364
2427.0,-0.0022945278616794008
2432.0,0.0009235456843427431
2443.0,0.001204262249948583
2451.0,-0.0030904938049873387
2459.0,-0.0065662649023580195
2465.0,-0.0036691827272517783
2477.0,-0.0001504160791656334
2489.0,-0.0007310857596085429
2500.0,-0.00033834091417343385
2508.0,6.923674148208209e-05
2520.0,-0.00035081926536949975
2534.0,-0.001647478297884397
2538.0,-0.002904475329253735
2547.0,-0.0016817904514920279
2551.0,0.0031371903472602655
2558.0,0.0036598128022788693
2565.0,-0.002383918777196503
2573.0,0.002168280270564337
2580.0,0.005811236014579693
2587.0,-0.0024302952777704844
2593.0,-0.0016061828955298894
2599.0,-0.003543905383146611
2604.0,0.00010857443102840777
2613.0,0.0028019917648668814
2620.0,-0.004825162815825727
2627.0,0.002410764025182344
2634.0,-0.0026924766574644393
2641.0,0.00027664195317048264
2647.0,0.001496443142999775
2654.0,0.0008598925616358511
2666.0,0.00011714419950851756
2673.0,0.0030986580813384406
2681.0,0.009585465668055569
2686.0,-0.011484342803108222
2693.0,0.0014543188925018582
2697.0,-0.011873150911709126
2703.0,-0.004033171194604442
2708.0,-0.0012568042376967857
2713.0,0.0029437861543609375
2722.0,-0.0017010407530773594
2729.0,0.004175104999090836
2737.0,0.0018873406404176511
2743.0,-0.0015078706879436026
2751.0,0.004723281228825274
2758.0,-0.0004898756877876609
2765.0,-0.0007414049480499065
2773.0,0.0009611532314990654
2777.0,0.00216571712893817
2783.0,0.0005285478313823132
2791.0,0.0012840094863710767
2798.0,-0.00024230926850283549
2807.0,0.010276835600213294
2811.0,-0.001853736573075103
2823.0,0.0019802727964003475
2834.0,-0.009295321091497206
2841.0,0.003151821423781558
2850.0,-0.0007966612601203565
2857.0,0.0012523600042595034
2864.0,0.004617961785403833
2871.0,0.004018033842955316
2878.0,0.0014428963169961027
2885.0,-0.0005787532856700831
2899.0,-0.0029513203041909987
2907.0,-0.003687060044207197
2913.0,-0.0021785098452470164
2917.0,0.012262029867989601
2923.0,-0.0026809892121042013
2931.0,0.013553575116812816
2937.0,-0.0036598531080530893
2943.0,-0.0018423150406060593
2947.0,0.0028442366157643653
2954.0,-0.001236103956054712
2964.0,-0.002757342713814
2971.0,-4.300892637607368e-05
2982.0,-0.00037983479893607524
2989.0,0.0007627065508146257
2994.0,0.00322092299027507
3001.0,0.0015015343696944915
3009.0,0.0011770091042819838
3018.0,0.011301369056032918
3024.0,-0.0005588224225902823
3032.0,-0.001451555616758962
3040.0,0.0014018171445259286
3052.0,0.0012439357982408706
3059.0,-0.0004758808058229039
3067.0,0.0036430664093893314
3073.0,-0.0006957645669076037
3079.0,0.0014365363931567472
3085.0,-0.0008672029920076562
3092.0,0.0007081951011274059
3099.0,0.002082073152421497
3106.0,-0.001632432379337687
3113.0,-0.006846870943255199
3119.0,0.0004447588048731181
3125.0,0.002197965657145564
3132.0,-0.0019929238434939827
3146.0,-0.007274812042189361
3153.0,0.001030169949402517
3159.0,0.0034516197935358667
3168.0,0.017125526664652262
3175.0,0.001867286789203239
3182.0,0.00103136161133539
3189.0,0.0005200172027425147
3195.0,0.0007419710149071597
3203.0,0.0028715212502518745
3210.0,0.0019710988290279857
3215.0,-0.00018659030052163542
3225.0,-0.0064181095901274035
3232.0,0.0011034654780288776
3237.0,0.001423431216954855
3243.0,-0.0028155099927706165
3249.0,0.00610426517328754
3256.0,0.002077291045960305
3265.0,0.006120312389167098
3272.0,0.0022179576266897084
3280.0,0.0005940726896633881
3289.0,-0.003426740640017529
3298.0,-0.008287246096441951
