,8
0,-0.0019152085065654463
1,0.0009166399522778598
2,0.002255096588398998
3,0.0012484106383782697
4,0.0019168572197574328
5,0.0005591161231088521
6,-0.0009001759945560295
7,0.0002533503258685995
8,-0.0031865984473855827
9,-0.0023867235343696886
10,0.0009788393646798976
11,0.0006716454157372768
12,0.00048570787805572436
13,0.00014939531077042036
14,0.00029897983820137246
15,0.002970855081706777
16,0.0008882827874018479
17,0.00031643165274340685
18,0.0012002998891654025
19,0.003327186961728037
20,0.0002517991171582034
21,0.0006983674173596396
22,0.00022143145605430602
23,7.930249408068764e-05
24,0.0009138846431411574
25,0.0013643592607075062
26,-0.0012499390454963006
27,-0.0004554177024397356
28,-0.00010338848249302845
29,-2.384239511356264e-05
30,5.8802645103789605e-05
31,1.6940978416435077e-05
32,0.00027494915787321334
33,-0.00023293338431055034
34,0.0001091118796278719
35,0.0004529573463986518
36,-4.341019906128873e-06
37,0.000350521107029589
38,0.0007782684818330467
39,-0.004035207533745225
40,0.0040823614239452015
41,0.0030765193913404694
42,0.0013901509090288114
43,-1.719936006183801e-05
44,-0.0017268067460410586
45,0.00026203427579066815
46,0.00012008808832996741
47,0.00014466643278362122
48,8.8281019157684e-05
49,0.0003404099911546862
50,0.00020489200099080857
51,3.527496960448575e-05
52,0.0005325745170941406
53,0.0006402310324012615
54,-9.21866294641517e-05
55,0.001467028553123349
56,0.0004137154517734864
57,-0.00034185433237956755
58,-0.0011561421242956046
59,9.068861539353775e-05
60,-0.00032356025185279467
61,-0.00015678397517587524
62,0.0008138282899440189
63,7.239919075140776e-05
64,-0.0006327021714383454
65,-0.0010129476727909219
66,-0.0006111584274519827
67,0.0001906959604017276
68,0.0004564843523422944
69,0.000321225138091343
70,0.00013035545835798104
71,0.0009152159477758508
72,0.0005140710225057633
73,0.0012956955992087028
74,-0.00015933876763827445
75,0.00027213383633155867
76,0.0013580156551924515
77,0.0006776102397096154
78,0.0012372799521796326
79,0.00046909071290615574
80,-3.501702081099671e-05
81,0.0004363659990782027
82,-0.00025394408538500054
83,-0.00022867442556786697
84,4.2569099266576606e-05
85,8.225318432184529e-05
86,0.00023672002573012606
87,-1.0207226727080297e-05
88,0.00043462918168696876
89,0.00021545933004555673
90,-0.00041336757793605203
91,-0.00010880762021763798
92,-0.001752494612162502
93,-0.002005958058919101
94,-0.0011745832737682612
95,-8.538281898609615e-05
96,0.0003470755917310667
97,6.835543049534207e-05
98,0.0003941214407625467
99,0.00040443143097356274
100,0.0008503113454642218
101,0.00024889006429962664
102,-4.5479998564530796e-05
103,0.0004316196314161427
104,0.00026390825139015417
105,-8.216055890468528e-05
106,0.0011571982337194914
107,-0.00253837273304915
108,-0.002393301336371925
109,-0.002090869962722064
110,-0.0009016775260144005
111,-0.0008159130811809808
112,0.00041097334226755433
113,0.001264542578111387
114,9.387690402393443e-05
115,0.0003682508878304643
116,0.00017067076614930932
117,0.00032704872547838107
118,0.0001914085580109859
119,-0.0008253169316870028
120,0.0009259992977004716
121,0.0006833467795651461
122,-3.956038398051092e-05
123,0.000651800243048233
124,0.0004119042984553273
125,0.0018909953857990183
126,0.0017893751096931653
127,0.0011993038555178459
128,-0.0009786695242955882
129,0.0002509166975861033
130,-0.00025379472453324205
131,-4.286970935223553e-06
132,0.00017906526734765176
133,-3.1493706296166055e-05
134,-9.788923830633171e-06
135,0.00030532124658520874
136,0.000497323369671886
137,0.0010561998235792806
138,0.00013953336333133605
139,7.305690934145275e-05
140,-0.00020074003838200884
141,-0.0001619241092391815
142,0.00037952045516785366
143,-7.979688291421326e-05
144,0.0013884143918850831
145,0.0006754577101957628
146,-0.00016901979806671253
147,0.00037063220444347026
148,7.565530938971638e-05
149,-0.000246123932197863
150,-0.0003443767446390198
151,0.00045986317277545293
152,0.0006235272542670144
153,0.0019658839252173948
154,0.00046157884813483486
155,0.0006330126471817684
156,-0.0014317872122649683
157,0.0008524164424948608
158,-0.00018021000027822098
159,0.0006087593304335381
160,0.00010181897856529517
161,0.0003010087688714393
162,0.000270852084579747
163,0.0008314072295500159
164,0.00045642120897375327
165,-0.0002619024171466271
166,-0.0020657257299342992
167,-0.001095708182363668
168,0.0010418198825447144
169,0.001775969954925139
170,0.0008839679734996714
171,0.000569694452011437
172,1.75335121847683e-05
173,0.0005208623535316402
174,0.00011683377027297761
175,-6.437123323885378e-05
176,-0.0001902696341163338
177,0.00030169023467521635
178,0.0003695440376718416
179,-0.00020024062236498685
180,0.0007615506294353087
181,-0.000303869582097735
182,-0.00015582526501453433
183,-7.244553635894484e-05
184,0.0001221328915569726
185,-0.0005103672156770942
186,-4.806565193624256e-05
187,0.00015584100863323143
188,-0.001114901040401511
189,-0.0009897897821745639
190,-0.0007190642169878106
191,0.0006404643063755666
192,9.430336679176319e-05
193,0.00025883776228153454
194,0.0004436050380292862
195,-0.00015128230617834852
196,0.0018252833861081433
197,-0.00032128953756223647
198,0.002233622849898678
199,0.0016641473890310079
200,-0.0012550431637301128
201,-0.008496953753184055
202,-0.0002448894540799043
203,0.0005207980067448537
204,0.0004996840231941272
205,0.0019965108492409275
206,0.001560208711499402
207,0.000918591811652222
208,-0.0007337981276988915
209,0.002237065608425129
210,0.0004759585608931131
211,0.002907601396438267
212,0.009626977663539309
213,0.014623174101824071
214,-0.00138959520180148
215,-0.0003623484301701266
216,0.0003064054168552791
217,0.00033935639318136417
218,0.002155608939749221
219,0.0008300714391476192
220,0.001707987467971103
221,0.00170895287859742
222,-2.113804753575261e-05
223,-0.00017386570991468584
224,0.00035120046222332805
225,-0.00043193628172894254
226,-0.000990222773223198
227,-0.0005039391850663194
228,0.004961795099906088
229,0.0009504848603181486
230,3.778742914229632e-05
231,-0.0009515831127662256
232,0.0003131135969465846
233,0.0001479411932881185
234,0.0013402486980311633
235,0.00041782136221419144
236,1.9549351165146975e-06
237,5.716015649344579e-05
238,0.0005785777962050566
239,0.0002666430048558905
240,0.0010818399744074898
241,-0.0003579814940839447
242,-0.0003978563624761622
243,0.0005609053350864863
244,0.002418710582251683
245,0.0001108535328276255
246,0.0002578245912239347
247,0.00014614839676652255
248,-6.0594863892584126e-05
249,6.535651001266264e-05
250,0.0001428746555431033
251,-6.263752912963541e-05
252,0.0003979442702187548
253,0.000776797631532113
254,-0.00037370146281593916
255,0.0007678296668016715
256,0.0020280102718969848
257,0.0026035756730311142
258,7.598774306340527e-05
259,-0.00010170298832317919
260,1.88658539881221e-05
261,0.0006332428828840922
262,0.0001440654264556284
263,0.0001304881221986422
264,0.00040674541132734596
265,0.00047468605983740704
266,-0.00025777662004798917
267,-0.0007710748878245205
268,-0.008085108023677682
269,-0.002156206398829546
270,0.00035161212183426935
271,0.0022472061909267218
272,0.001550809945010262
273,-0.00023761557656612386
274,0.001094309485473353
275,-0.00020925418007191175
276,-0.002729910561041308
277,0.00013382945909845188
278,0.0017565598432961
279,0.005776890183271773
280,0.0004244603465403245
281,0.00013907297581458022
282,0.0019156432068469357
283,7.52194823087951e-05
284,0.0007147095337818856
285,0.0006973409207568986
286,-0.0005562774660045042
287,-0.000450550256600026
288,0.00029846538583556086
289,-0.0003192178176670396
290,0.0001761235876101401
291,3.039907480038963e-05
292,0.000284310116270288
293,0.0005744330978777275
294,0.00033676921120577433
295,0.00039753724544906466
296,0.0006212759492272187
297,0.0015267764952151203
298,0.0013699363138639819
299,0.000558588072135632
300,0.001345907365448896
301,-0.0011573744653597656
302,-0.0008787539315758883
303,-0.00013289123303662187
304,-9.346773536358475e-05
305,0.00031816986392653094
306,0.0005492895413541617
307,0.00018727773307354646
308,0.0002657627740523264
309,1.0008136023590848e-06
310,0.00013812548321490186
311,-2.628909139844543e-05
312,-0.00030724756610128534
313,0.0008305330675327831
314,-0.0006331793128928872
315,0.000491126322897017
316,-4.4485273089967407e-05
317,0.0004110359332220568
318,0.0008889572668399529
319,-0.0003126228950570808
320,8.941143704060689e-05
321,6.284463889554679e-05
322,-0.000793897414889432
323,-3.5331964363683796e-05
324,9.361192343332503e-05
325,-0.00027362938055586894
326,0.00040208889973719023
327,0.001366900039181828
328,-3.540125943212884e-05
329,0.001136990747365875
330,-0.004462955960858497
331,-0.0022029856304039653
332,-0.0008668526016883388
333,-0.000673448792529972
334,-0.0010528525776629463
335,-0.00023098047091948823
336,-0.0005018490351160335
337,0.0004920326624358224
338,0.00038323459492694016
339,0.00022217813151970156
340,-0.000405097230099627
341,0.00039046606039837034
342,0.0011166827410558514
343,0.00293649881141748
344,0.010876513313419276
345,-0.009248407504861979
346,0.0011332278799973045
347,-0.0009802187608648984
348,0.001093862343001609
349,0.001910711596366134
350,-0.0036939648933408406
351,-0.004897485688996386
352,-0.0015408068497162635
353,0.0006883458646012195
354,0.0006076882554893905
355,-0.00016430354810161802
356,-5.481601863787318e-05
357,0.00025606176873418734
358,0.0008066337261716902
359,0.0001535413903733389
360,-8.156841101239482e-05
361,-0.0011582654773493813
362,-4.563548771722417e-05
363,4.3024059112335435e-06
364,-0.00023961831488445123
365,-0.00014573672003211142
366,0.00026121531136742986
367,-0.0002470751751111325
368,0.0021763814297173583
369,0.0012544539461830735
370,-0.0017723251043312363
371,0.0006718807929539905
372,0.0002974884916956031
373,-0.0016264348819514639
374,-0.0006897846649266876
375,-0.00018911353159062235
376,0.0006062777535702974
377,0.0025096574470778693
378,0.00602756787478962
379,0.0032084193893553463
380,0.0005409169665556284
381,7.074202107978883e-05
382,-2.2994594266504025e-05
383,0.0005151704697252855
384,-0.0005534016123615538
385,-0.0004762040283260711
386,-0.0005697479098446987
387,0.0017123413631488847
388,0.0016359255093596644
389,-0.002915966754063602
390,0.001311033286055025
391,-0.0009754094709841326
392,0.000639620215968035
393,0.0011045089778857705
394,0.00011317042797842945
395,0.00028031873683472344
396,-7.2908338188682e-05
397,-0.0001450629237280774
398,-7.794266096516368e-05
399,0.0008316760411007575
400,0.0004391954478989018
401,-0.002226371668732448
402,-0.0019937991614207375
403,0.0008794386441855664
404,-8.345540206095359e-05
405,-0.0006018207063590099
406,0.0007152649730623071
407,0.0025137418113078923
408,0.001999913709803982
409,-0.001192107668495934
410,-0.0001400443636163407
411,0.0005854924048495741
412,0.0001472708410532617
413,-9.993289295970473e-05
414,0.0006099784132394217
415,0.0013725040632774634
416,0.00022338769600223853
417,0.00013306201031261505
418,-0.0012234978327161868
419,0.0009132827919725061
420,0.002291371612277814
421,0.0009088537546471767
422,0.0011499824930440205
423,0.001017023233741604
424,0.0027532140683587713
425,-0.00017786208533454738
426,-0.0005279676153406806
427,0.0008539807737317531
