,4
2.0,0.01635476543246774
13.0,0.003370292909961548
21.0,0.01037047343579094
32.0,0.0009810642527929715
39.0,0.0036841203922564378
48.0,0.007817804768402391
56.0,0.004265001049919311
68.0,0.004931066067925257
80.0,0.005069399044092057
89.0,0.004462805008478174
98.0,0.009182353251329777
104.0,0.005402011074246619
112.0,-0.016051324389179847
121.0,0.0037693801028677323
126.0,0.008013004412003496
136.0,0.01002716188726615
143.0,0.001783485920966429
152.0,0.0018718276803217921
157.0,0.004786471549532179
174.0,0.0020521329746202343
182.0,0.0056900942732743135
190.0,0.00281010590798976
202.0,0.009337076634625055
212.0,0.005578743629271103
221.0,0.004509555538887605
233.0,0.0002950421149097813
239.0,0.005957544012370493
248.0,-0.0054936358882853795
261.0,0.0009933241134022777
269.0,0.0007437439999870006
276.0,0.00854171535696836
289.0,0.003902263374889982
298.0,0.005656490009528495
304.0,0.012603588748970015
314.0,0.0019899733039757737
325.0,0.004575594020731078
337.0,0.004252906176560616
354.0,0.005227567074390016
360.0,0.006418516579258681
369.0,0.007240141875159508
377.0,0.0026582491330832967
386.0,-0.007065656718625871
391.0,0.01126795460956458
401.0,0.002612756688277652
414.0,-0.0009660405677197039
419.0,0.00615442197856217
431.0,-0.005336238446358925
436.0,0.005910787032683197
450.0,0.002569794263891174
463.0,-0.0054351649072229636
468.0,0.00669728911388822
476.0,0.001389427130269191
483.0,0.004087998756400594
495.0,0.00605224816891456
508.0,0.0010973726223377671
525.0,0.004143525431434978
534.0,0.001679165017534632
543.0,0.010371299181292508
550.0,-0.003538757151289467
555.0,-0.003001750962767725
567.0,0.007999280994320332
576.0,0.007686012965789988
583.0,0.004265682753314278
595.0,-0.006648012319352482
600.0,-0.00010530899152151153
605.0,-0.010023214181960845
614.0,0.008288238025894085
626.0,0.002185005945051964
635.0,0.007245464586513139
652.0,0.00022384745436728563
665.0,0.00575716447991291
676.0,-0.004367953475425911
681.0,-0.0020582538136487637
690.0,-0.0009018730899044303
695.0,-0.0009780977774361834
700.0,0.001446827425738656
713.0,0.0004971951027828507
721.0,0.014054556691498837
730.0,0.001164596483031787
744.0,0.013358975696736556
749.0,-0.003736347792279563
759.0,0.0060459092032582665
772.0,0.005167918967867867
784.0,-0.007959043578700335
794.0,0.00201414156580964
803.0,0.009832454256906358
813.0,0.010371646497054432
824.0,-0.002089878656544331
836.0,0.01084407480883092
845.0,0.014312223547369055
854.0,0.007382817791148696
867.0,0.006767694939965224
880.0,0.014040572082717187
889.0,-0.006778733772355877
894.0,0.005514025278130733
901.0,-0.005022864833174712
906.0,0.007984702601945079
915.0,0.002449284704778527
924.0,0.002825821610247159
932.0,0.008694577021107529
941.0,0.004122331922268822
947.0,0.012377052438265755
958.0,-0.011859207354817025
964.0,-0.00033799451163458744
969.0,0.012262930049039226
976.0,-0.0126179595472412
987.0,0.004019439006675785
996.0,0.009526495466567714
1007.0,-0.009178472929501724
1012.0,-0.00041064265199505085
1020.0,0.01366006412876735
1032.0,0.00552969768115685
1044.0,0.003455689950421333
1056.0,0.006926979456553132
1065.0,0.007024647113109581
1072.0,0.0005283448139600594
1081.0,0.0010802267976166102
1087.0,-0.0014123577550978943
1100.0,0.0009894705804755369
1109.0,0.005777854389726323
1119.0,-0.00045664176751887835
1135.0,0.008700685168340445
1144.0,0.012184740697674945
1153.0,-0.005058669265126515
1158.0,0.0006295227778912899
1171.0,-0.005020813882677717
1184.0,0.007994672859716433
1192.0,-0.0023060321138933058
1200.0,0.0002876828688674284
1212.0,-0.005216925548956678
1217.0,0.0010827999492476626
1230.0,0.012263970462442191
1238.0,0.004045109238692884
1251.0,0.00020676926137396182
1261.0,0.012545077286508319
1266.0,0.0029505871340098594
1275.0,0.0018983766065044135
1286.0,0.0023874721156245046
1295.0,-0.003215537573380529
1303.0,0.0004748229079287926
1313.0,-0.002846629478345051
1319.0,0.0034800291902687655
1328.0,0.00427183384791747
1338.0,0.008807229984388461
1355.0,-0.0019801949975259596
1367.0,0.003377888190200338
1372.0,0.00614984787401246
1380.0,-0.0004442167512251119
1397.0,0.009321009566060643
1408.0,-0.00038906002527493996
1413.0,0.0017382711693232277
1426.0,0.00925328453742058
1435.0,0.008701265668962658
1443.0,0.0034395379990456642
1456.0,0.015284426699583359
1469.0,0.004036349935863621
1478.0,0.004437032026950722
1487.0,0.01250289609000644
1496.0,0.006916909223136949
1502.0,0.001906012389284533
1511.0,-0.00032733250250788226
1518.0,-0.0011262404646705442
1523.0,0.011130449547466836
1535.0,0.006017779220984531
1544.0,-0.00537427885294452
