,4
4466.0,0.007441099438176169
4475.0,-0.00023704590712994095
4484.0,0.00947149613367256
4492.0,0.00588025967984985
4504.0,0.008129935590765868
4515.0,0.017431221788821193
4524.0,-0.0036214292001771555
4536.0,-0.0072539124800058705
4541.0,0.010633494243047296
4553.0,0.00784062941550829
4562.0,0.008565197325999275
4570.0,-0.008617072506006946
4583.0,0.0009418566813938469
4595.0,-0.011672338727787973
4601.0,0.008946335452287596
4610.0,0.007928250285881726
4618.0,0.00956954841841427
4625.0,-0.0005724635411502708
4642.0,0.0061291407941053005
4651.0,0.004668823120128376
4660.0,0.00703680521057698
4671.0,0.007053275564346757
4677.0,0.0053212888349472515
4693.0,0.006018828693968738
4701.0,0.007444058014003245
4714.0,0.006939339098992739
4722.0,0.0031279781315144382
4730.0,0.006081459755785041
4740.0,0.0038969873520823053
4750.0,0.0005677534453323119
4763.0,-0.00985705769023862
4769.0,0.004486413951045002
4781.0,0.0178046507553533
4789.0,0.0027481226058887497
4796.0,0.010313387867345678
4806.0,0.005124532915382629
4814.0,0.0026970014650444523
4823.0,0.008678698948907118
4830.0,0.004220976914393561
4839.0,0.00666843904595308
4851.0,-0.0064378690981618525
4859.0,0.001616573014950407
4865.0,0.005272044112319755
4874.0,0.0017348182939840532
4882.0,0.004255548830534262
4892.0,-0.005876567891860268
4897.0,0.007003619837314608
4903.0,0.009904991178710482
4912.0,0.007694771025957638
4919.0,0.006766154818646855
4931.0,0.006957332865286454
4940.0,0.007098514939368741
4949.0,0.007262214593996322
4960.0,0.005980142118431551
4969.0,0.0013656582847331375
4978.0,0.005805906095506644
4987.0,0.015815834621229923
4998.0,0.008275892757062265
5007.0,0.005641502915272267
5015.0,0.018154607398504167
5020.0,0.015076851653271587
5025.0,-0.020924982282015066
5038.0,0.001029883854101797
5050.0,-0.0028022773515862225
5056.0,0.0015157887443981114
5062.0,0.0038482504434966154
5071.0,0.007755983914542246
5083.0,0.007681725788992541
5092.0,0.005345708939732544
5101.0,0.007510151721331655
5114.0,0.006287224807876928
5124.0,0.0038941954815185816
5133.0,0.006647417578716595
5142.0,0.008966018290427301
5153.0,0.006941736602798287
5163.0,0.004307807221626257
5173.0,-0.001075516198536935
5179.0,0.008066221190900098
5185.0,0.002292417315787004
5195.0,0.0034907938818786407
5211.0,0.0020909213589300852
5220.0,0.008169533553580683
5237.0,0.004969623620558982
5246.0,0.0003748451007251144
5259.0,0.0030089312079330313
5266.0,0.005747909333472922
5274.0,0.007057314362349457
5287.0,0.012527945555831302
5293.0,0.0004739975720579932
5298.0,0.0026765412285606593
5305.0,0.008162568915742689
5314.0,0.0142316286609359
5320.0,0.010470403396022844
5327.0,0.01227286787549828
5332.0,0.007883226928123904
5344.0,0.007707141089778502
5353.0,0.009093916424057255
5370.0,0.010895064345633386
5380.0,0.0025194440622113732
5387.0,-0.008333930148569226
5404.0,0.006374964914622992
5409.0,0.0036508271311399623
5417.0,0.0008082526655163423
5426.0,0.006525181469120576
5435.0,-0.002702982678406399
5441.0,-0.0059547520545675265
5446.0,0.005176836965193349
5455.0,0.0025722200100542995
5464.0,0.0016982676332889855
5472.0,0.012465972239096944
5481.0,0.011517521531868328
5490.0,0.0037837909352375263
5502.0,0.009271933833269597
5512.0,-0.00035706866523204685
5524.0,0.003398090543021708
5533.0,-0.003790300850647569
5538.0,0.005159548622936846
5554.0,-0.0018704855696643414
5563.0,0.006766822767067779
5572.0,0.004298958229273176
5585.0,-0.006105893796709654
5596.0,0.003244334455987939
5603.0,-0.0032101212537322234
5610.0,0.0015482670026733963
5619.0,0.0018274256918100894
5626.0,0.014846955825874922
5634.0,0.0027800607642099037
5639.0,0.0011192504422874734
5649.0,0.00995493928504982
5658.0,0.007101991644580071
5672.0,0.005757936452394232
5685.0,0.008904569318630902
5702.0,0.007981741890449494
5718.0,0.007620172577059968
5727.0,0.004501029503121498
5736.0,0.005892760331062138
5745.0,-0.000988115384370229
5750.0,0.0013850866468914542
5759.0,0.004045625913876068
5770.0,0.00012595090288604018
5783.0,0.00618800848792085
5792.0,0.0012821062752252559
5800.0,0.007733913192835323
5817.0,0.00481619183248907
5826.0,-0.003996212618961417
