,8
0,-5.693876218731608e-05
1,4.739109467536806e-05
2,0.0003948611209822228
3,0.00048362678860842706
4,0.0023080919071008315
5,-0.001713217505695491
6,-0.002899213348625465
7,-0.0011390761649656275
8,0.0006272964602594312
9,0.0018311210352726425
10,0.0012917784234135884
11,-1.62704433880662e-05
12,-8.489799276223177e-06
13,0.003339896994691248
14,0.0008509651783549442
15,-0.0010375358934939477
16,0.0014972168815343217
17,0.004258685866771632
18,0.0004348789004408755
19,0.0008459637965755435
20,0.0030144878624281534
21,0.001943253483445563
22,-0.00039695462355196194
23,0.0014279766107122543
24,0.0039921040817409
25,9.577525698784353e-05
26,-0.0002857890750349501
27,0.0009056221608655863
28,0.0017737289641126229
29,-0.002178626360091053
30,-0.00012301947100280767
31,-0.0008434561458698868
32,-0.0023688201374526675
33,0.0008351512756601852
34,-0.000502659151542862
35,0.0002898492806873643
36,0.00010754456382910348
37,0.004015561263165089
38,0.001261157865288728
39,0.001364634612783188
40,0.0009961762114951036
41,0.0015617095055800857
42,-0.0009245977371913988
43,-0.0006260150187188901
44,0.00200925311944849
45,-0.0015033953853483514
46,-0.0009816625689638776
47,0.00019969612895639916
48,0.0002472181662998567
49,0.0005174012929916237
50,0.0008059450558815736
51,0.00022994576548544107
52,6.646033115207158e-05
53,0.0013432264842053745
54,0.00018602116802909197
55,0.0006134128548596135
56,0.003753924110495071
57,0.0018369293253299457
58,0.0013857158588805234
59,-0.0002697495646222634
60,0.006740185772434585
61,-0.001108833533525344
62,0.00237663360870995
63,0.004399786728960074
64,0.0015993460702681673
65,-0.00030292569220513013
66,0.0034109130951574932
67,0.0005108419116488173
68,0.0005302174263898452
69,0.0019614278306363
70,0.002770804071069496
71,0.000985015454314398
72,0.0004354398361587928
73,0.0023243261321315343
74,0.0030750164372897446
75,0.002375193672379618
76,0.0013390871441566656
77,0.0032585880608542684
78,0.0009579320966992199
79,0.0005899113031663178
80,-5.353002989512827e-05
81,-0.0012372728627516197
82,-0.001730983595749959
83,-0.0013899291448148448
84,-0.004858642752741552
85,-0.005950087991269993
86,-0.007031918204417006
87,-0.007693806792390398
88,-0.00899653748355079
89,-0.024567428970080605
90,-0.0071130282465387325
91,-0.0025899637717407362
92,-0.006581553082945606
93,0.006639726092043148
94,0.003763496499973965
95,0.0026409826251109856
96,0.0018596861941784582
97,-0.0007687886050666697
98,-0.0004098162234682305
99,0.0002795439438410471
100,0.0006100462488189337
101,0.0010670020046267036
102,0.00035704301293332724
103,-9.718498486304395e-05
104,-0.0005736052425399187
105,0.0005745858899280125
106,-0.0005677916551836463
107,0.0013652870555526046
108,-0.0005153595229880174
109,-0.000259621784477579
110,3.418074772803233e-05
111,0.00011564043227364129
112,-0.00036422509918034805
113,8.893519170738907e-05
114,0.00018964656780580812
115,0.0014756756827338218
116,0.0007975134708906643
117,0.0004302489163664032
118,-8.287747400633201e-05
119,0.00015919484712705333
120,-0.00021548207899547856
121,-0.0008245308610197926
122,-0.0009723246028492397
123,-0.0030546210582159837
124,0.0005497351265253791
125,-7.875607652305076e-05
126,-8.778579784409343e-05
127,-0.0005442726575994477
128,0.0005437676118435057
129,-7.241787623134667e-05
130,0.0005913455720759613
131,0.0008740469365025514
132,0.00035580387382926705
133,-0.0002803211855536357
134,0.0006856286878564036
135,3.946800014251866e-05
136,0.0009244376197931912
137,0.00034449639999255304
138,0.0014626925942169784
139,0.0009022974049433407
140,0.0005372232388327814
141,-0.0011693844804323427
142,-0.001662700531884869
143,-0.0008914119725259918
144,-0.0064043388116016686
