,5
2.0,0.017777307660667357
13.0,-0.013135166085337352
21.0,0.0005867151540233268
32.0,-0.003224960645579647
39.0,0.0019413775466179419
48.0,0.005535492136470222
56.0,0.00015127276696360158
68.0,0.0009731244702627725
80.0,0.00027355601294929956
89.0,-0.0002867803926933906
98.0,0.0029614092395170047
104.0,-0.00020150036171348506
112.0,-0.006249073815341521
121.0,-0.001245820821542415
126.0,-0.0019679129577716225
136.0,0.0036186407703459444
143.0,0.001193747567111573
152.0,-0.004805373183650289
157.0,0.0018694252626116235
174.0,0.0012941974879866246
182.0,0.0008388558094020801
190.0,0.0010091996295468729
202.0,0.0017679299280445
212.0,0.0008153219626059534
221.0,0.0026113742762611616
233.0,0.001362591235381059
239.0,0.0020246782685847545
248.0,-0.00044499410854332785
261.0,-0.001110618351765132
269.0,0.0010418507978456146
276.0,0.0017406879970653926
289.0,0.0014132881120816044
298.0,-0.00026365625249274527
304.0,0.0005194294046330677
314.0,-0.0002746484574296241
325.0,2.429655261790715e-05
337.0,0.000986229777067884
354.0,-0.00010013778942459302
360.0,-0.0002939463246129907
369.0,-0.00032732138688776953
377.0,-0.004163096929521149
386.0,-0.004165605591818533
391.0,0.005118422725050045
401.0,-0.002457707548218853
414.0,-0.012208997853790692
419.0,0.011604182582725128
431.0,0.0008307120614319532
436.0,0.0014543525686797388
450.0,-0.0007146826491520027
463.0,-0.00013542410118852174
468.0,0.007591648760198692
476.0,0.004741777322221739
483.0,0.0023086865552786034
495.0,0.0023678647243771116
508.0,0.0022159861794672506
525.0,0.001109791067608016
534.0,-2.974714430339976e-05
543.0,0.004194635600829404
550.0,0.0065545700848585004
555.0,0.002388559696312409
567.0,0.0017231676592552206
576.0,0.0006874869018372378
583.0,0.000710267732128199
595.0,0.001054325579617544
600.0,0.00011721510794497895
605.0,0.0015260449369189734
614.0,8.267015986284368e-06
626.0,0.0035338439453491558
635.0,-0.002562886748243214
652.0,-0.002435632182814333
665.0,0.0015930071290073144
676.0,4.117721570394321e-05
681.0,0.004444915469336857
690.0,-0.0005812383440442103
695.0,-7.965183966415254e-05
700.0,0.0014822582486300373
713.0,0.0016478303695817095
721.0,-0.0020247226764288006
730.0,-0.008605170377253384
744.0,-0.02579964319475913
749.0,0.00043800406429073005
759.0,0.008121755913925317
772.0,-0.00013555811078475277
784.0,0.0021749783997559286
794.0,-0.001264584237368125
803.0,-0.0004982636677689922
813.0,0.009890259246674034
824.0,0.0025336452827902844
836.0,0.004880514855683185
845.0,0.001490663638572288
854.0,-0.0012299899001998636
867.0,0.0012343648485106805
880.0,-0.0036443538965310624
889.0,-0.01263565134621323
894.0,-0.0013052489568255862
901.0,0.004011637394804892
906.0,-0.000508304566358992
915.0,-0.00025604147187533436
924.0,3.715441802313156e-05
932.0,0.00044091649150954077
941.0,0.0049183948348718795
947.0,-8.259687941155568e-05
958.0,-0.0042841819199229345
964.0,-0.008340422611586728
969.0,-0.002519849260841746
976.0,-0.0009315262767689428
987.0,0.005947379173875482
996.0,0.0004074204691047586
1007.0,0.0006754829294946313
1012.0,0.0007543871303360184
1020.0,0.00018130949676451003
1032.0,0.001229595763592251
1044.0,-0.0004297090523289005
1056.0,0.0010489975102716967
1065.0,0.002329935035711894
1072.0,0.0032719406168602192
1081.0,-0.0025378010662710413
1087.0,-0.0005640113490648605
1100.0,0.0008033330868252165
1109.0,0.000811055260721034
1119.0,0.0009011185417908728
1135.0,7.233519228381493e-05
1144.0,0.00145483462992465
1153.0,0.010288742716311717
1158.0,0.0037199834811674094
1171.0,-0.0016413391696398175
1184.0,0.0006325502717045376
1192.0,0.0011146638098051007
1200.0,-0.0003398592524959604
1212.0,-0.001350846370340442
1217.0,0.0018961895521298624
1230.0,7.06454415945371e-05
1238.0,0.0032588364291178122
1251.0,-0.00179820579926565
1261.0,0.0019254473249687217
1266.0,0.0027878891646926332
1275.0,-0.0007211697662022732
1286.0,0.0004974497349793053
1295.0,0.0022584085064413103
1303.0,-0.0001782955182053611
1313.0,0.0014217999671882764
1319.0,0.0011467600453047462
1328.0,-0.0003313536411895339
1338.0,-0.0035073680710759614
1355.0,-0.00265106909991668
1367.0,0.00020758754872956105
1372.0,-0.00220017575013062
1380.0,-0.0076703902120616825
1397.0,0.0018226219514831073
1408.0,-0.0003464791990595109
1413.0,0.0020962259247443347
1426.0,0.007138161410914026
1435.0,-0.0034407593665560306
1443.0,-0.0013337461733245687
1456.0,0.0002325555753083265
1469.0,0.0023765875170113277
1478.0,0.005784718139961315
1487.0,0.0014522656996569952
1496.0,0.0017479287311299352
1502.0,1.7889289610294186e-05
1511.0,-0.0007196074079830618
1518.0,0.002581384543499814
1523.0,-0.0009744653021555636
1535.0,0.001897588140140915
1544.0,0.004054332845235568
