,8
0,-0.003462166757777124
1,-0.0020318481485383597
2,-0.0005912904479116253
3,1.5750930907073913e-05
4,-0.0005180818907752622
5,-0.0003995397805025859
6,0.0003531792483521698
7,0.00047846339400776716
8,-0.0002255372120653
9,8.388253021020569e-05
10,0.00024084765353268276
11,0.0005125457180772946
12,0.0006615078085575957
13,-0.000502755719427704
14,0.00472738478380797
15,-0.00019936232440300036
16,-0.009011202711798642
17,-0.007306293533691661
18,-0.001871892727974912
19,-0.0006721608703494223
20,-0.00016050850139208919
21,-0.00027028360069839756
22,4.884684441805216e-05
23,1.5373096457677586e-05
24,-0.00031889889020269224
25,0.0001504825602517126
26,0.00016415268185627894
27,-0.000761290529811366
28,0.0020412077245887533
29,0.00014769956393134877
30,0.0007874658717264064
31,0.00035238543359283496
32,-0.00021884054939770036
33,2.879076203367145e-05
34,0.0004864282162646877
35,0.0003209959832386971
36,-0.0007657220289518239
37,-0.0001131374643692035
38,0.00037808094471735945
39,0.0015606910924494896
40,-0.004440082511063456
41,-0.0034151718931936517
42,-0.0014253512600357885
43,-0.0003655838897782866
44,3.805559055135856e-07
45,0.0006426197312530183
46,0.00016492631751505085
47,0.0002890080170229402
48,-0.0009889138688714682
49,-0.0021752523357619472
50,-0.0002933476220329022
51,-9.107637677613443e-05
52,0.002328151305044321
53,0.0026513534964995203
54,-0.00016103656684753116
55,0.0002855193633093731
56,-0.0009497465579504265
57,0.0007670283597172458
58,0.00036659268126467445
59,-0.0002274067726237988
60,0.0005279645860536429
61,2.3474454169221612e-05
62,-0.0006941558014170276
63,0.00046150531196035205
64,0.0013755762575456373
65,0.002561036442078675
66,0.0011798827736779443
67,0.0010471946122982778
68,0.0030481752790851354
69,0.00013369566351322632
70,0.0006854679993990188
71,0.001060746629847792
72,0.0014353252987829186
73,0.00017861508415501363
74,-0.00018776146957019977
75,0.0044375007373660385
76,0.0012943669884832984
77,7.518591188253655e-05
78,0.002763096479285209
79,0.0028753336898076735
80,-7.947294385266236e-05
81,0.0003655009231454658
82,0.0006940361994874905
83,0.0008352692442121959
84,0.0013551775153784155
85,0.0007577343124955472
86,0.002092960065522431
87,0.005641560380141259
88,0.00376528369028213
89,0.0037738938399752824
90,0.007703070880197986
91,-0.00018521770215404825
92,-0.0013001351870470421
93,-0.0002531587174461644
94,-9.643713502177578e-06
95,0.00020295396916592074
96,-0.0002128946424380172
97,5.744332770133378e-05
98,-0.0002478050014555426
99,0.00024298890826448334
100,3.468777000367918e-05
101,0.00017099755904429823
102,0.0005769924889594638
103,-0.00034759421320709814
104,-0.002627106880511067
105,-0.0008587326464093514
106,-0.0005441052100246368
107,0.0008545641845889146
108,0.0007542834143197703
109,0.0013622545492544477
110,0.0009684537707057173
111,0.00034015861055850346
112,0.00039220216990640565
113,0.0005795098062502786
114,-0.0006573224715493396
115,0.0002548158728704229
116,0.00016934507548257332
117,-0.0002657571304230402
118,0.00040796047486019345
119,5.3517575384642915e-05
120,-0.00014659673228710701
121,-0.0006905297378335633
122,-0.00021415724787863662
123,0.0011223955939556121
124,0.0003412841138856101
125,-6.601232526053384e-05
126,0.0008324383754293752
127,-0.000958426005066477
128,-0.002355133926898099
129,0.00020997217852775798
130,-0.00040385356458866594
131,0.0005487372366354661
132,0.00034407975220351753
133,0.0008220334776123127
134,0.0012545927648273867
135,0.006643891255029813
136,-0.0005435048454139558
137,-0.001955145402985991
138,-6.6641958667431415e-06
139,5.389715459844201e-05
140,0.0009329997361614779
141,0.001154872356148099
142,0.0005141384107775952
143,-4.5071625720359704e-05
144,0.0019149524656785729
145,0.0016273476716001315
146,0.0011794233746952791
147,0.002375031006169688
148,0.004501955949200515
149,0.002511326923541019
150,0.0006508650223210264
151,-0.000186401573464001
152,0.00014709094497646384
153,0.0015157790986605375
154,0.002650252432519748
155,0.0005116005447944271
156,-0.00030989750150545983
157,0.002194498977118411
158,0.0036918032359899147
159,0.00026238086820668644
160,0.0017601373340125456
161,0.0020525856493430476
162,0.0026431928457583092
163,-0.0007929132616969688
164,0.00041891221403707346
165,0.0016108256693806826
166,-0.00040605088199757044
167,-0.0003157316623440247
168,0.00036508622533991386
169,-0.0001593955712683524
170,-0.00011076191012437585
171,-6.591288528717336e-05
172,0.0003244775343554958
173,0.00030595398543930565
174,0.0003326688806048149
175,0.0007954482142621041
176,0.00353623405286741
177,0.0016850941973211334
178,0.00030635955475402584
179,-0.000834315245866033
180,0.0029956356344252354
181,0.002036727210950841
182,2.485308936535379e-06
183,0.0012530419397081844
184,0.00021770929629482292
185,0.0011718786523460176
186,0.0007225475103282843
187,0.0009312781186663943
188,0.0010036766177114326
189,-7.964283134425266e-05
190,0.0010432564024747467
191,9.11766533874122e-05
192,-0.0012977785673588139
193,-0.0003806432344172246
194,-0.001861639802085747
195,-0.0037782074883565588
196,0.001735942748428791
197,0.0009657194278231199
198,0.0010162259033379823
199,0.0011341924733460802
200,-2.4635045240057723e-05
201,8.908992467843884e-05
202,-0.00055779524955802
203,0.0006770799352057966
204,0.0006926580478487529
205,0.00037866512948668644
206,-0.0003628780529303414
207,7.436572800944029e-05
208,-0.0001917883073176941
209,8.025103792847522e-05
210,0.000792388552153981
211,0.000624372399046832
212,-4.6071125195262536e-05
213,-9.384251110686114e-05
214,-0.00030076601790510925
215,-0.0004620821366191182
216,0.0004721849762785124
217,0.0005512775689379736
218,9.405381870441424e-05
219,-5.368360683838722e-06
220,0.0007914713887611185
221,0.0011175476773724788
222,0.0012478224059523564
223,0.0005008081375268297
224,0.004117278878049664
225,-0.0018629763009652652
226,-0.0021554962221413407
227,0.00023371752850308143
228,0.004935345779471143
229,0.001037006902540667
230,0.0007208642369810816
231,0.001767411897612791
232,-0.0005541000886930614
233,0.0002230079762269094
234,0.00045248850511439933
235,0.00032585499741484504
236,-0.0025047913683823074
237,-0.0032099966947038918
238,0.003156929747993561
239,0.00034939144380083506
240,5.636423494453471e-06
241,6.207110477675072e-05
242,0.00021061585198319804
243,0.00016872410232882844
244,0.00017081994619648247
245,0.0003026535895220492
246,0.0002422892712632222
247,-0.001013057551355482
248,0.00011509339767420439
249,-0.0014727547795306882
250,-0.0008960470652547745
251,0.0008596390197865006
252,0.0007743061841149433
253,4.5392710904085974e-05
254,0.00029184202014655836
255,0.0004947152998160795
256,-0.00016733240856326473
257,0.00033862011891470646
258,9.055269468672813e-06
259,0.00033137983679015195
260,6.536101014717153e-05
261,0.0003288495248344019
262,0.0006904960812730565
263,0.001294389731810127
264,0.001595883316363788
265,-0.0011834840615736998
266,-0.00841347380619645
267,-0.0007272183594188962
268,-0.001377592185092259
269,0.0009217296141769745
270,0.002668985357037251
271,-0.0016981316729618593
272,0.0001841637193538526
273,0.00013402240017274845
274,-0.0001872802629782754
275,-0.002690806859622281
276,0.0016067338391020838
277,-0.0008019557833321588
278,0.0010010080718383778
279,0.00019317092878976612
280,0.0006645964324006457
281,0.0003881136609701436
282,-0.0004285006757262547
283,-0.0005569062137380647
284,0.00032196891433232963
285,-0.00029098925538141514
286,-0.0006984279783389169
287,-0.00370813067954378
288,-0.0003944160111488656
289,-0.0017736823478364497
290,-0.0012531391961369909
291,-0.003062174831164147
292,0.0004583046923709099
293,0.0041417327041611655
294,0.0004521692920597018
295,-0.0015794590698057981
296,0.0004994509367040409
297,-0.00032346517120554285
298,0.00035125941284585465
299,1.5725583694606804e-05
300,1.8540177111608534e-05
301,5.667377369704032e-05
302,0.0001780867000575576
303,0.00032991423723949953
304,1.620219265561765e-05
305,0.00030718483860556087
306,0.0002076421289391666
307,-0.0003765704451142535
308,-0.002098428897891448
309,-0.0004015717333238772
310,-0.00047753334755796427
311,3.8740059907243424e-05
312,-0.0004826791019938382
313,0.00019047358079703
314,0.000955062384090762
315,-0.0007372355121878973
316,0.0016533955001079726
317,5.795659193376519e-05
318,-0.00016293795375193346
319,0.00011587655191840173
320,0.0005888418703146501
321,0.0014891895950928423
322,0.0030092628175109647
323,-0.0005987312885512163
324,0.0023622431402252684
325,0.0021959533333906337
326,0.0010253061914263942
327,0.00024994771861083873
328,-0.0003929507075148255
329,0.00017289071045493052
330,0.00019814525672873603
331,0.0003202131066494005
332,0.0005791384176893246
333,0.0014710343607902607
334,0.0006637870231894798
335,0.0003771003658477048
336,0.000236182903275851
337,-4.340723862682113e-05
338,-0.000168742266242636
339,0.0005995242450167842
340,0.0003342843720721349
341,0.0003730796589412208
342,2.239729583166977e-05
343,-0.0008772926447389811
344,-0.00022529021550809274
345,0.0010737832390109346
346,8.858504013330859e-05
347,-0.00026271654580836343
348,-0.0015651687795709415
349,0.003633376247196727
350,0.0007222867063955506
351,0.002909933648931827
352,0.0004873650620144007
353,0.00021421683589487853
354,0.000381084005016247
355,0.00042006868405603903
356,-0.00011143410402011476
357,0.00036761421109667437
358,-0.00010896062071164257
359,0.0019901967441099807
360,0.0034403610374396714
361,-0.0013812861613372446
362,-0.004994681115580446
363,-0.0011810849003084712
364,-0.002801143474819163
365,0.0013777611774920386
366,0.0007079545820860911
367,-1.2530561468880016e-05
368,0.0027337618532261203
369,0.0009426734692482209
370,0.002609762617365729
371,-0.004629830877603256
372,0.004680834295838625
373,-0.0013974024790540545
