,6
3150.0,-0.015058481196068918
3156.0,-0.0005481829516865776
3165.0,0.0012408773457754526
3176.0,0.003157497613048216
3187.0,0.0020413213183619024
3194.0,0.001728913305896416
3200.0,-0.0001268788706451883
3207.0,-0.0007288896074499702
3215.0,0.00018957446816882768
3223.0,0.0017253823293183956
3234.0,-0.001725735303850221
3241.0,-0.0007138281029464511
3255.0,-5.594415144994382e-06
3263.0,-0.0011265911956473524
3271.0,0.0021872303681747867
3275.0,0.002391144656838601
3284.0,-0.0007195767397838882
3291.0,0.0019972221523666127
3298.0,-0.00016704989234901397
3307.0,-1.6086855865316245e-06
3315.0,0.00011724712620297969
3324.0,0.0007822236160946163
3330.0,0.0001447158622588808
3339.0,0.00047544207204692866
3346.0,-0.0016002500896633084
3354.0,0.003974436867373608
3362.0,-0.010380787677529235
3368.0,4.068600555272517e-05
3376.0,0.0027589501639598956
3383.0,0.001014679347064595
3390.0,-0.0028258630963502313
3396.0,-0.0006758304585789872
3400.0,-0.0005648274600500717
3406.0,0.0004598485251500701
3412.0,8.626471942490108e-05
3426.0,-0.0011764147725001552
3434.0,0.0003127559834662128
3445.0,0.0006676994513835296
3454.0,-0.001244596847285348
3461.0,-0.008071545298459824
3472.0,0.001499389508797223
3476.0,-0.006087496172172619
3481.0,-0.002197365875887423
3486.0,0.0009559879467587123
3491.0,-0.0015360776711349448
3497.0,-0.00028958686245644273
3504.0,0.0001797940979555764
3511.0,-0.0015152071845403964
3522.0,-0.002087943854281351
3530.0,-0.0008845322351714646
3538.0,0.00017969611829271625
3550.0,0.0013210966145448895
3558.0,-0.00038468980301231275
3564.0,-0.006619964993257069
3573.0,-0.0033988466942731785
3581.0,-0.007666275733916271
3590.0,0.0004407362977762004
3597.0,0.0006137423621444678
3606.0,0.00026192062366230297
3611.0,-0.00016238553008853868
3616.0,-0.0063932284399676855
3625.0,0.01668363032844898
3629.0,0.00023678130639234643
3637.0,-0.0011506369883660223
3645.0,0.0005568768658911282
3652.0,-0.0006739066237960232
3661.0,0.0003758180612296428
3672.0,0.0009204807145106805
3683.0,0.0038854723572781394
3689.0,-0.00028841900937001967
3693.0,0.0001525919908665007
3702.0,0.0001429548397794148
3713.0,-0.00027173558977118534
3721.0,-0.0034828607492584786
3725.0,-0.00027496594170800867
3733.0,-0.0021673750771715734
3740.0,0.00011361103349808
3751.0,-0.00044337651947063853
3758.0,-0.0002351611165937706
3766.0,0.0005310701831135896
3773.0,0.0008211661761899645
3781.0,-0.0006913107120429622
3787.0,0.0015518428515459471
3795.0,0.00020217186333531067
3806.0,-0.0020829760332471536
3817.0,0.00010786536299302547
3828.0,0.00011954625942327243
3837.0,0.0007911265906382016
3845.0,0.0008949265714697089
3854.0,-0.0007807514674047055
3858.0,0.00042991168644161145
3870.0,0.0008470194144285574
3882.0,-0.0004609633861561304
3893.0,0.0001477282294494672
3899.0,-0.0002148490685404216
3905.0,0.0005486761501411437
3910.0,-0.00022425270640799848
3918.0,-0.0018569769744696877
3924.0,-0.004363997712599207
3932.0,-0.003027016646189167
3938.0,0.0008680167503763885
3946.0,-0.00025239494836696826
3954.0,0.0003986396564762215
3966.0,5.634639413792819e-05
3977.0,0.0017570288319434019
3983.0,-0.0015560596964938876
3993.0,0.0010232528186120734
4004.0,0.0004927628800117731
4011.0,0.0026535679192024523
4018.0,-0.00012085247261423196
4025.0,0.0015135371811257697
4036.0,0.0001712742512265088
4044.0,0.00043076428123258224
4051.0,-0.016705123772113577
4057.0,-0.00696098270307626
4063.0,-0.00032440953975746686
4072.0,0.0010518163789049603
4083.0,0.0015766646207472281
4094.0,0.0008458262591959744
4101.0,0.0006472986945816938
4107.0,0.0013215286519987434
4114.0,0.00034425210216846935
4122.0,-0.003039511170485273
4130.0,0.00016580777693468135
4141.0,-0.0015644399977831306
4148.0,-0.0006806195176008242
4162.0,-0.0005662508274333237
4170.0,-0.0016271916172911902
4178.0,0.002552495628854784
4182.0,0.0018122352155088772
4191.0,-0.0004793454425140098
4198.0,0.002027651746605939
4205.0,-0.00011482738037837054
4214.0,0.0002822568083886101
4222.0,-6.396315299417182e-06
4231.0,0.0010928066876862434
4237.0,0.00020116173897276635
4246.0,0.0003886074597561555
4253.0,-0.001561557394701353
4261.0,0.0005056892202126901
4269.0,-0.005541834692049469
4275.0,-0.0010544287227239836
4283.0,0.0035686720696938654
4290.0,0.016360356262137023
4297.0,0.005213271497206521
4303.0,0.0012609132222041299
4307.0,-0.0005497804031627649
4313.0,0.0004807634823837513
4319.0,-0.0001508561242200911
4333.0,-0.0012350318989283239
4341.0,0.00033142848086567734
4352.0,0.0007047773613992693
4361.0,-0.0007950120269175832
4368.0,-0.007189957256530047
4379.0,-0.00419860071749486
4383.0,-0.009728009067348067
4388.0,0.00017270927523346368
4393.0,0.0023319361242813987
4398.0,-0.0019726429364208815
4404.0,-0.0003981009524716768
4411.0,0.001725206678695957
4418.0,-0.000949825744947104
4429.0,-0.0020042227854049936
4437.0,-0.000991327297495939
4445.0,0.00047985109584737994
4457.0,0.0004530296228715989
4465.0,-0.00046389563539873946
4471.0,-0.006956676825681158
4480.0,0.0007030975902786624
4488.0,-0.00604419788873279
4497.0,0.002428899614907597
4504.0,0.0010354936533199664
4513.0,0.0006839242159221415
4518.0,-0.0011119035924154817
4523.0,-0.00425773514102146
4532.0,0.015724254650052807
4536.0,0.0003752695192352008
4544.0,-0.0008566069033838686
4552.0,0.0005014952845986172
4559.0,-0.0010926420018504727
4568.0,0.00031663137326034136
4579.0,0.000971506180671631
4590.0,0.0038818536515417943
4596.0,-0.0001478722663464124
4600.0,7.310332076205465e-05
4609.0,0.0002384157890017645
4620.0,-0.0007378235004816137
4628.0,-0.00914159825224976
4632.0,0.0012727160718482733
4640.0,-0.0013156947715874565
4647.0,-0.00014004409616548362
4658.0,-0.0002923016573357319
4665.0,-0.00022573046330574104
4673.0,0.0005247049353014319
4680.0,0.0011967719103228292
4688.0,-0.0011382772305749554
4694.0,0.0013871955343564312
4702.0,0.0003628537484191183
4713.0,-0.0019174406306581933
4724.0,0.00020237645404479857
4735.0,0.004265214146376409
4744.0,0.0015128866468801959
4752.0,0.0011332802554010792
4761.0,-0.00037686080027163186
4765.0,0.00043213066577235123
4777.0,0.0008581869302812785
4789.0,-0.00044540900504903716
4800.0,7.086317429596787e-05
4806.0,-0.0002470906020666583
4812.0,-0.0002538612414562054
4817.0,-0.00029979319093390586
4825.0,0.0019690108757049224
4831.0,0.006364346916776467
4839.0,-0.0010596067433206856
4845.0,0.0007166429464593896
4853.0,-0.0009517319060813707
4861.0,0.00020843504511607606
4873.0,9.204204227996948e-05
4884.0,0.001735842417995521
4890.0,-0.0018963723504655497
4900.0,0.0012595439207957022
4911.0,0.0007672385461788553
4918.0,0.0022086641315692854
4925.0,0.00025706100917174615
4932.0,0.0013195699054766195
4943.0,-0.0007310396088964077
4951.0,-0.003177354412629707
4958.0,-0.0028410063344004614
