,3
2.0,-0.0030502696602498483
6.0,0.015752876812227957
12.0,-0.008946071198440729
22.0,0.0037046495747943076
28.0,-0.01217223243172564
36.0,-0.015472959958269862
47.0,-0.009154313884599339
59.0,-0.01200453719901366
70.0,-0.012076974189773442
81.0,-0.014051371922466197
88.0,-0.016310785884367848
94.0,-0.013790554869219094
101.0,0.004187547194165613
107.0,-0.011674126376535185
118.0,-0.006689272590352737
125.0,0.014179647124540054
129.0,-0.0039029264737548515
140.0,-0.015202781080598032
144.0,0.006678070593996409
153.0,-0.0008831481626844222
160.0,0.00028453051927974227
171.0,-0.014368346195636005
182.0,-0.009645863753257395
190.0,-0.022292805055023665
195.0,-0.0003186136464548299
202.0,-0.04007024775995309
206.0,-0.0067921621931375025
218.0,-0.01884534680041698
225.0,-0.00751314245840021
233.0,0.015577231819041071
241.0,-0.008354751995421081
248.0,0.0006801667116432574
257.0,0.0054143894521346365
268.0,0.005262521233395006
275.0,0.01021602547583352
286.0,-0.008228020212637155
297.0,-0.02005623102031312
305.0,-0.0021060719551111405
311.0,0.023987761710979754
319.0,-0.005795882402973478
324.0,0.004940822312595789
329.0,0.0048962602353503
335.0,-0.03072377243136785
344.0,-0.0043009744626373745
355.0,-0.012170923705966955
363.0,0.015275226206287455
372.0,-0.004585083287015543
379.0,-0.007345287482847345
390.0,-0.006927321449739047
395.0,-0.004508501787864131
402.0,0.0067857221413891115
416.0,0.013106835285241645
424.0,0.015054044561104103
433.0,0.02413015312482174
442.0,0.021391949895711075
451.0,0.017750386475397048
455.0,-0.0015643387315227779
462.0,0.014647242969585214
471.0,-0.001928761346786673
483.0,0.015380374763756427
497.0,0.01694386712140471
505.0,-0.013494848963917526
509.0,0.01440594071309739
518.0,0.013613691784115945
525.0,-0.000898716236804977
536.0,0.016193007581754914
545.0,0.007298409033566203
552.0,0.018927766509434518
561.0,-0.002989551368113121
566.0,0.015017137993350365
576.0,0.01302404586812424
582.0,0.0037326414990643303
591.0,0.009706449210167108
598.0,0.023215434382348837
608.0,0.004500294607553017
619.0,0.01360067167110346
626.0,0.022339774630052867
634.0,0.01798571326827144
642.0,-0.024108861523698868
646.0,0.004322501192888518
653.0,0.02503873155464747
661.0,0.013522040919697092
672.0,-0.021582556223622363
676.0,0.02479605302018161
688.0,0.004933685275430787
700.0,-0.022380074997489494
708.0,0.013446679735000014
717.0,0.015317515477699068
723.0,0.014645638086539618
732.0,-0.0022237724110711846
737.0,0.024757584135234014
741.0,0.007712785442970865
747.0,-0.007008511854373692
757.0,-0.015080203060077995
764.0,0.0055491491284663545
771.0,-0.013091645491215526
780.0,-0.0017791616434218952
791.0,-0.009874539687707143
799.0,0.001417070660810442
811.0,0.007877739528848524
815.0,-0.0011231296567134328
821.0,-0.0032508116864148457
829.0,-0.00039034734537665147
836.0,-0.014912113221510535
840.0,0.016901641972858403
846.0,0.0035858494618740454
854.0,-0.015791567726035936
868.0,0.004253706352280083
879.0,0.0019547536932730362
890.0,-0.007703529050395554
898.0,0.007490233642538886
909.0,-0.035044063912081695
913.0,-0.01304523303001233
925.0,-0.021296712152324634
935.0,-0.00896292427183853
944.0,-0.00471385471996384
956.0,-0.01926071443128439
961.0,-0.015828877520907683
973.0,-0.02616017350922796
981.0,0.018847012146065892
985.0,-0.003701164601507085
994.0,0.02464033745733372
1002.0,-0.01889259201476694
1014.0,0.001409870552900188
1022.0,-0.016333311583165058
1027.0,-0.007796990773399852
1035.0,0.02134450470096888
1044.0,-0.002743942364328811
1053.0,0.006087307378778907
1061.0,-0.01535220990216154
1069.0,-0.005313065582884408
1080.0,-0.00043410871964979673
1086.0,0.004312226160216564
1100.0,-0.01750873498322619
1107.0,-0.026948796369074404
1112.0,-0.01851562727897084
1117.0,-0.004824063689766928
1125.0,0.005495529914370478
1133.0,-0.00023912891204633854
1138.0,0.009518488022182631
1143.0,0.014183147602459954
1152.0,0.006049772714208325
1159.0,0.012523974080534881
1166.0,0.003000373818975502
1175.0,0.01969394775466491
1185.0,0.012744767328391396
1194.0,0.023746125276846015
1208.0,0.009450604067736247
1217.0,-0.0007243066291947554
1222.0,0.007036523174931077
1227.0,-0.016009716762684888
1237.0,0.010566960590996464
1244.0,0.008262565460463448
1249.0,0.015798461873296515
1258.0,0.008413334780165154
1267.0,0.02714896383415529
1275.0,0.005288701242749296
1286.0,-0.0034775314941457693
1291.0,0.0014599076402918693
1303.0,0.016856959462670563
1311.0,0.017391474605540712
1320.0,-0.04459124890547193
1324.0,0.006393312792700861
1331.0,0.005370919112725159
1337.0,0.013550288996537055
1344.0,0.010284744738690729
1353.0,0.02238729324171018
1367.0,0.003063087578452058
1375.0,0.019088031636115582
1386.0,0.008555459860446795
1397.0,0.02040550544524906
1409.0,0.011712159634609517
1417.0,0.008503299447846764
1426.0,0.02354576016626698
1434.0,-0.02727473368880495
1438.0,0.003762424124856057
1447.0,0.012149100095060908
1456.0,0.0062371317153217705
1463.0,0.007020131872351489
1471.0,0.021792785617278602
1480.0,0.012223719017751404
1491.0,-0.003368539940012882
1498.0,0.0012308639787897485
1506.0,0.014160105983708239
1511.0,-0.00361004401207991
1518.0,-0.009415719772254017
1527.0,0.00845145260597721
1534.0,0.01124419777784094
1544.0,-0.013924659691193057
1552.0,0.01448253051475815
1559.0,-0.013929258329632039
1569.0,-0.01801372313307203
1579.0,-0.008740921436265857
1584.0,0.008283588879850774
1591.0,0.009999615564258635
1597.0,0.019469930082609856
1605.0,-0.0030278292008462286
1615.0,-0.015204907969045557
1624.0,-0.021396252814339684
1629.0,-0.0013285791766957666
1636.0,-0.008423884348804271
1644.0,-0.013056870323255856
1655.0,-0.011583039366585222
1661.0,0.00579545797468292
1675.0,-0.02586198413948293
1680.0,-0.0020235688456946704
1688.0,-0.018672210696402854
1694.0,0.006101671476523636
1705.0,-0.008302262029350983
1717.0,0.003436192597857159
1724.0,0.011388532989608013
1729.0,-0.008256081421391696
1738.0,0.0030306871442329596
1746.0,-0.016296828498371132
1753.0,-0.005107479564656421
1761.0,-0.00040822577308746033
1768.0,0.002337443526732494
1782.0,-0.007268088474506778
1791.0,-0.021962960262290023
1802.0,-0.020379507427573752
1810.0,0.0084813889546106
1814.0,-0.016489040891212017
1823.0,0.011748981982960817
1831.0,0.0014249044058475737
1840.0,0.010022331384137653
1847.0,0.0030838815570036434
1856.0,0.0063689112151666056
1864.0,-0.003437279268889065
1871.0,-0.01962611960491296
1880.0,0.010245880699412629
1888.0,0.007115933239390982
1895.0,0.014326001372657536
1904.0,-0.0019675922709398034
1911.0,-0.0019306882593735821
1922.0,-0.007597824751078134
1929.0,0.0001791177177529902
1934.0,0.031899685233511596
1938.0,0.021832909064501055
1946.0,0.017279344943884913
1950.0,0.007315801092151385
1957.0,-0.00034702350164500403
1968.0,-0.014406622088466098
1977.0,-0.002396171291950858
1986.0,-6.928719072100778e-05
2000.0,-0.019352197721200996
2005.0,-0.01926635072667271
2010.0,0.000560455740869753
2017.0,-0.014087039377587719
2024.0,0.011709202700789486
2031.0,-0.0007188309553616785
2038.0,0.0077187475355089685
2044.0,0.025248460543670026
2048.0,0.005888807377779783
2057.0,0.018901438550498417
2066.0,0.007034527723522393
2075.0,0.020096019710924225
2086.0,0.004863920966897621
2098.0,0.004122685509021484
2105.0,-0.008097638905790686
2111.0,-0.012005899209217673
2121.0,-0.009597667206496161
2128.0,-0.011770875788166057
2137.0,-0.007334138911553798
2147.0,0.014513859792630287
2156.0,-0.013910396478784517
2160.0,-0.005603652787509525
2168.0,-0.0033946109269550146
2175.0,-0.006958544495167564
2184.0,0.004399008812879082
2191.0,0.008191303929760974
2199.0,-0.015095085138643285
2206.0,-0.011819590521952654
2214.0,0.006466414183288673
2225.0,0.004175055714570708
2239.0,-0.02086262334609142
2248.0,0.0028738724859498376
2257.0,0.0028551337573019726
2266.0,-0.009387663062361008
2277.0,0.008995562051377713
2284.0,-0.004728530738827948
2291.0,-0.008228754234198277
2300.0,0.0036950286489087743
2308.0,-0.016682047035649506
2317.0,-0.009485779357457664
2324.0,0.005348668416818735
2336.0,0.004543745809763464
2342.0,0.004446592555689819
2353.0,0.009418124696833787
2363.0,0.0007555108443057376
2370.0,-0.008437262454651928
2375.0,-0.012013574369910249
2384.0,0.008188016497246195
2392.0,0.01522678095673114
2396.0,-0.0012154675315363096
2405.0,0.014633007226962398
2411.0,-0.023454084387606773
2419.0,-0.01110720215394751
2430.0,-0.010311149249457498
2438.0,0.005628860437561033
2446.0,-0.01991329769187156
2452.0,-0.018616017417637586
2464.0,0.002526640954370814
2471.0,0.011322117339740399
2477.0,0.002922595091620877
2481.0,0.014386377261888723
2492.0,-0.0008541987215414088
2502.0,-0.0027784745712384324
2509.0,-0.0063365398536412085
2515.0,0.016143405789144992
2523.0,0.0025231393845079083
2531.0,-0.015768852351504235
2540.0,-0.01188601913060964
2547.0,-0.0028252805970546903
2555.0,0.000803087757462501
2563.0,-0.005528538467984788
2571.0,-0.02210534184465655
2580.0,-0.020570188312209036
2588.0,0.011525780995848132
2592.0,0.0023833111530786187
2601.0,0.0028863105307251518
2612.0,0.00239282417377884
2620.0,0.017341709754075202
2629.0,-0.013526228904907458
2638.0,-0.006585984841154676
2645.0,0.011858679936861695
2654.0,-0.003043259631684415
2664.0,0.008520733359532672
2670.0,0.009794130503008692
2678.0,0.004340819012112028
2686.0,-0.006785249656970743
2692.0,-0.0028100896158262715
2703.0,0.0156297400040994
2709.0,0.015139257794058721
2718.0,0.010058813141378563
2726.0,0.005077771016573922
2740.0,0.00011080768843924693
2746.0,0.014075676017172025
2757.0,-0.00328444387244762
2769.0,-0.010383268380206239
2777.0,-0.016096393816557773
2785.0,-0.0014741532608227588
2797.0,-0.002267551085213502
2809.0,0.003846142797263523
2816.0,0.00771787044617874
2825.0,0.0080694952811952
2836.0,-0.013658482126217567
2843.0,-0.006135565498853442
2850.0,0.016671491722933793
2857.0,-0.0016476128464394245
2866.0,0.017380834981075705
2875.0,0.015488970200301757
2883.0,-0.0017290403135067935
2892.0,-0.009716536479447547
2904.0,-0.013518462114509338
2909.0,-0.017429023276019112
2915.0,-0.015606269757622067
2926.0,-0.005587802542884978
2933.0,-0.009152206471594222
2941.0,-0.006395831129432446
2951.0,0.006130062462661774
2958.0,0.01947622597374842
2965.0,-0.002209847152434907
2973.0,0.016710956540051773
2979.0,-0.003802642036231879
2988.0,0.0022866097083918545
2995.0,-0.009752038208985302
3004.0,-0.006906861220761805
3012.0,-0.009754773370342024
3019.0,0.014390056248814996
3028.0,-0.0052116362008992135
3042.0,-0.017646908086896933
3050.0,0.007457365998200786
3061.0,0.021650374806938752
3069.0,0.00955870683818888
