,6
2914.0,0.00015085211071105516
2922.0,-0.001025280610361089
2931.0,-0.0006510713540255415
2939.0,7.36697300086446e-05
2944.0,-0.0010803086142145305
2949.0,0.0004515949588601499
2960.0,7.772820277370906e-06
2968.0,0.003751397618759499
2976.0,0.0006676853242067876
2987.0,-0.00034126347434422624
2994.0,-0.0003078362398248828
3005.0,0.0003359833785979372
3009.0,0.00034100196079417356
3018.0,0.00656911687647852
3025.0,0.0016400243180891626
3034.0,0.0008609969606259518
3042.0,0.00615196037687461
3048.0,0.0010764949824765343
3056.0,0.004337876161866587
3061.0,0.004012433486768434
3068.0,0.001461763209728717
3076.0,0.00213566968330138
3081.0,0.005535377228797291
3087.0,0.0010286899369216689
3099.0,0.004998237868393752
3107.0,0.0028907912827521197
3114.0,0.0007913383962124304
3125.0,0.0014485069398386167
3133.0,0.0029307542574650578
3140.0,0.0012170356027061606
3151.0,-0.001957348690565283
3162.0,0.0005239815935979449
3174.0,-0.00041598247581755735
3182.0,0.001345252454894264
3190.0,0.0010376245374216285
3197.0,0.0003681794178485175
3205.0,0.00035694385979848493
3213.0,-0.0003784730271968375
3222.0,0.000348885746294227
3231.0,-0.0005183303716118354
3238.0,-0.0033567285770823973
3249.0,0.0013794071134829158
3257.0,-0.0009689298538030614
3263.0,-0.0017326980552449835
3273.0,0.0022634576733297617
3281.0,0.002137710813486976
3288.0,0.00015035328919964325
3293.0,0.002673740422235134
3300.0,0.004825300625733686
3304.0,0.001658038223613615
3313.0,0.0022516111761437716
3321.0,0.0020166335424258077
3329.0,0.007281945490239198
3337.0,0.0018165338853465716
3349.0,-0.00012995815053435717
3357.0,-0.0003384394552859945
3365.0,0.005880378920337551
3374.0,0.00010043549754081188
3382.0,-0.004110377664281134
3390.0,-0.003633751087484899
3397.0,-0.000900906404197496
3405.0,8.797813600740448e-05
3412.0,-0.00017249177462899497
3424.0,0.0010224256805920946
3434.0,0.0009174889992667502
3446.0,-0.0007173166938267055
3453.0,-0.0028638265198368345
3460.0,-0.00037740479053309566
3466.0,-0.0002641821528667827
3475.0,0.0015491020623268012
3482.0,-0.0006567141956563867
3490.0,0.0005087813461012032
3494.0,-0.0012232742357297165
3505.0,-0.0029869265929964523
3513.0,-6.679214371377643e-05
3519.0,0.00031532173453612905
3531.0,0.0026248151490578485
3540.0,-0.0015292947804353928
3549.0,-0.00029390477245120554
3560.0,0.0006106831895194767
3572.0,0.0022351814349399553
3580.0,0.0007877168337646167
3591.0,0.0012966030160489403
3599.0,0.00029659622028600877
3610.0,0.0010051484204873931
3621.0,-0.0042187099458008215
3628.0,0.003725371918719907
3636.0,0.0014070854099394526
3645.0,-0.0011429560269171917
3652.0,0.0028520216371797644
3658.0,0.00021008918153957138
3665.0,0.0011089571287592808
3673.0,-0.00029953966702088973
3681.0,0.0011562983002402028
3688.0,0.002883337983321206
3700.0,0.00020228589834341782
3709.0,0.0007118400824737947
3721.0,0.0006804262508881972
3729.0,0.001930978142517795
3737.0,0.004027934813888231
3741.0,-0.0017648645574329445
3747.0,-0.0006348317070122142
3753.0,0.0002869540307099596
3757.0,0.007337145736417728
3765.0,-0.0012362142941887227
3773.0,-0.0010023457275122225
3779.0,-0.0001585163334440264
3790.0,-0.002605410784358824
3796.0,0.00032714908947070124
3807.0,-3.47846435148554e-05
3816.0,-0.00033506963563601275
3823.0,-0.00017800135613547713
3828.0,1.5661122933633466e-06
3835.0,-0.00026009971908587523
3842.0,-0.0001434678343556465
3851.0,0.0003534766979746383
3862.0,0.000777223066367476
3868.0,0.000578187148536911
3874.0,0.001430915000108625
3884.0,-9.564109701415372e-05
3890.0,0.000576283241807558
3897.0,-0.0006147840554434102
3906.0,-0.0029956707984508074
3913.0,-0.0011227556734653636
3922.0,-0.0004901154512263574
3931.0,0.0007872132150557351
3942.0,-0.0004537049423874952
3947.0,0.0005353324693962847
3955.0,-0.0010427894645893081
3962.0,0.001437832069844208
3967.0,0.0007807962986074393
3975.0,0.00021432861027887758
3985.0,1.6970136664792183e-05
3991.0,-0.0007089129906255083
3996.0,-0.0029636260285512955
4003.0,-0.003358230397114193
4009.0,0.0018698127879309134
4017.0,0.00041649821891665196
4022.0,-0.000343218564406046
4029.0,0.010389285627309473
4034.0,0.0005214058362407073
4043.0,0.0008936913512325613
4051.0,-0.0001759233076495133
4059.0,0.001146362482130345
4065.0,0.0011225870760773764
4073.0,7.370063096578616e-05
4085.0,0.001017853919072188
4093.0,0.0012874828290155658
4100.0,0.0010438456259251484
4112.0,0.0030447165719726804
4120.0,0.0016476762030020336
4128.0,0.0016181145517701612
4135.0,0.0009412798636587066
4144.0,0.005355514697410118
4153.0,0.0018828894475287489
4162.0,-0.002978843083231742
4176.0,0.0019632624516929247
4186.0,0.0011638954245734594
4194.0,0.00016242172846763557
4202.0,-0.0004525718475260311
4210.0,0.00045048055971242117
4217.0,0.0002992594709411053
4225.0,0.0006965139294233978
4233.0,-6.63649369652649e-05
4241.0,0.0007152100423506149
4245.0,-0.00044168277826012105
4253.0,-1.7371287159624062e-05
4264.0,9.805819873747877e-05
4272.0,-9.89362185670543e-06
4277.0,0.00016390909368234027
4285.0,0.00023082713616831018
4291.0,-0.005747661272018951
4297.0,-0.001776442796295813
4309.0,0.0018450452501799497
4316.0,0.0016315658331257173
4323.0,-0.00010767475693290808
4329.0,0.009950575547469193
4335.0,0.0008589085648499124
4344.0,0.0016355310038908622
4358.0,0.010377237347012652
4364.0,0.00857689011379115
4370.0,0.001225356360118789
4378.0,-0.0001150112846156027
4389.0,0.00014244907093688932
4397.0,-0.0023723995919158304
4408.0,0.003318567713043474
4415.0,0.0030250912512616523
4421.0,-0.0012987367094452632
4427.0,0.0010328530183044845
4434.0,0.001591433850670986
4445.0,0.0001945846779148752
4454.0,5.52080865429777e-05
4468.0,0.0023479691333705157
4476.0,0.001291958189964696
4484.0,0.0019095632794496578
4491.0,-0.0004948040991022684
4499.0,0.007903372228728637
4505.0,0.0036361848375017682
4510.0,-4.046780552813274e-05
4518.0,-7.7074627116609e-05
4525.0,0.0010314142442682472
4532.0,0.0015045814483838835
4537.0,-0.001931284326428165
4544.0,-0.006228316919824737
4550.0,1.1444238685262175e-06
4557.0,0.001919163393206936
4565.0,-0.000523662057605123
4571.0,-0.0008333048866416036
4576.0,-1.734114291244306e-05
4588.0,-0.00011854180107028678
4596.0,-0.00028804098586317716
4607.0,0.001456278907944586
4615.0,-0.0011607567509750757
4622.0,-0.0006765125065497223
4629.0,-0.0006870309018313137
4634.0,-0.0005576041609781035
4638.0,-0.004171344674697931
4644.0,0.0011292755505145228
4652.0,0.0005184389473063227
4660.0,0.00038407194898282243
4669.0,0.004302493925232129
4675.0,8.506951890674024e-05
4681.0,0.0026702135646021878
4688.0,0.0004561294906816298
4695.0,-0.008271405326226668
4702.0,0.018877325747161795
4706.0,0.007536833224504573
4712.0,0.0004502034461134892
4717.0,0.0014459757395088452
4722.0,0.001235869846611488
4729.0,0.00028861265764737573
4740.0,0.0027569074493592315
4748.0,0.0007118035285686551
4759.0,-0.0005283564516601054
4768.0,0.005479814159265526
4773.0,0.0044597249654369595
4778.0,-0.0024835660368710114
4790.0,-0.012244130489455244
4794.0,0.0004887184071277155
4802.0,-0.0002964510989968659
4808.0,0.0005966703678768451
4816.0,0.004206739279735677
4825.0,0.0007353543432253716
4833.0,0.0008906884901710967
4838.0,0.0034563529111614386
4846.0,0.0030338595594522366
4851.0,-0.0013082835631299734
4859.0,0.0004319509421391801
4865.0,0.0008317683114785332
4873.0,0.0010704510466463917
4883.0,0.00024478937391862786
4895.0,-0.0006562122185776396
4902.0,-0.00016049767715136976
4909.0,0.0003765447359289226
4918.0,0.0005633403349769549
4925.0,0.00032981343386094254
4932.0,9.106944979854946e-05
4940.0,0.002491123155595259
