,8
0,0.0006059133415134663
1,-0.0007704486826990253
2,-3.215027729418544e-05
3,0.00012585661717598632
4,0.0001342389781176088
5,0.0002545295445303388
6,-2.4115678184789318e-05
7,0.0005192400038665348
8,0.00014526964820259642
9,-0.00013157888148873767
10,-0.0007658599132542132
11,-0.00034655938015512876
12,0.0007373509912119265
13,0.002734869509690691
14,0.0005109772771140979
15,-0.00015623103670498253
16,0.002525794603878169
17,0.0024292685018881804
18,0.0013394463792201722
19,-0.0007761233076789888
20,-0.0008086134553201089
21,0.0010413920516252025
22,0.0021739385832713004
23,0.0007209541042201525
24,0.0009554172798687548
25,-0.0003012062508755114
26,-0.0003484003370138174
27,0.0007914494058627277
28,0.0003256151454257147
29,-0.00030844581353150753
30,0.0004077169312054104
31,-0.00030895887827565963
32,-0.0005994298260408274
33,0.00015423958778412473
34,0.0006267852596898858
35,0.0006681861729136211
36,0.000489000340949185
37,-9.651959585143335e-05
38,0.0002692675090592936
39,-0.000239904008681669
40,-0.0006709572895703393
41,-0.00027969373785378493
42,-0.0029179752244656836
43,-0.0009490496933532542
44,0.0005995267388531908
45,0.003939730220401912
46,0.0005917668326022717
47,0.0003363864952769971
48,0.0028357663129062794
49,0.0006353209316212104
50,0.0003018363684418837
51,0.0008023989652713204
52,0.0016379546929173156
53,0.0013948283199491083
54,0.0004763270860137156
55,0.0007719122931962232
56,0.002392192855680239
57,-0.00031870593996113884
58,-0.003472084176130458
59,-0.0010390509116023645
60,-0.0012372264006242951
61,-0.0015253820788387734
62,-0.00043315202966473493
63,0.0018617202831544488
64,0.0009929804410544099
65,0.00024611118481374875
66,0.0002601145885996906
67,-0.0015199862118235776
68,-0.0008355522448060096
69,0.001646736143083341
70,0.0006915994852735245
71,-0.0003040077135537575
72,-0.002460419342603086
73,-0.00048397352181815613
74,0.00023107711417125212
75,0.0009599889167162245
76,0.00120291519789551
77,-0.00014264356099757196
78,-9.532336430687118e-05
79,6.372797455787184e-05
80,1.592701558335477e-05
81,0.00024355894734507882
82,0.0007426375618457105
83,0.00010174622350286696
84,0.0004349956112144828
85,-0.0003130941035642741
86,0.0025125723859673772
87,-0.0002290201063287669
88,0.0003289237955897579
89,-0.00020618335369809672
90,0.001445963093838703
91,0.0009726112048737254
92,0.0008478103403004865
93,0.0002855638843661425
94,0.00047063647634736533
95,0.00026400424428482086
96,0.00040922633974692103
97,0.00035351454905859484
98,0.001242725514564883
99,-5.394133297297099e-05
100,-0.0023753305652820314
101,0.0003690551251344457
102,0.007011046457670283
103,0.0031394060997862894
104,0.0016199345472426253
105,0.0003456317556421979
106,5.547545068034269e-05
107,5.454100166084406e-05
108,-7.908974525037121e-05
109,-6.923589969767556e-05
110,0.00014427594683658767
111,1.7076925829917814e-05
112,0.000365072793965211
113,1.0035676547035255e-05
114,-7.5907449588370895e-06
115,0.00016123571833134913
116,0.0009398748957797503
117,0.0006402080941044026
118,0.0019301151851357952
119,0.0009010400156926425
120,0.00042037371874004234
121,-0.0005627603814893369
122,-0.0003804105018226454
123,-0.0014185176582441506
124,0.0006430675656671509
125,-6.658538435153726e-05
126,-0.0003246577211870562
127,-2.4288755446396925e-05
128,-3.441581171114849e-05
129,0.0001916104807716187
130,0.00045671430139156035
131,0.00011308726564248655
132,0.00010060077406485905
133,0.0001785296327623206
134,-0.002615159143893822
135,-0.0022927127569669532
136,6.451243339361706e-05
137,-0.0002236319452182373
138,0.0008091373218721748
139,-0.001421967895664644
140,3.052649311292557e-05
141,0.000432339066743219
142,3.292944981943941e-05
143,-0.000654884217185763
144,6.300597284095429e-05
145,0.00031480620951992414
146,0.0022291724066869343
147,0.0007933397209271554
148,0.0002728018419185783
149,0.002450983896532054
150,0.0010277068474082106
151,-0.0003600955761364811
152,0.0007583123040342677
153,0.0011620084445807162
154,-0.0011143149107179966
155,-0.0007571432711999687
156,0.0006086926630071847
157,-8.445165381535683e-05
158,0.0002526870342274868
159,0.0001089716789476194
160,-7.400596700902023e-06
161,0.0007427140098578911
162,0.0005532351740062191
163,0.000481854513857235
164,-8.665723284355839e-05
165,0.00011242615276720829
166,-2.5341253741519004e-05
167,0.0002696587960944568
168,0.00010393642559861958
169,0.00023407032124592386
170,-0.0018869042333802303
171,0.000967434727218194
172,-9.1037402282655e-05
173,-0.0008408771629790671
174,-0.0007577862226456291
175,-0.0006300100152964694
176,0.0006569487961548234
177,0.0004796952561652865
178,0.0021445097907437554
179,0.0029292453916588772
180,0.0020207992701096475
181,4.8948565230692674e-05
182,-0.0002069139637517197
183,-7.816314004065858e-05
184,-0.0007633350769843288
185,-0.0006217926049452348
186,0.0008211288180889264
187,0.003977099264927989
188,0.0024864325587200956
189,0.0015324843059386067
190,0.0009816049489759127
191,4.40090502237632e-05
192,-0.0012916177551530693
193,0.0009106187490012929
194,0.0007121619637690971
195,-6.61426614224574e-05
196,0.0029703710204891194
197,0.001313138185252473
198,-0.00024277333284196287
199,9.333443929158591e-05
200,0.00024049027146668488
201,-0.00013529548043628067
202,-0.00016792027764222053
203,-0.005275238803157018
204,-0.00244610480218129
205,0.0007598664813872024
206,0.0005421211561150622
207,0.00035770728605126625
208,0.00017085946618597384
209,2.5420020808989745e-05
210,1.820671643295183e-07
211,4.1602836350172195e-05
212,0.0005530768486168359
213,-0.0005902011907245784
214,-0.0002588384694150387
215,-8.786042701361776e-05
216,-8.599458152520634e-05
217,-0.0005940357199501364
218,-0.0002688015217826242
219,-0.0006450218240518174
220,0.0001366700003134291
221,0.0006076482561405326
222,0.00045135374921373233
223,0.0002027121677244075
224,-0.004130748667437282
225,0.009005213445769227
226,0.00121543503504271
227,0.0026141680329294795
228,0.001366911075931414
229,-0.0008336852075843436
230,-3.0620909808686697e-06
231,0.0026584632227317547
232,0.0009244347502571864
233,-0.001443080365718025
234,0.0019233429131423581
235,0.00156522435736835
236,0.00024619656775047533
237,-0.001374117519891469
238,-0.0011879885535163342
239,-0.000573136615035428
240,0.00032798105285776534
241,0.0008109531677631017
242,0.00034141397186071765
243,-0.0002581405157033502
244,0.0018699175318277082
245,0.00044026380705716565
246,-0.00015566783574272452
247,0.00025878546568715587
248,0.000647647656906485
249,5.566241384334396e-05
250,3.207605139516472e-05
251,-0.0003064433092315055
252,0.000371840476287008
253,-0.00027543942499458915
254,6.859074658626666e-05
255,-0.00013433957892984393
256,0.00041045906015134594
257,-9.242894676923775e-05
