,3
2.0,0.008472891180966901
10.0,-0.00836128210336681
17.0,0.014972313938036129
21.0,-0.006576655045980942
25.0,0.0035790576339316186
37.0,0.0017254083989703634
44.0,0.016486688820029533
50.0,0.009817292441879349
55.0,-0.004699796959792115
60.0,-0.018935383796294076
68.0,0.013581880984550711
74.0,-0.0019886963051936797
82.0,0.0020055009703712043
89.0,0.012227181789642747
101.0,-0.002247087695356244
110.0,0.00925231634610177
117.0,-0.015251635376325503
123.0,0.002862791254296885
131.0,-0.0069729750431303614
139.0,-0.021802936763496646
145.0,0.029309367172151442
149.0,-0.014171413150255503
155.0,0.00309015951082588
165.0,0.008610835922136972
176.0,-0.005709456865875634
182.0,-0.02770111564571256
186.0,-0.005950368067347362
190.0,-0.012752593333525936
196.0,-2.7600073128543003e-05
204.0,0.005960371752193619
212.0,0.010164453242384453
220.0,-0.000932422701134683
226.0,0.0023914172955105924
235.0,0.0005640958647883236
249.0,-0.012549815751913503
256.0,0.0022507570751469385
263.0,7.622765123343564e-05
269.0,-0.008799365442250639
274.0,0.00890861439250011
279.0,0.017345627435022586
289.0,0.017068064293741785
295.0,0.0070598974153793905
307.0,-0.00606226468966883
316.0,-0.004928530464035761
322.0,-0.016336156650405425
333.0,-0.0034301822700622425
341.0,-0.022210653272412718
350.0,-0.007964726500939044
357.0,0.01199413376070854
368.0,-0.008497162032580457
376.0,0.0054588690291380105
380.0,0.012809061109050071
389.0,-0.0019141054550288253
399.0,-0.013646332957860897
407.0,0.01868057721187065
415.0,0.0011933754077036
423.0,-0.009352319742988339
430.0,-0.0019512059120005449
438.0,0.014944393673261051
447.0,0.01872966074507876
451.0,-0.009834134394990576
459.0,0.008480861990172754
468.0,-0.019082491742342295
477.0,0.0005753810017341535
488.0,-0.013981617471576576
496.0,0.019559244046485333
504.0,-0.0005907577984134854
509.0,-0.019817019153340346
514.0,-0.004247184609954767
523.0,-0.012687667601155972
531.0,-0.011947877636037111
539.0,0.009526278906493794
546.0,0.014652389810982614
556.0,-0.006083247892548827
563.0,0.011015889211575819
571.0,0.0016767847208217107
582.0,-0.017616007647781894
590.0,-0.00882787545925088
594.0,0.007520734936827762
602.0,0.018181888416959672
609.0,-0.00011333512769627131
617.0,0.0170544625485751
625.0,-0.01314157290231572
633.0,-0.008491486721172323
641.0,-0.0010998299812399006
649.0,0.003939744430919279
657.0,-0.009337644079029508
665.0,-0.011021305720620338
673.0,-0.011862088271946057
682.0,0.015655415671347022
690.0,0.014517620850456436
696.0,-0.0036658284391664704
702.0,-0.003980159816226936
709.0,0.011220787859439155
714.0,-0.013097908730328645
721.0,0.016790612525252574
729.0,0.024666761073380124
737.0,-0.017854922612988745
743.0,0.010482006545435584
748.0,-0.0209240869622672
755.0,-0.0027050449128475894
760.0,0.00013871781675385344
767.0,0.004786174789280869
774.0,0.009045228198349563
780.0,0.017596939388351766
788.0,-0.007437961101406167
795.0,0.004052053014630058
800.0,0.0057884582051488664
806.0,0.01429667480108079
812.0,-0.007448149731614716
817.0,0.007054098928020239
822.0,0.005151953957214609
827.0,0.011691037891995451
831.0,0.0029838870325771443
838.0,0.014425856051867551
847.0,-0.014295032629923224
853.0,-0.014566345408757774
861.0,-0.005795364546769583
869.0,0.003108180002067534
875.0,0.009796765985615142
879.0,0.002631391543497157
893.0,0.007084231922923876
897.0,0.01846836560063624
905.0,0.013620744116745494
912.0,-0.0012407785526985298
921.0,-0.003894256788511313
927.0,-0.005518867804286617
933.0,0.017972355736977374
937.0,-0.01658925613047139
943.0,-0.02341792003946502
949.0,0.0012923076060531971
961.0,-0.00044252131260286864
968.0,0.003951577203167218
974.0,0.020049013562923605
982.0,0.013510139230159679
990.0,0.002019466918227197
999.0,-0.004259073075571213
1005.0,-0.010987065251221211
1013.0,-0.01132468768547804
1022.0,-0.01934901118914474
1027.0,-0.00387729883246963
1034.0,-0.012368387766094672
1041.0,0.01813353101166797
1049.0,0.0019889353680955504
1055.0,0.017017106811117493
1063.0,0.00741901891874721
1069.0,0.011172372667111154
1075.0,-0.0010866919417562395
1081.0,0.009874236391900005
1090.0,0.014130435336119388
1096.0,0.018043582057002842
1102.0,-0.009207180776624004
1114.0,-0.0058016858984477485
1121.0,0.014878437862879259
1125.0,0.0065788941758769615
1134.0,0.0034535246468056393
1142.0,0.01975729856463575
1149.0,-0.011054399112899675
1153.0,0.011635107128084216
1161.0,-0.011049387361542125
1169.0,0.00869879723634778
1177.0,-0.0012441591839825873
1183.0,-0.013227796067201357
1190.0,0.025210380034055825
1194.0,-0.02067025799714543
1205.0,0.02092559422882217
1213.0,0.0133490061139492
1222.0,0.01827574099762543
1226.0,0.03753209398464486
1230.0,-0.012179816588185665
1239.0,-0.007278975806477793
1247.0,0.0054220107999079625
1253.0,-0.005942031680466823
1259.0,0.010395315951288196
1268.0,0.023433354784742448
1272.0,0.012091257478724981
1280.0,0.0157192579955095
1286.0,0.022189955494271486
1290.0,0.018208864507569145
1294.0,-0.00010793081795897645
1301.0,-0.012144919516916297
1308.0,-0.006338447537957169
1315.0,-0.015911456835492072
1321.0,-0.019065847189283686
1329.0,0.008952427916563496
1333.0,-0.015208375886829311
1342.0,-0.016496429519229083
1350.0,0.0042893301495412605
1359.0,0.0022489922941158797
1363.0,-0.009869859471734943
1371.0,0.008478342714657198
1378.0,-0.01763739570099652
1384.0,0.0021086722476646464
1398.0,-0.005511350831770791
1402.0,-0.0144869735553265
1414.0,0.015996609007092683
1418.0,-0.016769684248032855
1424.0,5.814901290659329e-05
1429.0,0.012247785858982735
1438.0,0.00829361138493117
1447.0,-0.019271188637814123
1455.0,-0.01880596514877338
1464.0,0.002623968132449075
1471.0,-0.02113439348311123
1475.0,-0.0064318212041527476
1482.0,-0.010726119062440781
1494.0,0.010226582543065372
1501.0,-0.023340817121420294
1510.0,0.013033444581306132
1517.0,0.0007069361245097586
1523.0,0.0202757346432223
1531.0,-0.0038027082660287968
1543.0,0.011277820130110635
1550.0,0.014504564773081098
1558.0,-0.004246914164863658
1572.0,0.001230031633280929
1580.0,0.02265807243225886
1589.0,0.006702601555394851
1598.0,0.009548202620342085
1605.0,0.00914958698522898
1613.0,0.007910552121143895
1618.0,-0.0028251198578599073
1623.0,0.007527237468272594
