,8
0,-0.0006685056230572525
1,-0.0010413781609300045
2,-0.0019371411878482997
3,-0.0009081558247090337
4,0.000892616970203998
5,0.0028129495356463336
6,-0.0005713684987485857
7,-0.000546628071949925
8,-0.0042870342525072325
9,0.00010706134383693089
10,0.000699251624596946
11,-0.00046049137865758054
12,0.0012162740078433324
13,0.00025184955359234054
14,-2.4974984791645165e-05
15,-0.00015612535159875742
16,0.0005501137019521031
17,0.0002836052600789652
18,-0.0002770087510751088
19,-0.00013327983484014575
20,-0.00236007644965188
21,-0.0009115371868237437
22,0.0003489719353568426
23,-0.0011494385931964273
24,-0.00028904712534418844
25,0.0003826584480856406
26,7.54047890341561e-05
27,0.0005571771278489957
28,-0.00042973038483334387
29,-0.00042041509972100374
30,-0.0023223897039858325
31,-0.0012226219425127824
32,-0.0004857067171450809
33,-0.00017309687525511293
34,0.00047608380880093386
35,0.00012662947443726422
36,0.0001298096668983166
37,0.0001878246250990568
38,-0.00023698958859089323
39,-0.0009215779182346683
40,-5.355534163737395e-05
41,-0.00029235262417155766
42,8.211990843030525e-05
43,0.002168312100966656
44,-5.4985234082389936e-05
45,0.0008629233655365809
46,0.00020241792637835343
47,0.00019413698856470476
48,0.0005688743396236284
49,0.00015079698845128789
50,-6.297222625022346e-05
51,-0.00025136902124286205
52,0.00023306346165836016
53,0.0011329989842150917
54,-0.0004872375103332717
55,0.0023372221766910445
56,0.00033061879159297967
57,-0.0023014591431282233
58,-0.00226245891994888
59,0.0007727280420821961
60,-0.0008341462743484427
61,0.0013138249216872644
62,0.001762685364664383
63,0.0011233276333065822
64,-0.0004503957145466358
65,0.0003635049716013692
66,0.0007765041311009381
67,0.0026196848366595196
68,0.0005702323719930256
69,-9.490016069494135e-05
70,-0.0003550426891160757
71,-0.0004044320473588138
72,-0.00016871021475004308
73,-0.00036633233505341283
74,-0.001814338323802275
75,-0.00041751673824191567
76,9.707283770822993e-05
77,0.0027604533282998265
78,0.0021678417386390507
79,-0.0029120577077302295
80,7.447657161785099e-06
81,-0.00018840990673980035
82,-0.00013446110467266187
83,0.00022124164327429603
84,-1.194891686397115e-05
85,0.0003340815334404848
86,0.00020264349292300988
87,0.0005255900162288965
88,0.0002773143862132871
89,0.0005669154324860033
90,0.0013714865527149921
91,-0.0009226107865463024
92,-0.00043744060482857035
93,-0.00039287402324571366
94,-0.001609827036505106
95,-0.001754965698746946
96,0.0010158957470503402
97,0.000753580028993857
98,-0.0004055083938000243
99,0.00013484268358380255
100,0.0032383315068443873
101,-0.00020313886857625476
102,-0.00047470108803327794
103,-0.0006523317913191891
104,-0.00024114652327464762
105,0.000674233915189028
106,-0.004354610751940309
107,-0.0016874504192104646
108,-0.0001118639977130602
109,-0.00044602178300544656
110,0.004385055601536712
111,0.0037478779779770185
112,-0.0008421675170132725
113,0.00039744763047418587
114,0.0014017588312565086
115,0.0014276950727467874
116,0.0005818142164736316
117,8.503105396583875e-05
118,2.7778714260258846e-05
119,-0.00020094514124745488
120,1.4854988584362396e-05
121,0.00030324264228323485
122,-0.00018889923111378503
123,-4.409970641288278e-05
124,0.00040386463834031743
125,-0.0014061466930277104
126,-0.0026124498259250243
127,-0.000748470454632555
128,0.0020214125864524775
129,0.003793172110406099
130,0.0028906673647538044
131,-0.0006847520518065742
132,0.002119744217430593
133,0.0006200709453792439
134,0.00052899551696271
135,0.0003711523201346198
136,0.0002024776586033896
137,0.00039554727154261543
138,0.0009067549909369399
139,0.0003671788882946215
140,0.00039132727417303715
141,0.0007749983885891539
142,0.0004239222199484401
143,-0.0007293966603756595
144,-0.0005102118955042091
145,0.001966686772730264
146,0.0012590423855504754
147,0.000373922052775187
148,6.428117083735634e-05
149,0.0017327221473594152
150,-0.00042648541111489776
151,-0.0006038105625142494
152,-0.0014095807960601838
153,0.003440461617918506
154,0.0010902905946324874
155,0.0004810040202125368
156,0.003483242431491328
157,-0.001267274226940667
158,-0.00031842557934931115
159,0.00035793029750749543
160,0.0007545852969180873
161,0.0002579405791103586
162,0.0009645245022699162
163,3.484125131875e-05
164,-0.0001939981794235115
165,0.000604312804410194
166,0.001168391305010584
167,0.0003680675511626307
168,-0.0001758331148413154
169,-0.0007638655669428889
170,-0.00042190072715160695
171,-0.0006436115050241039
172,0.0005585710790729423
173,-7.510292820234269e-05
174,-0.00011915822181241692
175,0.00035667739087154126
176,0.0012629856606721614
177,0.00011398470172056914
178,-1.4370020260471796e-05
179,0.00010597141431208231
180,-6.95153936773014e-05
181,8.102383072740935e-05
182,0.000511828367518767
183,-0.004661522855160734
184,0.0012896978363205486
185,-0.0011004277168637356
186,-0.0002984077841820527
187,5.378400420918069e-05
188,0.0009470509199329276
189,1.6473821562240268e-06
190,0.00015412947385077668
191,0.000461373941379909
192,-0.0005424415861119683
193,0.0003858208072667381
194,-0.0009368162576697695
195,-0.00030608213134555325
196,0.0005994586177701705
197,0.00036437501432500923
198,-0.0005923636230501903
199,-0.001320543165370763
200,-0.000907390627416193
201,-0.00022268907769766938
202,0.0001819343568617547
203,0.0002514637891598699
204,0.000285388569423662
205,0.00020749603061802398
206,0.00013085376831390499
207,0.0004396989459712082
208,0.00031311031245385377
209,-0.0003779615095106484
210,0.00014369054596176953
211,0.00017780280848837221
212,-0.0008635034993046833
213,0.0011558815696823663
214,-0.0006117482517614159
215,0.00033767940629955196
216,0.0026650474507877086
217,0.0032558597696588135
218,0.002119163193168787
219,0.0007198805492813144
220,0.0030102433104631067
221,0.00647388976122448
222,0.00042600506566131896
