,5
1633.0,0.010127527175789946
1641.0,0.0014124781568980033
1652.0,-0.0004382789216092614
1659.0,0.001295339165898214
1667.0,0.0016364434885817749
1675.0,-0.0006642454016894897
1683.0,-0.0024609439918790517
1692.0,-0.0013412047643537085
1696.0,0.003409113279773165
1704.0,-0.0029790019976856565
1711.0,0.0018268196013868799
1719.0,-0.0018093189865886537
1728.0,-0.004548154481516136
1736.0,0.004919909612079912
1740.0,0.006557325616081065
1744.0,0.00048361274652452743
1751.0,0.0014456744595909747
1763.0,-0.0005379257337171379
1775.0,0.0007325808273825011
1783.0,-0.0007124383566105064
1791.0,0.0007511840709650846
1797.0,-0.0063396235709952675
1805.0,0.0058245321822401296
1813.0,-0.0011267294662512394
1820.0,-0.0024552642198145164
1825.0,-0.0006261649286010328
1836.0,-0.006142226212577179
1840.0,0.003083738265865024
1844.0,0.003155096551044214
1852.0,-3.437727228686018e-05
1863.0,0.0014048256831014816
1868.0,0.00030164682890724474
1873.0,0.00030950872107061213
1880.0,0.0037835041410797183
1887.0,-0.00316075287302567
1891.0,-0.009113093720707111
1899.0,0.00886711724387762
1908.0,0.0036472371861113813
1919.0,0.0022151967719089023
1925.0,0.0034457149848990355
1932.0,-4.58189135763226e-05
1940.0,0.0008038319478382597
1947.0,0.000538108650869964
1954.0,0.004502503484763671
1961.0,-0.0012252783854449732
1970.0,0.0010902084639240986
1976.0,-0.002215827698829859
1987.0,0.0011604334436152767
1995.0,-0.0008053463539233813
2004.0,-0.004402746985620722
2012.0,0.006894283776599878
2020.0,-0.0033983724723147587
2029.0,0.00028609919111912216
2033.0,0.0012608988676487062
2041.0,-0.0017719170461204874
2045.0,0.003646225363193184
2052.0,6.881576221906737e-05
2060.0,-0.0012367000894131423
2068.0,-0.0022579898561559766
2074.0,-0.0006773685754899734
2080.0,-0.0030063020797889244
2087.0,-0.003953570218432365
2099.0,-0.0026160254246854675
2110.0,0.0025003713366096147
2118.0,-0.005257094674337886
2129.0,0.0005139571860402292
2140.0,0.00682718293622463
2148.0,0.0006947145578453086
2153.0,-0.0007339905865387727
2162.0,0.005489318277303166
2166.0,0.0032812195055244805
2176.0,-0.0007594027698778916
2183.0,-0.0010246316494371024
2191.0,-0.0003211690317990319
2197.0,-0.0002679191372610376
2205.0,0.0005048801530552014
2214.0,5.464084356044034e-05
2225.0,-0.003403240845268285
2233.0,0.008663588416833878
2239.0,-0.0028305082610442732
2250.0,0.019676575487162097
2255.0,0.007013105995277572
2262.0,0.002049436307315246
2270.0,-0.002794892520009121
2278.0,-0.002330969659228217
2286.0,0.0010556951762264366
2292.0,0.00542514017786588
2299.0,0.0032305059646966683
2303.0,0.002736051763250451
2311.0,-0.004039157340193164
2318.0,-0.0013408127693815377
2325.0,-0.0009146762232190831
2334.0,0.0006402714463819817
2348.0,0.003106447555392103
2354.0,0.0032428690955665254
2361.0,0.004909252160509996
2368.0,-0.0026486113680501936
2377.0,-0.0008081097556788783
2382.0,0.005427790814835239
2390.0,-0.0064998412048785726
2397.0,-0.004233794880545074
2406.0,-0.011428335522118839
2410.0,0.003312070269153159
2417.0,-0.0005645863164712475
2422.0,0.0007599241580645182
2429.0,0.0011253910319882962
2438.0,-0.0005886536915574484
2446.0,-0.0010450435903985881
2450.0,-0.0008533461907448403
2454.0,4.145155968666027e-05
2462.0,-0.00799298409765498
2466.0,0.01608050366266177
2470.0,0.011234639418870289
2475.0,-0.0054697822773306665
2483.0,-0.001904436415235419
2491.0,0.0025514846192428225
2495.0,-0.005027253638450351
2509.0,-0.0013330489135771869
2520.0,0.0018511125692408832
2531.0,0.0021083241499488706
2539.0,0.00032553198147783135
2548.0,-0.0011378836545546708
2559.0,0.0023025178998545334
2566.0,0.001949321359233981
2570.0,-0.011950219670156071
2574.0,0.0017364357088405047
2582.0,-0.0026495201522237755
2586.0,-0.00603766557400601
2597.0,0.002834692294911715
2605.0,0.001136682117728985
2613.0,-0.0005947061773012212
2625.0,0.003303244587820734
2634.0,0.0004451480696856121
2642.0,0.0016212948400173082
2649.0,0.0008798592785631351
2660.0,0.0005921346575184698
2666.0,0.0025269703424424662
2673.0,0.013390338472704549
2677.0,-0.011521448562872147
2681.0,-0.000593371384171639
2687.0,0.009311348073524597
2691.0,-0.0014256462463492785
2699.0,0.0008685224095567155
2707.0,-0.0026123217906574457
2711.0,0.00520708131532808
2719.0,-0.0017979950842702014
2725.0,0.0052026570664918175
2733.0,-0.000814007969532739
2741.0,-0.009354780246100465
2745.0,-0.003323142463328034
2753.0,-0.002285645558306614
2761.0,0.0007214409150233091
2765.0,0.0036061938343547525
2772.0,-0.0010069740619669625
2783.0,-0.0009370754177815312
2794.0,0.0018611781810798764
2802.0,0.0017761140724426839
2809.0,0.0019815831871196083
2816.0,0.002909654993774342
2822.0,-0.011198496195452873
2831.0,-0.0020353970282776714
2835.0,0.007659022357396229
2839.0,-0.004995770676993051
2846.0,-0.0012934250793177181
2854.0,0.0017450376781655277
2861.0,0.003288862758093635
2868.0,-0.0010028941752174905
2877.0,0.0008952135647280913
2888.0,0.000988956265761355
2897.0,0.00046690552182951356
2906.0,-0.008084240337525412
2914.0,-0.0019677602832777054
