,3
1633.0,0.017876733030358243
1641.0,0.019996401301392342
1652.0,0.0026683010485306705
1659.0,0.006599892325995666
1667.0,-0.0038388740992524317
1675.0,-0.005455634467446479
1683.0,0.013801687786497882
1692.0,0.007278139525690183
1696.0,0.012125688884177628
1704.0,-0.00052081241768626
1711.0,0.003373699247434015
1719.0,0.011003024562396633
1728.0,-0.010004945303236569
1736.0,0.03438432573479529
1740.0,-0.01695822054198058
1744.0,-0.011003445273343264
1751.0,-0.0078097930705240326
1763.0,0.011715606374528845
1775.0,-0.014154958991188226
1783.0,0.02173855847398107
1791.0,0.0020508854429718325
1797.0,-0.011887518065675748
1805.0,-0.0014040219149572583
1813.0,0.011934155647543873
1820.0,0.0008912927077862434
1825.0,0.009935069892629529
1836.0,-0.026647424939929533
1840.0,-0.01962875105417874
1844.0,0.011066261640616965
1852.0,-0.0031155612089827115
1863.0,-0.006992459784033466
1868.0,-0.0015556665497166533
1873.0,-0.0031671169527472255
1880.0,0.006433660274811355
1887.0,0.022416931777151972
1891.0,-0.00538999589136365
1899.0,-0.014969417747961901
1908.0,0.011636979564421638
1919.0,0.007316510899305384
1925.0,-0.006701441079481524
1932.0,0.004551992396883117
1940.0,-0.009380304187886199
1947.0,-0.0012292637945519288
1954.0,0.013614653045534423
1961.0,-0.0155070347371321
1970.0,0.021916891515854905
1976.0,-0.001884711143079183
1987.0,0.0028376434397251646
1995.0,0.01793490588486483
2004.0,0.004809756857660252
2012.0,-0.0075937536408688675
2020.0,0.022384709322642568
2029.0,0.010632713505135493
2033.0,0.005730191036163093
2041.0,-0.027289455044634273
2045.0,-0.002854011428925046
2052.0,-0.015398392021355185
2060.0,0.01386695811891581
2068.0,0.01235383001699184
2074.0,0.0024467208860794935
2080.0,0.004669429366213819
2087.0,0.01479927076303405
2099.0,0.020421897243480307
2110.0,0.010205735522294366
2118.0,0.008238481695047435
2129.0,-0.0009085123725009119
2140.0,-0.004847112079522238
2148.0,-0.016606320481120485
2153.0,-0.007400029432571709
2162.0,0.02204076815236272
2166.0,0.013648328136857416
2176.0,-0.007161581953178905
2183.0,0.00018506761983704806
2191.0,-0.02156662722073622
2197.0,0.0022186963100837755
2205.0,-0.0148798263797156
2214.0,0.015462425049667945
2225.0,0.022361026512530403
2233.0,0.011544685283775297
2239.0,0.0004354912815721346
2250.0,-0.009733701600256224
2255.0,0.009819787024951185
2262.0,0.018159320300550688
2270.0,0.017945417643289496
2278.0,0.020391120699518987
2286.0,-0.009316202627067043
2292.0,-0.0030554012098560745
2299.0,0.030015295455057548
2303.0,0.00032262161184611846
2311.0,-0.0028136266910953477
2318.0,0.016360171997216105
2325.0,0.005392858172300279
2334.0,0.016290679851208585
2348.0,-0.006887869452820738
2354.0,-0.018503049725690116
2361.0,-0.0037639415373514917
2368.0,0.011995975645861755
2377.0,0.015065419158900617
2382.0,-4.0327653152923296e-05
2390.0,-0.008442120083840144
2397.0,0.016400763211797724
2406.0,-0.011081493719985978
2410.0,-0.0012181745597108727
2417.0,0.000640146586368455
2422.0,-0.006746787603229071
2429.0,-0.007907121408285412
2438.0,0.017538453470392398
2446.0,0.011613800613216246
2450.0,-0.039705210968659935
2454.0,-0.014889583345880378
2462.0,-0.013910524969566022
2466.0,-0.026516689520143983
2470.0,-0.019947184294469435
2475.0,0.004470586498980098
2483.0,0.010005875973021898
2491.0,0.007414697671450542
2495.0,-0.009060634364592441
2509.0,0.018882933327548302
2520.0,-0.010525141871854469
2531.0,0.00966296351325544
2539.0,-0.012618001688566173
2548.0,0.012271803120702803
2559.0,-0.0029988220552848396
2566.0,0.001612190099348903
2570.0,-0.03364973071342091
2574.0,-0.015068306348702985
2582.0,-0.040544852192469956
2586.0,0.01776759066489553
2597.0,0.008283664191627356
2605.0,0.007470594083645841
2613.0,0.001587456041578738
2625.0,0.0010377338953275151
2634.0,0.008035071621634294
2642.0,0.005335156717032457
2649.0,-0.01042031683633217
2660.0,-0.01247452168543928
2666.0,0.000708264905512305
2673.0,-0.035778377241208116
2677.0,0.0038015723925725704
2681.0,0.011514184124101118
2687.0,-0.041866886061663916
2691.0,0.025725640186988155
2699.0,-0.01525437547573053
2707.0,8.976568255460518e-05
2711.0,-0.006050005105063657
2719.0,-0.024949385494119857
2725.0,0.006457571248492745
2733.0,0.0009650979287510429
2741.0,-0.03217830240664346
2745.0,-0.0016634744828231676
2753.0,0.002362741452320885
2761.0,-0.001074705502321659
2765.0,0.00986155612607686
2772.0,-0.004442103053784737
2783.0,0.011551766983175697
2794.0,0.00712452155582746
2802.0,0.002102091002817214
2809.0,-0.0006096857740078829
2816.0,-0.01882846577913849
2822.0,0.0062283449020683265
2831.0,-0.005092191044524364
2835.0,-0.00825857984917635
2839.0,-0.00039283464498386135
2846.0,-0.022879575345536442
2854.0,-0.001492703778767841
2861.0,0.007081751123418734
2868.0,-0.011198498695113735
2877.0,0.01117107745618984
2888.0,-0.02018767390265581
2897.0,0.019177808702260032
2906.0,0.005970915314627394
2914.0,0.037402079748462595
