,8
0,-0.0010041350547077496
1,-0.0005347105629309154
2,-0.00011638378367196701
3,0.0003292038441938007
4,0.00017683460744995916
5,0.0012365377980210338
6,0.0032781362337496968
7,0.00011903636374814078
8,-0.0015067428023474241
9,-0.00010234057096186927
10,2.0105527269478922e-06
11,0.0008805185560973438
12,0.0006060554667502649
13,-0.0005118751523186223
14,0.0004076745255744655
15,0.0008020946226947201
16,5.02162672223794e-05
17,0.0002631301671756382
18,0.00038919948349550303
19,0.00025239757092967747
20,1.1345710134523968e-05
21,-0.0008738878789183992
22,-0.0031692064822985964
23,0.002171287514820181
24,0.000682347453470913
25,-0.00022547276515743283
26,-3.08227169596174e-05
27,-9.566874323642341e-05
28,8.505313256459876e-05
29,0.0002002007242950795
30,0.000413283334441533
31,0.001985530256432187
32,0.0007874856828334809
33,5.385603207752529e-05
34,0.00023483011055715057
35,0.003762692177211048
36,0.0013592520037910534
37,0.0030355800776580687
38,0.0005316721254200315
39,0.0001246959521412902
40,-0.00021027028149242543
41,0.00046439671250961354
42,0.00020576710407119793
43,0.0004739535384119284
44,0.00029287674641429297
45,-0.0005754453137052859
46,-0.0013385044734234189
47,-8.982288398115486e-05
48,-0.0006374792583706444
49,0.0024828141911096063
50,0.002134956569891798
51,0.0006358768087253513
52,-0.00028248793997636925
53,0.00029442089041161016
54,0.00021233461840609923
55,0.0003147081962961791
56,0.0012941314558157116
57,0.0002591497275713668
58,-0.00033119485684006124
59,3.840128619921465e-05
60,-0.006843580156811697
61,-0.002179921387500093
62,0.007436203501996233
63,0.002419676481495629
64,-3.6478883783166196e-05
65,0.00035258864577685173
66,-0.00013068886614203448
67,0.0004223981619328789
68,0.0001136219170770257
69,0.0005452578210384307
70,-0.0010196760535966891
71,-0.0002371211611826198
72,-0.0003301121549125311
73,0.0010197579455994078
74,0.0009595860116403322
75,0.00029114759769773246
76,0.00020151066800853227
77,-2.0668067120461773e-06
78,-0.0019049251844593027
79,0.0076987561650289065
80,0.009343054356746795
81,0.004425781060339411
82,-0.001773907428733233
83,-0.001507807637989065
84,-0.004987798200047871
85,0.00011760138418080513
86,0.003376577300539832
87,0.014685733182642902
88,0.0029546967783625404
89,0.004539155723647732
90,0.0018779984430403699
91,0.00035680142715083647
92,-0.0001684536082548782
93,8.625979805694749e-06
94,0.0003313416024244512
95,-0.0013671222973922752
96,0.001537546830919797
97,0.004417842252724485
98,0.0005956983647576138
99,-0.0031545126623833825
100,-0.002573189271988515
101,0.000773779268055071
102,-0.00019927066479033444
103,5.0825325931955574e-05
104,0.0007499668309116485
105,5.410901565434514e-05
106,0.0003317043102099222
107,-0.0017477197486598947
108,-0.0012283930780451705
109,0.00305272039785228
110,-0.0007220482435665082
111,-0.006748019367738441
112,0.0008325435939916677
113,-0.001190914342133992
114,0.0015671630529040669
115,-0.0007993934111480583
116,-0.000442088627402655
117,-0.0004013209112207233
118,0.0008118065788063469
119,2.55794409056259e-05
120,0.00013057136767414765
121,-0.0001421503739402255
122,0.000404864170861468
123,-0.0007802277069119182
124,-0.0019746566496210796
125,0.0010586129975632974
126,0.00320364359739575
127,0.0020766056662359974
128,0.0009404292800939814
129,-3.811478480084711e-05
130,0.00013720100046503924
131,0.0003146396970241262
132,3.757862061595229e-05
133,0.0006505321126821866
134,0.0006800042790920134
135,0.002442126938268125
136,-0.0018113127075219857
137,0.0021400978407672164
138,0.004165375019389899
139,0.004918213888514711
140,-0.0010172279434812084
141,0.0003538314162664071
142,0.00010809939149813798
143,-0.0003347453837485014
144,-0.0010776404397096874
145,0.0010521194192916552
146,-0.00016774068363985893
147,0.0019670464852312945
148,0.003931217182140827
149,-0.00019870617473963839
150,-0.0020728879899598136
151,0.0010517007206759933
152,-0.0012476222400432666
153,2.5375086664256673e-05
154,0.00014019731158679036
155,0.0002873251081484633
156,0.00012653059701669975
157,-0.0017902934210825693
158,0.00039574322311624547
159,-0.0032690307644975343
160,-0.0025843178677077226
161,-0.004650248858742439
162,-1.1801902778521121e-05
163,0.0005732666802589925
164,0.002597974947188933
165,-0.0004870267719638163
166,0.0002332456368392265
167,0.0003276008728641734
168,0.0004952667638970232
169,-0.0010413179443228232
170,0.00033053297111119187
171,0.001079143575062935
