,6
755.0,-0.0017059614770145387
772.0,0.0020605804740974555
781.0,-0.0026407942951876184
786.0,-0.0010458694525895484
793.0,-0.0006482923922017928
801.0,0.0003583315669580434
809.0,-0.000944164263934649
813.0,-0.0013512803078220312
822.0,0.002406182250050236
831.0,-0.0008631312753485178
839.0,-0.0023559942883576114
850.0,-5.438450879068917e-05
856.0,0.0003308586978122666
864.0,-3.916592225534541e-05
870.0,0.0019183769257152786
878.0,0.002481549007524313
886.0,0.00026121851128444297
896.0,0.0022950228654869953
905.0,0.003850439910767898
912.0,0.001890755479767077
920.0,0.0022648904580898693
929.0,0.003389339536276663
938.0,-0.00065096524450179
947.0,0.0020971755330080845
955.0,-0.00179152042953856
960.0,-0.0011964735100147286
968.0,-0.003950728793427223
975.0,0.0012367499659940231
984.0,0.0072226913589444365
996.0,-2.842651045038738e-05
1008.0,-0.00015193890669750132
1012.0,-0.0004023086479537733
1021.0,-0.0009761866606296419
1029.0,0.00024381498962573056
1037.0,0.005446016610972905
1045.0,0.0015824481557111612
1050.0,0.0017058135866477857
1058.0,0.00015031060296306543
1072.0,0.0036238254927985175
1080.0,0.002518008001227181
1086.0,0.0019210337209309251
1094.0,0.002706930540151687
1101.0,0.009163417174604895
1105.0,0.00412677660359905
1119.0,0.0031279658678455744
1126.0,0.0016502152595883415
1135.0,0.0022157865499435286
1147.0,0.0014378083967792723
1154.0,-0.001138330012463096
1162.0,-0.0002186927753346362
1169.0,0.0011592700754064849
1177.0,-0.00031685448600232805
1190.0,-0.0004294021794015738
1204.0,-1.3145518217508981e-05
1215.0,0.001027415495063668
1224.0,0.000571815474835257
1235.0,-0.0004597856049018579
1244.0,0.001259554077907732
1253.0,0.0006265952923226538
1259.0,-0.00029184955415335526
1268.0,0.0009409214688647496
1277.0,-0.0007665971342056418
1285.0,0.00010871004877944913
1292.0,-0.0016203199387091506
1301.0,0.0013301336029787612
1309.0,0.0031353359988110763
1313.0,6.481294713682115e-05
1318.0,0.0036449016277131764
1327.0,0.005602486703130449
1333.0,0.0026869879329884153
1340.0,0.0015419249149836855
1348.0,0.0016385046957759224
1357.0,0.002534759261235159
1364.0,0.0015861039857198518
1375.0,0.0021287502581620998
1386.0,0.004017976346424767
1399.0,0.001313617102421969
1404.0,0.0007037890118207857
1413.0,0.009128737466899092
1418.0,0.0005436156443587783
1427.0,-0.007641003056228855
1431.0,-0.0048060739253297695
1437.0,-0.0019438319336746522
1445.0,0.00043264658253332823
1453.0,0.0028334339292407635
1460.0,0.00101970339399125
1468.0,0.0029800050826707556
1476.0,0.0020315216094040976
1484.0,-0.0015325205035634424
