,6
2.0,-0.0004848104853058415
10.0,0.0038710903561993927
17.0,-0.001861094916636511
23.0,-0.004104265998602158
27.0,0.0058534253112511895
34.0,0.0032945659733584977
43.0,0.0006932081817353618
49.0,-0.0012732775762456642
57.0,0.003212042594701967
63.0,0.006054993013841352
68.0,0.0027764408913769686
76.0,-0.009358565337147722
83.0,0.0029918738115325993
90.0,0.001508105988976388
99.0,0.0021295354146296398
104.0,0.0030020855781834276
111.0,0.003638870375270557
119.0,0.002444289860381564
126.0,0.004230514777763028
134.0,0.0038061460380099106
142.0,0.00125068051328663
150.0,0.0022013221563827266
158.0,0.007841804890991073
163.0,0.006739876084545413
169.0,-0.0013836912953381524
177.0,-0.001713860066897053
181.0,-0.0024613407261492477
188.0,-0.0035376561993180327
199.0,-0.007338932812315933
206.0,-0.0013436553468112841
218.0,0.003014553207968061
224.0,0.0010500517615881055
236.0,0.00023925536592585294
244.0,0.0009368546918462654
248.0,0.006551036825511839
255.0,0.0013134248828010186
262.0,0.0004045672514099628
273.0,-0.0054357258620229285
282.0,0.0017835502443631606
290.0,-0.006369583646793403
301.0,-0.007361625497626672
310.0,0.00295917420682953
316.0,-0.0015290928360395023
323.0,0.00033076599250966805
331.0,-0.007406089268492289
338.0,-0.004899438986572801
345.0,0.002639716351649733
354.0,0.004436609745054543
360.0,-0.009892428661576528
372.0,0.0025434594878369463
376.0,0.0002576636561964249
388.0,3.121960106288102e-05
400.0,0.00027313501020606557
410.0,-4.0308839785074536e-05
419.0,0.000425753365778498
431.0,-8.607942333380284e-05
438.0,0.0008808314413643874
445.0,-0.0002643102116519014
453.0,-0.001537433591162139
460.0,-0.015326275257964329
467.0,0.025538743977059943
471.0,0.008298264568028431
476.0,-0.007237905853189465
487.0,0.015697881189121937
494.0,-0.002408240601328773
505.0,0.0036999394847300414
509.0,0.0004164519587532119
516.0,-0.00026633916157170966
527.0,-5.254739930415743e-05
538.0,-0.0018819148373061692
546.0,-0.00016097436156443544
554.0,-7.368962006377105e-05
561.0,0.0019720605207504136
565.0,0.004812347685193612
574.0,0.011496170449788205
579.0,-0.002562423072611532
586.0,0.0031012436953758854
595.0,-0.0008831492382207443
604.0,-0.0002206123355330561
612.0,-0.0005898026377856066
624.0,-6.887126838656609e-05
636.0,0.0011457503149673656
643.0,0.0031687507792374837
647.0,0.0006779428023653973
655.0,-0.0009138301130476736
665.0,0.0027351672293461477
677.0,0.0024584703166083115
682.0,-0.000560168323343297
689.0,0.0007005162959288891
700.0,-0.0009447254635881939
706.0,0.00047031909378577545
714.0,0.0008505434154912149
722.0,0.001547225229483455
730.0,-0.002312666825077223
739.0,-0.001172019524973211
746.0,0.0024263628976797192
