,5
2.0,-0.004295656622210565
10.0,-0.0020181366611461585
17.0,-0.0034698388951307606
23.0,-0.014656218086055377
27.0,0.002958804321370863
34.0,-0.0016409330594210354
43.0,-0.0014477158531383259
49.0,0.0009325878438114953
57.0,0.0038398647927658943
63.0,0.0028101830550452556
68.0,0.0017814779245510053
76.0,-0.003716212618038579
83.0,-0.00025633421239674254
90.0,3.4308695480879272e-06
99.0,0.0012132509001567945
104.0,-0.0006827956323489803
111.0,0.0022946661278060053
119.0,0.002136525290774233
126.0,0.0008115880867993948
134.0,0.0005874427556179754
142.0,0.000670427537105858
150.0,0.0010694013928046824
158.0,0.0010768008507698738
163.0,0.003122308353405955
169.0,-0.001783711437830734
177.0,-0.0015926469249335276
181.0,-0.01221065680195706
188.0,-0.0012592199070401888
199.0,-0.009964023021107807
206.0,0.0008594366233107466
218.0,-0.0025699651009944502
224.0,0.00038048683875789867
236.0,-0.0009501771843993666
244.0,0.0016785355063882942
248.0,0.007189917661614346
255.0,0.0002995778380425296
262.0,-0.000534185630316732
273.0,-0.012372351195878931
282.0,0.0022525716366683687
290.0,-0.008067609252414506
301.0,-0.009296622482985023
310.0,0.00019261633084731084
316.0,0.0003355013917292999
323.0,0.0014673515377239036
331.0,-0.0028807008486870633
338.0,0.004328261726960739
345.0,0.0012251295877834017
354.0,-0.0007694497309844082
360.0,-0.013145152949281144
372.0,0.0022598419556614704
376.0,-0.003562473090568772
388.0,-0.00017151202908421124
400.0,0.00023070911619278657
410.0,-0.0002463230669277769
419.0,0.0008316275701127859
431.0,-0.00036078007781547574
438.0,0.0015807569924114109
445.0,4.494738125267569e-05
453.0,-0.0036889474155974325
460.0,-0.008707560637655166
467.0,0.014641876815203857
471.0,0.015848025174743558
476.0,-0.009946192704727689
487.0,0.011011462363479484
494.0,-0.0024879138684585004
505.0,0.006221985518133271
509.0,-0.0031871234272536158
516.0,9.079722914911366e-05
527.0,0.0011707601893202126
538.0,0.0025266517934701823
546.0,0.0010218228707233909
554.0,0.00032096863378961463
561.0,-0.00042715050012914166
565.0,0.005769319799567971
574.0,0.0056317552791804665
579.0,-0.0019769024058441955
586.0,0.0023690693261766496
595.0,0.0017905516268447196
604.0,0.0014535906565275385
612.0,0.00030251666035761805
624.0,0.0002345768794974747
636.0,0.001740718341248403
643.0,0.0009319182041446474
647.0,0.0011971472879636028
655.0,0.0017230174502598124
665.0,0.004550180130720621
677.0,0.004987247616654067
682.0,0.0005575488605438386
689.0,0.0019636973749147715
700.0,0.00302651781891056
706.0,-0.0004906782793750831
714.0,0.0040398536728217
722.0,0.0012547875879053488
730.0,-0.0026842902725892092
739.0,0.0006297203354233285
746.0,0.0009681421202418473
