,8
0,-0.0027461902579588976
1,1.4265690406537053e-05
2,-0.00012920402604278984
3,-0.0012609617203803143
4,-0.0005833755364565575
5,0.0010344634460564281
6,-2.9796013398430434e-05
7,-0.00012953140601096162
8,0.0008693846796023691
9,-0.0004337469150911546
10,-0.0010045159599237291
11,0.00034225481797510075
12,-0.001147087513060808
13,-0.0008362990481931116
14,-0.0005942754178039656
15,5.4591929783083445e-05
16,-0.0002763243663105956
17,0.0019443935240493458
18,0.0027159129334731265
19,0.00025775135774899657
20,0.00041738497090665236
21,0.002309046923830612
22,0.00040633023790004243
23,0.0007219494029509736
24,-0.0017426598217372023
25,-0.001739757270415176
26,-0.0016905124182158573
27,-0.0010360629774622554
28,0.0013332169636518444
29,-0.001392868947228979
30,-0.0019017460422253141
31,-0.0024688871165922666
32,-0.00019900213222138522
33,0.0009031602988799507
34,0.0018344170457122813
35,0.0006632251453393449
36,0.0011690404221687744
37,0.0002983038587730304
38,0.001632028872920502
39,0.0008611060385155926
40,-0.00011772453135045685
41,0.0008091376349753822
42,0.003704502129286892
43,0.004230230076058729
44,0.0016572045430442383
45,0.0015598241738469442
46,-7.719114071091772e-05
47,-0.0010857919674954787
48,2.763434917603712e-05
49,0.0013482447512547827
50,6.385679799782699e-05
51,0.0010112804101355714
52,0.00019169383294740587
53,0.0003226766118834232
54,2.6315266469774246e-05
55,-0.00024025064239611253
56,0.0009426864979912549
57,0.000286759654265096
58,6.276968667149954e-05
59,0.00015978449643767233
60,-0.00048028937319165174
61,0.0007063677142709479
62,0.0010536012172805993
63,0.0005630249360911327
64,-0.0003129282547745108
65,-0.0008593268599696987
66,-3.187225746803001e-05
67,0.0012596466350670676
68,0.0028157376189802547
69,3.0572131854543646e-05
70,0.00023856012128287317
71,0.0027161273320905803
72,0.0003707405713180792
73,0.00024618172207307705
74,0.001290544721792899
75,0.002701752596021155
76,0.0009188929670671708
77,0.0004922686928198611
78,0.0025279382543473977
79,0.0026613542195823184
80,-0.0025756727363065147
81,-0.0017156923589115476
82,-0.001482115987595413
83,-0.0008514107446095707
84,0.0025194162843946346
85,0.0012501478173891137
86,0.0023543358719971715
87,0.0021578430904359977
88,0.0007608892070905978
