,3
2.0,0.0010706756940358914
10.0,0.010321353790514519
17.0,-0.008076680651188238
23.0,0.007023150069317827
27.0,-0.008844411752863476
34.0,-0.002938919528623673
43.0,0.013111983497347907
49.0,0.012299442171679116
57.0,0.00898253972106382
63.0,0.004056180395419244
68.0,0.016282839145789804
76.0,0.003852819649166381
83.0,-0.00043950893969331385
90.0,0.020449384349979016
99.0,0.001282996269423292
104.0,0.009735834998321721
111.0,0.016780213883744084
119.0,0.010636682682365717
126.0,0.015424657317933854
134.0,0.020597401026869296
142.0,0.0137794546917601
150.0,0.010075493576899216
158.0,0.005678298034799365
163.0,0.017463865076508836
169.0,-0.024379288852051234
177.0,0.0005900959425011541
181.0,-0.002638785445194352
188.0,0.007066590555145344
199.0,-0.002168107956878109
206.0,-0.002960498335129891
218.0,0.005547872727772299
224.0,0.020840319426672794
236.0,0.016289057346779847
244.0,0.02250339902021516
248.0,0.013303372436053717
255.0,0.010237192222251104
262.0,-0.013835822880619427
273.0,0.019054501455752198
282.0,-0.011072452281016196
290.0,0.020191580577348656
301.0,0.016069940412722354
310.0,-0.012137631268545274
316.0,0.011517829011509032
323.0,0.021446816809074558
331.0,0.0055246368341431255
338.0,0.00751038043298389
345.0,-0.010001679157962344
354.0,0.01992676172710783
360.0,-0.0008957942145478471
372.0,0.024650034680213394
376.0,0.01063305424861382
388.0,0.0023381081048377554
400.0,-0.008841357795200018
410.0,-0.0011295898664121168
419.0,-0.01320980104766029
431.0,0.006718982355344469
438.0,-0.010122352656540656
445.0,0.01460855404117347
453.0,-0.006242805578276867
460.0,0.0011795952217478578
467.0,0.012379857308652844
471.0,0.0010852868447379293
476.0,-0.004755725268685838
487.0,0.007212706875972335
494.0,0.020678031376115014
505.0,0.011181471947135795
509.0,0.014839706653976211
516.0,-0.00018123747850754516
527.0,-0.0136694725975695
538.0,-0.0036159121757861597
546.0,-0.002086415398168184
554.0,0.007291474933574758
561.0,-0.032390654832954426
565.0,0.0182454214888898
574.0,0.009047660789599789
579.0,0.005363042907740094
586.0,-0.016111956864147944
595.0,-0.02039753872248372
604.0,-0.01484155117188465
612.0,-0.0063104295309820676
624.0,-0.004881140884978832
636.0,-0.004172277602903335
643.0,-0.022449402971924402
647.0,0.022303825747171366
655.0,-0.01076808121989618
665.0,-0.002082283778338134
677.0,-0.00476511911030471
682.0,0.003628787639985161
689.0,-0.011416120960428421
700.0,-0.007578816264070646
706.0,0.004137713307452175
714.0,0.0015312736672379516
722.0,-0.01616460329560504
730.0,0.022772939301413872
739.0,0.02091640564943411
746.0,0.009287826175303866
