,5
2.0,-0.016935789971764623
10.0,-0.0015089724417334013
18.0,0.0022744080582700024
26.0,-0.002324700285010967
37.0,1.5760824948362878e-05
47.0,-0.0034255783075472033
56.0,-0.0013238313946445075
64.0,-0.001299224161197144
76.0,0.0066272709534576715
84.0,-0.0037078017535061326
93.0,0.0007615672872629157
102.0,0.0007628216403612594
112.0,-0.004317217411156647
120.0,-0.0007249224037717629
128.0,6.512899585657252e-05
135.0,0.0002231675727047873
141.0,0.0013165296764303745
149.0,0.0001692376711430815
157.0,0.0011129698882283777
168.0,-0.0003125887459633278
173.0,0.0007355870507941055
181.0,0.004061171587554792
189.0,-0.0021264864458562303
198.0,0.0032543676152139525
202.0,0.0017596465676956933
213.0,-0.0037575169825266827
220.0,0.0041972565159873005
226.0,-0.0002569685396304581
234.0,-0.003156861248913878
239.0,0.0031151899659217558
245.0,-0.0018390387371369577
254.0,0.004686796963678537
260.0,0.0037892260058718956
267.0,-0.0036331498926577455
272.0,-0.00044035140017678067
281.0,0.0008527970043881347
290.0,0.0011962073330578013
298.0,0.002109829683053138
305.0,0.0017433740122113747
313.0,0.002540253879605761
320.0,0.0006837797523165172
328.0,0.0007971124211831057
336.0,0.0007973934536220849
345.0,0.0014054910717210924
353.0,-0.0005704375132411677
364.0,0.002156092905455247
369.0,0.002562611863712229
380.0,0.0002672124651395103
391.0,0.000596894219157197
399.0,0.001688479681200872
408.0,0.0006160674019356292
416.0,0.00024457815477165276
421.0,0.0015048285171671578
426.0,0.000233526824020504
435.0,-0.000982737211900887
443.0,-0.002136594447143809
453.0,0.0004398747756794197
459.0,-0.0004028044631542523
467.0,-0.0016408885074585449
478.0,0.0005188029735489865
486.0,0.0038206351406217367
495.0,0.0021987662333277464
503.0,-0.003351654349048027
511.0,-0.011497605476389335
515.0,0.001458440508438779
523.0,-0.0018653291104893807
529.0,0.0011149560695089412
541.0,-2.7904695939135008e-08
553.0,0.004092724085534198
559.0,0.003320084407588217
566.0,-0.0022385868633244496
572.0,0.0015113096571204927
576.0,0.002028120616916532
584.0,-0.002716308339358614
591.0,-0.0006085669584560784
600.0,0.0046747121158052535
605.0,-0.0009826378581464749
616.0,-0.0064411540587562734
621.0,5.494867896199039e-05
629.0,0.0002853230611893471
639.0,-0.0010214190907101143
644.0,0.0013593613154561778
654.0,0.0016395132385791718
660.0,0.0020545899534339827
666.0,0.0018633678874484811
673.0,0.0007688087246763156
682.0,1.9237220422862934e-05
690.0,0.00046584550482410336
694.0,0.00392560678373308
702.0,0.0012322654317601064
710.0,0.0013219208143992974
718.0,0.0005923008776586364
726.0,0.0013981034948049942
735.0,0.00222628532468138
740.0,0.00031080286533893744
748.0,0.0007500511768690276
754.0,0.002174368920544988
762.0,0.0046367846566411144
769.0,0.0025655410009025226
780.0,0.001516253309687913
789.0,-0.001245040029378782
797.0,-0.00030732843016520163
804.0,-0.009109771337249092
808.0,0.006376618154510302
815.0,0.0020189329788517485
823.0,0.003928257002647284
830.0,0.0020464901682800195
838.0,0.0025869526668889187
846.0,-0.0012341654000484485
857.0,-0.003204148231296293
864.0,-3.4040771006927796e-05
868.0,1.6478440248332365e-05
876.0,-0.0003323918733838634
886.0,0.003603081337196205
892.0,-0.0023230884560377536
896.0,0.0012737860279729367
907.0,0.0027010701839694155
914.0,-0.0010806056067215305
924.0,0.0011785700825483662
930.0,-0.003002157370013407
934.0,0.005412729614241925
941.0,-0.002509675573282386
949.0,-0.002015523355246485
953.0,-0.0022373206952759324
961.0,0.0016781754212595282
972.0,-0.005250629585288915
981.0,0.006558564255827566
995.0,0.004595079548857427
1004.0,0.000837710043875348
1015.0,-0.0002829273123523977
1023.0,-0.0017790673945585658
1030.0,0.002740198635856133
1044.0,0.001571671486498169
1050.0,0.00539631542856864
1058.0,0.0011476310525062071
1066.0,0.0009843119424760736
1073.0,0.002678308032034559
1080.0,0.000824319812349156
1088.0,0.0004127458432279171
1093.0,0.00012000140350618144
1101.0,-0.0017208854105136093
1111.0,0.0001256178567020251
1119.0,-0.0010020347388279653
1128.0,0.0013730523750219864
1133.0,-0.0011201471919965198
1137.0,0.003590181927558969
1141.0,-0.002364717362796907
1150.0,-0.0030908215098277786
1155.0,0.00010499764525913971
1159.0,0.0021808571011883416
1170.0,7.462120653752106e-05
1178.0,-0.0016084587298646807
1188.0,0.0007737663640544239
1196.0,0.0018585059311947353
1203.0,0.00013726529436654643
1212.0,-0.0023269343537752635
1217.0,-0.00014756456579650647
1224.0,0.0017795170566880238
1232.0,0.0024524373358145264
1238.0,-0.002914509574028796
1250.0,0.0009370359542049786
1258.0,-0.007969475732883074
1266.0,0.0020885384454914033
1270.0,0.0068102346286724215
1278.0,-0.005429651337245641
1290.0,0.0016779911795340165
1299.0,0.00508424857342705
1306.0,-0.005501978191569431
1315.0,0.0032257296539428214
1322.0,0.0010175241671048349
1326.0,0.0017492846432505755
1332.0,0.00041373220580643444
1336.0,-0.002518906727395229
1340.0,-0.0018604280075418978
1349.0,-0.0007399287140767638
1360.0,0.0011298011580434893
1368.0,0.006877133750799919
1373.0,0.0006191879209767264
1385.0,3.417328577732956e-05
1393.0,0.0009928415544145717
1402.0,-0.001638249904442401
1411.0,-0.0032773814391241834
1421.0,-0.003232858439835417
1427.0,0.008558179624181999
1435.0,-0.004921011733987014
1444.0,-0.00044466226784929935
1451.0,0.0017274738129681617
1462.0,0.0011386358744543737
1470.0,0.001455811043181605
1478.0,0.003207640001581948
1487.0,-0.0005565136955244553
1497.0,0.005657274841065345
1506.0,-0.0006265276030849258
1512.0,-0.0003618790184151111
1524.0,-0.0006680437820667552
1532.0,0.0037148153132418467
1538.0,0.0010461524086175344
1545.0,0.0010802766837128906
1551.0,0.0019191295863129993
1558.0,-0.0005900851878939044
1566.0,0.00032096666850304443
1577.0,-0.0008512228193354508
1582.0,0.001143590517062112
1588.0,-0.0039016554881065833
1596.0,-0.021244384880703994
1603.0,-0.002143470696392516
1611.0,0.0007576017348713794
1622.0,0.003362755971152768
1631.0,0.002625025450626724
1640.0,0.0036260113659576263
1651.0,0.001474301240252136
1663.0,0.0033953100992580973
1670.0,-0.0007561619804331514
1679.0,0.005613927436318115
1685.0,-0.0028845136390993342
1693.0,-0.0011746744342429314
1700.0,0.0016106686898610975
1708.0,0.0009663212434720219
1717.0,-0.00016195386403222072
1726.0,0.0008425589805609383
1730.0,0.0012851525841058866
1738.0,-0.0010835492261917394
1747.0,0.0010994668688412588
1753.0,0.0007649548945158048
1761.0,0.0026984664902144455
1772.0,0.0016354732816642248
1780.0,0.0010266754243118568
1788.0,-6.451621982103829e-05
1796.0,-4.447241238115556e-05
1805.0,0.001296616111630618
1813.0,0.002014005492974581
1821.0,0.0014874871687212776
1826.0,0.0007193764441071833
1834.0,0.0001857906134629923
1845.0,0.0018546535853310767
1853.0,0.0017161516785624414
1861.0,0.002053652465609485
1869.0,-9.807070019332995e-05
1877.0,0.006300732796431156
1883.0,0.003111792144998315
1892.0,0.0011740616591669492
1899.0,-0.00029713678739113535
1908.0,-0.0006866403637596881
1919.0,0.008633845272153214
1925.0,0.0031942762533296205
1929.0,0.009507339241738874
1936.0,-0.0005359152362373873
1945.0,-0.0002344272636014066
1954.0,0.0001376996096799341
1962.0,0.0004980473640943824
1971.0,0.0024276479680140515
1978.0,-0.0044673150797465595
1986.0,-0.0003717291462600639
1990.0,-0.008226176324813546
1996.0,-0.0023423411354184295
2003.0,0.00018281686407447867
2015.0,0.00187177394554572
2023.0,0.0031140500249853724
2028.0,-0.0003132500838690568
2033.0,0.0004968434927454025
2040.0,0.0051306948274765585
2044.0,0.002342291779147486
2052.0,0.0048213310733791395
2058.0,0.005471880940806212
2063.0,0.00271179123347598
2071.0,0.003274401908653766
2082.0,-0.010969542586342551
2091.0,-0.00011372008652504433
2103.0,0.005255427364181169
2111.0,0.001841394620128073
2121.0,-0.0005658564302707329
2129.0,-5.986935355370534e-05
2133.0,0.006854230815807841
2140.0,-0.00015626880659216604
2148.0,0.0008601259419701259
2155.0,-0.0001721570856490253
2164.0,0.0006143146198213849
2175.0,0.0011052479679848695
2180.0,0.001592110683503145
2192.0,0.0044989691478827774
2197.0,0.00030440128956356056
2205.0,0.0005323015457948665
2212.0,0.001571143707643551
2216.0,0.0014421059156227414
2225.0,-0.00022426546626688978
2233.0,0.00043624581797911503
2241.0,0.0036770683691610797
2246.0,0.002038185829090969
2254.0,-0.00023939350495709493
2262.0,-0.0015923451580093083
2271.0,-0.0009411295457815719
2281.0,0.002111198550076548
2287.0,-0.0015535170320252981
2298.0,-0.002700167757512766
2306.0,-0.0006491369666249894
2314.0,-0.0002031864151008319
2325.0,0.001862840775708052
2334.0,0.004714913145266108
2342.0,-0.00031652059731858114
2353.0,-0.0017118604708248337
2360.0,-0.00033017759947439094
2364.0,-0.0008796299658712061
2372.0,0.0018303578308939564
2380.0,0.0030270207986460786
2390.0,0.005673800941201797
2394.0,0.0009252614019005726
2401.0,0.003534582228731887
2408.0,0.0008018445809859403
2416.0,0.0017780679099254466
2421.0,0.0003120037839654228
2425.0,0.004762870371381858
2432.0,-0.0014408622085122814
2440.0,0.0008214557816769515
2444.0,0.0032420928182792436
2449.0,0.00019119171558900017
2458.0,-0.003296833177914599
2467.0,0.0018218399353678002
2474.0,0.003104210648950445
2483.0,-0.000540472464879461
2495.0,-0.00047777409499234346
2503.0,-0.001731156862716308
2511.0,-0.001689562760553526
2525.0,-0.0025059366029338377
2529.0,-0.0019879225484996754
2537.0,0.0005506658033063927
2544.0,-0.000386456508057027
2551.0,0.0025920051414489013
2559.0,0.0022749551512812223
2566.0,0.00044677667615678504
2571.0,-0.00041243978648017505
2577.0,2.775811652355885e-06
2588.0,-4.333351956258998e-05
2596.0,-0.00027124130257053875
2604.0,0.002137727557963934
2610.0,0.002470029814322763
2617.0,0.002442655292905102
2621.0,-0.005370487977347228
2628.0,-0.0019517965027717734
2636.0,-0.003180958257323705
2644.0,0.008529014388446256
2653.0,0.0011282624253418656
2661.0,-0.0004667697666517071
2670.0,0.0037318400481440974
2677.0,0.0004798378251987621
2684.0,0.0013101909381518866
2693.0,0.0018297638700982633
2702.0,-0.001501744037407434
2709.0,0.0016253103965818507
2715.0,0.0012110691777611003
2723.0,0.0033088027992274464
2731.0,0.0008880364669460927
2739.0,-0.0004691587963903182
2748.0,-0.0008486155975486525
2755.0,-0.0029022882084422793
2763.0,-0.009928696545488312
2767.0,0.003415356468859656
2779.0,0.006676903469433851
2786.0,0.002046435094907967
2792.0,-0.00038337066333657383
2799.0,0.0006080998033620184
2805.0,0.0035859190714322355
2816.0,-0.008572404944258457
2820.0,0.005143202105741477
2828.0,0.004027675029601009
2836.0,0.0008019056580375768
2844.0,0.0017006616289979698
2851.0,-0.002551391710363126
2860.0,0.013189207400110073
2864.0,0.002557552483504353
2873.0,-0.007173556427743827
2877.0,0.0007231688571670363
2885.0,0.0022992702223450586
2893.0,0.0015353572670112887
2902.0,0.0005865076970695739
2909.0,0.0009033962801698617
2921.0,-0.001584497895218056
2932.0,0.0001326105404107761
2939.0,-0.0009262633700041854
2947.0,-0.010555499311386059
