,8
0,-0.006560196769544966
1,-0.007838257102994016
2,0.0004545953489831605
3,0.0009937787793550192
4,-0.00037187222425042604
5,-0.002747654432336294
6,-0.001801838313976298
7,0.002241724503433241
8,0.001339466998348565
9,0.003674522286208944
10,-2.1615915541676137e-06
11,-0.0002617104080350886
12,-0.0008404546811717665
13,-0.0008608690018152858
14,-0.00010695729258341777
15,0.00016500970433951968
16,0.00034684271829224115
17,0.00016958936784828782
18,-0.00010352049169360265
19,0.00018215053327920376
20,-0.00013675305936984954
21,0.00042278184423411665
22,-0.0006891336695753787
23,6.395745239701282e-05
24,-0.0003929108020878856
25,-3.921296797303591e-05
26,0.0013401849086156134
27,0.001455473316037596
28,0.0015159870521809522
29,-6.439514945519548e-05
30,0.0048990838092472936
31,-0.0021529583170360033
32,-0.0002914514022698255
33,-0.001075438540047497
34,0.0001392010276745946
35,0.00047335000183987096
36,-0.0002644839191650435
37,0.0008118605367747906
38,0.0011131335993051117
39,0.00021309900957058165
40,0.0002115286441927056
41,0.0008286929074522525
42,0.0018642930389642693
43,-7.056623387370984e-05
44,0.0004182359365061704
45,0.001874860433483474
46,0.0012777616811083827
47,0.0005575216843583328
48,0.0001397600962355908
49,0.0012919788072574367
50,0.0008694083665356789
51,0.00025256870943931784
52,0.002177120977499629
53,0.0020652292292371644
54,-0.00043939401317700497
55,0.0005882237603680094
56,-0.000348892397854093
57,0.00027971716438482977
58,-9.781981468931824e-06
59,-0.0003667714489430301
60,0.00012563003500713456
61,-0.0002361756548309449
62,-0.0008057919125012092
63,6.900007375234573e-05
64,-0.0005810818309302053
65,-0.0007777787784178159
66,0.00020770458994133161
67,0.00013746500085775581
68,8.999594650137075e-05
69,0.0006559800173752391
70,3.9492060992638356e-05
71,0.00022836327042112384
72,0.00011668301958118357
73,0.00021131266145512948
74,-0.006128890777025331
75,-0.0012017204529645054
76,-0.00041906128107960017
77,-6.878903278544216e-05
78,-0.002010459605356505
79,6.708310176894015e-05
80,0.00016033312696260937
81,0.0010077656211104535
82,-0.00028340832202815715
83,-0.00017183600978493314
84,0.00033201234010680255
85,0.0012439145516628962
86,0.00021919948318348582
87,1.6393989538933677e-05
88,0.0026229052176931326
89,0.0008866235053797866
90,0.000935663109513306
91,0.0006026224723417289
92,0.0030342651491757034
93,0.0020338534522098776
94,0.0008548920656714635
95,0.00010885360256170954
96,0.0038101872415483694
97,0.0019679996835979584
98,0.00032066735046741763
99,0.0017835246719402741
100,0.004763257971013863
101,-0.0009673687103678284
102,-8.478999866038594e-07
103,-0.0028842716474931918
104,0.00025368150028955345
105,0.0001861994118286478
106,0.0002131752780710225
107,9.374510184356904e-05
108,0.0002781056144003576
109,0.00013542424307593547
110,6.645389005382693e-05
111,-4.2357442154667346e-06
112,-5.3247461136135584e-05
113,-0.00010575580647293957
114,0.0006864741534826184
115,0.0007921633560984566
116,4.5768697667332745e-05
117,0.000276812295275607
118,0.00011530793557584257
119,-8.705511905477086e-06
120,-0.00073864054624406
121,8.2987779868675e-05
122,-0.0001904256084570892
123,-0.001126041989664149
124,-0.0013295553239318911
125,0.000638869272073414
126,0.0013521583830711215
127,6.12693971188248e-05
128,0.0006449649494322462
129,0.0003013921633922272
130,0.0003344505524747926
131,0.0003694411495252823
132,0.00011027875335014204
133,0.0025274627754564537
134,0.0004761475967810491
135,0.0007272915374695805
136,0.0014137152973282103
137,0.0007231387815691571
138,0.0004991049214011474
139,0.00044007654196220425
140,-0.00034959228125944436
141,-2.344053007548832e-05
142,0.00021191699520209406
143,-0.0006417567636574465
144,-0.00031122357702963903
145,0.0004884925300803366
146,-0.00038972869585229673
147,-0.000416830779791435
148,-0.0004068308010806954
149,-0.0006076854567971669
150,-9.006885921938167e-05
151,4.313400312667672e-05
152,0.00019312498953596868
153,0.00011274381988111392
154,-4.027749222554465e-05
155,0.00038732123426046106
156,0.00020176370006144565
157,0.0004237999771662718
158,0.0027407207958742214
159,0.0007270387353556656
160,0.00031943236623989835
161,-0.0031430590417542816
162,-0.0001913335037026046
163,-9.747761558209481e-05
164,0.00019049185714068502
165,0.0012684923915341705
166,0.0006913690706438107
167,0.0014237826251375357
168,0.0019846346747723815
169,0.0010037201483730027
170,0.0025453094371527996
171,0.0006834557141193209
172,0.0013543910036396224
173,0.00042736144113019863
174,0.0004844369707506318
175,-0.0006713560218066115
176,0.0004625504268435505
177,-3.988627620194422e-06
178,0.0003604707714472771
179,0.0006614384147719172
180,-0.0010692602151636586
181,0.00030168869987954054
182,0.0007589521943355252
183,-0.0009214494641417732
184,0.0005658596067040604
185,0.00042836000894018006
186,0.0002592553980364094
187,0.0005648414256179233
188,-0.00037866506220721256
189,0.003016132145788079
190,0.01089843525646435
191,0.0018076007289216745
192,0.0019487100172789719
193,0.00019905584850352993
194,0.0015107161366574166
195,-0.0010522417736070302
196,-0.00033020666065577617
197,-6.05294930720914e-05
198,9.212753334835758e-05
199,0.0001172838761634471
200,-9.401075772058696e-05
201,0.00037096575398000214
202,0.000797315333443816
203,0.000339882274258878
204,-0.00024235122632325655
205,0.0028841428732821217
206,-0.00010645230594370053
207,0.0007712956300594681
208,0.0028488027700643917
209,0.0015559582353620843
210,0.0017591320174326402
211,0.0030624782176827295
212,-0.0004505038582764069
213,-0.0016345891988058048
214,0.0009196700692530662
215,0.0027024546215887865
216,-0.00014754381988340746
217,-0.00022961646982089042
218,0.00017115297025599706
219,-0.00014468462397680402
220,-0.0002712262130575974
221,0.0008971075482219183
222,-0.00045609846701037725
223,0.00040245017174905204
224,0.0003634406417937316
225,-2.7455790289347832e-05
226,0.0014032454070780458
227,0.0005133885642915358
228,0.00020913219193247241
229,0.0006603497165495544
230,6.262060927956e-05
231,0.00020675513383635236
232,0.0011678171133697901
233,0.0004919080152882131
234,-0.00013424304151127517
235,0.0017458545880335245
236,0.0012602959574960894
237,0.0006445321032813719
238,0.004362868023619083
239,0.0028563773812257717
240,-0.0003965935111078938
241,-0.0027792764205933503
242,-0.0010621786011087903
243,-0.00024322151095629006
244,-0.0009425974643734895
245,-0.00012657218919356295
246,-2.9666677188260237e-05
247,0.0011186023046720031
248,-0.0002738126800121398
249,-0.0004868808016920535
250,-0.0006844658185177285
251,-0.000843533866131071
252,-5.544049562032505e-05
253,-0.0009179652548330364
254,-0.0006035338878844568
255,-4.674779274918846e-06
256,0.0003188775574551106
257,0.0003051244487618927
258,0.0008342951151898861
259,-3.1242245574353485e-05
260,0.0017824703181907556
261,0.0017790386934192015
262,0.005521807993696022
263,0.00492454510542164
264,-0.008390585980912869
265,-0.0022492971861727087
266,0.00046834593534178493
267,0.0009941106889612018
268,0.002566869861621485
269,-0.00044925175719216976
270,7.04333792527945e-05
271,0.0005536789044675207
272,0.0001709917977594162
273,-0.00010092232014438373
274,0.00016404456771696972
275,0.00039630992100097505
276,0.0001612701087823397
277,0.0007698707565003893
278,0.003427024038198609
279,0.0021451884646382217
280,0.000924851604265336
281,0.0016106852911106503
282,0.004799567729391495
283,0.0003185071004463295
284,0.00048667340942505074
285,0.004259780804752381
286,0.0013753641331544668
287,0.00027002032253983424
288,-0.0004544406423053162
289,0.0023789845496011795
290,0.0011123070000439552
291,-0.0024564336896781944
292,0.0009045317622830898
293,-0.0012456027968915616
294,-0.001487989542054867
295,-0.0009845217751337876
296,-0.0005093695803696929
297,-0.00035649163362359897
298,0.0001135784090527968
299,6.224721557168538e-05
300,-0.00019590939371204522
301,-9.644932581054931e-05
302,7.911755742287067e-06
303,-3.972662054900852e-05
304,0.0009864569043489893
305,4.6553405268062164e-05
306,0.0004661967568432899
307,0.0002666650536128825
308,0.00032140184915213025
309,0.002111857886554362
310,8.823711419509265e-05
311,0.0014984138311510988
312,-0.00026040196944606737
313,-0.0009642340358242211
314,-0.002087788876661665
315,-0.002493635324657425
316,-0.00024744253709820105
317,0.0017281704338677239
318,-0.0005578266622948049
319,-0.0005562589494129066
320,0.0002050267481693507
321,0.0009288422168733206
322,0.00045282135630321285
323,-0.00021875026401873648
324,0.0013541205614468893
325,0.00040586237792666755
326,0.002701868176068204
327,0.0007633681548944872
328,0.0004410237900561974
329,0.0014477542770988114
330,0.0013551783414518103
331,0.0001528051649580113
332,0.0004832985166648045
333,0.00042330470287954677
334,0.001965847142802801
335,0.0004029242617481962
336,-0.0006919955619129408
337,-0.0003061421620615213
338,-0.00019985201046463655
339,0.00041323934791047536
340,-0.00012915331723958835
341,3.264793327156178e-07
342,8.303970826763945e-05
343,3.860898708800367e-05
344,-0.0013636115476809343
345,-0.0003551260447543057
346,0.0007301702512355256
347,-0.0009044451487279507
348,0.001298303068487367
349,0.0022625674559962525
350,0.0006999170899337458
351,0.0008924618025909089
352,0.002048053926516655
353,0.0007523851767103318
354,-0.0014740984609087858
355,-0.002513569123860546
356,-0.0003351382357569731
357,0.0014956876253513888
358,0.0012580001723238247
359,0.0007118217375109003
360,-0.0010692065738954844
361,-0.0015391889742934067
362,-2.980479087064091e-05
363,9.22606378619091e-05
364,0.001251998302238537
365,0.0005723041159947039
366,0.0018418324534287722
367,-0.004082045056672959
368,-0.0038193809780640354
369,-0.0017742348017144832
370,0.0006265074543679285
371,0.00037913750036846307
372,-1.1160708847282412e-05
373,1.9780688105151536e-05
374,0.000296911844691651
375,0.000523667105506478
376,-0.0004797050342609645
377,0.0007365026917931307
378,-0.0034882011013561394
