,6
834.0,-0.0005294078674014275
841.0,0.003994047244621963
848.0,0.0006219995482727715
856.0,0.002025178769527341
865.0,0.0007216044342263795
873.0,0.0015655900661599598
881.0,0.000812132115003645
889.0,0.000967598016812242
901.0,0.0044155146487642035
909.0,0.004264997264200489
917.0,0.00310239056154169
924.0,-0.0002917539554160377
931.0,-0.003575798363313962
937.0,0.012235410010240476
941.0,0.007879035196207947
947.0,0.002125126111289638
951.0,4.759961364766261e-05
957.0,0.00015294535711886473
961.0,-0.001965598966137066
969.0,-0.004348098828244969
976.0,-0.009044654965841671
984.0,0.0034256281959751797
992.0,0.004679325488420733
999.0,0.0010292633341177464
1008.0,0.0032921216794695504
1019.0,0.007347369461963456
1026.0,0.002585647091292898
1034.0,0.003221321490473808
1039.0,0.003831934289659844
1050.0,0.005947972846912971
1057.0,0.0024763106176167375
1065.0,0.0032559191012725922
1072.0,0.0003414989373224137
1080.0,0.0020492744470566276
1089.0,-0.00011948271624047419
1098.0,-0.0018417176836845852
1104.0,0.0009231996913743882
1112.0,0.003116737107172779
1116.0,-0.002440251478357295
1125.0,-0.0014340989790922742
1129.0,-0.005502037760658794
1140.0,-0.0020217671622407133
1151.0,0.0002531405489579249
1155.0,-0.0011105346773239834
1164.0,-0.001366345088984865
1171.0,0.00037286323044907673
1185.0,-0.0014928902138148512
1196.0,-0.0001268950510891485
1200.0,-0.000770411676516201
1209.0,-0.00043770677445255444
1223.0,0.010557810023918023
1234.0,0.009118327932262858
1238.0,0.004412384544653229
1247.0,-0.0013142727859337012
1256.0,0.0027190530019840626
1263.0,0.0014605267564330572
1268.0,1.8109282143713726e-05
1275.0,-0.0005025695448684151
1284.0,-0.0004954807445252748
1292.0,0.0001845628779991617
1303.0,0.003919734901456951
1309.0,0.0014363852274046607
1315.0,-0.003423221385995668
1326.0,-0.0012012308297727327
1335.0,0.0025085056081570654
1344.0,0.0004479948219555237
1355.0,0.0013181149872766153
1361.0,0.000338059974151508
1375.0,0.0005075440846824043
1386.0,0.0011191002747611895
1397.0,0.0009296835293857146
1406.0,0.0030240980583223012
1411.0,0.003077622409929612
1420.0,0.0025262932650771805
1428.0,-0.00040425017846066014
1440.0,0.002026583366126018
1449.0,0.0024741762453160624
1456.0,0.00028667805795854916
1463.0,-1.9629485018388856e-05
1471.0,0.0007118104594319852
1479.0,0.008520667274605993
1490.0,0.0024397970106153134
1500.0,0.0027026079361190634
1509.0,-0.000503198004401885
1517.0,0.0033058294085634545
1525.0,-0.001349158331704808
1533.0,0.001938035985571967
1537.0,-0.0014599195883856736
1548.0,-0.0005112188752673265
1556.0,9.441741781545517e-05
1561.0,0.0004551081442036645
1566.0,0.0010397244413136435
1574.0,0.0005961711830225442
1582.0,0.0012384170446765222
1591.0,0.002241793902562336
1599.0,-0.0038910613152108044
1607.0,-0.016783673263389046
1611.0,-0.0014824344743424717
1618.0,-0.003364624542738081
1632.0,0.00033876879504051056
1639.0,5.0503830885790496e-05
1648.0,0.00033443695506866014
1656.0,-0.0004130567005089658
1670.0,0.0010786318594904678
1678.0,0.0007029748352419044
1685.0,0.0014846369804190262
1691.0,-0.0005146007781279497
1699.0,-0.0007687905657513708
1711.0,-0.0010052024206274554
1721.0,-0.000268050193998866
1730.0,-0.0014774636696298223
1740.0,0.005564963557206979
1744.0,-0.00036836002025354166
1750.0,7.975932103737112e-05
1758.0,0.00020793012888368584
1769.0,0.002046146764986971
1777.0,0.0013654798204575122
1789.0,0.0023832612893211784
1797.0,0.0014362941965620126
1805.0,-0.004239266463269037
1816.0,0.00034217320257164753
1828.0,9.1175318525227e-07
1835.0,0.0013034002578407417
1842.0,-0.0022113941947369754
1849.0,0.00126980516537888
1856.0,0.0036126318555007066
1865.0,0.0003214553727681685
1869.0,0.0021613129126540546
1877.0,0.0034218306750557655
1885.0,0.0006057340751022009
1894.0,0.0006719660340025531
1902.0,0.0014351053861730758
1907.0,0.0016183000477796015
1915.0,0.001471196803435863
1921.0,0.0009061070391580948
1928.0,0.0008428747500652494
1933.0,0.0030012611074449335
1939.0,0.0005568214717918226
1943.0,0.0016745060487950846
1951.0,0.0006703783820948536
1956.0,0.0030039484586095637
1966.0,-0.00021581325211254522
1974.0,0.0005370309689734895
1984.0,0.002484670307921947
1992.0,-0.0021412808512012993
2001.0,-0.0019591084139856277
2009.0,-0.009658480611304554
2016.0,-0.005271771681022308
2020.0,-0.01970019880315555
2027.0,-0.003554968047453398
2036.0,-0.00933265485603748
2040.0,0.0015081658664975264
2049.0,-0.0006997821364959524
2056.0,-4.6419683883825964e-05
2061.0,-0.001625289628309059
2069.0,0.0004650165024991431
2074.0,0.0014739884426766428
2084.0,0.0030238929265486436
2095.0,-0.002481603919151283
2103.0,0.00032402360923037583
2111.0,-0.0010465124326127996
2120.0,-0.00022947475437361822
2126.0,0.00032376035672433223
2135.0,0.00200376546364674
2143.0,0.0007291523422584511
2151.0,-5.4397138878420646e-05
2159.0,0.002006255933670882
2166.0,-0.000711323911705355
2175.0,-0.010783489384870344
2184.0,0.0028503318479226256
2192.0,0.0005750394355664278
2196.0,-0.0001348454647125032
2203.0,-0.0005589679800471077
2209.0,0.000757595481826668
2215.0,-0.0010917810749837414
2223.0,-0.0018921114071463354
2228.0,0.0024288720730984534
2236.0,0.002152437384378684
2244.0,0.0003583676698680219
2248.0,-0.0019597283512686825
2256.0,0.000366696362964307
2261.0,-0.0011781389562510011
2268.0,6.467152800863865e-05
2279.0,-0.00026558792241019306
2289.0,0.001181747108100255
2297.0,-0.0007359542928618649
2303.0,-0.0003869619040396764
2308.0,-0.0034602016531012254
2315.0,-0.0025536430667128
2323.0,0.00288258624443685
2330.0,-0.0005796092137589219
2338.0,0.0016549185844392706
2346.0,0.001039734874155065
2354.0,-0.004502379079106333
2359.0,-0.011047541439055527
2366.0,0.0029118422616958048
2374.0,-0.010405644207448701
2384.0,0.0019090013910202928
2395.0,-0.0016581361522865253
2402.0,-0.002625009243004752
2406.0,-0.0007464093532853303
2413.0,-0.0019686442974510077
2422.0,-0.0029132397490799124
2433.0,0.002935005562674335
2445.0,0.0017292022646545739
2453.0,0.00043343830075275253
2458.0,0.0007135597860600506
2465.0,0.00036269330737628776
2474.0,-0.001898541263309965
2481.0,-0.0004535561546235494
2489.0,0.000359532188499245
2497.0,0.0004849227979895272
2505.0,0.005982766464579267
2511.0,0.0011225925890564104
2519.0,-0.002975634481119709
2527.0,-0.001682082120145944
2535.0,0.002892942115269516
2544.0,-0.0003767065887763793
2554.0,-0.0014576838769255606
2565.0,0.001927296870762373
2574.0,0.0009450767266850187
2580.0,0.0015803617952951572
2591.0,0.0005109651294422679
2600.0,0.0011106363907164983
2611.0,0.0013424121387472896
2616.0,0.0010428999013901822
2624.0,0.00199574856918977
2632.0,0.00010434586159428887
2644.0,0.0013456991074351765
2649.0,0.002202013461009402
2657.0,-0.0003009098290385604
2661.0,0.0016447939247808525
2669.0,0.0007023046264187688
2676.0,0.0019831209980014745
2687.0,0.0018713659823205988
2701.0,0.00037597218528397563
2710.0,0.003303361847985885
2718.0,-1.0129631136527046e-05
2723.0,-6.507409044787146e-05
2734.0,0.00016282449448999084
2745.0,0.0010877719014893985
2751.0,-0.0012664764275156857
2757.0,-0.00043523182306159697
2765.0,-0.002556488387208143
2769.0,0.00027754400745955127
2773.0,0.0033130720334373026
2781.0,-0.0012513922157058534
2791.0,-0.0023356951493515225
2800.0,-0.0008785829625106634
2808.0,-8.06766895526128e-08
2820.0,-0.0019709596711759746
2829.0,-2.0343810306635082e-05
2837.0,-0.001124449553602035
2844.0,0.0018366528365009595
2856.0,-0.00042322398946775173
2868.0,-0.0014969259206561879
2876.0,-0.00019037378812221202
2884.0,0.0001432311484340959
2891.0,-0.002679386519381166
2898.0,-0.008980756993753012
2904.0,-0.00765579405582226
2912.0,0.0018953380678484214
2919.0,0.001006424777233406
2925.0,-0.000180736844561148
2932.0,0.0023629768883455145
2941.0,0.0010015459317941585
2950.0,0.002537360872805425
2958.0,0.0009893864977322424
2969.0,0.002412629777100464
2978.0,0.001769323043882422
2985.0,0.0005461006147913442
2992.0,0.0017045075982417405
2998.0,0.0017073951966924121
3007.0,-0.002695673789789512
3016.0,0.0018124397755066453
3025.0,0.004273533323953092
3033.0,0.002832310667414467
3044.0,-0.001773323614180437
3051.0,0.00419424790324266
3059.0,0.0013404954779601267
3067.0,-0.0005660708668125934
3074.0,0.005198054373787999
3082.0,0.003833780150216265
3093.0,0.0006387194823702772
3107.0,0.005288168149712861
3116.0,0.01563670099038359
3122.0,-0.0024112236499055227
3128.0,-0.0004293674089057093
3137.0,-0.0010857246900810862
3142.0,0.0002804295192901748
3150.0,-0.0010357917129763317
3161.0,0.004168519634616099
3168.0,0.003647040851108661
3176.0,0.0013073957131659552
3181.0,0.00199665219752805
3190.0,0.0021026313150596804
3198.0,0.0006354680654161832
3206.0,-0.0005344538443256501
3217.0,0.00017707050437524422
3226.0,-0.0005538612994956082
3232.0,0.0003658399673273274
3246.0,0.001964738766681073
3258.0,-0.00364158724792829
3263.0,-0.0030026263901943946
3271.0,8.063428832017627e-05
3275.0,0.0009889461816419878
3280.0,0.0039318279495142855
3285.0,0.000724046255017084
3296.0,0.00012594292573271583
3304.0,-0.0004893713212957483
3311.0,-0.0001141605603348427
3316.0,0.0023745428247985067
3324.0,2.9738718862141467e-05
3335.0,0.002919476874182493
3343.0,0.0009749770347692254
3352.0,0.0036694455604094774
3361.0,0.004387267487575697
3368.0,0.002015372549946605
3376.0,0.0036499812950120873
3382.0,0.0031683882520027436
3391.0,0.0025936614210111133
3399.0,0.0026965767482082415
3405.0,0.00722646808493954
3414.0,0.0037791026435820244
3423.0,-0.0020252452574178815
3432.0,-0.007654604830931018
