,4
834.0,0.002124029330298422
841.0,0.0020147771441092798
848.0,0.007896735648855098
856.0,0.006090313280065163
865.0,0.003803776572394936
873.0,0.0062185560040056735
881.0,0.0023305260628087745
889.0,0.0007094193943080274
901.0,0.007141539294769222
909.0,0.013124950877134353
917.0,0.008761543036639416
924.0,0.00032494945807301593
931.0,0.002491312924874139
937.0,0.006365358786100938
941.0,0.006775609863883057
947.0,0.005711705483249405
951.0,0.0074520534282739494
957.0,0.007368340764570108
961.0,0.009661774942764913
969.0,0.006649021205618627
976.0,0.0028940937310964294
984.0,0.016650914685904884
992.0,0.0025428971357882957
999.0,0.0067728154945515045
1008.0,0.006278011540321474
1019.0,0.0024230977777367968
1026.0,0.0028522561648977084
1034.0,-0.002087119838945409
1039.0,0.011202023657828852
1050.0,-7.463576092730667e-05
1057.0,0.011595743127603158
1065.0,0.003432004615279653
1072.0,0.015228623473938658
1080.0,-0.0004256895808864354
1089.0,-0.0017229588915152571
1098.0,-0.002841555333080146
1104.0,0.0011988832821302467
1112.0,-0.0030594135321246304
1116.0,-0.00480699117138901
1125.0,-0.0028485278047390918
1129.0,0.014662307698801407
1140.0,-0.0014621860417873638
1151.0,0.0034623509664847485
1155.0,0.013963199454348018
1164.0,0.008730041164589695
1171.0,0.0036388071652016397
1185.0,0.006508339181017481
1196.0,-0.0006178209849060227
1200.0,0.006391588156932724
1209.0,-0.0012840242077506035
1223.0,-0.011471574741945049
1234.0,0.001906126572361637
1238.0,0.006843878188380107
1247.0,0.012071708615139362
1256.0,0.000907336350904865
1263.0,0.009767377256761195
1268.0,0.005357315125371826
1275.0,0.0076604538426371035
1284.0,0.005557829015610217
1292.0,0.008411969988939815
1303.0,0.001697064128197316
1309.0,0.009889345498765785
1315.0,0.007823372166383631
1326.0,0.008729559634899003
1335.0,0.005085605026565633
1344.0,-0.001970536981093387
1355.0,-0.004119219756244546
1361.0,0.003453662897083477
1375.0,0.0032403749408762314
1386.0,0.0035850835751503407
1397.0,0.004829315460087352
1406.0,0.0031740883949440872
1411.0,0.006521788460859774
1420.0,0.002652042883334053
1428.0,0.0020559799948834303
1440.0,0.0003218781465204393
1449.0,0.007709922758780206
1456.0,0.0019335766069550789
1463.0,-0.0028613964510592377
1471.0,-0.005050435909788391
1479.0,-0.008799821745540032
1490.0,0.0022232796825056287
1500.0,-0.0011210854000112357
1509.0,-0.0011482735115885
1517.0,0.0017857508769375957
1525.0,0.0012498473111931096
1533.0,-0.002047239270331891
1537.0,0.006506551291229316
1548.0,-0.0036438379879033794
1556.0,0.0028665525166086583
1561.0,0.009022389984640885
1566.0,0.005588836595986824
1574.0,-0.010864816236878228
1582.0,-0.007164857282729637
1591.0,-0.005120284619753708
1599.0,0.002891297635777571
1607.0,0.00333502118753109
1611.0,0.0024834203042136474
1618.0,-0.010315874122904177
1632.0,0.004501978569071214
1639.0,-0.004487080380844573
1648.0,0.0075158802732244534
1656.0,0.008500002828869068
1670.0,0.0018904159119083302
1678.0,0.005845239150192164
1685.0,0.0033025506705017106
1691.0,0.017080103115743553
1699.0,0.0063958302727444806
1711.0,-0.010484362956438406
1721.0,0.007578528803943314
1730.0,0.014825647946572424
1740.0,-0.016436887442897938
1744.0,-0.0005605726969922404
1750.0,0.0045364397261235985
1758.0,0.0036630576271585494
1769.0,0.005177177449551497
1777.0,0.005268129775115262
1789.0,0.008190181849547874
1797.0,0.0026695730367794837
1805.0,0.0035795906130523455
1816.0,0.003051824594090052
1828.0,0.012310667473518788
1835.0,0.000707340930156741
1842.0,0.017734375947392304
1849.0,-0.0021247541680599153
1856.0,0.006717192254056539
1865.0,-0.008992619506103396
1869.0,0.005936498119142065
1877.0,0.006685072830910005
1885.0,0.004676073110906299
1894.0,-6.7979786033417595e-06
1902.0,0.0041976175890112355
1907.0,0.0018518826478917485
1915.0,0.005416884234109669
1921.0,0.005271418634965853
1928.0,-0.004114268526721107
1933.0,0.007130309590355796
1939.0,0.010070400793743436
1943.0,0.007628665397303037
1951.0,0.0017569606443388532
1956.0,0.0062201996143826975
1966.0,-0.0016118655226767824
1974.0,0.008855832943590262
1984.0,0.00653315803691641
1992.0,0.004613594419111113
2001.0,0.002085653794550399
2009.0,0.012720675761872262
2016.0,-6.245054652663585e-05
2020.0,0.004147523774003415
2027.0,0.014313656043505055
2036.0,0.0015856180336610989
2040.0,0.002780184280527423
2049.0,0.003174658189170089
2056.0,0.006841497833080204
2061.0,0.003147276734780357
2069.0,0.013527714268216435
2074.0,-0.00022662023233584717
2084.0,0.005057224379005704
2095.0,-0.008520448950482783
2103.0,0.005105227403585175
2111.0,0.0008118175130582265
2120.0,0.007970344796924754
2126.0,0.0016319332926616867
2135.0,-0.004327902661758128
2143.0,0.001125467606837915
2151.0,0.0014051515733637693
2159.0,0.0012674303520354966
2166.0,0.01554930852453171
2175.0,0.019404164756619723
2184.0,0.010063779844266789
2192.0,-0.004188378094415267
2196.0,0.007919345308057626
2203.0,0.0025193030334291953
2209.0,0.0068411681663439776
2215.0,0.010499457112637884
2223.0,0.00386977565703613
2228.0,0.009282885575140561
2236.0,0.005142407659658886
2244.0,-0.0029244034760638805
2248.0,-0.0013153816204041113
2256.0,-0.0021501397104091613
2261.0,0.005368398986106572
2268.0,0.006534626857391369
2279.0,0.003062592935292088
2289.0,0.001269115507985769
2297.0,0.010059860911294785
2303.0,0.005142883692245983
2308.0,-0.0018983563333438446
2315.0,-0.0030805898800278495
2323.0,0.014313502463741587
2330.0,0.003681948192563295
2338.0,0.0031910667691179436
2346.0,-0.004362210679761007
2354.0,0.014042986458447728
2359.0,0.005750745561343127
2366.0,-0.008440583547468045
2374.0,0.008135116076549737
2384.0,0.013184646238846543
2395.0,0.002455691939769004
2402.0,0.011941107259156045
2406.0,0.011153984397466414
2413.0,0.010208306548352792
2422.0,-0.0013846630036399824
2433.0,-0.00549986763602565
2445.0,0.016758397647976875
2453.0,0.005698011868464661
2458.0,0.008517484767105413
2465.0,0.00023067625366470502
2474.0,3.69290091608124e-05
2481.0,0.007638709626236573
2489.0,-0.003146375256208535
2497.0,-0.002590372458194385
2505.0,0.0033571988740288446
2511.0,0.002901057427317143
2519.0,-0.004985724041689865
2527.0,0.013541391447893387
2535.0,0.010576607782595735
2544.0,0.0005460392737292961
2554.0,0.011860773745086806
2565.0,0.008004920462016993
2574.0,0.004890951177095291
2580.0,0.006331433904157099
2591.0,0.002716534504340689
2600.0,0.008123858978530208
2611.0,-0.0032576498818897032
2616.0,0.00801782843526603
2624.0,0.00491244321934309
2632.0,0.0007055539919504253
2644.0,0.002736963830652694
2649.0,0.008066958168508179
2657.0,0.005314906516544857
2661.0,0.007164529624114958
2669.0,-0.001892459699817349
2676.0,0.009509886634072286
2687.0,0.005523403372973712
2701.0,0.003498343232338748
2710.0,0.005510003149605419
2718.0,0.0023141262439272635
2723.0,0.006289299234651327
2734.0,-0.009822136699014557
2745.0,0.0009808752245566508
2751.0,-0.0019304960481449464
2757.0,-0.0026710257681725326
2765.0,-0.007768234097003227
2769.0,0.0071119737710404266
2773.0,0.008398622890330098
2781.0,0.002709808874748489
2791.0,0.002792083436789585
2800.0,0.01532333744588665
2808.0,0.006530034495598022
2820.0,0.0004355570422538639
2829.0,0.010379295879531559
2837.0,-0.000819822461993379
2844.0,-0.004276430193628448
2856.0,-0.00032541428878377586
2868.0,0.005454157539571505
2876.0,0.004980286143906206
2884.0,0.009111734004415676
2891.0,-0.0054185094522515
2898.0,0.010888442445871397
2904.0,-0.006447078394919586
2912.0,0.005999962794865675
2919.0,0.010279243615162626
2925.0,0.008072965850626458
2932.0,0.004354414229142786
2941.0,0.00835203310915341
2950.0,-0.00010365971270490729
2958.0,0.006551552773440049
2969.0,-0.001411180494048897
2978.0,-0.0062148014278614536
2985.0,0.005366899645979148
2992.0,-0.0006047122006534478
2998.0,0.001721564014517363
3007.0,0.008323941810302864
3016.0,-0.00097101851599147
3025.0,0.01023357483301504
3033.0,0.009743847453091538
3044.0,0.008174863912603603
3051.0,0.005674403456083749
3059.0,0.0020540436705102434
3067.0,0.0056752965399766795
3074.0,0.011088329386563598
3082.0,0.006505929381657407
3093.0,0.003801053868033172
3107.0,0.0055010801812328735
3116.0,0.004854065115573661
3122.0,0.0026872241981550225
3128.0,0.00867686078737633
3137.0,0.011097582245449338
3142.0,0.0027165627408670874
3150.0,0.006036576521411194
3161.0,0.006285400948735987
3168.0,0.002618134553419515
3176.0,-0.0035645441039962
3181.0,-0.00039961804553570695
3190.0,0.003461959685573007
3198.0,0.007834650509701632
3206.0,0.004779744977004838
3217.0,-0.0010096921224535325
3226.0,0.005140139106862526
3232.0,0.005923610666546804
3246.0,0.01130718390975498
3258.0,0.0030531236790045683
3263.0,-0.0032157528954215057
3271.0,0.012126767750257889
3275.0,-0.010280542863715245
3280.0,0.003784371350292302
3285.0,0.007202512233700446
3296.0,0.01661756030338207
3304.0,0.014661443739211896
3311.0,0.012093094112000033
3316.0,0.001575757618354044
3324.0,0.0017931504633972766
3335.0,0.006634452402576844
3343.0,0.0045239164887559335
3352.0,0.009377087283332372
3361.0,0.00747365494348426
3368.0,0.0031949156434605067
3376.0,0.008936462221415822
3382.0,0.0026876040579725605
3391.0,0.002158830880485788
3399.0,0.007272209278949746
3405.0,0.007472588392960311
3414.0,0.008732945188762067
3423.0,-0.009866982788739377
3432.0,0.0022435662018235577
