,5
834.0,-0.004214848758030531
841.0,0.005664571891730306
848.0,0.0026748235765282893
856.0,0.0025676586546186436
865.0,0.0005858401584618081
873.0,0.000758802784113241
881.0,-0.0002301543940966489
889.0,-0.00041441978219417474
901.0,-0.0030335520321378854
909.0,-0.0009309668281243899
917.0,0.0034496908733273484
924.0,-0.0006088667780727752
931.0,-0.000858198723818126
937.0,0.003508371431864918
941.0,0.008161724399810617
947.0,0.001563715651227468
951.0,0.0010889584667629862
957.0,0.0008100129642985424
961.0,0.0023055669911698374
969.0,-0.0072037456699303734
976.0,-0.008695330140042373
984.0,-0.0031115203496338093
992.0,0.006646883212454662
999.0,0.0004612879756334641
1008.0,-0.00048777799137168
1019.0,0.0028904030831626145
1026.0,0.00041668774493869363
1034.0,0.0027490142514232504
1039.0,-0.0007029234456667131
1050.0,0.0017717344801075846
1057.0,0.003252235620963876
1065.0,-0.00013418778630572265
1072.0,-0.0001454553460285043
1080.0,0.0008270334507500912
1089.0,-0.003134863544714873
1098.0,-0.004300683926357644
1104.0,0.0010570542958048422
1112.0,0.0065211938419698304
1116.0,-0.0023757837876993084
1125.0,-0.002401345276545628
1129.0,-0.009810235550632056
1140.0,-0.0013263072973629807
1151.0,0.0035839314735001946
1155.0,-0.00035776042650612717
1164.0,-0.002535458200853691
1171.0,0.0007643996975507839
1185.0,0.00043145919454376204
1196.0,-0.00047416228993222415
1200.0,0.0014538710737523216
1209.0,0.0006411024811911759
1223.0,0.01317117716219738
1234.0,0.005260801756062878
1238.0,0.005150816515653149
1247.0,-0.0010996578913030136
1256.0,0.00418072741317557
1263.0,0.0017391696095582808
1268.0,0.00466764673468712
1275.0,-0.000850434571905934
1284.0,-0.00044972450042253005
1292.0,0.0018664826085891242
1303.0,0.001813934947890887
1309.0,0.004309756004652339
1315.0,-0.004786838371052921
1326.0,0.002979433799136584
1335.0,0.003382012097600721
1344.0,-0.00024271792664284653
1355.0,0.0009875202435665183
1361.0,0.0012128770251342144
1375.0,5.606705406953146e-05
1386.0,0.0008267574198379447
1397.0,-0.0014002650381313533
1406.0,0.00014724602959898
1411.0,0.0012416982353075968
1420.0,0.0024266788668235897
1428.0,-0.002353277473590862
1440.0,-0.001189268816802767
1449.0,-0.00043816599118505045
1456.0,0.0010550925038581268
1463.0,-0.0002852875736833014
1471.0,0.007965834900016448
1479.0,0.0175634525227896
1490.0,0.0021506801674741984
1500.0,-0.001168518960120045
1509.0,0.00012101359805241104
1517.0,0.005964194140796752
1525.0,-0.0014284824955393366
1533.0,0.0031320217668313497
1537.0,-0.001929544655166698
1548.0,-0.0010283933720856666
1556.0,0.00013162737404659924
1561.0,0.0021064606014923443
1566.0,0.0007278538649433547
1574.0,-0.0018459044666610045
1582.0,0.0004742414936421001
1591.0,0.000662472672056681
1599.0,-0.0005303799833510865
1607.0,-0.013630340793684548
1611.0,0.0003121445839154484
1618.0,-0.0045126744491133415
1632.0,0.001289794315074823
1639.0,-0.003984261722766282
1648.0,0.001231426992808367
1656.0,0.0016565155311061817
1670.0,-0.0007645037113729637
1678.0,0.001833570947336964
1685.0,0.003732564434189142
1691.0,0.0021535527947268733
1699.0,-0.005260589611901662
1711.0,-0.003435282798847762
1721.0,-0.0036270909927004526
1730.0,-0.003964470830319696
1740.0,-0.0068834711296911185
1744.0,-0.0006024389191828784
1750.0,0.0011878213064473858
1758.0,0.0007857363496048112
1769.0,-0.000457345660736061
1777.0,0.0016067678661875519
1789.0,0.0007986073618115341
1797.0,-0.0033618619830403287
1805.0,-0.0049124447388131055
1816.0,-0.0023575251463537348
1828.0,-0.00024675222070333157
1835.0,0.0035969544960865654
1842.0,-5.061840347665174e-06
1849.0,-0.0005131133948986072
1856.0,0.0019956261165165376
1865.0,0.0003068754198254194
1869.0,0.000501120051556137
1877.0,0.0016984970377322852
1885.0,0.0009904550128204237
1894.0,8.989019092840038e-05
1902.0,0.00044641366209624745
1907.0,0.00022930679369840854
1915.0,0.0017139284581893664
1921.0,-0.00013573775642138276
1928.0,0.0004094653973301115
1933.0,0.0023058497214223303
1939.0,0.0013089544084509922
1943.0,0.0009515087943545973
1951.0,-0.002149961211290743
1956.0,0.0016741997804777054
1966.0,9.733039045972048e-05
1974.0,-0.0012589225907299524
1984.0,0.002100202754669352
1992.0,-0.002658396637643253
2001.0,-0.004344747752936546
2009.0,-0.00016989920415619062
2016.0,-0.009717985659747592
2020.0,-0.008534189813589412
2027.0,-0.0005961548999869544
2036.0,-0.012009457209938285
2040.0,0.006469679834017328
2049.0,0.0024051395442765237
2056.0,-0.0016315609928768235
2061.0,0.0028385912943613575
2069.0,0.0013446979806833164
2074.0,-0.003568565045621851
2084.0,0.002956425201095142
2095.0,0.0019448625665456098
2103.0,-0.0007855092436971629
2111.0,0.002040749778837867
2120.0,0.00199829363739101
2126.0,-0.0007276927874247025
2135.0,-0.00024058262789681097
2143.0,0.004458316953373291
2151.0,0.0015391159593450615
2159.0,0.0027260993582921052
2166.0,0.001468357912465517
2175.0,-0.00578932008590151
2184.0,0.00263991540228212
2192.0,-8.379836874081254e-05
2196.0,0.0061006559969095115
2203.0,0.0008040895827716564
2209.0,0.004095264378917217
2215.0,0.0026417437427098366
2223.0,0.0014327260101941284
2228.0,-0.0029267223892895447
2236.0,-0.0005996465047977741
2244.0,-0.0015047276844177056
2248.0,-0.000498878825713431
2256.0,0.00031645317367850215
2261.0,0.0048717590909225445
2268.0,0.0012947729545935587
2279.0,-0.002215693739452083
2289.0,-0.0008162563876490282
2297.0,-0.00026705050870776413
2303.0,-0.0032648847120657224
2308.0,-0.001719556468322843
2315.0,-0.0038036900117690915
2323.0,0.005730977668652189
2330.0,-0.00026644087929606955
2338.0,0.0030508501935247226
2346.0,0.0060114857581249435
2354.0,-0.008767552582579297
2359.0,0.004594742611945338
2366.0,0.006746319783871653
2374.0,-0.011918215298781693
2384.0,0.0033777245145230742
2395.0,-0.005944277006787218
2402.0,0.0014599986219922404
2406.0,-0.0022455558240474104
2413.0,-0.0032083471664974927
2422.0,-0.0032641116510154426
2433.0,-0.001349196065886475
2445.0,0.0027511896943048365
2453.0,0.002545625554510104
2458.0,-0.000759049103107984
2465.0,-0.0004708170120783825
2474.0,-0.0007822925117008869
2481.0,0.0005303057659862172
2489.0,0.00030213446948346753
2497.0,-0.002197879348362935
2505.0,0.007737715100138321
2511.0,-0.0011428414839050598
2519.0,-0.005344136153323937
2527.0,-0.0009369555201717317
2535.0,0.002166445229803563
2544.0,-0.005172765936854814
2554.0,0.0020845384217219884
2565.0,-0.0031247451041701295
2574.0,0.002108792390600002
2580.0,0.00036784209468340126
2591.0,0.0004102686536352523
2600.0,0.0012076057774275072
2611.0,5.065306990562233e-05
2616.0,0.0012784736567021243
2624.0,0.001972778781860688
2632.0,-0.00026221101971614
2644.0,0.0004757045513622285
2649.0,0.001978273335826461
2657.0,-0.00020249317955997695
2661.0,0.0006348400433244441
2669.0,3.753461794928705e-05
2676.0,-4.11325349499065e-05
2687.0,0.0004381114889837662
2701.0,-0.003055500474093581
2710.0,-0.0003683045628812421
2718.0,0.0015531264437759114
2723.0,-0.0014049750493229706
2734.0,-0.0008962871047125024
2745.0,0.0033569456937690154
2751.0,0.0003389697172291866
2757.0,-0.0008499795240226507
2765.0,0.014529172760244324
2769.0,0.00045654469302971947
2773.0,0.002890575466752467
2781.0,0.00046151752777064516
2791.0,0.0011402977530983577
2800.0,0.0002465964713695315
2808.0,-0.00019420412032144837
2820.0,0.0005438061203250225
2829.0,-0.0016590882403464435
2837.0,-0.0055406676407490614
2844.0,0.0013101691504708523
2856.0,0.002879371783029326
2868.0,0.0025898141272028617
2876.0,-0.0035785917881678802
2884.0,0.0073405199278483045
2891.0,-0.007661660202806675
2898.0,-0.008248317376406454
2904.0,-0.009750577685231724
2912.0,0.005532712864646916
2919.0,0.0034667378443209275
2925.0,-0.0027587183810561834
2932.0,0.0030343448477231933
2941.0,-0.00020577495351085487
2950.0,0.00010813673452108712
2958.0,0.000201561972450731
2969.0,-0.00044164197050878146
2978.0,-0.00012665267090136375
2985.0,0.0008251005674509637
2992.0,0.0031613613110623275
2998.0,-0.0010437022582475625
3007.0,-0.004435144406443615
3016.0,-0.002291956944982949
3025.0,0.005551154859833821
3033.0,0.0003676067729547284
3044.0,-0.0076967317533548985
3051.0,-0.004306025502908253
3059.0,-6.065800938887787e-05
3067.0,-0.004422530697610686
3074.0,0.001152465841433024
3082.0,0.0030856620919990584
3093.0,0.0014920097150731236
3107.0,-0.0011838603140993478
3116.0,0.004635406607265766
3122.0,0.001785065725762538
3128.0,-6.699047331900033e-06
3137.0,-0.0016630232289080356
3142.0,0.0004304646432683901
3150.0,0.00030987107708874313
3161.0,0.0020023828285792946
3168.0,0.0013831119494691266
3176.0,0.0008552332642487078
3181.0,0.0002684542024445462
3190.0,0.0024297084841775306
3198.0,0.00041207903165476093
3206.0,0.002011104239119378
3217.0,-1.733067635420548e-05
3226.0,-0.0006480219248809224
3232.0,0.0016429314164763662
3246.0,0.003293314488087498
3258.0,-0.0060714422692951155
3263.0,-0.00756056214038185
3271.0,-0.0014217615371100978
3275.0,-0.007100329463079291
3280.0,0.006735613416187062
3285.0,0.0015414561482984196
3296.0,-0.0026657251347024977
3304.0,0.00014413869518339342
3311.0,-0.0022080957779230946
3316.0,0.000475680424390855
3324.0,-0.0001451284663867026
3335.0,0.002012874121232845
3343.0,0.0009712381362362858
3352.0,0.0006533910260632305
3361.0,0.003813762355919556
3368.0,0.0003655654469835986
3376.0,0.002696600523772031
3382.0,0.002610359387987152
3391.0,0.001526879061419556
3399.0,0.001102952481707511
3405.0,-0.0020205690515261708
3414.0,-0.00021227841885759768
3423.0,-0.0074429924046696405
3432.0,-0.005770812972451558
