,5
2.0,-0.0011012557512862238
6.0,-0.0008573738949460806
13.0,-0.0014487337144341729
22.0,0.0026030550961276375
29.0,-0.0026679932615712543
38.0,0.0015991975724100834
45.0,-0.001325546924505566
53.0,-0.0007566434235855699
59.0,-0.00026622367633253024
66.0,0.001946283983713035
70.0,-0.003130602328385857
78.0,-0.005090098414892013
82.0,0.005639847134734872
93.0,0.0006866104310789777
100.0,0.003975824015292045
111.0,0.0008403099858563438
118.0,0.0017819031937024088
127.0,-0.0012361548785716667
138.0,0.00879263381662804
142.0,-0.0026876364728117795
151.0,0.0017133503592812846
158.0,0.0007731416487853813
164.0,-0.0008275518205915972
171.0,0.002270666520032247
178.0,-0.0011082953201412334
188.0,0.0007952395294606558
200.0,-0.0018074300096974573
207.0,0.0013098313840315295
211.0,0.0015301759955741708
219.0,-0.0008567828226707778
227.0,0.0017913626655184651
236.0,0.003962188857838831
244.0,-0.0003435713904518972
248.0,0.00788355209787747
257.0,-0.0018701455351068255
266.0,0.0016376242184907987
277.0,0.0020148225737935074
285.0,0.0006791100967351844
291.0,-0.001062949453930995
297.0,-0.0013943482723766938
308.0,0.0017048303848304503
316.0,0.0011468619994065164
327.0,-0.0013088367608033319
335.0,0.0008147545360444919
344.0,-5.054429130678921e-05
351.0,-0.000427418799936515
362.0,0.005943472860290477
371.0,0.002366506690287365
382.0,-0.00029363866345388215
390.0,9.563426984045289e-06
398.0,-0.001790834831765199
402.0,0.0020485533392900434
411.0,-0.005134269099734474
420.0,0.007101252015194308
429.0,0.009988652718670235
436.0,0.0016672959007363708
444.0,-0.004171615066171073
455.0,-0.0005153418591438356
459.0,0.0009591520034478504
473.0,-0.0007124206322859796
482.0,-0.0007754952042257841
491.0,0.0003249580990687291
495.0,0.004530946095395524
502.0,-0.002912768647125763
507.0,0.0010934372928874479
516.0,0.003171784457744182
524.0,0.0011405053798153445
530.0,0.0024394542754355214
537.0,0.0012475567038208693
541.0,0.00015099891358557048
550.0,-0.0006828911896211545
561.0,0.0035420223356241397
566.0,0.0012362888274847807
575.0,0.0009524274999517813
583.0,0.0016884149796854997
590.0,-0.00011935322131808279
598.0,-0.002160226450504868
604.0,0.0038946045178116628
611.0,0.0031771642057425472
619.0,-0.0008051860396606195
631.0,-0.0017432372167159507
636.0,-0.007268015002744652
648.0,-0.0055105285243577835
652.0,0.005554655486769792
657.0,-0.001461207764152758
664.0,-0.0015289226853366052
668.0,0.0022175384461947134
678.0,0.0038596574603125405
685.0,0.004539210476757351
689.0,-0.003317510711859098
697.0,0.004976895491089788
705.0,-0.0010148047944370069
712.0,-0.002320245849731903
719.0,-0.0011603587452138433
729.0,0.004553021022862109
734.0,0.0014553698254084633
741.0,0.00016410786517629674
749.0,-0.000420525739884142
756.0,0.0004555071614277141
767.0,0.001579660464864056
775.0,-0.0010591130070414635
782.0,-0.00040523242020268493
791.0,-0.000443785926119703
799.0,0.005726652582255939
807.0,0.00215318984176698
816.0,0.0017102478270822781
824.0,-0.0051669714044447305
