,3
2.0,-0.004662418008703193
10.0,0.010341551699865253
17.0,-0.015777641530505943
26.0,-0.0077422966428716536
38.0,-0.004306363892581919
47.0,0.0018126806654642621
55.0,-0.010065214035908945
62.0,-0.0031107103556338583
69.0,0.001732679471394793
76.0,0.015419198613360769
80.0,0.006810775757289943
85.0,-0.02022802386759788
89.0,0.013000510778027406
93.0,0.01026489883386578
100.0,0.022454973650314163
104.0,0.005672477118800003
113.0,0.0031907636945120747
119.0,0.007803567125109366
124.0,0.0032580788615970305
132.0,0.016016383114871316
139.0,0.00967066106822164
147.0,0.01953993395721499
156.0,-0.0029619577069144223
164.0,-0.0012695133126280535
172.0,-0.006545701518150931
181.0,0.0029969666463655247
189.0,0.012848075387032757
199.0,0.0014184461806905928
210.0,-0.012499095439210857
217.0,0.005332715136227907
225.0,0.009561823203952446
234.0,-0.013067333444084615
246.0,-0.01746623090478835
254.0,0.003237595087843827
261.0,-0.0024338767945443745
268.0,0.014907917492538548
276.0,0.022036421414966593
285.0,0.029551343303018753
293.0,0.008506696715645379
299.0,0.006388922131316449
311.0,-0.013143740274549006
322.0,-0.009509066334552074
331.0,-0.005362768917750617
340.0,0.005432393497715911
347.0,-0.013861840889466303
354.0,-0.012552781880224512
362.0,-0.01842829662472152
370.0,0.020280168870725295
374.0,-0.01447093813757053
383.0,0.0016986349532032475
390.0,0.005790654784631423
396.0,-0.01554570694463129
404.0,-0.00019789016414048052
412.0,-0.021520181625997087
420.0,-0.009948238477981939
428.0,-0.01609958430403173
436.0,-0.02413014021028034
444.0,0.017928141520338496
451.0,0.0013147989105590204
456.0,0.023468856194480615
460.0,0.013129089432179738
469.0,0.020526468491390653
478.0,0.02349054228703491
487.0,0.002181403872831271
499.0,-0.007567601825761401
505.0,0.012112807035162348
510.0,0.011971872016719242
518.0,0.014363153299089172
529.0,0.018054166740111965
537.0,0.001129523775884889
546.0,0.014505085713585213
558.0,0.01959291910663709
566.0,0.012409273328935806
577.0,0.011590705028816496
584.0,-0.027804172016431865
588.0,0.01818943953334617
597.0,-0.02792224242198669
601.0,-0.009361969544819958
612.0,-0.013859302775286063
620.0,-0.0037012531949208783
626.0,-0.0019773003229795506
633.0,0.008988342701001174
644.0,-0.02042245731244284
649.0,0.02001571110141275
657.0,0.014906818488874967
665.0,-0.024240494354671644
673.0,0.013633972503744884
680.0,0.01782796565064068
689.0,0.007620803564633453
695.0,-0.0008498994024746728
706.0,0.021028934266791248
715.0,0.02618091205715435
723.0,0.010024656943214498
731.0,0.007618351235231468
741.0,0.011313575770923637
750.0,0.012403605828677845
762.0,0.0072769451199556235
773.0,0.018084108220222675
782.0,0.007809748460784269
791.0,0.008300203415491198
799.0,0.015123955598107846
808.0,0.005467768921023183
819.0,0.009787163360337544
826.0,0.016558149168965586
835.0,-0.012819961541558716
843.0,-0.005222533208994566
849.0,0.020180123522609325
857.0,-0.002736848465757496
865.0,0.002374434205053917
872.0,-0.0007279355142116395
879.0,0.00753134629700519
887.0,0.003872346485891595
894.0,-0.015686723451107
902.0,-0.00945468346978207
909.0,-0.050244262588876994
913.0,0.010115194574087466
921.0,-0.010173182747476516
930.0,-0.017012696215004206
936.0,0.02218409215401164
944.0,0.0040326488508233465
952.0,0.006065131766235747
957.0,-0.010636604220471258
962.0,0.002218619629926474
973.0,0.01052813010594093
980.0,-0.01726247453541895
987.0,0.01769598168625735
996.0,-0.008487262581145249
1002.0,0.005248086480634031
1013.0,0.0025276965328783494
1022.0,0.0018206848761963285
1027.0,0.00514474060254532
1036.0,0.021314483386199786
1044.0,0.010699266427008292
1052.0,-8.522571784724733e-05
1057.0,0.012591257155004483
1068.0,0.008874482287271454
1074.0,0.01318496045873879
1086.0,0.019324136718515825
1090.0,0.004181284024265331
1098.0,0.003724952776309881
1105.0,-0.009204717795568317
1117.0,-0.01658067483320456
1125.0,0.010335782481539062
1134.0,0.0028558620125396913
1141.0,-0.009212621284754849
1147.0,0.00432390783337953
1152.0,0.008039545831849527
1161.0,0.012648457630611454
1168.0,-0.002980108198207297
1179.0,0.009954519029691834
1188.0,0.019296348009896692
1192.0,0.008341454955373315
1199.0,0.004309550537635688
1208.0,0.017318473030714293
1216.0,-0.007638343679334943
1221.0,0.012682905059053664
1232.0,0.020608340217443784
1244.0,0.010398858736374854
1251.0,0.009181788239954363
1259.0,0.009197670784109171
1266.0,0.014601082431900891
1277.0,0.01918411425543017
1286.0,0.007008734742177085
1294.0,0.011710423080192498
1305.0,0.018873419573620008
1314.0,-0.0011270726375051633
