,3
1325.0,0.002224717280948322
1336.0,-0.009876358617733026
1344.0,0.0035189530685750805
1351.0,0.02478609858757788
1357.0,0.010147696507904754
1362.0,0.018550500602524018
1370.0,0.012881178197116906
1377.0,-0.009091453157047276
1389.0,-0.005716727201273706
1400.0,0.011662585980711931
1411.0,0.011557539266263512
1416.0,0.00431519857183856
1425.0,-0.0033613958244068753
1432.0,0.018809064278981786
1440.0,0.012772453668496778
1446.0,0.020686838321914293
1455.0,0.01370471478244391
1464.0,-0.002609551390591588
1472.0,-0.007401543082845361
1480.0,-0.011164093465058665
1488.0,0.0040827628983651386
1499.0,0.008572681717211077
1508.0,0.018301016009696632
1517.0,0.009765912512394934
1521.0,0.009864503552290505
1529.0,-0.000491087561588661
1536.0,-0.0005285514639586356
1544.0,0.010567014672161121
1552.0,-0.005864747115179539
1561.0,-0.01184340155265248
1566.0,0.007529317562143658
1570.0,0.016171913355501912
1577.0,0.004611812081516487
1584.0,0.0035274851172331003
1592.0,0.021453445958098182
1601.0,0.0099720502847174
1609.0,0.018152075037097364
1617.0,-0.00045536151925701574
1626.0,0.024045791807065425
1637.0,0.017444020261301072
1645.0,-0.011692842897677943
1652.0,0.021053753279200425
1664.0,0.0005697163120665175
1674.0,0.00940183395258472
1682.0,-0.0025554599852115794
1694.0,-0.012434719897536754
1699.0,-0.023265518436408554
1707.0,-0.0018649007124710846
1714.0,0.018099150797587647
1722.0,0.013886022774389157
1733.0,0.013430655158410472
1740.0,0.007170720775710835
1751.0,0.00948827245026171
1758.0,0.006129890835416618
1769.0,0.025129340801320704
1777.0,0.008812205267693319
1784.0,0.011537931512678474
1791.0,0.00321841395552935
1803.0,0.02160314472607497
1814.0,0.01486504127426486
1820.0,0.009698119091208879
1831.0,-0.004664065526402197
1837.0,0.014780789717726037
1846.0,0.003507233156634699
1853.0,0.01723561224594629
1862.0,0.013952650964445566
1871.0,0.013447013000350786
1879.0,0.020782367290422
1887.0,0.014860323675104588
1893.0,0.01661189057228964
1901.0,0.010572480040837554
1909.0,0.011804212291050251
1917.0,0.016898316908381988
1926.0,0.020801102956832407
1937.0,0.002525852518995982
1948.0,-0.0022112557370210207
1957.0,0.0010869887922255479
1965.0,-0.0031561942044324646
1972.0,0.01712634294455345
1981.0,0.004614348331741432
1988.0,-0.004878222535842368
1999.0,0.019715408775154052
2010.0,-0.00042210873604689854
2021.0,-0.010269427380739108
2030.0,0.007982366536355055
2039.0,-0.016280732888666927
2051.0,0.011517705879019013
2059.0,0.014444646802145824
2068.0,-0.004550512853193039
2075.0,0.009903018526818314
2082.0,0.018073299643012325
2091.0,0.001242626840825003
2099.0,0.009638466306015546
2110.0,0.009488151279810182
2117.0,0.02036120856775653
2125.0,0.022352161982653922
2133.0,0.008287808967209159
2140.0,0.012463179544366314
2146.0,0.003418023784748305
2157.0,0.011968366455824242
2167.0,5.3922992157895524e-05
2181.0,0.016109830861890297
2188.0,-0.005261401776938238
2197.0,0.013796731578043439
2207.0,-0.010256411245571107
2217.0,0.020827404887009505
2228.0,-0.00025815928223551555
2240.0,0.024850938315672765
2248.0,0.01449887427067825
2259.0,0.014197367427208674
2268.0,0.01758633449953524
2279.0,-0.024948515573054875
2287.0,0.0027799619538946474
2292.0,0.0136322663339734
2304.0,0.007881261181039441
2312.0,0.006254520552199229
2320.0,0.0007187445428831592
2329.0,0.01664155383500924
2340.0,0.014388892434317763
2348.0,0.016598776159477555
2357.0,0.013033549299256136
2366.0,0.0053199722677104285
2377.0,0.010593113038382422
2385.0,-0.01079520657752024
2389.0,0.016107293157964088
2396.0,0.00783239133379446
2403.0,-0.0004887154592394886
2414.0,-0.005561033346115825
2418.0,0.016448710201403656
2427.0,-0.006821955282528127
2432.0,0.020477868787345442
2440.0,0.012200903425112979
2449.0,0.015306326572528142
2458.0,0.006366278476641487
2472.0,0.021136196710728136
2479.0,0.020124160719583336
2488.0,0.015896806006813865
2494.0,0.010120090240597113
2502.0,0.012622205513078143
2509.0,0.00940227661579894
2518.0,0.010196055549257945
2526.0,0.00719229361793265
2534.0,0.017320583254250208
2543.0,0.006783813089411414
2554.0,0.022109420853748302
2563.0,-0.013350140022542159
2572.0,9.673205995828463e-05
2580.0,-0.006426694957316255
2587.0,0.020113906285781698
2598.0,-0.0010698568252701815
2607.0,0.015361429146328855
2613.0,0.0109055499843693
2619.0,-0.004458478695557287
2626.0,-0.0018364682715093727
2633.0,0.010417806336017734
2640.0,0.003037969018064176
2647.0,0.011548890907131383
2656.0,-0.00835015954191347
2670.0,-0.0222205979336429
2680.0,0.013380747269439176
2688.0,0.008447530060712487
2694.0,0.015772214467022178
2705.0,-0.006164563538873471
2712.0,0.02326665817680309
2716.0,-0.004666726085086729
2726.0,0.0092831401647757
2734.0,0.0027855484318102188
2743.0,0.015663786972579644
2750.0,0.02045162939805158
2761.0,-0.010903531526032595
2769.0,0.015941507053094467
2777.0,0.00728832507859868
2785.0,0.009841636262146042
2792.0,0.02086409751987001
2800.0,0.005503519615118437
2810.0,-0.0034807141675183098
2817.0,0.011283158918346517
2825.0,0.02546919309338994
2834.0,0.006408465881931499
2842.0,0.003013975873061725
2847.0,0.01182249716221681
2858.0,0.01722371415337766
2867.0,0.019886129072947064
2875.0,0.009670026156671944
2882.0,0.01133428240944764
2890.0,0.010500192133492861
2898.0,0.022898057716525835
2907.0,0.002514639789124022
2913.0,0.016622745874815294
2921.0,0.013409776372005602
2929.0,0.004131556123741577
2941.0,0.021057989119458668
2952.0,0.0046993132861154144
2957.0,0.0047056497216719
2964.0,0.01218201956305019
2973.0,0.008265817678433686
2980.0,0.0145850054340537
2986.0,0.00967836316099155
2995.0,-0.0063633267454812755
3003.0,0.010598105136892869
3010.0,0.02211298529106247
3014.0,-0.01951927421398183
3020.0,0.017255236899084116
3027.0,0.016824625147088487
3041.0,0.011061952098692634
3048.0,0.018906192095063896
3057.0,0.002885005045040309
3066.0,0.011277752590874091
3074.0,-0.004996714254129261
3083.0,0.015486747031148574
3092.0,0.00391055239140229
3100.0,0.02054403907791133
3108.0,-0.004459695246555308
3114.0,-0.002117923760403914
3121.0,0.01097916947066549
3129.0,0.011316940872589
3137.0,0.016979522211891473
3145.0,0.015371742703978293
3154.0,0.00177798099066328
3162.0,0.012510015578502651
3170.0,0.023002071219975363
3181.0,0.00169813542508153
3191.0,0.007598135967040005
3198.0,0.010765400587045263
3205.0,0.03006204286554811
3213.0,0.014640214721810204
3221.0,0.00791415807578432
3228.0,0.017545156898223377
3236.0,0.011556741910234642
3250.0,0.01737527353198156
3261.0,0.009889463126653786
3270.0,0.009175329226282359
3279.0,0.013261731606970055
3285.0,-0.0001783570824290704
3293.0,0.01782884422886953
3300.0,0.018424943190161677
3309.0,-0.014991293409803716
3316.0,0.019688260368408535
3325.0,-0.004345905585975229
3333.0,0.022090549555073315
3341.0,0.00020098431880604108
3350.0,0.01317519417771895
3359.0,0.012249369520522994
3370.0,0.013080342151230507
3377.0,6.727878991497679e-05
3382.0,0.009550168321826414
3389.0,0.01711992124679384
3396.0,0.007657181083733496
3402.0,0.01240714361821382
3413.0,0.01249455066832028
3421.0,0.01429767428420435
3429.0,0.013825128559009378
3438.0,0.014867784249117593
3446.0,0.006845490649680955
3454.0,0.011828590467401395
3463.0,0.01553273045711878
3470.0,0.018786952568620046
3481.0,0.016028911145062653
3490.0,0.011061931862634456
3499.0,0.023971030388096667
3507.0,-0.02012190257053929
3515.0,-0.01963261767569486
3523.0,0.01829290733399568
3534.0,0.004381817025012038
3542.0,-0.012228408047726885
3546.0,0.003653761602423873
3553.0,0.021593411967173598
3561.0,0.008327642540071482
3570.0,0.006758164951826028
3577.0,0.010245821644936703
3584.0,0.016582712812072496
3590.0,-0.001677957816475372
3595.0,0.016763650883317993
3603.0,0.016552743273769363
3611.0,0.006686580181367759
3617.0,0.013531040853504218
3623.0,0.004793697311700011
3630.0,0.007589319696662001
3637.0,0.008908154829506925
3649.0,0.016239003063325198
3660.0,0.004967712114417917
3668.0,0.01823135338929257
3676.0,0.020204763435028843
3686.0,0.002432392746731256
3693.0,0.023817238392335214
3704.0,0.005007813002235578
3713.0,0.018817487905864416
3722.0,0.003294636201515012
3730.0,-0.0005212840753835495
3737.0,0.006341941732797709
3743.0,-0.005886753305996458
3754.0,0.017753786432968575
3763.0,0.01838276788295597
3772.0,0.015495392295680512
3781.0,0.00984604957084417
3789.0,0.004782555210284552
3797.0,0.007636190699291593
3806.0,0.012012355113570222
3815.0,-0.00528663672739776
3820.0,0.012405789854334236
3830.0,0.024744671413689072
3839.0,0.018081383605948638
3847.0,0.007331245823733647
3853.0,0.020345386554670452
3862.0,-0.02015954532889847
3870.0,-0.0028589655138211672
3880.0,-0.011620796885178138
3892.0,0.009991676561879095
3901.0,0.01702023408985406
3910.0,0.002149463906703589
3922.0,0.016339046660691366
3930.0,-0.004267495640575842
3935.0,0.01278098290134415
3944.0,0.011600000603229473
3952.0,0.013440600794110988
3963.0,0.012547738261058325
3969.0,0.015038707252390711
3977.0,-0.0028704947712231014
3985.0,0.0023073853664353407
3992.0,-0.0025528615929717646
3999.0,0.0029449163004776294
4005.0,-0.01815672598332198
4012.0,0.0004959649839317329
4019.0,-0.008752832611886944
4030.0,0.015036765993973083
4041.0,-0.004898475261438618
4045.0,0.012088827435938011
4053.0,0.013671961772845558
4065.0,0.013179157783688207
4073.0,0.013753142595658518
4080.0,0.01992122599381867
4088.0,0.006652484775592017
4096.0,0.003667505586111036
4104.0,0.018984189842092408
4113.0,0.010182274058892425
4120.0,0.014263215106414233
4129.0,0.01719292791425797
4138.0,-0.019365863790741285
4142.0,-0.00030802963165653516
4150.0,-0.0007549089159924886
4157.0,0.01814134747435577
4166.0,-0.002237179926804272
4173.0,-0.0003843940993746735
4181.0,-0.0033821115241453458
4190.0,-0.016794816580590476
4201.0,-0.02296113341751196
4211.0,0.016261786621504994
4215.0,0.0012355885805670982
4224.0,-0.01730685149280768
4233.0,-0.00426740946924717
4241.0,0.0051876033803416564
4249.0,-0.015352216437271292
4257.0,0.011000804699690588
4268.0,0.007045300378522403
4274.0,0.004154538150813353
4283.0,0.02080519601379143
4294.0,0.008799517726744865
4305.0,0.0207386333326318
4314.0,0.008230050008418211
4321.0,0.0064680363708751465
4326.0,0.014275158609836053
4335.0,0.009652387946490195
4343.0,0.006901043736365457
4350.0,-0.011284208860548216
4354.0,0.008052276451390372
4363.0,0.007124558165490711
4371.0,0.020851082532210376
4380.0,0.008320151825701417
4389.0,0.025366444196287426
4401.0,0.015588080191005015
4410.0,0.009047580053122626
4418.0,0.002887605167149918
4427.0,-0.0022400806984255958
4434.0,0.00919146892115035
4446.0,-0.021739361017504674
4452.0,-0.013150169803238161
4460.0,0.006824932968505805
4471.0,0.008392195670560754
4478.0,-0.020539881565533203
4487.0,0.013425585898392687
4493.0,0.0167573953101505
4501.0,0.014229121028023572
4509.0,0.008310451670826072
4518.0,0.016234738583374923
4529.0,0.0007012961157406944
4540.0,0.021783817383177844
4551.0,0.01596882009127037
4560.0,0.013852785043636451
4568.0,0.014517755279933422
4576.0,-0.02337539004722893
4584.0,0.00101262316132752
4591.0,0.024181938077357277
4599.0,0.016630941448258395
4603.0,0.01179820431489697
4611.0,0.014076671037705709
4617.0,0.017643688085585425
4625.0,-0.004624826024451829
4634.0,0.008370495276699308
4643.0,0.006877641227853342
4652.0,0.004864234855761348
4663.0,0.009451118177041414
4670.0,0.021791917475861306
4678.0,0.005287844971544599
4690.0,0.009602793637879739
4698.0,0.013663840820163762
4709.0,0.020957614600560316
4717.0,0.016769094257103684
4726.0,0.003946411279195584
4732.0,0.018329437663870195
4740.0,0.008930338039626522
4749.0,0.01520028461153223
4757.0,-0.015111078731669038
4766.0,-0.00018352436362121708
4773.0,0.016424291284656656
4784.0,0.004213829299182906
4792.0,-0.00023984918128936916
4799.0,0.0029094776791320502
4808.0,-0.003109969168711441
4815.0,-0.013671853269533116
4823.0,0.0026287041581115646
4830.0,0.00021914000683315914
4841.0,0.0013709917254897464
4852.0,-0.0009098820775179862
4859.0,0.0195357000746382
4868.0,-0.004161318298819459
4877.0,0.00040770054691324374
4889.0,0.019229872945236672
4895.0,-0.0006320127738655059
4907.0,-0.004780957115963586
4914.0,0.01591331206967658
4922.0,0.0011993574835178677
4931.0,0.006820760685921267
4937.0,0.002947674620545011
4944.0,0.020590076588101688
4948.0,0.01639263570391774
4955.0,0.007221836451519732
4966.0,-0.0006022955758289692
4973.0,-0.01724049012701369
4979.0,0.0015982471654051467
