,8
0,0.0046141040645683315
1,-0.0015613720101860084
2,0.00024646555168818154
3,0.0008690749922613298
4,-0.005134836338286243
5,-9.182032445477386e-05
6,-0.0035180162022934018
7,-0.0014485229862931145
8,0.001160571861752385
9,0.0011410960861543697
10,0.0008720406335655124
11,0.004474312522813806
12,0.0018426970836642948
13,6.505841530527574e-05
14,-0.004298964656688762
15,-0.0009928905485554838
16,-0.0005883329589144207
17,0.0005660058427645115
18,-0.0002443067520338751
19,-0.0006192377385950787
20,-0.00034861829864642836
21,0.0004326560834896604
22,6.234936190748046e-05
23,0.004524455824154889
24,0.009406647205043884
25,-0.001933954237015208
26,-0.0014825173107923342
27,0.0001223414251640264
28,-2.974776522585003e-05
29,0.0005145935425270578
30,-0.0002856054368686072
31,0.0002604245310411774
32,-0.0002782859115211478
33,-0.0017190624498720562
34,-5.902460554605703e-05
35,0.00015045072027192782
36,-5.033455940252882e-05
37,0.00036182798553666335
38,0.0003135651161301702
39,-0.0009159413909580003
40,0.0004990781377348252
41,-9.33618090673296e-05
42,-0.0011123418694068301
43,-0.00032566835304716094
44,-0.0024161940684121006
45,-0.0023945119539687016
46,0.0007413413809600543
47,0.003981200972799327
48,0.0010057371484662966
49,-0.0005990856888055461
50,0.00018907964028571373
51,0.0010800173869814941
52,0.0003997448525496016
53,0.0003828476125555568
54,-6.499545026975473e-05
55,0.0006290181270724934
56,-0.0003210808714307212
57,0.0002128913061290353
58,0.00022804163261536028
59,-0.0009311739687883552
60,-0.002288297691815667
61,-0.000791422179995992
62,0.0009787728752257592
63,-0.00010187453592406772
64,-0.0006529491408456557
65,0.000499389979257796
66,0.0003850167930928361
67,0.00018827804286831965
68,0.0032174770604936165
69,0.0009864835238574932
70,8.891949631248949e-05
71,0.001241451250869357
72,0.0011533872658075982
73,0.00014745384337389768
74,0.00028551477046739947
75,0.0020956850726180994
76,-0.0013358592902331272
77,-0.0032398584833495214
78,0.0015350456815187926
79,0.0035628022324751276
80,0.00591530564830033
81,-0.0008520705054262391
82,0.0011241313060910334
83,0.0011488613376561196
84,0.00036013730332721736
85,0.0004015781902935482
86,0.0005293391148752916
87,0.003004798109326438
88,0.0010299406831600385
89,0.000477708300723216
90,0.00010791834021696294
91,0.0006550919627978625
92,6.23188458083451e-05
93,0.0003397560945120048
94,0.00047620571203778615
95,0.001632894471120492
96,0.00019377756239045103
97,0.00039463882285205196
98,0.00018805790490556714
99,9.367479836006024e-05
100,0.00017166644929921476
101,6.561519202841758e-05
102,-0.00020235918839003726
103,0.0008119553265399008
104,-6.511822552339791e-05
105,0.00011729453991773418
106,0.0011960201095581704
107,-0.00046741809103238713
108,0.00027280797970467743
109,0.0013498121304293521
110,0.003969832002634312
111,-0.00038301616649898357
112,0.0012048206005697995
113,0.0010837768594580475
114,0.00037528813638245057
115,-0.0003926617504880556
116,0.0008425434344883024
117,0.0006341701309939507
118,-2.834155299829472e-05
119,0.0021956669005947726
120,0.004432931951892302
121,0.0017173191621030874
122,-0.00018572966415779973
123,0.0042919348040741725
124,0.003038466984899217
125,0.0017459058607467285
126,-0.0028899192850713766
127,-0.0015550789114385736
128,0.0010519655582101836
129,0.004205045309051931
130,-0.0005956028222815781
131,0.00167703468292983
132,0.0018310810335406015
133,0.00047005543054799416
134,0.0013760208932186377
135,0.0018271273105487287
136,0.002369115661166299
137,0.0011527065365150772
138,0.0020201136206394158
139,0.0031637249782544533
140,0.0005746998694718855
141,6.469927951360102e-05
142,0.0005785385994080767
143,0.000379025762325793
144,-0.0001309968266260485
145,-0.00017016380999926246
146,-0.010374654672824299
147,0.0012593989280027253
148,0.002710755574345132
149,-0.0006272696075175308
150,-0.0122215807908938
151,-0.017315472484382612
152,-0.0011791982808812464
153,-0.0025045788830790035
154,-0.0012237057000630868
155,-0.0014985354473931413
156,0.0002594540435530181
157,-0.00023295256775127636
158,0.0001738127528357319
159,0.0009399184678953866
160,-0.0017352482999193875
161,-0.00013711941888380256
162,0.0011470231510163817
163,0.0014170804278433667
164,-0.0004947025569695331
165,0.0011274376599913938
166,0.005722237664508822
167,0.0001106509796093271
168,0.0002709789805863845
169,0.00026703027354260184
170,0.0001756403537300341
171,-0.00038201496626078625
172,2.4522863557669458e-05
173,0.00013729554360233107
174,-0.00016747558428785217
175,0.00021916904296142323
176,-0.00022727290259775247
177,3.098424047309396e-05
178,0.0007227840301536858
179,0.0003843182798990458
180,0.00042817961220305306
181,-0.00010275375614321813
182,0.0003398446309549691
183,-0.00011105788224957521
184,-0.00037741817388356924
185,7.58824098821565e-05
186,9.47101206728548e-05
187,-0.00015669113584488805
188,0.0016455796294284424
189,-0.0002128025899859827
190,0.0003017538811433977
191,-0.0015490070543723099
192,0.0002395630823690927
193,-0.0008863902575433261
194,-0.0002310744992749291
195,0.0012594256891136375
196,-1.7721331360632697e-07
197,-0.00035668335224751284
198,0.0005596171798287069
199,0.0003237097076071753
200,-0.0009668408524340137
201,0.0008363555417851201
202,-0.0006423691559553776
203,-0.0002599175632682382
204,0.000959383091282237
205,-0.000876840735717547
206,-0.0010269649029163949
207,0.00033308281539725157
208,0.00018683750624511996
209,-0.00015724428189623494
210,0.001842386962235075
211,-0.0018635981255570315
212,-0.00022270018557398477
213,-6.888195986534519e-05
214,-0.0010448410177793693
215,-3.876555726905538e-05
216,0.00038750667679352733
217,0.001545480281763056
218,0.0002744296753253615
219,0.002289925537916521
220,0.006404146177341476
221,0.0017919178034998524
222,0.0021352801442766083
223,0.003671012433153416
224,-0.0006856132113342249
225,0.00022507256016793639
226,0.0005376323559131381
227,7.369905322505547e-05
228,3.817344753339484e-05
229,0.000523641527476684
230,0.0005038574547066229
231,-0.00047391370270198017
232,-0.0007733564413986543
233,0.0005337519987786369
234,8.861129673137457e-05
235,0.0003741744577483881
236,-0.0006503890598915344
237,0.0006423044823834718
238,0.0009820043095019584
239,-4.113189853961331e-05
240,-0.0008589191116470809
241,6.638763128075038e-05
242,7.236099338361861e-05
243,-4.09681057845416e-05
244,-0.001309679964774085
245,0.00022819654567650066
246,0.0009488724447745072
247,0.001196445555640742
248,0.0008360702948358775
249,0.0009576557981481323
250,0.00018376675615885502
251,0.0007481483870702433
252,6.594574784043977e-05
253,0.00012502968556480268
254,0.0014199364104437592
255,0.0007857152603443577
256,-0.00013945991475327135
257,0.0005886579861108693
258,0.0005720121171340213
259,-0.0006292104331990442
260,0.0002482504482617509
261,-0.00027985599843785146
262,-0.0002745548335509809
263,-2.4819106864154e-05
264,-4.4355576491349095e-05
265,0.0006076772935046227
266,0.00010301750617873694
267,4.353013157141386e-05
268,-0.0001566757213793885
269,0.0004956352314792219
270,0.0036234697604304944
271,0.0004309643339446251
272,0.0008630989078953592
273,0.0010907981254506365
274,0.0008058385153621015
275,-0.0011561258414544613
276,-0.0004114224463454608
277,0.0003054421428522695
278,0.00253363219723956
279,0.0011712232293597613
280,0.001169686965460645
281,0.0028276725714602184
282,0.0006566620395795403
283,0.00033282966419452076
284,0.0006627503682488492
285,0.0014715335986155787
286,0.0013234134010409093
287,-0.0005009028369047503
288,-0.002677775797184458
289,-0.0013360714985880843
290,0.00028075799211923596
291,2.724983980679089e-05
292,0.002628059693190483
293,0.0033769383740824476
294,0.0012622657443558277
295,0.00021940245753753797
296,0.00394462487161672
297,0.0025392933642007687
298,0.0007779754501884645
299,0.0014051214377255664
300,0.002794114112607761
301,0.0007494517558677015
302,8.973696180922343e-05
303,0.002895238987968499
304,-0.0013577049935320365
305,0.001553816323864192
306,0.00019167592021242306
307,0.00030841133164442896
308,0.0022525886636878575
309,0.0002870245234218882
310,0.0007820890178818673
311,0.0014472793004246933
312,0.001344194412613143
313,6.022709918993695e-05
314,0.0012795200345285293
315,0.004667160995874623
316,0.0016139695130201084
317,-0.000904859484245784
318,0.00047335316858115016
319,-0.0007695173659917047
320,-0.00033711602785426766
321,-0.00037888368937116914
322,-0.00019976529248908205
323,-0.0005395356185740752
324,-0.0003755817866196679
325,-0.001771820460942576
326,0.0006886881903709448
327,0.0006100361507712769
328,0.00011324392799240105
329,0.0026215794561380615
330,0.001762667669098545
331,0.00011585976866135182
332,-0.0007544964857903238
333,0.002156328302819274
334,0.0008375791108342669
335,0.0002905338620315817
336,0.0017762839575836266
337,0.004177870793243971
338,0.0005129521939393838
339,0.0005056025579994403
340,0.0007179041705430084
341,0.001374478309077092
342,0.0017342588803994994
343,0.0015921460161912506
344,0.0007583404710186464
345,0.00012311139567136811
346,0.0018987065800831983
347,-2.015114237033223e-06
348,0.0009788129161530808
349,0.00012644473914448726
350,0.00016610752139464035
351,-0.0001350441302094063
352,0.0003158129760530622
353,0.00035377722448460966
354,-0.0003028652250774679
355,8.496970391625992e-05
356,0.001934379606348961
357,0.0008476141532204972
358,0.0005850401478620706
359,-0.0001900036991325051
360,0.007539483263731853
361,0.0002897668656661005
362,0.00010365157772152536
363,0.0029340147973680713
364,0.0010363441710554355
365,0.0002000193657517862
366,0.0024351840509199995
367,0.0010115437495947237
368,-0.0002767781300740988
369,0.0004680460080432849
370,0.0032105253969330816
371,0.0010301856413830514
372,0.0027930745771578545
373,0.00045998119838898426
374,0.0031517837039542604
375,-0.0004517807484245156
376,0.0005268271850805401
377,-0.0008812064302133235
378,0.0010472414734684044
379,0.0010487895188419458
380,-0.0009182868968837909
381,3.950445929000694e-05
382,0.0001776051765384773
383,0.0013009684451700553
384,0.0008909733903753733
385,0.00020692321144454476
386,0.0015273676927202487
387,0.0012144613841020802
388,0.0017100087462869427
389,0.0013257459279968685
390,0.0006112825407705602
391,0.0014411141211042374
392,0.002630729189429069
393,0.004142378393073567
394,-0.0013358285545652156
395,-0.001723413494466809
396,0.00021027476239383924
397,0.0007334902323671805
398,-0.00017780731537682615
399,0.00026181525567752585
400,0.0017992555162151176
401,0.0016931755791498213
402,0.0013387180786987812
403,0.00012809524647042607
404,0.0010421198283608484
405,0.0022510201565365717
406,0.00019655076506278453
407,0.00011486447583003687
408,-4.017700180757522e-06
409,-0.0005829376476929874
410,0.00011472540083721314
411,0.00026724682245579163
412,-0.0009364432256727614
413,-0.003945023407627037
414,1.9361492813119338e-06
415,0.0011256735254206885
416,-0.0031114362589331657
417,-0.006164923513558185
418,-0.001649167601020941
419,-0.00016367922279398163
420,0.0029808548186932324
421,0.003284456949269347
422,0.006029772559832577
423,0.0005350067116810697
424,-0.0014665290280280504
425,-0.002168403679810789
426,-0.006894914862989754
427,-0.0021739647625851136
428,-0.0026205064605315247
429,-0.002941370528192325
430,-0.0014325153566953064
431,0.00018572451327156459
432,0.0011379972734888255
433,0.0007657871560908484
434,-9.445067312451188e-05
435,-0.0001860467353777625
436,-0.00038312758941293565
437,-0.0005658256976345648
438,-0.0031042179954202625
