,8
0,0.00687442487541057
1,-0.0001278318770953678
2,0.0016767643481609225
3,8.741602084408634e-05
4,-0.000153454796135039
5,0.00027446348629777025
6,0.00040613325367701026
7,3.584363069991021e-06
8,1.7725755890461664e-05
9,0.0006212199352384882
10,0.0009310514230056196
11,-0.0040553274309601695
12,0.0014825448705107853
13,0.0030904849081885384
14,0.0021853655231015693
15,5.067179201480423e-05
16,-0.0016866595952877148
17,0.0005969559047967114
18,0.0001097111805662557
19,0.00021061055389778635
20,0.001828497151257816
21,0.0004741746591587006
22,-0.00017975938440203766
23,0.00034291297625475706
24,-0.0022059857066394515
25,7.991216933150509e-05
26,0.0037886953897973696
27,-4.190865578502631e-05
28,-0.0010206835151869461
29,0.004547339067712864
30,0.0038887420226950383
31,-0.0005106416853466215
32,-0.0007919047891076162
33,0.0017988870100674105
34,0.005631653720930098
35,0.003250949761441883
36,0.0014636079784810891
37,0.00011275912996439597
38,0.0016712897170400732
39,-4.499835026523715e-05
40,5.9076600119160564e-05
41,0.00010894695269692968
42,0.00019213534652407272
43,0.00018027848686562748
44,0.0019702236000361376
45,0.00014771336618106832
46,-0.0007645936509209565
47,0.001654023184919104
48,0.0016051135345519518
49,0.00031331159623611667
50,0.00013140829282366564
51,0.00044845379241039037
52,0.00012975355836890824
53,0.00013406744803197144
54,0.00025949422909733456
55,0.00174755108900973
56,0.0011409374229961594
57,-0.0016207853758521264
58,-0.0003089004783414632
59,0.0030289656970133682
60,-0.0012942483658041353
61,0.0003107319001123578
62,0.005855357688967664
63,0.000989672772245812
64,0.0005244749151466496
65,0.0031352519134172545
66,0.0016923384094483403
67,0.00077149539848958
68,0.0012532020536245058
69,-0.0014976217599264527
70,0.0008305161419191296
71,-0.0004932730871535292
72,-0.0009194307171258093
73,0.0024339243769600865
74,0.00010769635256979995
75,-0.0007170073336438977
76,-0.0006354698030354118
77,0.0003184334089954745
78,0.000505799008197378
79,8.167672062772455e-05
80,0.00029471757646238207
81,-7.315609540818275e-05
82,0.00031756157313444
83,4.420512218580414e-05
84,-0.0009018799620268454
85,-0.0003790703905837085
86,-0.0001630932120257435
87,0.0009626394433205303
88,6.94843174678714e-05
89,-2.289730210372385e-05
90,0.002392276661874173
91,0.0029363576660517664
92,0.0004745505199446001
93,0.0008987041244827971
94,0.0024240142877536624
95,0.0009073464544638123
96,1.5189390244510634e-05
97,0.002303880556338048
98,0.0004410818676329062
99,0.0001095866812795506
100,0.0002013195707926356
101,0.0012402444964917272
102,-0.0005896424144190044
103,-0.00026275771230945634
104,-0.0005106480391743202
105,0.0008213419844641549
106,-4.471691337415713e-06
107,0.00225232112828935
108,0.000947826244666177
109,-2.497467349659278e-05
110,0.0007519937133454882
111,0.00046978711055361243
112,-0.0001737895559953898
113,0.00022125857862617044
114,0.00027063263881931806
115,-0.00024323747678947996
116,0.0011549105299604057
117,0.000366666701086973
118,-0.0013965163423246745
119,-0.006205188774385946
120,-0.011398078878440208
121,-0.005392074559755875
122,0.002966265508986037
123,-0.0010754760782270387
124,-6.897734804453818e-05
125,0.0007986218481396362
126,-0.00010808745089388993
127,0.00034519980693736906
128,-0.0005312453064391182
129,0.00024526765606646723
130,0.0015911512341109215
131,0.004131047663858802
132,0.001098498968897012
133,-0.0002120915914722611
134,0.00027154631341293434
135,0.000372367055145808
136,-0.00035131085476255964
137,0.0008999385620805459
138,-0.0011445937582310172
139,-0.0005033601340607976
140,-0.00044761774930639024
141,0.000234476528900067
142,0.0014316607615256708
143,-0.0003645834533027714
144,0.001043386294298543
145,-0.00041172701801819747
146,0.00014319258589985516
147,-0.00039655016151998555
148,0.00043745931124115146
149,-0.0009817930536345685
150,-0.0012260619491535896
151,0.000794619380306379
152,0.0001892119181589596
153,0.00045053694386695917
154,2.477124309340316e-05
155,0.00038550546490076634
156,0.0005823222078624949
157,0.0005520767422850898
158,0.000509171320355862
159,0.0005414263766163538
160,0.0017969496425012947
161,0.0011786932171159669
162,-0.00035239412636508643
163,-0.0005378787514638169
164,0.004499459938547643
165,-0.003879662416260068
