,5
2.0,-0.013244097322436938
10.0,0.007300777880087826
17.0,0.0013174568804795663
26.0,-0.0013427553487401947
38.0,-0.000499101903060967
47.0,0.0008975622061231776
55.0,0.0027968221366986025
62.0,0.0013206347819001143
69.0,0.00842036161202743
76.0,-0.005448801902287224
80.0,-0.0002739355305220332
85.0,-0.011579199380810637
89.0,0.016182689134100234
93.0,0.002791267632295337
100.0,0.019114505799863048
104.0,0.008510687867273537
113.0,-0.0036007269631951845
119.0,0.004065198525469603
124.0,-0.001573367393918407
132.0,-0.001353596693650014
139.0,-0.0028749410953408773
147.0,0.0008722409976932051
156.0,0.0003781731939583629
164.0,-0.0013821348728819676
172.0,-0.0008810738866566286
181.0,0.002729039543439728
189.0,0.0017639166925938628
199.0,-0.0026650561079779003
210.0,0.0011640506262326714
217.0,0.007181259462854898
225.0,0.007984317971685632
234.0,0.0026210123786074594
246.0,-0.010471413343728472
254.0,-0.0016960474689557024
261.0,0.0008335455004714302
268.0,-0.0005800040314870318
276.0,-0.0006880979107742626
285.0,0.001357669786888025
293.0,0.0002870828140262821
299.0,-0.0010165094809312426
311.0,0.002314394682272695
322.0,0.003940829420596245
331.0,-0.0005010862629975096
340.0,0.005549110985347001
347.0,0.0009658903174347346
354.0,0.0027886800200624994
362.0,0.003327579309224713
370.0,-0.003829271618406443
374.0,0.0035625058439873853
383.0,0.0020155500337011153
390.0,0.0017836129038541195
396.0,0.00021556171951837692
404.0,0.0020990323802391876
412.0,-0.00010002928870749129
420.0,0.003006595361399493
428.0,0.0035405942136339827
436.0,-0.0021981078049681407
444.0,0.005589423313342227
451.0,-0.00143207641529219
456.0,0.000377542721023377
460.0,0.0023269540830566328
469.0,0.011840263480039486
478.0,-0.006763248081135234
487.0,-0.0007111542405435945
499.0,0.0037201983951675446
505.0,0.002306072055242859
510.0,0.004651074278427308
518.0,0.004488517690956434
529.0,-0.0022606108432370754
537.0,0.00265558222603961
546.0,-0.0014084391513384757
558.0,7.543962048050977e-05
566.0,-0.0005344035251431817
577.0,0.004185729810339985
584.0,0.0009236672350433308
588.0,0.008370661839946107
597.0,-0.004025635212673749
601.0,0.0021400357795368923
612.0,0.0006371540114332751
620.0,0.0006552142875769183
626.0,-0.0006245748413143842
633.0,0.001053759942218384
644.0,-0.0009171898665958978
649.0,0.0001701691914263129
657.0,-0.0012308206838894963
665.0,0.0009611587788666097
673.0,0.0016907923280785975
680.0,0.00027171199311754485
689.0,-0.00010061717626159479
695.0,0.0015892202859125529
706.0,-0.0028182002613722622
715.0,0.003540307129716607
723.0,0.005497235865628059
731.0,-0.0010357618332784597
741.0,0.00027202983648356034
750.0,-4.131083517682502e-05
762.0,0.0018119364373978659
773.0,-0.002169741853883304
782.0,0.0008583560180592858
791.0,-0.00026266855322381217
799.0,0.0004539807462963098
808.0,0.0009176589551929645
819.0,-0.0014441216325444364
826.0,-0.0013727391194852199
835.0,-0.004174188235999221
843.0,0.005272909152151349
849.0,-0.006021820550639804
857.0,0.001841643907361163
865.0,-0.008675057975705563
872.0,0.004271826084947124
879.0,0.0037565559741665243
887.0,0.0023129666218314137
894.0,0.0007521064305880945
902.0,0.0015368070180493286
909.0,0.0003848845039757949
913.0,-0.0004861943296494897
921.0,0.00032828592499974335
930.0,-0.0011151045544823177
936.0,-0.0052602045106301685
944.0,0.0026119830431447096
952.0,-0.003987802872267216
957.0,0.005957039281951824
962.0,0.0020867101536050105
973.0,0.0005813922731703709
980.0,0.008142659688019891
987.0,0.0029339952964108186
996.0,-0.0013987598921832059
1002.0,-0.0005364886905035079
1013.0,0.0050465300124627665
1022.0,0.0005165087987795442
1027.0,7.14394118521456e-05
1036.0,0.0008513063377550041
1044.0,0.0015695285756585325
1052.0,0.0010884706599735797
1057.0,0.0013675987932576705
1068.0,0.001142697708244569
1074.0,-0.0020846519543764844
1086.0,-0.01033901346284933
1090.0,0.004169557662604689
1098.0,0.0019254060600408295
1105.0,-0.00037385244845062525
1117.0,-0.0011161625543903587
1125.0,0.004586590070936384
1134.0,0.00035033396793607014
1141.0,-4.545584211132889e-05
1147.0,0.00046583957495277025
1152.0,-0.0030754128141377455
1161.0,-0.0009175619434469469
1168.0,3.8006042679021695e-05
1179.0,0.003286721666161903
1188.0,0.0017599867275728926
1192.0,0.004038515546164494
1199.0,-0.00011654014327346108
1208.0,0.002279622667605322
1216.0,-2.8891312279749126e-05
1221.0,0.001121384034453159
1232.0,-1.5944918607226522e-05
1244.0,0.0023610885922740565
1251.0,0.0001449642082110851
1259.0,0.001853282192152968
1266.0,0.001362996110505213
1277.0,0.0012123530993717751
1286.0,-0.00024479256188679515
1294.0,-0.003309836044405254
1305.0,-0.001054067645195588
1314.0,-0.007632913459766154
