,5
2314.0,-0.014933834079116519
2323.0,0.005132931082197166
2331.0,0.00028122347069419167
2343.0,0.00011244110038823629
2355.0,-0.0008343372598683296
2361.0,-0.005809364865835373
2369.0,-0.0004637599567375266
2378.0,0.002800432762882731
2390.0,0.004120012716080301
2398.0,0.003195650275930145
2406.0,-0.003984999276018319
2415.0,-0.001158977201565701
2424.0,0.0010536531766048268
2435.0,-0.0009330949112548931
2444.0,-0.000241229648184198
2456.0,-0.0006002021260590372
2467.0,-0.00029236419098202466
2477.0,0.004121595467408037
2484.0,0.0019384204936874207
2492.0,0.00048401812973915596
2500.0,-0.0012988522125398727
2507.0,-0.0006069718297672053
2516.0,-0.001344996308550295
2524.0,0.005305825044589317
2532.0,0.00031672363824299896
2537.0,-0.0011738199741395544
2546.0,-0.002127709941292491
2554.0,0.0037873497872623657
2561.0,-0.004170297415688946
2568.0,-0.007168574217420146
2577.0,0.009227949822005893
2584.0,0.0029445932949682
2594.0,0.0004700766456163428
2602.0,0.0010231679797327775
2610.0,0.004166879366745821
2616.0,0.0001438303020652091
2625.0,-0.001379631945529793
2631.0,0.0015123976599783827
2640.0,0.0007760195244810375
2654.0,0.00019850024958917688
2665.0,0.0021955070827257522
2673.0,-0.0014546932569088663
2681.0,-0.005644205159457761
2685.0,0.0003523631826415101
2692.0,0.003105441023515053
2701.0,0.0042260453314737125
2710.0,0.0015718249328940455
2716.0,0.0027385125866100733
2725.0,-0.0023341184606400626
2729.0,0.0004011361059501916
2743.0,0.0046756703093751295
2750.0,-0.0011271195002138731
2760.0,0.0012736953281176054
2772.0,0.0011527722057598287
2780.0,-0.001878836038872485
2788.0,-0.0039780990990873994
2798.0,-0.0007817724013873834
2807.0,0.0007435300654850779
2814.0,-0.0034296958069387085
2823.0,-0.0035577071972348775
2830.0,-0.0006464855239532196
2840.0,0.003650932834221205
2848.0,-0.0005668048855358042
2856.0,-0.00035630801373966463
2864.0,0.00041592675384190627
2875.0,-0.0018683904301394871
2886.0,-0.00039856772192856023
2897.0,-3.073730216621955e-05
2904.0,0.0034567370686382493
2912.0,0.015928374208577283
