,5
2.0,0.0020250011998989353
10.0,0.009939320772005525
19.0,-0.0016449071143415052
27.0,0.0014853196107886826
38.0,0.002810294141058175
47.0,-0.0021760582661228952
56.0,0.0024413216438075305
63.0,0.007607711029809226
72.0,0.0015693766571550963
81.0,-0.0013689558878202297
89.0,0.0003960772360499732
93.0,0.0010222002052768134
102.0,0.0020971857778443654
106.0,-0.001242138448857379
113.0,-0.002315834787226556
125.0,-0.003939668532306696
129.0,-0.0011501255907363742
136.0,0.0013464601488298907
143.0,0.00022435324687610078
155.0,-4.002959661508803e-05
164.0,2.9723456721436908e-05
169.0,0.003342606696503473
180.0,0.0014586839676594009
188.0,-0.000221530269253176
197.0,0.0007976622293698661
205.0,-0.0026413871847811746
212.0,0.002676215557860277
216.0,0.0023805972598160167
225.0,0.0009487050003679867
232.0,0.006475853701589534
239.0,0.00158431474160556
244.0,-0.000772975767506494
252.0,0.0014845628156684389
261.0,-0.0004885833859171369
270.0,0.0030869229621349288
278.0,-0.00609363730630471
289.0,0.00321396193374557
297.0,-0.0021480089119129404
305.0,-0.008147983898252689
312.0,0.004081962356455698
319.0,-0.000692732999093606
324.0,0.00034098753277848936
332.0,0.0011791716373750905
343.0,0.001282591541002206
352.0,0.0033558410384088824
360.0,-9.527665614957196e-05
366.0,0.0005057067197058521
374.0,-0.0003137454257507942
382.0,-0.0008261875801859027
391.0,-0.00015129096235790487
400.0,0.002361180060462034
408.0,0.00963759655680674
416.0,0.004114237793716365
426.0,-0.0025080591094262385
433.0,-0.0004109381690284528
441.0,0.006519202202178478
449.0,0.002436574380810235
456.0,-0.002036146324452347
465.0,-0.0010095702685219304
473.0,0.002197845054906468
481.0,0.0020092263914259006
489.0,0.002439042327308189
496.0,0.0012110329599364568
504.0,-0.0011622451879033492
514.0,0.003220860824013459
521.0,0.0067476718838735145
530.0,0.0003028470448089509
538.0,0.0013809937589266722
547.0,0.0007774771633714769
555.0,0.00020687670365389843
567.0,0.0008737626071174663
575.0,-0.0008479883549235444
582.0,-0.00016852633044005868
593.0,-0.00176202223989705
602.0,-0.003898230833856024
613.0,-0.00158188620351633
621.0,0.005268538848200325
631.0,0.0006176078466428767
640.0,0.003237072361557339
648.0,0.00037534995795911706
656.0,0.0008882441218147197
665.0,0.0006281285579803591
674.0,0.0010897322363263486
685.0,0.0009729410066127684
693.0,0.0015135752014811673
701.0,0.001914070841105111
706.0,0.007078182803879088
712.0,0.008787053938371907
717.0,0.001068255705865332
725.0,-0.006095748416263359
732.0,-0.005895520753197028
736.0,-0.010000217332958668
744.0,-0.0048362970141972396
751.0,-0.0007625553525001023
759.0,0.0019163541542222627
766.0,0.00089373007794692
774.0,0.0013872506483837066
782.0,-0.0008433799539436126
791.0,0.002678198743415219
797.0,8.189316336988799e-06
809.0,0.0005067712750140007
817.0,8.888663620702309e-05
828.0,0.0012729098693661602
837.0,0.0011321702304390089
845.0,0.0006941507695754805
853.0,0.0004400951110657545
862.0,5.876509589444443e-05
866.0,0.0013801479088640617
874.0,-0.0004899541039486443
879.0,0.001258785450164654
890.0,0.0012428365108489465
896.0,-0.0005372870282058242
906.0,-0.0001724960854505248
912.0,-0.0011972239269765214
922.0,-0.0012069985181811537
933.0,0.00612344466549827
940.0,0.0011722219462238575
948.0,-0.004608544180924745
958.0,-0.006696910666729543
969.0,-0.00419964292939714
977.0,-0.0007291734960847412
985.0,2.241534062480038e-05
994.0,0.0017636779868851285
1001.0,-0.0004142181537647755
1010.0,-0.0009621353265676482
1018.0,0.0018279866181332813
1026.0,0.00197176173795838
1034.0,0.002045808713953141
1042.0,0.000899480668399386
1050.0,-0.0006237533174254233
1057.0,-0.0007006641759724911
1066.0,-0.004910150605004321
1070.0,0.002636372175763939
1075.0,0.0006213242771116667
1083.0,0.003687979065054233
1092.0,0.002368521827064167
1100.0,0.0027321134778679783
1105.0,0.0013372554340271357
1113.0,-0.003370699458066097
1124.0,0.004884738798810638
1128.0,0.0043990609180874505
1136.0,-0.0006251841183067818
1141.0,0.002427185694534296
1152.0,-0.0077257071921625915
1157.0,-0.0001546341775182818
1168.0,-0.00816371792780408
1172.0,0.0013420748522634043
1179.0,0.004427134257371298
1186.0,0.0003086145499285634
1193.0,0.001503640239864346
1204.0,0.0006817966468531328
1211.0,0.0010792417976572353
1223.0,0.00155974524943207
1230.0,0.003649888759284911
1240.0,-0.0004176952958224363
1249.0,-0.0015990751715939324
1256.0,-0.002270622880713235
1263.0,0.005096156144495543
1270.0,0.0016846802530234666
1278.0,-0.001898514258860498
1292.0,-0.0010529442722651185
1304.0,0.004375728747513164
1315.0,0.0024806039782127457
1320.0,-0.0038091688641614775
1327.0,-0.0007721762918544228
1336.0,-0.0005404428727110481
1344.0,0.0013664095521155972
1352.0,0.000614408468392776
1360.0,0.001819673212757093
1364.0,0.0030683067956298283
1370.0,0.0013848190104658238
1379.0,-0.00915254172042516
1391.0,0.0037962572928471852
1403.0,0.004836891439082271
1409.0,0.001059219114185053
1416.0,0.004445826326545494
1421.0,-0.0010550050813899516
1428.0,0.00030309572759993833
1436.0,0.0015541163342386343
1444.0,-0.0012249963896500942
1458.0,-0.0005397358690643894
1464.0,0.0008796217583163067
1472.0,-0.0005083707710451562
1476.0,0.00110204140441243
1482.0,-1.719785160598592e-05
1490.0,0.0010548102033681884
1501.0,0.0015291009544930656
1506.0,0.001127946840249141
1515.0,-0.0005141359211808217
1523.0,-0.0006708373920388413
1530.0,0.0036690505808003645
1537.0,0.005216142594824686
1548.0,0.003751157358351249
1559.0,-0.0022993349265202777
1564.0,-0.00762744536600829
1572.0,-0.00222210458124899
1583.0,0.00045552958102814225
1590.0,0.0010017690724668101
1594.0,0.0011000148220684308
1602.0,-0.00263475898631067
1608.0,-0.0043260347287177574
1617.0,0.001697922618911632
1625.0,-0.0005023891809835973
1633.0,0.0015138393599530586
1642.0,8.316398863289251e-05
1650.0,0.0006958161468763106
1661.0,-2.108618298772468e-05
1672.0,-0.001734510073308455
1680.0,0.00035705315483610664
1691.0,-0.00403283704570973
1702.0,0.000857386717993028
1709.0,-0.000268094510899025
1717.0,-0.005234636049490444
1721.0,0.001185746812851607
1728.0,-0.007142709745829281
1735.0,0.0018093171058868463
1743.0,-0.0026201737330783822
1752.0,0.0014549960611650325
1759.0,0.0008593386398698525
1766.0,-0.002342604171022959
1780.0,-0.0008040113018391126
1787.0,0.0009629676166069219
1791.0,0.0003410837887467043
1798.0,-0.0046239792912719235
1805.0,-0.001842356732975064
1811.0,0.0015185913897158604
1819.0,-0.019054380800349772
1826.0,0.0017711643553644475
1834.0,0.005140288961055998
1846.0,0.0007876403905734079
1855.0,-0.004943813030248021
1862.0,0.008537087647129153
1868.0,0.00030097310608750115
1879.0,-0.00419308895108869
1886.0,0.004943909975202627
1895.0,-0.0019807536132615206
1909.0,-0.005327732901922494
1914.0,-0.003598061221257034
1925.0,-0.004945305202835305
1934.0,-0.006995065286205483
1942.0,0.00038473212551321846
1953.0,-0.002657324652571991
1959.0,0.0006668421190778664
1968.0,-0.001508811084665775
1975.0,0.0005565246431580436
1982.0,-0.003700762763017387
1989.0,0.001113639783249731
1996.0,0.002044912933431557
2004.0,-0.0009074121520745244
2012.0,0.0020266909005346024
2021.0,0.0013215531802753336
2029.0,0.0002835749619787886
2033.0,0.00032817321934307107
2044.0,0.0018152901396500157
2050.0,0.0007340590090932474
2058.0,0.0007056786936480623
2066.0,-0.0010123914587767452
2072.0,0.0009805154789857737
2081.0,-0.0003254500766397298
2089.0,-2.852909014953519e-05
2097.0,-9.876975253728822e-08
2107.0,-0.003613371968932559
2119.0,-7.994270049537427e-05
2127.0,-0.00032721470073315416
2134.0,0.0006098652657485577
2142.0,0.002273056172111399
2151.0,0.0013368240412731673
2162.0,-0.0033441016815539443
2170.0,0.0005896669971522582
2176.0,-0.0011435410071221502
2181.0,-0.00030449538853239105
2190.0,0.003559055308737624
2195.0,0.0009138027903101071
2200.0,-0.00026843214748082305
2208.0,0.009307874670010478
2213.0,0.0002498156369663166
2223.0,0.0014848360505506344
2230.0,0.0005092470187261261
2241.0,-0.002170364563463599
2252.0,0.005336993254673527
2261.0,0.004242652116753447
2269.0,0.004214597591320529
2276.0,0.008597066046768555
2283.0,-0.0005776016623397926
2292.0,-0.006611774350891313
2299.0,-0.0003802216822011053
2306.0,-0.0004865785059558039
