,8
0,6.291901688022963e-05
1,0.007512301255027563
2,0.0008007405455105669
3,1.81227219939991e-05
4,0.002090462684882924
5,0.00015829382223864452
6,0.001750669235544239
7,0.0007933395446117872
8,0.0005804394176491537
9,0.00023328686094217178
10,0.0009595290376020848
11,-0.0006761260085131344
12,-0.0013483259418360048
13,-0.00024769653492430076
14,-0.00046615095019831643
15,0.00019428075277916397
16,-4.591666514306011e-06
17,0.0001189341841153319
18,0.0007477876704877802
19,2.5001935850121637e-05
20,0.0003176030934739982
21,5.4763075681480225e-05
22,-0.0003201437685635139
23,0.0008761190108003887
24,-0.0018539219523235968
25,-0.0023315316164444276
26,-0.0025626810211512308
27,-0.0012406405313649845
28,-0.0011119992300908483
29,-0.00040883732838582705
30,0.0010275095076076643
31,0.0002645511100091789
32,0.00033005815535177977
33,0.0005557413305225309
34,0.0006191555409227531
35,0.0009060722775674931
36,-0.0007002445195941756
37,0.0031388188309932367
38,0.001334299737572579
39,0.003760666871828498
40,-0.000768829263851478
41,-0.000449285849683396
42,0.0006173995955928933
43,0.0016296999884182536
44,0.0005909919983126597
45,0.00040144777807385874
46,0.001547554390818231
47,0.0006621073170294665
48,-0.0009347023537085225
49,0.0006719292201024108
50,0.0009616174778285086
51,-0.000436536849856064
52,0.0021827921851988504
53,0.0013061120287822276
54,-0.0004081478945000705
55,0.0008009187863506152
56,0.0004988413666470743
57,5.0797029335625314e-05
58,-6.950650628770712e-05
59,0.0012553089884944837
60,0.0006866694164556397
61,0.00013282562651884022
62,-0.0008305214836967287
63,0.0001139752069757464
64,0.000675035651633548
65,0.0003157205191695685
66,-0.002457415679139105
67,-0.00016522753580758647
68,0.00021783085642694045
69,0.0005433846436383206
70,0.0002454696523473007
71,0.00030185423995685023
72,0.0008012706542320882
73,0.0008719721525123281
74,0.00025092141456196183
75,-0.001213583674404278
76,0.001956787008659806
77,0.0013803638650530872
78,0.00047423574326899305
79,-0.0005490947237280401
80,7.442315516090897e-05
81,0.0005289406935351073
82,0.0010584461502854481
83,0.0010629628315960975
84,0.0009849187226375342
85,0.0041129333075062315
86,-0.00048641810433584396
87,0.0037663415545570577
88,0.0032941906862317145
89,-0.004794283161492085
90,-0.0015745339269884644
91,-0.001665755613645701
92,-0.0008423575918006269
93,0.0012109167017596294
94,-0.00014151207884270702
95,-0.0010904457217714738
96,0.0006721923171174234
97,0.00010809272589865933
98,-0.000555273679285243
99,0.0005434719066514935
100,0.00015819409987036896
101,-6.304839470277376e-05
102,0.00039715226044214155
103,0.00023139527424886696
104,-0.00011558636423479997
105,0.001431722989943875
106,0.0002556706565004431
107,0.0002691047719352892
108,0.0005729209988542705
109,0.0011693952353661232
110,0.0005783894362857364
111,0.0008052457375194699
112,0.0010425878872913797
113,0.0001479868973929235
114,0.004733731979299556
115,-0.001579125359596828
116,-0.0003284807972811487
117,0.00026316988162220867
118,7.413941585221362e-05
119,-0.0002696987980042398
120,0.00048804054203619064
121,0.0006812899649906597
122,0.00034507402238317204
123,-0.00025252370853390895
124,0.00014259265618279084
125,-0.0001892604218501784
126,0.00019534509415176148
127,-4.124546043680403e-05
128,0.0005812127732684241
129,0.0001773226188778491
130,-0.0006318281213582496
131,-0.00025087533093946107
132,0.0002764233275749865
133,5.8390615710125607e-05
134,-0.00017574696939455078
135,0.00036209127291294505
136,-7.567521060964932e-05
137,0.0022693899592218054
138,-0.0003868891806169694
139,0.0016018406708765691
140,-0.00017662095326540617
141,2.523765847245863e-05
142,-0.000796875523464746
143,-0.0013634322583408133
144,-0.0007486347366207288
145,0.00048645700663668364
146,0.0003484578963071698
147,-0.004851165284833888
148,-0.0013463917898029858
149,0.0004832607357648828
150,0.00038226092515543586
151,0.00018241355724649906
152,0.002086567669355012
153,0.003577536080407166
154,-6.229072400254631e-05
155,-0.0004331208199862898
156,-6.591058048160859e-05
157,0.0006803849305965712
158,-0.0006660470034574021
159,-0.00030647964467015766
160,9.341332703401679e-05
161,0.0002353869488547355
162,0.00020062306945635777
163,-3.664345413941844e-05
164,0.00026035833629252934
165,-0.00035273166997767887
166,-0.0015054373618845227
167,0.0008514128700435784
168,0.00038808767904764354
169,0.0007900284879788447
170,-0.004113053557925907
171,-0.00601466980357142
172,0.0009273423473925613
173,-0.003354414796956819
174,0.0015763350991711577
175,-0.000734377802052989
176,8.813171269826819e-05
177,0.00011896396558138971
178,0.0006697257336511782
179,-6.532445774789134e-06
180,0.0006308382076468219
181,0.0005485254874490227
182,-4.520572154164202e-05
183,0.000634817220290178
184,-0.00024543249796660655
185,0.0002991557924820632
186,0.0005403460040181785
187,0.00021418443426019895
188,7.521709972923496e-05
189,-0.0004941648283212859
190,0.0014477319985268314
191,0.00012810205218320063
192,0.0005820964119492306
193,-0.0008192161154483996
194,-0.0011987499430771364
195,0.0005193191428090032
196,-0.0003387273589644312
197,-0.00014535856945832354
198,-0.0010738181454122537
199,-0.0010276871543297538
200,-1.0217454874496177e-05
201,-0.0005002927576850391
202,-0.0005497719687486952
203,-7.908941132196094e-05
204,0.0002055939715035462
205,8.19569623406467e-05
206,0.00027867281726350133
207,0.0006719299545415851
208,9.206603037897136e-05
209,-0.00018147866578047597
210,0.0008162967339031325
211,-0.000787709931301923
212,-0.0008345730524521827
213,0.00013363684307593469
214,0.0006738385419745009
215,0.0009637225659787273
216,-0.00018706970016818699
217,0.0007468366237928432
218,0.0006080150403469223
219,0.00015893404465081381
220,0.0022101536090587443
221,0.0012974573606921744
222,0.0007461924516421281
223,0.001072348710496709
224,0.0021431533560655643
225,-0.0001698839420906718
226,0.000627603447546293
227,0.0008461168126102289
228,-0.0014518370986565578
229,0.0020775393086805297
230,0.0010600316208492393
231,0.0017018210995018695
232,-0.00024363148187988575
233,0.0006598375280861684
234,-0.001563354822731599
235,4.702425097782167e-05
236,-0.003255805136921722
237,-0.0033884838330980977
238,-0.0028193092632838633
239,-0.0008330454484921425
240,0.000977937471510927
241,-0.001206839149923691
242,0.0009237362455706882
243,0.0007090784027972507
244,0.00019728545049530196
245,-0.0014189649267244706
246,0.0014067321837214323
247,-0.0013833841190874485
248,-0.0018668573007258047
249,0.00034243011277334715
250,-0.0007594961334721452
251,-9.33915654099259e-05
252,-0.0003464557491790135
253,0.0019889200401794057
254,0.00020387868776271177
255,0.00013872274041065174
256,0.002108070662902277
257,0.0011791845538255102
258,-0.00018336646042308005
259,-1.4405370300352005e-05
260,0.0001268961766081413
261,-0.000132511176793552
262,0.0005417528938250808
263,0.00016822499416345324
264,0.0005357909285695233
265,8.064161592671003e-05
266,-0.0005164825716178747
267,-0.0005775130007102207
268,-0.0002940570572145922
269,0.0012286763099006635
270,0.002385737615271182
271,0.0009381352440583835
272,-0.00030493911449303084
273,0.0002690433729923537
274,0.004169049929453344
275,0.0022072545577293727
276,-0.0010049460793385867
277,-0.0008101571298647496
278,0.00017806471237189243
279,0.0016681910580537153
280,0.005085986959268031
281,-0.001782185099534287
282,0.001150732615072177
283,0.0019509919450816156
284,0.0010155042320067675
285,0.0009694592036653106
286,-0.0005197819001697239
