,4
2.0,0.025820193814916615
10.0,0.01174666741268701
19.0,0.0093299281512451
27.0,0.006170209923457245
38.0,0.005836207152876151
47.0,-0.01402259888912087
56.0,0.004644707700152086
63.0,0.010403516494333359
72.0,0.0034077754219127053
81.0,0.0024575617988293955
89.0,-0.001309269706805892
93.0,-6.786552325042976e-05
102.0,0.0022006867116885604
106.0,0.003787747669252117
113.0,0.002688157996260396
125.0,0.002407798640527365
129.0,0.0036329102930407176
136.0,0.006238346178247381
143.0,-0.0006162228134278412
155.0,0.002192103746276962
164.0,0.0028112693683623635
169.0,0.0032535698315792737
180.0,0.004362658318214199
188.0,0.009980685455526682
197.0,0.008152456094051163
205.0,0.009738620452428308
212.0,-0.006130932360449864
216.0,0.017205939590993487
225.0,0.004854151575532573
232.0,0.003510666799143934
239.0,0.006445698887113278
244.0,0.004048649051189645
252.0,-0.003663998209512572
261.0,-0.00829960115047427
270.0,0.005240844943118863
278.0,-0.0024826971337335176
289.0,-0.0030829807613960087
297.0,0.005808153020971615
305.0,-0.0020612509018760163
312.0,0.010893643852144403
319.0,0.00441288529079247
324.0,0.0036760959115974697
332.0,0.01884723719709724
343.0,0.011302491850446598
352.0,0.007617807783093673
360.0,0.004490300396428753
366.0,0.011025875943574017
374.0,0.011620017727214783
382.0,0.007827553149772246
391.0,0.0043794898697486345
400.0,0.0011754689731362465
408.0,0.005936561961184281
416.0,0.007241860089362975
426.0,0.006218034697093894
433.0,-0.01096264293853811
441.0,0.00507422717265568
449.0,0.0108127156792868
456.0,-0.0011333128587615402
465.0,-0.005531063415252608
473.0,0.007785870825633792
481.0,-0.0021039403904354282
489.0,0.003218063431697745
496.0,0.0020665258716890235
504.0,0.0002869429794212212
514.0,0.0009572935719403604
521.0,-0.009112558472100357
530.0,-0.0038947942242213533
538.0,0.004122458602883253
547.0,0.0023796717044052063
555.0,0.0047034186767103475
567.0,0.0065604973600858285
575.0,0.006113251230654798
582.0,0.00236132745621725
593.0,0.008301857384815977
602.0,0.001402057688597811
613.0,-0.004893237922944379
621.0,0.0036152596583931074
631.0,-0.00023311308022523538
640.0,0.006010983432336914
648.0,0.00876987749533675
656.0,0.00307632527731548
665.0,0.005951673202320465
674.0,0.006881898849097276
685.0,0.005182317234812896
693.0,0.006961314379368388
701.0,0.014538077046045416
706.0,0.008376274225545573
712.0,0.010201478685922565
717.0,0.012045972413642006
725.0,-0.003715669139985964
732.0,-0.013271445264229116
736.0,0.0015890970438221699
744.0,0.007335408913189981
751.0,0.010728362616413734
759.0,0.008360203695515009
766.0,0.008696366504016438
774.0,0.007780877079124812
782.0,0.0074637448243523715
791.0,0.005260345306992697
797.0,0.004457879813647952
809.0,0.009207978514965933
817.0,0.005256089064815655
828.0,0.0016670804682784642
837.0,0.007816991754576853
845.0,0.007603723311478809
853.0,0.0062677382022509305
862.0,-0.01129225558597386
866.0,0.01306400450766909
874.0,0.010340969524405457
879.0,-0.0009291679900100539
890.0,0.007877449726451135
896.0,0.0064905295267769164
906.0,0.0016356463190389256
912.0,-0.007177112988554717
922.0,-0.006026773363909093
933.0,0.002538424293549188
940.0,0.009333338301543379
948.0,-0.006553422642519106
958.0,0.010414305883786612
969.0,-0.008416409551371842
977.0,0.0028874442647120213
985.0,0.004253222801719712
994.0,0.009657982568972504
1001.0,0.0031601107079534197
1010.0,0.006317718588419743
1018.0,0.0013564956994029996
1026.0,0.005271917678071361
1034.0,0.005868669643708346
1042.0,0.010509498466253969
1050.0,0.0061585770020919795
1057.0,0.006839866597478196
1066.0,-0.00839271069180728
1070.0,0.002979559040996597
1075.0,-0.0014576017806861039
1083.0,0.004102185734566987
1092.0,0.008419457940961945
1100.0,-0.012848751346296712
1105.0,-0.014547321328119854
1113.0,0.004939693444432523
1124.0,-0.0146546926268704
1128.0,0.01223519359037816
1136.0,0.005046866511248212
1141.0,-0.0002623400421609182
1152.0,0.002508637480845227
1157.0,0.0051765457259237225
1168.0,-0.008118908650116016
1172.0,0.008855351237563492
1179.0,-0.0023428540367321955
1186.0,0.0006645243322822358
1193.0,0.0045195568140567795
1204.0,0.002915225489362463
1211.0,0.005479168805162552
1223.0,-0.002169943146059342
1230.0,0.0005391172250212564
1240.0,0.006394926740900926
1249.0,0.003726157074083784
1256.0,0.014366277672011131
1263.0,0.006263530543639747
1270.0,0.00563982674363674
1278.0,-0.0018969800556795848
1292.0,-0.006829378680214831
1304.0,0.010241909145049601
1315.0,-0.005946171011431591
1320.0,0.004899873769154886
1327.0,-0.005146720913257932
1336.0,0.005131898367338232
1344.0,0.004922664124595993
1352.0,0.0004232453509092689
1360.0,0.007199124178480703
1364.0,0.007160077395061924
1370.0,-0.004384391408454249
1379.0,-0.005688132013547236
1391.0,0.009156088999897895
1403.0,-0.0015731451534995973
1409.0,-0.006515129679295483
1416.0,0.016887460726796387
1421.0,0.002758223468035811
1428.0,0.009174613838563328
1436.0,-2.089957607724294e-05
1444.0,-0.0011134383575115065
1458.0,0.0037542165183693274
1464.0,0.00757036814745505
1472.0,0.013297680132447039
1476.0,0.0008837682089678647
1482.0,0.007265617843716222
1490.0,0.004019835191812544
1501.0,0.0013864684218522561
1506.0,-0.0005507049557203362
1515.0,3.332171802812758e-05
1523.0,0.005093634579257399
1530.0,0.006187612895440055
1537.0,0.00500610276947985
1548.0,0.005217459563491188
1559.0,0.0017966191624057867
1564.0,0.01451091155743764
1572.0,-0.004805141600879382
1583.0,0.004802428460523901
1590.0,0.008528295479229243
1594.0,0.00806014295412893
1602.0,0.0013390726343945091
1608.0,0.004269037617236577
1617.0,0.008222106970928435
1625.0,0.006330450695892094
1633.0,0.003213182816837274
1642.0,0.0052154408213891295
1650.0,0.008153690767673649
1661.0,0.0018936257561215715
1672.0,-0.0017706814645712305
1680.0,-2.4381509745735804e-05
1691.0,-0.0021740599065899723
1702.0,-0.012119301260707937
1709.0,0.0036980883893713485
1717.0,-0.0009615913646753271
1721.0,0.010587324875330378
1728.0,0.0004796186594511164
1735.0,0.008780919106542473
1743.0,-0.0025603654725532728
1752.0,-0.0016393746458934252
1759.0,0.009287474022080676
1766.0,-0.011494442841001193
1780.0,0.00563069646414312
1787.0,-0.004183761239557044
1791.0,0.0023715995836928443
1798.0,0.0008030145186370038
1805.0,0.004969302664276511
1811.0,0.008647310893494613
1819.0,0.008200075487563074
1826.0,-0.004160372004725893
1834.0,0.0014978686252830205
1846.0,0.005880172427011132
1855.0,0.006017288079185369
1862.0,0.007026070932034008
1868.0,0.01471760221364545
1879.0,0.0076633975815322535
1886.0,0.008336776486887727
1895.0,-0.0015239271407895517
1909.0,0.005091420127371273
1914.0,0.0017487723133814991
1925.0,0.015761246133540678
1934.0,0.001274487135006825
1942.0,0.01632947875966183
1953.0,0.0016042070016501107
1959.0,-0.0021023574488681714
1968.0,0.0045058399781313
1975.0,-0.0003415522243086324
1982.0,0.004385484342089935
1989.0,0.0054049096003394945
1996.0,0.0069821078336297455
2004.0,0.009142155135934847
2012.0,0.01135839765590374
2021.0,4.3567756850720684e-05
2029.0,0.007357624278927109
2033.0,0.0069548850402561145
2044.0,0.006503079037063025
2050.0,0.007046428992814547
2058.0,0.004261254329386428
2066.0,0.00314591769009441
2072.0,0.009908061686814762
2081.0,-0.0029740155424328946
2089.0,-0.0021574726116439227
2097.0,0.003417840833036899
2107.0,0.004057862420232499
2119.0,0.0011388087790509126
2127.0,0.008864900572533373
2134.0,0.017815044953282004
2142.0,0.007964721437470693
2151.0,0.005010072973224737
2162.0,0.002418886039168222
2170.0,0.014115119089003689
2176.0,0.0076837678564782115
2181.0,0.01789464360434494
2190.0,0.0007872953592749874
2195.0,0.0005849929467525179
2200.0,0.008704736133152346
2208.0,-0.00031229397468139365
2213.0,0.007783805427138138
2223.0,0.007661907318911139
2230.0,0.008388451695125268
2241.0,-0.001711538912365138
2252.0,0.01638444697962736
2261.0,0.01113536783710196
2269.0,0.011330882745244271
2276.0,0.005940866759715342
2283.0,-0.01197560302782897
2292.0,0.006645601909226716
2299.0,0.002711671148205991
2306.0,-0.000360680771922345
