,3
2314.0,-0.0023089600922966435
2323.0,0.015611247538059026
2331.0,-0.0068193343857785756
2343.0,-0.005779438245217997
2355.0,0.01619447297816682
2361.0,0.0123948450553646
2369.0,0.015110422346774082
2378.0,-0.010104532407855076
2390.0,-0.001963401938991308
2398.0,0.0237811279282503
2406.0,0.025899165308980898
2415.0,0.008602824011172875
2424.0,-0.006228500917469423
2435.0,0.0006672354510169938
2444.0,-0.007963060804996536
2456.0,0.009938399227369159
2467.0,-0.0029438273370023006
2477.0,-0.010753432290661648
2484.0,-0.005154548590313244
2492.0,0.008045189005376268
2500.0,0.006782014859295819
2507.0,0.018377349186848562
2516.0,0.0028597190495480425
2524.0,0.012388788954143736
2532.0,0.008573223045741294
2537.0,0.023099502600516596
2546.0,0.015249966647705891
2554.0,-0.002259804076029138
2561.0,0.005559753916522389
2568.0,-0.007301420725277356
2577.0,-0.016800373384939473
2584.0,-0.01689689665044545
2594.0,0.005533625725230643
2602.0,0.01081871833216294
2610.0,0.0070539269368744655
2616.0,0.007831171916556284
2625.0,-0.003833396387116909
2631.0,0.011489195466787033
2640.0,0.005064489461145078
2654.0,0.01911378236900527
2665.0,0.014232451282251474
2673.0,0.020738299815565207
2681.0,0.02639978678062366
2685.0,-0.0028252768205799137
2692.0,-0.004531976640905623
2701.0,-0.003306252009615401
2710.0,0.018835213756666292
2716.0,0.001677483631381331
2725.0,0.025685431793963417
2729.0,0.014503275081795388
2743.0,-0.012074385484800786
2750.0,-0.010426711003372129
2760.0,0.010705756755895501
2772.0,-0.005408425417462911
2780.0,-0.015700425283329572
2788.0,-0.01882647137413999
2798.0,0.01902971439501439
2807.0,0.008574360533034137
2814.0,-0.01087819632653133
2823.0,0.0032531776694080055
2830.0,0.018009446274191616
2840.0,-0.008192607677803365
2848.0,-0.002448825088928589
2856.0,-0.004967765173293903
2864.0,-0.002790188446289077
2875.0,-0.00316714057438043
2886.0,-0.009136311112092461
2897.0,-0.0026206237107098064
2904.0,0.019379631421024078
2912.0,0.012662368760780628
