,6
2.0,0.0025939748703379477
10.0,0.013375585541727917
19.0,0.0020781913124867327
27.0,0.002232176242784026
38.0,0.002229529748890854
47.0,-0.0009378670682778506
56.0,0.003024999481799898
63.0,0.003352082401778681
72.0,0.0013400967335255112
81.0,-0.000644839701087034
89.0,-0.00097399094541104
93.0,0.00025387814074154176
102.0,-0.0021947850062532027
106.0,-0.0007075212380857644
113.0,-0.0012986302706290344
125.0,-0.0030272078231390145
129.0,-0.0010862347060091532
136.0,-0.00029249997709965227
143.0,-0.00015233167395842232
155.0,-0.00011049596644886377
164.0,-0.00019188626948610745
169.0,-0.0007300431072831465
180.0,0.00039841795507265717
188.0,-0.0013259460182736562
197.0,-0.000945798224152324
205.0,-0.007971513747330062
212.0,-0.004564807908668843
216.0,0.0005805044707548086
225.0,-0.0017942431536351413
232.0,0.0017747075394114267
239.0,0.00069477191499092
244.0,-0.00054575321099083
252.0,-6.144454421147241e-05
261.0,-0.0011509301493144804
270.0,0.0023735642942432802
278.0,-0.0016958429950267955
289.0,0.00011763583436185903
297.0,0.0042519681312813635
305.0,-0.0009499252215161781
312.0,0.00875378088101877
319.0,0.002115200384987152
324.0,0.0024269928027417244
332.0,0.0035361634118125022
343.0,0.0027887089164727046
352.0,0.00244840127976457
360.0,0.001121426585725826
366.0,0.0002491409711201824
374.0,0.0010907800116440928
382.0,0.0020204157580591435
391.0,0.004666133256660794
400.0,0.002249589856269688
408.0,0.005212451070942651
416.0,0.0035978111085788393
426.0,0.003551097341065619
433.0,-0.0008006912236893252
441.0,0.0029345268791436097
449.0,-0.0004613242488499851
456.0,0.0033574443922250257
465.0,0.002147846204563391
473.0,0.0006383692405293106
481.0,0.0008788503317728976
489.0,0.00027387300095452167
496.0,0.0002739015946961242
504.0,-0.0013574354845002122
514.0,-0.0012862836804153474
521.0,0.0002616532410151455
530.0,0.0010040529190101025
538.0,-0.00023005440100747778
547.0,0.00037033625139952357
555.0,-0.00014660422325637914
567.0,0.000599087337441164
575.0,-0.0002810605549374692
582.0,-0.0005200321766328512
593.0,-0.00024211595978908105
602.0,-3.530174957557161e-05
613.0,-0.0009620961712709647
621.0,0.0063470096919554285
631.0,0.0027800969305343255
640.0,0.0003140932058976721
648.0,0.0003929332897209331
656.0,0.0005884413832947812
665.0,0.0013839373710543344
674.0,0.0016334292885245246
685.0,0.0025727284155979365
693.0,0.00852626333481276
701.0,0.009438824710380714
706.0,0.004800870699257219
712.0,0.009827922065427945
717.0,0.002928558156016781
725.0,-0.008712544492182565
732.0,-0.004189034619073445
736.0,-0.0015521989592148162
744.0,-0.004413408525218042
751.0,0.003344870298515255
759.0,0.0017444986704789236
766.0,0.0014387386263184454
774.0,0.0021860976028165485
782.0,0.001488841236022274
791.0,0.000280168239449854
797.0,0.0009698048867655214
809.0,0.001869158621413385
817.0,0.0005794537018034019
828.0,0.0013203961257044327
837.0,0.002440844661556663
845.0,0.0011095930891915327
853.0,0.0017565931644797901
862.0,0.00037741019735869184
866.0,0.001581227502147159
874.0,0.0019695286780024475
879.0,0.0022785759767888184
890.0,0.00030898469786591436
896.0,0.001092867200265072
906.0,0.002012455962448797
912.0,0.0015490287706905427
922.0,0.006187874312808881
933.0,-0.003954714982897771
940.0,0.0011979948065529425
948.0,7.214463761955341e-06
958.0,-0.0011868065329430173
969.0,-0.0036882699364175616
977.0,0.00023724118992695403
985.0,-0.0008206648034086865
994.0,0.00022191300593632282
1001.0,-0.0008238624219001275
1010.0,0.001655594989912375
1018.0,4.062168322290157e-05
1026.0,-0.0003148142981829189
1034.0,-5.469915665763506e-06
1042.0,-0.0008710779790033087
1050.0,0.00018319424948501286
1057.0,-0.0012396309631871178
1066.0,0.0007060278516112745
1070.0,-0.0005784855919178102
1075.0,-0.00016519274886411673
1083.0,6.90687145409874e-05
1092.0,-0.0005197688593496045
1100.0,0.0006367373242309168
1105.0,0.0013341103359828393
1113.0,-0.0009051982320899518
1124.0,-0.002501287027471501
1128.0,0.004543416188627198
1136.0,-0.0003264572002176712
1141.0,0.0007118715616825558
1152.0,-0.003273352181415115
1157.0,-0.002226487286293541
1168.0,-0.0029088068541152944
1172.0,-0.0011983655809406249
1179.0,0.0027993945391840734
1186.0,-0.003289048926612326
1193.0,0.0042811178543146755
1204.0,-8.326754010151824e-05
1211.0,0.0015110181532221937
1223.0,-0.0005250674233258687
1230.0,0.0007453702558731214
1240.0,0.0023909392378690985
1249.0,0.0011218276908075012
1256.0,-0.003130302350227021
1263.0,4.3322418777837985e-05
1270.0,-0.0002917347358002716
1278.0,-0.002394293673866147
1292.0,0.0010715187645498993
1304.0,0.0001337614225931449
1315.0,-0.0001296625883625979
1320.0,-0.00017204122920904573
1327.0,0.00043385858352757806
1336.0,0.001028688255890714
1344.0,-0.00048622392635673105
1352.0,0.0017369239208074561
1360.0,0.0028016530235316726
1364.0,0.001776967392506046
1370.0,0.0004758170312041124
1379.0,-0.0070366488416899855
1391.0,0.0010173388280823102
1403.0,-0.0005424054946657391
1409.0,-0.000111676157529427
1416.0,-0.0005328262853420266
1421.0,0.0006764333731328218
1428.0,0.0009691577036385109
1436.0,0.0009013200407441843
1444.0,-4.215977213932678e-06
1458.0,0.0006786619742818105
1464.0,0.002367253097288486
1472.0,6.779357332039587e-05
1476.0,0.0010933350935849189
1482.0,0.002547815762188552
1490.0,0.0011670480855348764
1501.0,0.0012871407936212063
1506.0,0.0008860256048421216
1515.0,0.0011486041478564444
1523.0,-0.0004664539747171305
1530.0,0.002782739375317577
1537.0,0.0010186956458330659
1548.0,0.003555822940913337
1559.0,-0.0012445989526108407
1564.0,-0.005650903787670348
1572.0,0.00029470228100867275
1583.0,1.976469162440656e-06
1590.0,0.00022269479626630976
1594.0,0.0037219265262001533
1602.0,-0.0023926966276704353
1608.0,0.0008971627096074935
1617.0,0.00013247043820198138
1625.0,-0.0015616698327982448
1633.0,0.0007932602513800907
1642.0,0.001699545055477279
1650.0,0.0003258381051016014
1661.0,0.000960223236845397
1672.0,0.0013763694861691088
1680.0,-4.8767503920892254e-05
1691.0,-0.0003794557469855945
1702.0,0.002992541296617123
1709.0,0.0007472671999658186
1717.0,-0.0012884417806420252
1721.0,0.001613628446987654
1728.0,-0.001523530222515819
1735.0,-0.0022609215899955805
1743.0,-0.0009381592442531233
1752.0,0.003967401212818663
1759.0,0.0034920717903666894
1766.0,-0.00014919015351308308
1780.0,0.0017792390822200146
1787.0,-0.00017251875729794511
1791.0,-2.422832366127948e-05
1798.0,0.001589911915893213
1805.0,0.005978871972894537
1811.0,0.0010814123591498988
1819.0,-0.002968781316813985
1826.0,0.0032314416299579923
1834.0,0.0013981831560008053
1846.0,-0.0005006364061733625
1855.0,-0.0013494024596427759
1862.0,0.0051053108424001115
1868.0,0.0026679990958182113
1879.0,-0.0005454015745881206
1886.0,-7.767241267661038e-05
1895.0,6.694647102751007e-05
1909.0,0.0006137232013424719
1914.0,-0.005278435267343081
1925.0,-0.004039702375068555
1934.0,-0.002317348639903385
1942.0,0.0007531312397719976
1953.0,-0.0004670447710622791
1959.0,0.006226105026744216
1968.0,0.0017606853715471816
1975.0,-7.002182694962662e-07
1982.0,0.000229439823991809
1989.0,0.003789212084261465
1996.0,-0.00018433513407082423
2004.0,-0.0008479674162707245
2012.0,-0.0005566398249322999
2021.0,0.0015800832809548502
2029.0,0.0005094056410815537
2033.0,0.0012153549190073928
2044.0,0.005507442905707329
2050.0,0.0016490430890996838
2058.0,0.001510009214184954
2066.0,0.0024664648298447045
2072.0,0.0014926020817132386
2081.0,0.0002088548515239137
2089.0,-7.217174310091683e-05
2097.0,0.0009329415040221131
2107.0,0.0005028039348441983
2119.0,0.0006812656828542176
2127.0,0.00032266071053843864
2134.0,0.002689371291482131
2142.0,0.002258326088466475
2151.0,0.0017114048170465805
2162.0,0.00019131116081493662
2170.0,-0.0004762313000142786
2176.0,-0.0010170045292245966
2181.0,-2.0918789888944842e-05
2190.0,0.004962909202623047
2195.0,0.0011879634630574786
2200.0,0.003197576242937505
2208.0,0.01489186724513728
2213.0,0.0037751493647676924
2223.0,0.003937868674826301
2230.0,-0.000389782457315263
2241.0,-0.0002215218942633151
2252.0,0.0070664766720936025
2261.0,0.0044465524675542075
2269.0,0.0011272660415292787
2276.0,0.002497590252225789
2283.0,-0.0005985967182602362
2292.0,-0.0008292353077991696
2299.0,0.003921284291217375
2306.0,-0.0007508576911657161
