,3
2.0,0.016903146183186658
11.0,-0.004027945197000422
23.0,-0.0010134713337099852
28.0,0.0004346823422165101
35.0,-0.018314237312135613
44.0,0.01689683700894741
51.0,0.007642507652664917
60.0,0.006657938132394655
66.0,0.026511131445997375
70.0,0.0027252986611941985
81.0,0.00811598739946589
88.0,-0.010194184672469176
96.0,-0.002383380863315816
104.0,-0.0038244708984782215
111.0,-0.021068005957877604
121.0,-0.00035839367204361524
129.0,0.00903718320349172
140.0,-0.01150152371121847
149.0,0.0181343530153459
163.0,0.011603403779254022
174.0,0.0070255740013373015
188.0,0.006558215803957229
195.0,0.017299158150150127
203.0,0.010800569058004202
211.0,-0.007384069187162895
216.0,0.007050338172897941
224.0,0.012405904608583323
233.0,0.01092897352404483
239.0,0.004455010630237821
248.0,0.0013582667888526975
259.0,-0.018052860862583613
271.0,0.00593648204892354
279.0,-0.03373068799839446
283.0,0.003003775122614125
290.0,0.016823215016793788
299.0,0.01769657927648781
303.0,0.006742296125339317
314.0,-0.011545138893630052
318.0,-0.002821153219214103
322.0,-0.011890417858085058
329.0,-0.0030717651134704125
338.0,0.007705771148117421
345.0,0.024353193387306928
351.0,-0.0008701069778836525
358.0,0.005255762882103648
365.0,0.021442221342846166
373.0,-0.00932890232647944
382.0,0.01390539072281357
390.0,0.0045167770662407555
397.0,0.0006819652465728804
404.0,-0.014761019548204093
411.0,0.017499023912804397
418.0,-0.012214212472469939
426.0,0.005718204121385742
433.0,0.003779559422841923
439.0,-0.003833422367197791
450.0,0.002215564583275022
457.0,-0.0023822838001996472
471.0,0.016754335491934023
485.0,0.011698848134508258
494.0,0.019877332922056234
505.0,0.011469081750611563
517.0,-0.014994094784989156
526.0,0.0037720351310281167
533.0,0.004067829245801248
540.0,-0.01746204184844466
546.0,0.00039717423484267333
558.0,0.005481574984833397
567.0,0.001872884954580556
575.0,-0.020728235190769606
581.0,0.007743610372469214
588.0,0.017267779929410202
599.0,0.023929167860803232
605.0,0.028619075724904148
609.0,0.01668652813989634
617.0,0.01041027530846461
626.0,0.006966535135185947
634.0,0.019142940912522808
643.0,-0.009867922184936604
654.0,0.01170014671155163
665.0,0.011058552777214343
673.0,0.0037297329716247645
681.0,0.007739963832534045
688.0,0.004435168118451846
695.0,0.014824172891802451
706.0,0.012473572543468394
712.0,0.023424039781646526
720.0,0.024327101983674534
728.0,0.018126248178717875
735.0,0.0019132357301886302
739.0,-0.001124703409440963
746.0,0.02092920727555346
757.0,-0.004061315412073431
765.0,-0.018093981723169165
777.0,0.011554065256346698
784.0,-0.008870134930963197
792.0,-0.027187730065156523
797.0,-0.009672802334521358
804.0,0.01547516314926688
812.0,0.007123106807404891
820.0,-0.003533080801044843
830.0,0.005902207490791266
838.0,0.012357699214283584
844.0,-0.013071087339555826
848.0,0.012603630593329756
854.0,-0.0257476756615306
858.0,0.003404237096348641
863.0,0.011698599850334907
868.0,-0.013635340060948076
873.0,0.04294892283096915
877.0,0.006205113923332524
884.0,0.024426576300038735
888.0,0.005057190825930422
895.0,0.016907633921679228
902.0,-0.004709636542263465
908.0,0.016455063337854632
912.0,0.016681213213210234
918.0,-0.0038687639228233255
930.0,0.0035686829595484425
936.0,-0.025274196639108154
944.0,-0.0007528130149000029
951.0,-0.016951798441850942
955.0,0.014243924500375486
961.0,-0.018271714327480114
972.0,-0.0033345426549881707
981.0,-0.008899096306881701
992.0,-0.002960531836821419
999.0,0.010981428213633553
1004.0,-0.00892694222836744
1011.0,-0.002992381531832254
1018.0,-0.003612900757491236
1030.0,-0.0031247861617125804
1036.0,0.009157609380361514
1041.0,0.021024085839227782
1055.0,0.010819428393524398
1063.0,0.0004404250574284402
1074.0,0.023001157017474527
1082.0,0.011804617219535211
1090.0,-0.010669016836681082
1094.0,0.011214272528541323
1103.0,0.00787432959052476
1109.0,0.006913440461787371
1118.0,0.0006292530283408252
1125.0,0.007798296506469737
1130.0,0.007726325545406699
1136.0,0.02256634213259803
1140.0,-0.028979399831445953
1144.0,0.005843797694505873
1152.0,-0.002020646823515324
1161.0,-0.015417598438796896
1167.0,0.020356786916439325
1179.0,0.015254086151764722
1187.0,-0.021930521872137912
1195.0,0.0012420185768713741
1202.0,0.015982713734736382
1214.0,0.01135809647646421
1223.0,0.016707970965829978
1230.0,0.0075734274213075355
1241.0,0.013507138244148897
1249.0,0.014153492342484945
1255.0,-0.0006392304146129638
1264.0,-0.00935015004145975
1272.0,-0.018691801538268275
1279.0,0.016370487355504372
1283.0,0.008089186357487422
1291.0,0.004526082851338192
1299.0,-0.013524289189178525
1307.0,0.019692150843057386
1315.0,-0.02267234248334532
1320.0,0.022617304589622758
1328.0,0.014036752091460077
1337.0,0.007832840210912146
1346.0,0.018450514157578014
1354.0,0.0028559589342819565
1366.0,0.007890843954922368
1373.0,0.0112280217267258
1384.0,0.015216493279296856
1390.0,0.012072764273993055
1398.0,0.0034198132482257757
1406.0,0.00031455515526487756
1411.0,0.009136027138176621
1419.0,-0.0026142340740908454
1431.0,0.014185824841591884
1439.0,0.016701260279926664
1447.0,-0.004017844618523614
1456.0,0.011144867975616764
1464.0,0.008419697269668824
1472.0,0.020750406313622266
1480.0,0.017231600149041675
1488.0,0.03450869991921969
1492.0,0.013668567397381563
1499.0,-0.006716121092341617
1504.0,-0.0039144700721760566
1508.0,-0.011751329430808958
1519.0,-0.014981931933543522
1530.0,-0.003587000428614033
1538.0,0.0068011140193127515
1546.0,-0.0061062357709348045
1551.0,0.018075312007402568
1557.0,0.01603174479824862
1566.0,0.009125734453766637
1576.0,0.00300517851553303
1584.0,0.011170485833813254
1598.0,0.0007530115504715297
1605.0,-0.010854781094280475
1609.0,0.018436421052544318
1617.0,0.006742486230650768
1625.0,0.004590376142273487
1634.0,0.0022176552322606844
1639.0,0.009502661976121573
1646.0,0.021416453768316083
1654.0,0.025132866210062367
1662.0,0.011420993374099474
1671.0,-0.0007156610841684588
1679.0,0.02136411638514535
1689.0,0.023954326916079415
1697.0,0.02175173586208976
1705.0,0.0021660880539386552
1713.0,0.017308216955490268
1720.0,0.011301648364050223
1728.0,-0.003098669014349691
1742.0,0.014071737959890196
1753.0,-0.001881084980443291
1760.0,0.007692138676781692
1765.0,0.013523813579619823
1769.0,0.009547519028569339
1775.0,0.0019335197232854993
1786.0,-0.001112201439056227
1793.0,0.00655778908635296
1804.0,-0.003720352874390188
1812.0,-0.006125844346652408
1823.0,-0.0054282385544662136
1832.0,-0.01346773813576492
1841.0,-0.01042504112502906
1848.0,-0.010743832835503018
1856.0,-0.021789257842002467
1864.0,-0.0010322766558311873
1872.0,-0.031847331044406166
1876.0,-0.04610781766339951
1880.0,0.002204912470228728
1889.0,-0.001388012785601668
1894.0,0.001354015070642953
1902.0,-0.006135531463867112
1908.0,0.0031557573307641707
1914.0,0.0020699500103434
1920.0,0.016994054483015587
1929.0,0.012990459584017523
1941.0,0.02620703600944171
1952.0,-0.017928987053525004
1956.0,0.009711983799217238
1964.0,0.017187410194300628
1968.0,0.024886625068723894
1979.0,-0.009965206897034068
1986.0,0.003241374147388713
1993.0,-0.024772478923711847
2002.0,0.02485227688239948
2013.0,0.012925915677800662
2022.0,-0.005090564396044818
2034.0,-0.010475701447886114
2038.0,-0.010710252523321865
2043.0,0.018636976545881517
2052.0,0.013126607690888576
2060.0,-0.015909529194010254
2064.0,0.01271942789869232
2071.0,0.006584913349547982
2078.0,0.018580671213507628
2085.0,0.014287076789119167
2096.0,-0.010656401761905097
2105.0,0.024286219762767434
2119.0,-0.01876239126469014
2125.0,0.008215345342621213
2129.0,0.01188015978694347
2138.0,-0.008852427856108975
2147.0,0.01852604527675107
2155.0,-0.0026185006366575927
2161.0,0.024168991116459173
2173.0,0.021845575641329752
2181.0,0.01797840254012865
2190.0,0.01629155790345358
2198.0,0.014794704179533975
2212.0,0.046541866353875916
2216.0,0.024603904128144824
2225.0,-0.014200038715157202
2229.0,0.010122074819101521
2243.0,0.020572929377103522
2247.0,0.010702149539966354
2258.0,0.008577287377610519
2266.0,0.0008697727767637464
2273.0,0.00746433887643552
2279.0,0.005454195194604738
2287.0,-0.004896754699782573
2298.0,-0.015719415491561146
2303.0,-0.01038796362040993
2311.0,0.0048305175621790545
2318.0,-0.0009556849550841048
2329.0,-0.0007163699031994059
2336.0,-0.002380112302428509
2344.0,0.01883517291708861
2352.0,0.006715599026773919
2362.0,0.01238644213225406
2370.0,0.013906703357428404
2378.0,0.0017482132643092225
2387.0,0.01667900286348128
2398.0,0.03574404840389943
2402.0,0.012604789862298588
2412.0,-0.01990680520804971
2416.0,-0.021944040738584573
2421.0,0.024527521564523768
2425.0,0.019899688566793066
2429.0,0.012544057649299032
2435.0,0.0035003528024490273
2441.0,0.006090720629308452
2449.0,0.0065234179354441025
2457.0,-0.007123999269186617
2464.0,0.009993317495421582
2475.0,0.016906723177379956
2489.0,0.005750201696045484
2497.0,0.0005199802068258496
2502.0,-0.00533506440250106
2513.0,0.021035247048626075
2521.0,0.0060433990060010465
2533.0,0.018210083143720593
2542.0,0.014723387033776153
2549.0,-0.008741135861716348
2554.0,0.014671018604428333
2561.0,-0.025223190090809165
2565.0,0.011124268372435386
2576.0,-0.003782076582661075
2584.0,0.01926385024126955
2592.0,-0.0012290577062664858
2597.0,0.011038116753087933
2607.0,0.00010438491842458609
2614.0,0.00612991191616062
2626.0,0.006803777303616752
2630.0,-0.002997696591277749
2641.0,0.0030936093240037043
2648.0,-0.013416441961377559
2659.0,-1.416097963173861e-05
2666.0,0.012870858358020343
2674.0,-0.017631051020433226
2680.0,0.005601110076590224
2686.0,-0.0007121071847095527
2698.0,0.024432959779419894
2709.0,0.00644697376001873
2723.0,-0.02069330171321185
2728.0,0.02325391875931017
2739.0,-0.020640128267637968
2747.0,0.00665633674637142
2758.0,-0.017654963745380347
2765.0,-0.014935852852887234
2773.0,0.02340250128781242
2777.0,-0.004837607388553671
2786.0,-0.0139047706533046
2794.0,0.015034887371093595
2801.0,0.006530164553327069
2809.0,0.0003676924248963686
2817.0,0.003744777337051592
2831.0,0.003932489581287332
2839.0,0.013737621731554447
2843.0,0.0008232614353289561
2850.0,0.0032142961846141093
2857.0,0.0033837867620341773
2865.0,-0.017641930169907807
2873.0,0.0026080742675898593
2881.0,0.007946559353069434
2885.0,-0.007524596094854582
2892.0,0.0067843824648890294
2900.0,0.010420617650714014
2909.0,0.0068034662000074795
2918.0,0.010110830273026748
2925.0,-0.01232702955138904
2932.0,0.006860188166000825
2940.0,0.00812863235534913
2948.0,-0.005182484792195456
2953.0,0.014058256435626047
2961.0,0.012787065855575456
2968.0,0.01636308879937144
2975.0,-0.0016936236730346458
2981.0,-0.02483749415397335
2985.0,-0.02370566552103429
2993.0,-0.004232385388095431
3001.0,-0.00418025971896663
3015.0,0.013271106466840373
3022.0,-0.020395090995241068
3028.0,0.018077280368686492
3037.0,0.009880277292376456
3047.0,0.011832069692119198
3058.0,0.015501825481940353
3072.0,0.00839263741856987
3083.0,0.01793944402026031
3092.0,0.0043210194901509855
3100.0,-0.0020892960138610113
3111.0,0.02569123582119108
3119.0,0.019468283681708273
3127.0,0.010346281398856851
3134.0,0.013991354323430221
3148.0,0.0011022549571522346
3159.0,0.01736223587098849
3170.0,0.01804744699823609
3178.0,0.014134579417688692
3185.0,0.013566355016384368
3192.0,0.0018665039604163951
3200.0,0.02424964730476873
3204.0,0.019984607670402
3213.0,-0.002404272232333422
3220.0,0.003769650867591777
3231.0,-0.009198835898044551
3236.0,-0.013890031780820863
3244.0,0.010366358042382524
3258.0,-0.0042159989656109
3272.0,0.004541648764840482
3280.0,0.007209221160792704
3288.0,0.013379960174587691
3292.0,-0.02473867134235254
3298.0,-0.0030032345097435248
3306.0,-0.0122520404971807
3315.0,0.0014392801775932604
3322.0,-0.013446395453951881
3327.0,0.00844732738167196
3338.0,-0.02835601077080373
3342.0,-0.006881224168009957
3353.0,0.00714111613794386
3357.0,0.011554913616862306
3365.0,-0.0034460893531031147
3376.0,-0.013936122798176985
3380.0,-0.011324288031379564
3391.0,-0.0032492098384372613
3399.0,-0.007502001905312958
3406.0,-0.010409101294637927
3417.0,-0.02030025438824171
3425.0,0.005073425615856984
3433.0,0.013277315908956483
3441.0,0.01505930339043003
3449.0,0.001923598042369866
3463.0,0.012628947755404114
3472.0,-0.006022105866123506
3480.0,0.005626852470593046
3486.0,0.001524949684399269
3492.0,0.0002654554063437309
3499.0,0.0005932203396215214
3507.0,-0.017950100821927484
3516.0,0.00528887745813716
3523.0,0.02033514193643782
3527.0,0.00900632978611796
3535.0,0.0008847584535040957
3542.0,-0.004375932642549296
3546.0,0.022107799515561855
3550.0,-0.014547539356738498
3557.0,0.0029341043474381164
3569.0,0.00024337601980802982
3575.0,0.005682765330350412
3583.0,0.019679412158413484
3590.0,0.008025948816299873
3598.0,0.018926723428410393
3604.0,0.013095008707490205
3608.0,-0.0026372282924922363
3616.0,-0.014900503123177582
3625.0,-0.01272295325272044
3632.0,0.025125401123677647
3636.0,-0.00025456946909701954
3644.0,-0.002854046095343391
3650.0,-0.0029755708231908773
3656.0,0.01906025997766038
3663.0,-0.02588158222663433
3667.0,0.014161680074049807
3675.0,0.0033263483513210363
3684.0,-0.011861390277539408
3691.0,-0.007546906734817484
3703.0,-0.005396592464002789
3710.0,0.016893755682411922
3716.0,0.012105809497610292
3722.0,0.013347018572522483
3730.0,0.0242976875201411
3734.0,-0.0010598855039379044
3741.0,-0.017693767856544848
3746.0,-0.010312032465745342
3755.0,-0.009161546908714744
3766.0,-0.022078049442438446
3772.0,-0.007608822857768416
3780.0,0.002621177294746425
3786.0,0.0012964692333138409
3794.0,0.01221767759730141
3800.0,0.0031824578282834666
3805.0,0.017947203789198264
3814.0,-0.014126597802846202
3822.0,0.0008750916093739537
3829.0,-0.0009113479597435728
3840.0,-0.003595832896200517
3848.0,-0.017861965262987282
3853.0,0.009653288221303914
3861.0,0.000955987733952996
3871.0,-0.0015815089802359039
3876.0,0.020070026036736084
3885.0,0.020274198257860886
3891.0,-0.008053624477802076
3900.0,0.019739321691475846
