,4
3910.0,0.008609358151339385
3917.0,0.012778191805358045
3923.0,0.005373974907804205
3932.0,-0.002017471455583542
3939.0,0.009826916919548257
3944.0,0.005832575237119447
3951.0,0.01210987755970548
3957.0,0.010323423316305032
3963.0,0.008035398984446556
3970.0,0.0033858023259321726
3977.0,0.005390492784524775
3985.0,-0.0046975808551788035
3997.0,-0.0006191836543677115
4006.0,0.008521785664972222
4012.0,1.3955548473656171e-06
4026.0,0.006112297100332404
4037.0,0.0024389322238675738
4049.0,0.006488179726188343
4055.0,0.0035550540652327764
4064.0,0.01294397891445105
4069.0,0.003092397966406158
4077.0,0.0023045091853270707
4085.0,-0.0023709712532012455
4089.0,0.0005599688905000565
4095.0,0.009263988905563228
4100.0,0.006214022630377293
4109.0,0.0038707393226852962
4116.0,0.0017689419348019123
4123.0,-0.00447983346659578
4130.0,0.0037472430535368337
4137.0,0.0023486719113786736
4146.0,0.0029404413809033646
4153.0,0.009486307641627688
4160.0,0.0013330675347985358
4172.0,0.014730335744216798
4181.0,0.005878144576307161
4189.0,0.0032014332573244695
4197.0,0.01990915509922252
4204.0,0.00466353643704928
4213.0,0.002896263375290664
4217.0,0.01630575055195727
4225.0,0.00674100856114852
4231.0,0.0012381939846096359
4243.0,-0.0031908696516590395
4248.0,0.00037612181630124864
4255.0,-0.002682665148237206
4260.0,-0.0008710677277401137
4267.0,-0.0067505712012513545
4271.0,0.01039642291363557
4280.0,-0.002991291929904547
4288.0,0.007003835916937368
4295.0,0.0054045148754559855
4302.0,0.0002958928073911395
4309.0,3.1244137194099453e-06
4313.0,0.006428795618976191
4321.0,0.004013076357609067
4325.0,0.0016943061864256917
4337.0,0.012508202747708195
4345.0,0.011569218319471313
4349.0,0.012578836031204348
4355.0,0.0031360354636539205
4365.0,-0.00029946124548192884
4369.0,0.020247254546438956
4379.0,0.016006163924659682
4384.0,0.0034740627334976073
4395.0,-0.0008638518018574918
4407.0,0.003533931271893135
4415.0,0.0039168580038793635
4420.0,-0.0027405928584919416
4431.0,0.010684961119216964
4437.0,-0.005520176147570472
