,8
0,-7.23418873590583e-05
1,-0.0014641489078829895
2,-0.0001494797838839461
3,-0.00041815079798573587
4,-0.0006999723487422501
5,-0.0008095234720950318
6,-0.0015961072232263728
7,0.0010372689387017596
8,0.002499340770087782
9,5.236010191648382e-05
10,0.0003226774570525983
11,-4.0441850078704946e-05
12,0.0004897846049850669
13,0.00020674894770915535
14,0.0005548762167879492
15,-0.00016041565926241944
16,0.00011097108701827974
17,-0.0002843894313943039
18,-0.00021768313660545948
19,0.0003938381105947605
20,0.00048376893676327755
21,0.00025730276466742893
22,0.00021126906134031834
23,5.002021902588338e-06
24,-0.0006758545321361384
25,0.00034120777152630573
26,0.0004722509436707813
27,0.0005004154849529187
28,0.0002443688666274547
29,0.0014742973337072804
30,0.0010661194514418415
31,0.0005588091393471555
32,-0.00027120553595865604
33,0.0004007574861338969
34,-0.0006023209266161199
35,0.00017773778145630797
36,-0.000192250121668601
37,5.085033764057592e-05
38,0.00022476705687970473
39,0.0003115194042657101
40,-1.622601196124133e-05
41,0.00023453976806092294
42,-0.0001574452841984512
43,0.0003047989840308421
44,0.0002143823514275184
45,7.48504753224787e-05
46,0.00015151404472420272
47,0.00014777921209129655
48,-0.00036041211366896975
49,-0.00023333000830721642
50,0.001190249985794187
51,0.0005216474272647199
52,0.0010968776530231442
53,0.00020653670178188356
54,-5.114550007054653e-05
55,-6.826256974664832e-05
56,-2.8097728102483196e-06
57,1.006624336082365e-05
58,0.0008708054667908492
59,0.00029584515753999525
60,9.731216860719427e-05
61,7.368723501217506e-05
62,-0.000136844720327205
63,0.00028936412278366086
64,2.206967038105e-05
65,0.00016185845248934089
66,0.0005407819943180692
67,-0.0002906005112100326
68,-0.0004078275378147005
69,-0.0009392925733936145
70,3.060629717527562e-05
71,-0.00012863190432436762
72,-0.0004611379083059661
73,0.0002284412185343691
74,-0.0005390340022407872
75,-0.0006052736365193987
76,0.0009038561789757023
77,-0.00031925229524167595
78,0.0002481452593933611
79,0.0010378678507252138
80,0.002700957683734519
81,-0.00024259891724004014
82,8.961983309558214e-05
83,-0.0002588275645847171
84,-0.0001857122526528439
85,0.0001962466001084431
86,6.075138001586919e-05
87,0.00046097797284944526
88,-0.0008459160290229272
89,-0.00045506856831547307
90,-0.00013293881042478932
91,8.975857460859747e-05
92,0.00032855259214065657
93,0.0003242857137463154
94,0.00028997661866145253
95,0.00043689289609600646
96,-1.4457631465657145e-05
97,0.0005787487394048931
98,0.0005759369728763813
99,-0.0003634677993388587
100,9.176351107098002e-05
101,5.1959045501299704e-05
102,0.00036687657610878544
103,0.0003392719489124977
104,0.0002859876728116553
105,0.004373073265065779
106,0.00420790439869251
107,-0.002659695907256071
108,-0.0005126659328261868
109,9.390928281386289e-05
110,-0.0022641938284943745
111,0.0005852898782680665
112,-0.0007582064606523796
113,-3.006701597157053e-05
114,-0.0007467777235465716
115,-0.001239801856500925
116,-0.0009035247904452987
117,0.0002975737560633282
118,-7.607448056513473e-05
119,0.0006558648868291058
120,9.110136530505672e-05
121,-0.0011725192630162595
122,0.0015918401780800823
123,-1.2612024311931175e-05
124,0.0004477403872435622
125,-7.716698817775245e-05
126,0.0006925769697512453
127,0.0013276635022873547
128,-9.468047156365226e-05
129,-0.0008586038799432533
130,-2.180858263316345e-05
131,0.0005512125645572537
132,0.0008865609740218297
133,-0.0005966101958448925
134,0.00011672784331150862
135,0.0005827029521137023
136,0.0011369905282495167
137,0.0014729159844534938
138,0.007023173053391763
139,0.008186166640572352
140,0.0017325183984030833
141,0.0016825743777748974
142,-0.0025744652576890643
143,-0.0035221078823166377
144,-0.0009509877467331343
145,0.0005466646351538427
146,0.0006606615132866548
147,-2.905566232390333e-05
148,0.001854789063155955
149,-0.0014460665413872683
150,-0.00010107635892796075
151,-0.0004116939631555244
152,-0.00018060638707522852
153,-0.00048496714404957706
154,-0.0004747403511203036
155,-0.0003250049831429206
156,0.00027329607090854685
157,3.2943557397176226e-06
158,6.053963732569463e-05
159,-3.45952649472417e-05
160,0.00011344833213209337
161,-0.0003760676748738272
162,9.731950952117035e-05
163,-0.0005398123956036823
164,-0.00043968469876613846
165,-0.00016914717920052248
166,-2.7333048140535765e-05
167,8.022361025757735e-05
168,0.0001680435811269028
169,4.9063788869346346e-05
170,-0.001348040774845305
171,-0.001738006884253956
172,-0.0010521299447525108
173,-0.0015141600921062858
174,-0.00011719324392024488
175,0.00038005344720050643
176,0.0015062548754058817
177,0.0012070971209454415
178,0.0002054956816715867
179,0.0003890177669677199
180,0.0027854191941182743
181,0.00017981937942890722
182,0.0004248603733186976
183,-0.00011074052212001942
184,0.0010141699714035193
185,0.00020642268512252764
186,0.000280884712468746
187,0.0013307262014790955
188,0.0009253368270412737
189,0.00043653865213134305
190,-0.0001444676571920597
191,-0.00017191357863986665
192,4.252258267168624e-05
193,0.0006529519888048067
194,0.0003856670488238283
195,0.00048184427992646514
196,0.0005306157259666098
197,-0.00015193777108574963
198,8.562722864108917e-05
199,-0.00028857537068213517
200,-0.0003596118163167987
201,-2.6452758365791328e-05
202,0.0008121494154883583
203,0.00018697684102418158
204,0.0018686709694292272
205,8.64809424703476e-05
206,0.00042716308479433024
207,-0.0003918271537144212
208,0.0007185315348981247
209,0.0011071261344671522
210,-0.0008171761246472039
211,0.0018379225635009047
212,0.0029567640392993296
213,0.0004941376798745637
214,3.2260625947417664e-05
215,0.001255973276753376
216,-0.000362213269197935
217,0.0011068384547255094
218,-0.003762946816828395
219,-0.0036499702247752143
220,-0.0017459562941254492
221,-0.0011025415841958164
222,-0.005364959409674805
223,-0.0009619858839783299
224,0.0030537312340614907
225,0.000827466600322227
226,-0.0010902878267912723
227,3.514510069677014e-05
228,-7.545774667253145e-05
229,-0.0002783038343007038
230,0.0003416173204708938
231,-9.663797099759962e-05
232,0.00020895940417233592
233,0.0002608413490843651
234,-0.0005007481509909261
235,-0.00014323729923654925
236,9.608845771931694e-05
237,-0.005490365157293242
238,0.0051922206957665815
239,-0.0032148816993140517
240,0.00011187235004207375
241,-0.00028810526844196807
242,0.002198379859904774
243,0.0002966414395148282
244,-0.0009334103033890138
245,1.4522787571746554e-05
246,0.0008167127287270707
247,0.001452019184909885
248,0.0012297488194122888
249,0.001435212209729049
250,8.762051558106529e-05
251,-0.0001319985688028433
252,9.272803811897013e-06
253,9.029294694841925e-05
254,-1.900674454448222e-07
255,-0.00018586225687509256
256,0.0001831780463108851
257,-1.8541587246730286e-05
258,0.0003971971371436928
259,0.0006014167220708411
260,4.8261972028820306e-05
261,0.0005447501920210968
262,0.0008343875261095872
263,0.0007971178117058938
264,-3.31224472828919e-05
265,-0.0007527803553706677
266,0.0007243705175040186
267,0.000719927579953552
268,-0.0020388031616605123
269,-0.004091718223078113
270,0.0008151097560933435
271,-2.6094804978614986e-05
272,0.0005474037010700666
273,-8.713990601055219e-05
274,8.383874404097214e-05
275,-0.0006616564481507314
276,-0.00030451766289720254
277,-6.003528851695553e-05
278,-0.00034319610599219715
279,-0.0007026726117441426
280,-0.000892408368318462
281,0.00014771291172845124
282,-0.0006216685098179694
283,-0.0005446345936077794
284,-0.001525711307930041
285,-0.0003176899099626382
286,0.0005480877429983867
287,-0.0010828556844691714
288,-0.0008410534012979608
289,-0.0009786464334572112
290,-0.0004578296574635242
291,0.00029755994834841225
292,6.795036066630043e-05
293,5.008602543208371e-05
294,-0.00016430593358483144
295,0.00013342093845243916
296,7.959700923271852e-05
297,0.001400733065998336
298,4.6288799445444585e-05
299,0.001761060801271729
300,-0.00011933614920732001
301,9.046717418687942e-05
302,0.0005868377943145265
303,0.0008342926483530526
304,0.00346582432394352
305,0.0007299284982105892
306,-0.0010992176670407308
307,-0.001721730808393059
308,-0.002954065011079301
309,0.00013985910875345008
310,-0.0002074554999029422
311,-0.0004932526093627783
312,-0.00017179015264945878
313,-0.0002461958565743398
314,-0.0002394222775781538
315,-0.0038625483548946353
316,-0.0013211141044979114
317,-0.00029226633948056243
318,-0.00042999749155720086
319,-9.917203508296045e-05
320,5.7198878572886355e-05
321,8.665928587324094e-05
322,0.0005466774307225024
323,0.0005768604239184963
324,0.000393566786652074
325,-0.0001746317496525094
326,0.0007869665793116987
327,0.00020932511822785565
328,0.00012875694975435448
329,-0.0005244213606907013
330,0.0002470413728385324
331,9.13980338434775e-05
332,0.00011278182692728399
333,0.0006853226478032063
334,0.0007317392765882559
335,-0.0003872887142521517
336,-0.00010361193450622197
337,3.767200190615192e-05
338,0.0003223799660794671
339,-1.9816494850867715e-05
340,0.0002989764161567275
341,0.00016131480199501046
342,-0.0011735636998173057
343,1.42885236105598e-06
344,0.000508628074521968
345,-0.000983028220063699
346,0.00038095542075047254
347,0.00152682126189675
348,0.0014597645294993063
349,0.0022827679100367953
350,0.0009916567862867163
351,0.0002801633734316668
352,0.0003258237395336227
353,0.0026333879403180062
354,0.0017845694330903192
355,-0.00028873004849449516
356,0.000650767784229385
357,-0.00018948449900346284
358,-0.0003988080208929585
359,-0.00010000182956231217
360,0.0003602592638027266
361,0.0013255997663030035
362,0.003559862489813508
363,0.0022383887998091907
364,0.0018241121331203827
365,0.0011733135898417352
366,0.0005294682341541094
367,0.0005207382985528491
368,-5.213495435811865e-05
369,0.0004130973962413337
370,0.0015916436491778222
371,0.00038493473732362227
372,0.002957608911730648
373,0.0038407726754092456
374,-0.0005362003428247007
375,0.001396697882359747
376,0.0008359776582546873
377,0.0021111652463312006
378,0.0017043661613873836
379,0.0005118036802996662
380,-0.0009123496223611252
381,-0.00010455703958361813
382,0.0009721575569381333
383,0.001316126856948973
384,0.0008883762857671931
385,0.0005386375410057532
386,-0.0009978573381437793
387,0.001130607486885098
388,0.0011893931830877147
389,0.0001345477200922556
390,-0.0002033634675638411
391,0.0009025373038489679
392,0.00020660601377975923
393,0.0004274749414556302
394,7.718070686397973e-05
395,-0.00014186529438772776
396,-0.00021491187039274367
397,0.0003905259392535466
398,-0.0009616364557955127
399,-0.0008524539032366793
400,-7.843734882049886e-05
401,-0.004732545689122522
402,0.002495424362542897
403,0.001803805168884969
404,0.0009761502273975058
405,0.0007434155491907511
406,-0.0005797998155536241
407,0.00035633495832141743
408,-0.0003339244996369507
409,0.00010404998155071495
410,-0.0004774708666694908
411,0.0005801516664819751
412,0.0004701563976114978
413,-0.00017738160400494103
414,-0.00011282733505162702
415,0.00016167320897028317
416,0.000260705398577588
417,-0.00024710760284532644
418,4.579886341691487e-05
419,-0.0002988061417207584
420,0.00011210186446233669
421,-0.0010169674592465014
422,0.0003688491982154095
423,-4.329248115260096e-05
424,9.957841182315184e-06
425,2.9355029487860317e-05
426,-0.00017190595227159608
427,-3.9658572746426755e-05
428,-0.00012075304959471728
429,0.0005243456307050104
430,0.0006243323915741353
431,-0.0003413219522123173
432,-0.0013761078631714355
433,-0.0006100796433226297
434,-0.0007826384601423633
435,0.000805746406883289
436,0.003962933669826016
437,-0.0002795655848938187
438,0.001470388643407731
439,-0.0003160246258299435
440,0.00035891859735183505
441,0.0003482622192989599
442,0.00017653295336856839
443,0.0011823988181410025
444,0.00043443576344545496
445,-0.0007864322078149655
446,-0.0012676277298617482
447,0.0009209538697377905
448,1.1498376691685312e-05
449,-5.2409649576223884e-05
450,0.00018920889178643033
451,0.00042456433752199933
452,-0.00030143556236420784
453,7.757201935703626e-05
454,-0.00015637524210488678
455,-0.0005114820420111327
456,0.00011235810001215872
457,0.0019970184990155066
458,-0.0012493379688138565
459,0.0017411937412489952
460,0.0028280433223760414
461,0.0010185138819929632
462,0.0001190829773884742
463,0.0007424453996012271
464,-0.001073253461025846
465,0.00035289021180690303
466,-0.0005121658282090391
467,0.0015232246324821531
468,-0.0006982343695138943
469,-0.002376800892559905
470,-0.004830256530237537
471,-0.001159584281906863
472,-7.276569082294517e-05
473,0.0013760435413154252
474,0.001019262135579258
475,-0.0009811632038108646
476,0.0008584596277107822
477,0.00085749788586692
478,-0.0001268264538000379
479,0.0009849470548827454
480,-0.0018329877291812624
481,0.0009839435645411009
482,0.0004564288697644883
483,-0.0025591065596208182
484,-0.00012051634137437363
485,-5.231564016491813e-05
486,8.892668786692686e-06
487,0.00013364295698955672
488,4.230601386298793e-05
489,0.000557360043720626
490,-0.0002895874755106256
491,-0.0003389760019672193
492,0.0017667492237585882
493,-0.00016361999296451822
494,-0.000776005976072277
495,-0.000685450745683246
