,5
2.0,-0.0019581399350668506
11.0,-2.0375708035893974e-05
23.0,-0.001967880703408117
28.0,-0.0031145836090909953
35.0,-0.003358636947435491
44.0,0.0006770714344148069
51.0,-0.002035690963478593
60.0,-0.01395665870101098
66.0,-0.0009813654469040252
70.0,0.003644348884945017
81.0,0.0001550570382888723
88.0,-0.0019152060474033037
96.0,0.0017177823173688022
104.0,0.0021503856751523805
111.0,-0.000811931865764414
121.0,-0.002318541555503234
129.0,-0.0009385065071720036
140.0,0.0007991545298773617
149.0,0.0029693068930766353
163.0,-4.0883424112887206e-05
174.0,0.0009277552217804203
188.0,0.002356607139481407
195.0,-0.0001649713446987111
203.0,-3.9544449130285615e-06
211.0,0.00018162379992378097
216.0,0.0002513418059224405
224.0,-0.00020348994205465185
233.0,-0.0001909887505250452
239.0,-0.0010669795866881332
248.0,0.001195773626078133
259.0,-0.00042117213899946573
271.0,0.00034351922791073795
279.0,-0.001113495860459899
283.0,-0.0031992483697184434
290.0,-0.0009271374740388511
299.0,0.003688014151646228
303.0,0.003113031332617235
314.0,0.0007268960532479298
318.0,0.0019781920765179575
322.0,0.0023402802971814406
329.0,0.00030281693394627115
338.0,-0.0014205032732348207
345.0,-0.0025246393373595973
351.0,-0.000899361131601567
358.0,-0.0009111309151029138
365.0,0.0015457585436783685
373.0,-0.0007211214760851247
382.0,0.0013111198103953905
390.0,0.0002768391028397587
397.0,0.0024161484293173966
404.0,0.003521810689238762
411.0,0.003417099133209207
418.0,-0.000526859297790772
426.0,-0.0028130193853769933
433.0,-0.005387801045000193
439.0,-0.0021679894601324716
450.0,-0.0008149017041898968
457.0,-0.0012024593346713203
471.0,-0.002527205024615218
485.0,-0.00030660442553448946
494.0,-0.0025210272379818464
505.0,-0.0009980074002869498
517.0,0.00013091797060299062
526.0,-0.0017886094533452071
533.0,0.0015634070887824117
540.0,0.005265704321975041
546.0,-0.010902529779973207
558.0,0.005511442214927159
567.0,-0.00393129187984033
575.0,0.003716471455376504
581.0,-0.000519838260568746
588.0,0.0013097196196739935
599.0,0.0005858504277692681
605.0,0.0005384234611372376
609.0,0.0007327148038138844
617.0,-0.00040804149902081034
626.0,0.0038733510641243136
634.0,-0.00026331256570985795
643.0,-1.3754989874317406e-06
654.0,0.0006801740777477768
665.0,0.002633540009266414
673.0,-0.00018297663065975375
681.0,-0.0013148237362663325
688.0,-0.00035991460112504647
695.0,0.0018415249303344384
706.0,0.0001556815459792267
712.0,0.0005257669002144951
720.0,-0.0015251534752049494
728.0,-0.0023720897121178083
735.0,-0.0006746489969125545
739.0,0.0029973482878271483
746.0,0.0011716119705090986
757.0,0.0004677605629964047
765.0,0.001304011538911333
777.0,0.0006026515264535469
784.0,0.0014843840523778272
792.0,-3.377522810204517e-05
797.0,0.004285456807511838
804.0,0.016296841863649953
812.0,-0.003742795316312081
820.0,0.002934686727225554
830.0,-4.696798338708119e-05
838.0,0.0005413589249058926
844.0,0.0019942128566175473
848.0,-0.002719344541283147
854.0,0.011122583091335961
858.0,0.01137715492956766
863.0,-0.0025726702541059186
868.0,0.0032957100360608608
873.0,0.0003754011929967673
877.0,-0.005678588193322079
884.0,-0.001685848740122438
888.0,-0.0006352648979394577
895.0,-0.004962574187527994
902.0,-0.003040433333725993
908.0,-0.004365404750089083
912.0,0.0006216610452891218
918.0,0.0026541266348629666
930.0,0.004909181872604044
936.0,0.0006767235380888076
944.0,-0.00016100380972042022
951.0,-0.003869828734067084
955.0,0.002238782881959232
961.0,0.0032499627786170913
972.0,0.0030345312202626996
981.0,0.0036813604730138874
992.0,-0.0016784570817746452
999.0,0.002236124755660701
1004.0,-0.0002999135541683884
1011.0,-0.002977858511047592
1018.0,-0.0020918872489148004
1030.0,-0.0006053129447175768
1036.0,0.001350441271612439
1041.0,-0.002694366503245391
1055.0,-0.00046007989866084903
1063.0,0.0014872542071146192
1074.0,0.0012262921100725198
1082.0,0.011726722861512311
1090.0,0.006465634184375433
1094.0,0.004881745037833346
1103.0,0.002829575284523962
1109.0,-0.006156903632802545
1118.0,-0.0013728469646094616
1125.0,-0.004867609105093411
1130.0,0.0021803189326075082
1136.0,-0.004850789853954456
1140.0,-0.001649889722341104
1144.0,-5.250533287771706e-05
1152.0,0.0022935857976285
1161.0,0.006318406918960479
1167.0,-0.006135217569005628
1179.0,0.0015423147630662915
1187.0,-0.000681051411422981
1195.0,0.002184900201601908
1202.0,-0.001095886752887516
1214.0,0.00030191243794980293
1223.0,-0.0014649107324383537
1230.0,-0.0014472569023178318
1241.0,0.001085927252715621
1249.0,0.0013547575780619456
1255.0,-0.0009020750144432722
1264.0,0.0015605392632318334
1272.0,0.005215264004532334
1279.0,0.0018687520099881772
1283.0,0.0006090235294298973
1291.0,-0.001351937753777883
1299.0,-0.0005715190062208445
1307.0,-0.0006997429150546672
1315.0,-0.0005771574082805847
1320.0,0.0015981374340767601
1328.0,-0.0011830090006410715
1337.0,-0.004822338770949805
1346.0,-0.002550314020695271
1354.0,-0.0005167597370385348
1366.0,0.0015274928673275842
1373.0,0.002508730460696577
1384.0,0.0012101875450924106
1390.0,0.0007754771299313588
1398.0,0.0026386322885174427
1406.0,0.0021595788762558423
1411.0,0.0004647881437814207
1419.0,0.0017689855972310715
1431.0,0.0007990734278986584
1439.0,0.0011726525838999927
1447.0,0.0011409563250774082
1456.0,0.0008783168119239109
1464.0,0.001459660329521254
1472.0,-0.0011275879114594574
1480.0,0.0005106909254986989
1488.0,-0.001185999791632651
1492.0,-0.0018894748190816778
1499.0,-0.00026249002965921566
1504.0,7.181115515346315e-05
1508.0,0.0036534499292198925
1519.0,-0.001351751569912197
1530.0,0.00022611265865774742
1538.0,0.0003602194586759777
1546.0,0.0022507326824141396
1551.0,0.0001652471747562837
1557.0,-0.0005331230741529963
1566.0,-0.0011943509315098344
1576.0,0.0002025787518956901
1584.0,0.0006739152783321531
1598.0,-0.0016344117347961197
1605.0,0.004930401215260542
1609.0,0.0007130350013088826
1617.0,0.001682622272104811
1625.0,0.0013051945342545028
1634.0,0.0021709811781914124
1639.0,0.0009211069316985089
1646.0,0.0011639896397423759
1654.0,-0.0013560381459491783
1662.0,0.002989531327117349
1671.0,0.004306626256243813
1679.0,0.0030174969546757796
1689.0,-0.0001291038873440694
1697.0,-0.0006796656895969489
1705.0,-0.0045881014088029895
1713.0,0.0012683459396118672
1720.0,-0.0013221161073497937
1728.0,-0.004906896008600845
1742.0,-0.00014176772603432996
1753.0,-0.003695746028046524
1760.0,-0.011346744576649942
1765.0,0.0091643933188994
1769.0,0.000628759200542095
1775.0,0.005143430917608124
1786.0,0.0006747890564029861
1793.0,0.0007831632869034914
1804.0,0.002208658140592962
1812.0,0.0011206544628727677
1823.0,-0.0012244128736964403
1832.0,0.0010611545839859598
1841.0,0.004171910488451391
1848.0,-0.0014951236308104617
1856.0,0.01155921636792076
1864.0,0.003155638854003348
1872.0,0.0047694372524557434
1876.0,0.02343393553061471
1880.0,0.0009168825205411153
1889.0,-0.0033559899090407543
1894.0,0.0005230100745916152
1902.0,0.0006704339326501399
1908.0,0.0028634249037459434
1914.0,0.000135345741398247
1920.0,-0.0036003504480042036
1929.0,-0.00020554499974652203
1941.0,0.004592258440775723
1952.0,-0.0001676185510622995
1956.0,-0.0008297275830333111
1964.0,0.0006597131157598407
1968.0,-0.001009668823576062
1979.0,0.0014035517745068335
1986.0,0.00029564653636949975
1993.0,-0.0011129726673091785
2002.0,0.0013094391870711942
2013.0,0.0022714615865861857
2022.0,-0.0018293609780806984
2034.0,-0.0011374065286775682
2038.0,0.0017100891702517232
2043.0,0.0023431118167960476
2052.0,0.00025049855374769964
2060.0,0.0012474156118927153
2064.0,0.004102617446099614
2071.0,-0.00039301969686188865
2078.0,0.0011223551738014335
2085.0,-0.002740701007072353
2096.0,-0.00011301291303325879
2105.0,0.0032630985530143247
2119.0,0.0003999276483420183
2125.0,0.0006393790617630611
2129.0,0.00012314889052726516
2138.0,0.0007962057961837185
2147.0,0.002377235606006515
2155.0,0.0005086922517728708
2161.0,0.0002651972305782911
2173.0,-0.00038821396819189465
2181.0,-0.004029033423918292
2190.0,0.0006021605730433484
2198.0,-0.0006698417246617646
2212.0,-0.003545051137730163
2216.0,0.0023865021303976436
2225.0,-0.0021157231458144754
2229.0,-0.004978584971090919
2243.0,-0.0003897131429607525
2247.0,0.0035626552507804043
2258.0,0.002416201309205129
2266.0,-0.0027016936461431392
2273.0,0.0002780777027417857
2279.0,0.0026081008696691777
2287.0,0.0007997648127735777
2298.0,0.0026852662859016352
2303.0,-0.0007156254466065643
2311.0,0.0013270348416906063
2318.0,0.0014947732258285885
2329.0,-0.002862920267900566
2336.0,0.0016434040354464453
2344.0,-0.0012899375910680568
2352.0,0.000763076213235336
2362.0,-4.716588737848834e-05
2370.0,-0.0016453274799568644
2378.0,-0.00043866158134581683
2387.0,-0.006536717332762025
2398.0,-0.013232914463983373
2402.0,0.013676813679087848
2412.0,0.008315277957202941
2416.0,-0.0029445812690073
2421.0,0.002583662065670592
2425.0,-0.013369220077773886
2429.0,-0.00191458316092241
2435.0,0.0034267299597582276
2441.0,0.003199862967316935
2449.0,0.0031821210629565085
2457.0,-0.001406089757658831
2464.0,-0.0019134467900212746
2475.0,-0.008804784063511442
2489.0,-0.000541269702575729
2497.0,0.002103048546574876
2502.0,-0.003798027106240482
2513.0,0.0012945837498918504
2521.0,0.0007807722821013508
2533.0,0.0011823733113641602
2542.0,-0.000525621317220094
2549.0,0.0008769116233347174
2554.0,0.001202588482172535
2561.0,0.001077434846789047
2565.0,0.0011255904260827547
2576.0,-0.000185535761699008
2584.0,0.0014424887473518378
2592.0,-0.0009020232911466043
2597.0,-0.0003447263007630084
2607.0,-0.004080674165849207
2614.0,0.0008673062874181329
2626.0,0.0022906049951182663
2630.0,0.003994191805184091
2641.0,0.0020866045921011166
2648.0,0.001089364926474216
2659.0,0.0009926750833690022
2666.0,0.0023790928718633673
2674.0,0.002453859715067607
2680.0,0.0030301310514770094
2686.0,0.0020693386803609676
2698.0,-0.0006190255271430609
2709.0,-0.0012163058142942802
2723.0,0.005044467868602496
2728.0,0.001318215277214222
2739.0,-0.0014325967736658846
2747.0,0.00045679845431121036
2758.0,0.007382029196638249
2765.0,0.013633553810098197
2773.0,-0.0067237799434652626
2777.0,-0.001994086059603156
2786.0,0.000772759023531522
2794.0,-0.002702736501397564
2801.0,-0.0002716819060316229
2809.0,-0.00017177711264021583
2817.0,0.0025891081049304516
2831.0,-0.004263991508478384
2839.0,-0.004097272160866929
2843.0,-0.00022040411506955772
2850.0,-0.004964759706249654
2857.0,0.005347355882791055
2865.0,-0.0009029423100388148
2873.0,0.006894882747372272
2881.0,0.0010421085882394818
2885.0,0.01019652421823192
2892.0,0.001099031442915502
2900.0,-0.0030912943759727083
2909.0,0.00014475256852285848
2918.0,0.00016528363337023073
2925.0,0.001959832707909028
2932.0,0.004159203805772728
2940.0,0.0029599404340647775
2948.0,-0.008123795634466906
2953.0,0.0026766090558699024
2961.0,-0.000889629872461064
2968.0,0.0013202400717614452
2975.0,0.003575992466980619
2981.0,0.008682106107485278
2985.0,0.0006915271502180822
2993.0,-0.00041030219829117984
3001.0,0.0019817585228608116
3015.0,-0.004242786614722681
3022.0,-0.0005340040582167335
3028.0,0.0014303567610055104
3037.0,0.0018416494590317515
3047.0,-0.004465609906356207
3058.0,0.006142900449228408
3072.0,0.0014123124829032625
3083.0,-0.002976462564169695
3092.0,0.0017412747207207879
3100.0,2.8844567624978467e-05
3111.0,-0.00047493529654466866
3119.0,0.0018897014384430808
3127.0,0.00018544822294066666
3134.0,0.0008607432616353391
3148.0,9.061451427990815e-05
3159.0,-0.001371530047350027
3170.0,-0.0004957003323306886
3178.0,0.00021461976409708233
3185.0,-0.00039933792400729964
3192.0,0.0025383627858963937
3200.0,0.002335340574898835
3204.0,0.0034917274100590805
3213.0,-0.0070141428248756245
3220.0,-0.004801139992662154
3231.0,0.003215698555448071
3236.0,-0.004351767522905317
3244.0,-0.0004697140813517514
3258.0,0.002040632189632937
3272.0,0.0022908582937269536
3280.0,0.004504914792373671
3288.0,-0.0010463684644068459
3292.0,-0.0012438968257224708
3298.0,-4.124861671578436e-05
3306.0,0.00046672433821130435
3315.0,0.00032916754920734703
3322.0,0.00031789803211451466
3327.0,0.0008989057264135413
3338.0,0.0021491622817764694
3342.0,-0.0005376104195143077
3353.0,0.003384388554580141
3357.0,0.0020447426685705687
3365.0,-0.0010929986954329642
3376.0,-0.001330527551659622
3380.0,0.0009683162403989356
3391.0,0.0019072267986392792
3399.0,-0.001917358384675695
3406.0,0.00035166566537224095
3417.0,-0.00032824640059794655
3425.0,0.000774267377118461
3433.0,0.000321631562688042
3441.0,-0.0004989453352677486
3449.0,0.000643774420250737
3463.0,-0.0009807613676254
3472.0,0.0008039514762318188
3480.0,-0.0006067467891128506
3486.0,0.004842249863417429
3492.0,0.0022220399924361037
3499.0,0.0019022452390881996
3507.0,-0.004401420715497582
3516.0,0.0013806955299834672
3523.0,-0.006974032572826823
3527.0,-0.0012046726589857448
3535.0,-0.013028814329742344
3542.0,0.0018702281970000305
3546.0,0.000371606957715034
3550.0,0.0008084241753253803
3557.0,0.0006741248354821031
3569.0,0.0010900199135129669
3575.0,0.0007377762529655532
3583.0,-0.0003840760006692974
3590.0,0.0007016267645491075
3598.0,0.00186871596993863
3604.0,-0.0033660810464155484
3608.0,0.004407240281592357
3616.0,7.898014635149534e-05
3625.0,0.005041296069319817
3632.0,-0.001683185537138562
3636.0,-0.0036008314194548603
3644.0,0.006579646066167294
3650.0,0.0009880024686392086
3656.0,0.00627059764442958
3663.0,-0.006101589265976635
3667.0,0.006350866671181897
3675.0,-0.0020784298324035286
3684.0,0.005993358796910577
3691.0,0.0023698597394841503
3703.0,-0.00015687484259208678
3710.0,-0.001480271277382476
3716.0,-0.0059875426473954725
3722.0,-0.00364702312995079
3730.0,0.0021398015173852343
3734.0,-0.0013910865934662633
3741.0,-3.836295970309124e-05
3746.0,0.001194554256972102
3755.0,0.0065057754731975255
3766.0,0.0018172016842614848
3772.0,0.0011115358371610671
3780.0,0.00306186226847321
3786.0,-0.0034766973875591644
3794.0,0.0025080705913015
3800.0,-0.0013221080076399319
3805.0,-0.0018109326982519343
3814.0,-0.003920533054574345
3822.0,-0.0023791218648024563
3829.0,0.0003626589813972907
3840.0,0.007314424812222883
3848.0,-0.0009436746168233655
3853.0,0.001458674434901392
3861.0,-0.0006460571365157987
3871.0,0.00421394115604024
3876.0,-0.00015639750084984368
3885.0,0.0008837179119010297
3891.0,0.0007281355030150971
3900.0,-0.0009478686134616678
