,3
2.0,-0.006482321456994194
8.0,-0.0011962731153222258
12.0,-0.01820813533273105
19.0,-0.001933631268494567
26.0,0.0019250688608620364
31.0,-0.0016616841412294178
39.0,0.004773421259976681
48.0,0.00033488835424694914
55.0,-0.019772661756045237
62.0,0.003414453035005839
70.0,0.009489022835946334
76.0,-0.005525579286977258
80.0,0.01700756292633872
88.0,0.013760159284203882
94.0,0.008829122143049893
105.0,0.003997804174214267
113.0,0.002075700344911155
120.0,0.0024903874350572087
128.0,-0.006477043912760153
132.0,0.006224388069189593
141.0,-0.003254258248634826
150.0,0.005629885575910268
155.0,0.009190769526971355
162.0,0.0005907028780444907
169.0,0.01631430179610829
173.0,0.018078031409460488
179.0,-0.009652240633650054
193.0,-0.0002470070979320919
200.0,0.013961204179277632
214.0,-0.0043282830548677315
223.0,0.008837608757205356
230.0,-0.01305646653592365
236.0,0.0026052495684734966
244.0,-0.012283083310790577
253.0,0.014978472163256302
261.0,0.006038372478348618
270.0,0.018612637411335103
277.0,0.02867760940460889
281.0,-0.017461052220516027
292.0,-0.004784038862875337
302.0,0.010586209184422175
313.0,-0.00482783807791864
319.0,-0.01432175421318569
323.0,-0.012971988626480803
327.0,-0.01144702634614323
333.0,-0.00031520708543956777
341.0,0.015440957551642168
349.0,0.004111457444931984
357.0,0.02177753865275515
366.0,-0.0019721422774095984
374.0,-0.008002066327434687
388.0,-0.007853878020528284
395.0,0.00034144720537554934
402.0,0.0035379196587338297
409.0,-0.009773329428861662
414.0,0.008788260089570843
419.0,0.01775224127325706
429.0,0.022082026992381175
435.0,0.025611793478712473
439.0,0.011105349127898307
446.0,0.009464007484048033
453.0,0.015492681019809315
460.0,0.018763430151247786
466.0,0.01760212608364386
474.0,-0.008986322197793323
481.0,-0.004396892324554804
488.0,-0.00878495387901509
495.0,-0.013972336806441776
500.0,0.023666162687026267
504.0,0.0007983261279052675
513.0,-0.02392182511385276
524.0,-0.005867818832430838
532.0,0.02253602948244579
541.0,-0.012441919350686588
545.0,-0.006717666890321507
551.0,0.012383351213890833
557.0,-0.011393208530836935
563.0,0.0018919888426725923
572.0,-0.01120386659538483
581.0,0.005029509155462626
589.0,-0.007888878726198636
598.0,-0.01050026570920514
607.0,0.005281683047042469
615.0,0.021284314386824633
624.0,0.0010995412493712336
632.0,-0.010261258606668412
637.0,-0.005582977071634928
646.0,-0.001694268950780439
653.0,-0.016331561983319025
664.0,-0.009571398743557209
673.0,0.012050364099916817
681.0,0.01163979360493929
687.0,0.019865723320904763
696.0,0.00567588384868779
708.0,-0.013110586869727539
716.0,0.0022460732798021813
722.0,0.0072644624740542335
730.0,0.01678804091242568
737.0,0.0018019416296553082
745.0,0.011810720871787327
753.0,-0.016110395327779126
761.0,-0.009891318636946736
769.0,0.0030102280180776633
777.0,-0.0023614219650951816
784.0,-0.0023566088315200694
792.0,-0.008293325202081033
800.0,-0.01190882530414459
809.0,0.008296266643816061
817.0,0.011151247410060218
823.0,-0.007421509924549428
830.0,0.002965871383898841
835.0,-0.007501445360673838
840.0,-0.009921863213460686
846.0,0.018969621405911855
857.0,0.004736799713633078
863.0,0.01776487159141689
872.0,0.01840040509730595
879.0,-0.011780869995037269
886.0,-0.01398136240442541
892.0,-0.011794888874884168
897.0,0.005511428847053322
904.0,0.013775630550630979
910.0,0.010957606369245579
918.0,0.003288949971184964
925.0,-0.012137124730176984
931.0,0.003599423898266098
936.0,0.014469249172245544
942.0,0.022904566081104805
950.0,-0.022593016611347886
958.0,-0.012055806531904913
969.0,0.00019867915996705978
974.0,0.0011716058197024045
979.0,0.020402433681614356
983.0,0.010474252172868329
990.0,-0.0020172541304122353
997.0,-0.0017502136652790391
1003.0,-0.014051028823270653
1010.0,0.005105277725409136
1017.0,-0.0007352859831200609
1024.0,0.021462193963224713
1028.0,0.002071395459708778
1042.0,0.004905596864107785
1046.0,0.015168205647770928
1054.0,0.013460619059101696
1061.0,-0.01770973964212957
1072.0,0.010621393575962432
1084.0,0.020967444727748696
1091.0,0.007928668101073339
1099.0,-0.008524262909357113
1104.0,0.006232716309658256
1112.0,0.012240037126476035
1119.0,-0.001862812127219866
1126.0,0.012655587592915837
1134.0,0.008583382153644062
1145.0,0.017316946178771195
1153.0,-0.00031334934376677057
1162.0,-0.002514179516609441
1171.0,-0.020230329272665045
1176.0,-0.0009678356613241874
1182.0,-0.002219173820624023
1190.0,-0.007350663541166334
1197.0,0.02750181994214324
1205.0,-0.002404427951674824
1213.0,0.0007648303537340495
1219.0,0.026371630195271376
1227.0,0.01368615128188252
1234.0,0.019380419534003754
1242.0,0.012525328722258715
1248.0,0.02018496756874651
1257.0,0.014169198014340164
1266.0,0.009072608315213575
1278.0,0.0028696063535204115
1292.0,-0.0017850800601034705
1296.0,0.01595490486943635
1303.0,0.015345889241353675
1312.0,-0.001091842176233772
1320.0,0.010082961822759784
1329.0,0.016930912741803403
1337.0,-0.0015661440074693903
1342.0,-0.010669256431982807
1350.0,0.0016569350629445905
1358.0,-0.002240209436750536
1364.0,-0.013734639152232381
1369.0,0.0452645666440151
1373.0,0.0038996326975373457
1378.0,0.015605800264039663
1384.0,0.03134951751330627
1388.0,0.002852115572601281
1395.0,-0.010080271460443865
1401.0,0.015098307360832336
1407.0,-0.0014774855645912168
1413.0,0.008903484667347925
1421.0,0.023642484757587776
1425.0,0.013538098016413796
1433.0,0.014613883379541856
1439.0,0.02055853433998429
1443.0,0.013056656600828352
1447.0,-0.007508183430274663
1454.0,-0.01331976587390999
1462.0,-0.006605594906094344
1469.0,-0.008506577082906974
1475.0,-0.0029764686811736933
1484.0,-0.022214502601487246
1493.0,-0.025088104210798056
1501.0,0.027038098121065505
1505.0,-0.011093220596260792
1510.0,0.0030654442473859677
1524.0,-0.012489105597750936
1531.0,0.005108453001605314
1539.0,0.003774058270181174
1546.0,-0.029179269026312248
1550.0,-0.001579148007549023
1558.0,0.0069272758488525136
1565.0,-0.024060735999875967
1571.0,0.010838212857626883
1585.0,0.01145186402549106
1589.0,0.0039080220790345
1595.0,0.015227391261789762
1601.0,0.013687954072380385
1608.0,-0.014913244119223283
1614.0,-0.005245443350508933
1620.0,0.022967219048769756
1627.0,0.008250460848171895
1633.0,0.0021608878844815048
1640.0,0.0019340915689785474
1647.0,-0.026853646781657702
1651.0,-0.0013460754112484784
1658.0,-0.011488736645561142
1670.0,0.000967852838118073
1675.0,-0.015506962284319966
1686.0,0.010070771891893409
1693.0,0.007919628468254437
1700.0,0.006200486761928927
1705.0,0.0035263201794361407
1713.0,0.008321834942138503
1720.0,0.01424465330678626
1728.0,0.014130265000066837
1742.0,0.007385811433741258
1749.0,0.016305152680463238
1758.0,0.005122889574838497
1767.0,0.013222299765765354
1774.0,0.02731662757154449
1782.0,-0.012132693494948443
1787.0,0.006895575562648689
1792.0,-0.006146884500855542
