,5
1802.0,-0.0048079066608453696
1810.0,0.006754971624392977
1816.0,0.0012456386136195565
1824.0,0.0021312210645091745
1828.0,0.0037505654940557997
1839.0,0.0015642201883644148
1848.0,-0.0018924108570241272
1853.0,0.0003124568440605951
1862.0,0.003956080873819099
1868.0,-0.006869089241653539
1880.0,-0.0024380941316354066
1888.0,-0.01131161720985229
1897.0,-0.0006773437297330913
1905.0,-0.000611824925986684
1913.0,-0.0005004658892295855
1917.0,0.0016443404210401455
1923.0,-0.001520616315337747
1930.0,-0.0008699726285003316
1942.0,0.0022158907292551874
1951.0,0.006042429203989866
1963.0,0.0020927657919257584
1974.0,-0.00207209763805617
1981.0,0.003977698964893241
1988.0,-7.587179694447102e-05
1994.0,-0.0005111836146035316
1998.0,-0.0014615881562924338
2005.0,0.001082369491545252
2013.0,-0.002477546367258025
2017.0,0.005180519585235167
2025.0,0.0003414524124386044
2032.0,0.0011497570943371054
2044.0,0.0044973564842024135
2051.0,0.0022777201655868546
2059.0,-0.0005488420281243824
2068.0,0.0005068976442568221
2074.0,0.0025374063006039856
2081.0,-0.0005328441411405399
2089.0,0.0007100974194561131
2095.0,-0.00042121248058455947
2106.0,-0.0006807989247365012
2115.0,-0.001047943377273371
2123.0,0.0028868593954204107
2134.0,-0.0012643454227271697
2143.0,-3.2653147241062523e-05
2154.0,-0.0012025077956278772
2163.0,0.0004777711317985187
2170.0,0.0030953630112031255
2176.0,0.0027651411004368186
2184.0,-0.0013279108354747736
2192.0,0.0017119059598986425
2200.0,0.0023795837238179927
2209.0,-0.004205507022040152
2218.0,0.005468712532008908
2224.0,0.0032540608966112584
2228.0,0.0025846621902415783
2235.0,-0.001265060066730352
