,4
3609.0,-0.0064154572165079134
3615.0,0.011210484649431314
3623.0,0.0022819117804685715
3630.0,0.011719912811776475
3639.0,-0.00809378585387883
3653.0,0.005323652318211246
3661.0,0.014248091083498447
3672.0,0.004209950450994804
3678.0,-0.006636810510077019
3682.0,0.007739918733242951
3689.0,0.01180624973984575
3698.0,0.0025817257894778707
3706.0,0.00948885924946134
3714.0,-0.01376708539645403
3718.0,0.008545965076005099
3725.0,2.0418893470959866e-05
3732.0,0.008882638641290646
3738.0,0.009848751001874649
3744.0,0.0057605422332069455
3753.0,-0.013620124982616798
3760.0,0.0018173434400704342
3772.0,0.011452871713578746
3779.0,0.005776672994180252
3785.0,0.011778381246728004
3792.0,-0.0016617103121991128
3798.0,0.011420700422720547
3806.0,0.00018350734253204956
3818.0,-0.005315863314448008
3830.0,-0.0007300466663287559
3834.0,0.005822959628540219
3842.0,0.004299177178481919
3848.0,0.01008961248672857
