,5
3609.0,0.0012431447694517916
3615.0,0.0033854258386930938
3623.0,-0.006145648361385023
3630.0,-0.002060922006725955
3639.0,0.0009351171614162767
3653.0,-0.0005349270791064173
3661.0,0.004611924095289257
3672.0,0.0020379489826290904
3678.0,-0.0020243122156685307
3682.0,0.0041879386624740795
3689.0,0.0032665071746530772
3698.0,-0.0019511791361470211
3706.0,-0.006038549032475997
3714.0,-0.0015320102660185417
3718.0,0.00516184835378192
3725.0,-0.007476832545853681
3732.0,-0.000258958831002239
3738.0,0.0024466647269306297
3744.0,0.0019473010254681753
3753.0,-0.007476200702219583
3760.0,-0.0025120980098038296
3772.0,0.0009213719462235464
3779.0,0.002822672529653233
3785.0,-0.000970420874705922
3792.0,-0.003668922405089733
3798.0,0.0007272741388332614
3806.0,-0.0009961981504266826
3818.0,-0.00024041121012674538
3830.0,0.000489419456728585
3834.0,0.0019361054627254528
3842.0,0.0008151403767023625
3848.0,0.006628376336730199
