,3
3609.0,-0.00811249195621679
3615.0,-0.0008107335793956427
3623.0,0.0004045862481114905
3630.0,0.013686548080808752
3639.0,0.0023586285498683633
3653.0,0.019916092758255104
3661.0,0.004421452444691607
3672.0,0.00033976332057200837
3678.0,-0.004607980712042744
3682.0,0.0038638977057345657
3689.0,0.019773840231250405
3698.0,0.005788818503812069
3706.0,0.012608804871253043
3714.0,0.011203377058473758
3718.0,0.001942619948271806
3725.0,-0.003387977730404081
3732.0,0.016963718527250354
3738.0,0.014364803240379618
3744.0,0.020477985852703884
3753.0,0.0012043168825243299
3760.0,0.015042253702305055
3772.0,0.00635566151750139
3779.0,0.006727337383034493
3785.0,0.01700259239363476
3792.0,-0.005589181191004407
3798.0,0.017849217373005946
3806.0,-0.009998750463086264
3818.0,-0.020595858331283013
3830.0,-0.019238873653145767
3834.0,0.004776613247380365
3842.0,-0.002781014915488123
3848.0,0.00652351361449611
