,8
0,-0.00023799380792451978
1,-0.0029209120551059423
2,0.0008496562495305559
3,-6.077919637256572e-05
4,-0.0013316221580182595
5,-0.0004308088809124442
6,-0.004765929801500895
7,0.0050227896479813836
8,-2.8888017696530912e-05
9,-4.966270566152292e-06
10,-0.00010114345707028764
11,0.0004063306289330875
12,2.705902720034715e-05
13,0.00038937087724853254
14,6.773611475712705e-05
15,2.3488914571901413e-05
16,-0.0002161623905779575
17,-0.00017958784744406974
18,-0.00010255016375160437
19,0.000560505281813814
20,-0.000158130895392218
21,-0.00036993354763947047
22,-0.00014227349729465253
23,-0.00033345259750783794
24,0.0004520256497270613
25,0.00038117123014594237
26,0.0001839761936092502
27,0.00048537937186586105
28,0.0014482375031231137
29,0.0013418910461424503
30,0.0005603558128069547
31,-0.00041155879558483653
32,0.0009522880140394534
33,-0.00010763958751463967
34,-0.00042866666790281207
35,-1.5272781879719673e-05
36,9.37843026511518e-05
37,0.00017178950168571214
38,0.0003276922932761714
39,3.8052566727043225e-05
40,-4.219038496241255e-05
41,-0.00018338603333986855
42,0.00041515641167399705
43,-3.2887310702667166e-05
44,0.00010987343816318577
45,4.370450100821464e-05
46,5.733207382692828e-05
47,-0.00022051935187158013
48,0.0008150647060634408
49,-4.912644419730342e-06
50,-0.0027388888030762527
51,-2.313737215649932e-05
52,0.0003569836182962266
53,0.00040193083866742863
54,0.00010294591976556533
55,0.0005681682782773094
56,0.00020827858419349845
57,3.855802034658285e-05
58,-0.00019753151270119647
59,-0.00020738067921907295
60,7.727195959510174e-05
61,-7.783070774962425e-05
62,0.0006923358145260962
63,0.0006533040040127045
64,3.4507578018235353e-05
65,-0.0002783749130125413
66,-8.736711880690873e-05
67,-9.40679143068655e-05
68,-0.0009272656035865211
69,-0.0006968475308263148
70,-0.0004438552608404745
71,-0.0010468255756520743
72,0.0007097253738425465
73,0.000560281276211188
74,-0.0005664430192480729
75,0.00013699294246960863
76,0.001113600938715382
77,0.0003223496876620731
78,-0.00013307939992592807
79,5.674826894631732e-05
80,0.0006199307740450261
81,0.0003036170623546754
82,0.00031977589918424004
83,-0.0003711085272438938
84,0.0015364406730354505
85,-0.000822179927362858
86,0.0010595055061467633
87,0.00011313702811064855
88,5.333209978044825e-05
89,0.000423814714353943
90,0.00019595862627749583
91,0.00028923437060834634
92,0.00025913111501850824
93,1.3939333174635457e-05
94,0.000604635325923446
95,8.104345144606299e-05
96,-3.837001233881085e-05
97,0.00018573036388488568
98,-2.2403317292242975e-05
99,-0.00010075115670578914
100,-0.0003152792430472187
101,0.0013778903031037998
102,0.0006008803559990903
103,-0.0005568076185782516
104,-0.0008870854704457923
105,9.209810686242035e-05
106,-0.00024681352071951826
107,0.0007127234199021567
108,-0.0004007935493802409
109,-0.0009732818003135226
110,0.0003341739056403197
111,-0.00020264675631037689
112,-0.00120366150955077
113,-0.00032287458664864
114,-0.0013176807776657756
115,-0.002169332255577413
116,-0.0004724817104578297
117,0.0005322359227347318
118,0.0002225174210263603
119,0.0019312555174146994
120,0.0015623655277731815
121,0.0001535198685935831
122,-0.0024996001719753973
123,-0.00047383365580226606
124,0.00066268306876914
125,0.003871843149367054
126,0.005140817477890532
127,0.0009714322809699774
128,0.0005343401161798168
129,0.00013815699262786373
130,-0.004624687659142059
131,-0.0030376275124762014
132,-0.0033859295509041524
133,-0.002091064447383665
134,-0.0003071744953629232
135,0.0028606970220028272
136,-0.000543015814801559
137,0.00011859923651347933
138,-0.0010814482150114792
139,-0.0005098462591666338
140,-0.00036252878729250586
141,-0.0005872239405893788
142,-0.000409232688369699
143,0.00011264748872135002
144,-2.8022980212115554e-05
145,0.0005921243456704283
146,-0.0010242583141124066
147,0.00030105624604509837
148,-0.000930062391268279
149,-0.0010797725187140109
150,-0.0012492012696673474
151,-0.0006558539894555899
152,-0.00022079297070375531
153,9.412919229796572e-05
154,-0.00019489109090278228
155,0.0013340850588646864
156,7.171154415057709e-05
157,-0.0027324413804766176
158,-0.0017978540913038867
159,0.0002196955057605757
160,-0.0004468969789126279
161,0.0001834700618845534
162,-0.00016842851413232472
163,0.0030111169295040157
164,0.0005469989150555816
165,0.00012768597782385433
166,0.0012370835380640826
167,0.001963146508741243
168,0.0004627319418107219
169,0.0005948440733119379
170,0.0009505752261104739
171,0.0013878399416632754
172,4.6911554795659756e-05
173,0.0002652963478415487
174,0.0003050752573865258
175,-0.000447258444959461
176,0.00024008191643040377
177,0.00010980369818372486
178,-0.00018974001303386873
179,9.230469597962552e-05
180,0.0004950480601013277
181,0.00026436014917911486
182,7.787289446671737e-05
183,0.00028413701740096447
184,-0.00030642912174509625
185,7.611487431589041e-05
186,-0.0002801705171996783
187,-0.0003711408138413451
188,0.00011355866152826543
189,0.00034978099239283127
190,-0.0009857429332968584
191,0.0006161466383773916
192,-0.0016853117137914854
193,0.00041661979600816955
194,0.0009582145970343806
195,0.00285401582880234
196,0.0016481555984450475
197,-0.0010516244065293676
198,0.0018543832552255014
199,0.004000115421026463
200,0.0013246286677210614
201,-0.00023269815834993198
202,-0.0005927299411173315
203,-0.0005328884302127834
204,3.860042419645754e-05
205,-0.0013167572239393326
206,-0.001205551827959901
207,-3.818663565272845e-05
208,0.000431355017049259
209,-0.0017945790130861237
210,-0.0016103068281423194
211,0.0026852102321129312
212,0.006573735133440878
213,0.0014948696446649389
214,0.0004666544321836341
215,0.0009375421275218722
216,-0.0004616705474268072
217,-0.0001224576031693476
218,0.0001762417843009541
219,-0.0001495691800513048
220,0.0004384991799150243
221,-0.0003327887107171205
222,-0.0009602411565559742
223,-0.0002899429125592497
224,-0.0005393505482151728
225,-0.0011623895090612
226,0.008263304974859645
227,-0.0012559694829485683
228,0.0006119023277764763
229,-4.9648591073012356e-05
230,0.0013669866760554338
231,0.0005660852238313724
232,0.0005282803874658672
233,-0.00013685206581777424
234,0.0008831772376282412
235,0.00047071051293464674
236,0.0014553589611395763
237,0.0020390022008684463
238,-0.00011000778720064101
239,0.00012278017878626348
240,0.00018381693888445814
241,0.0001728556140434876
242,-1.6931663335199545e-05
243,0.0008407226234775373
244,-0.0001903431725790968
245,-0.0004424777985869661
246,0.0003283652251362049
247,0.0027612382070293052
248,0.00016755346540151537
249,5.44694805052952e-05
250,-4.796187324861557e-05
251,0.0032581134138042
252,0.0012985323281856777
253,-0.0012687703025225843
254,-0.0012551201373506367
255,0.0012120991788602837
256,0.0003271832939845187
257,-2.4883509327031646e-05
258,4.984624283983371e-05
259,1.8504867887808408e-05
260,-0.00061040223220968
261,-0.00038638448117881937
262,-0.00012449670732545454
263,0.0007117742963905656
264,0.0026126646671442507
265,-4.934754979957477e-05
266,-0.0008621330419750108
267,1.8777728517065806e-06
268,0.0010579263395821413
269,0.0005825415097199832
270,-0.002334435035397385
271,-0.00017053142353628102
272,-0.00010609164282326579
273,-0.0020282520430706806
274,0.0005507033116467822
275,-0.003285568475387148
276,-0.001026178159323498
277,0.00031713583811292413
278,-3.3884056128289173e-05
279,0.0001380990707874552
280,7.165778153670633e-05
281,6.4040030964319e-05
282,0.00016642841543805715
283,0.0013609202675109431
284,7.90314931303487e-05
285,0.0007741778119367599
286,0.0008994355588912772
287,0.0006375675881194532
288,-0.001087082923629533
289,-0.003553078794503777
290,-0.01901021605135922
291,-0.008595147405450166
292,0.004793622708708456
293,0.00041552705898046765
294,-5.7557298574503484e-05
295,-0.00012494567437103734
296,0.0005187338711373114
297,-0.0004161621512946151
298,-0.002323630125629366
299,-0.0017038628429583615
300,7.773123440827494e-05
301,-0.000884628990967927
302,6.777289102846e-05
303,-4.1338212724869786e-05
304,-5.983238807951375e-05
305,0.00043197876266718534
306,0.0001159449954298465
307,0.00022288029965217366
308,-0.00015848121602392333
309,0.0003985445803344303
310,0.00038177503835849075
311,-0.00041067995258353446
312,-0.0002785126071881735
313,0.00016706988454314858
314,-0.0015840320744095159
315,-0.00024025132557562663
316,0.000429580218997165
317,0.0015129243007092723
318,-1.0920909511815244e-05
319,-0.00014886610082714895
320,0.00014218504359894628
321,-5.432073413790458e-05
322,-0.0001638712302713977
323,0.0005147623296454526
324,0.00034278279057793593
325,-0.0017259110913025477
326,0.001202607556890188
327,0.00256986765258347
328,-0.0005777172312574126
329,-0.0009229750736339233
330,-0.00035071333384371537
331,-0.0009704196710250673
332,0.00011945798319567642
333,-0.00017173222247605612
334,-0.0010203928253076577
335,-0.00115891752113417
336,-8.065275671938321e-05
337,-0.004719538958138441
338,-0.002058247830991671
339,0.0007584493153054737
340,0.0014180470913290244
341,-0.00012967166405759105
342,0.0005635424346744528
343,0.0001417449022945733
344,0.00023792000763267916
345,0.0014170000346901276
346,0.0012680101936908411
347,0.0024768507207167697
348,0.0013909420740759904
349,-5.152426565750487e-06
350,-0.0002295730822126002
351,0.0008164908324884472
352,0.002197925835590507
353,0.0017349578531326174
354,-0.000620129610355022
355,0.0007375225168895235
356,1.6707424809145964e-05
357,0.0006477600092192153
358,0.0018354357748574252
359,0.0006617708527443963
360,0.0005639027568133206
361,-0.0016008811838828176
362,0.0006307805457938935
363,-0.0007184378467239994
364,7.95382311215439e-05
365,0.00020166175810721912
366,-0.0002527545182999156
367,2.180979373227211e-05
368,0.0003461531003854134
369,3.138103082301127e-05
370,-5.5292023014259896e-05
371,-0.00047917930611431823
372,0.00021644322353991631
373,0.0006411422789021084
374,-0.00016549230459401987
375,0.00024880275020327906
376,-0.0014372985087058835
377,0.006383306328171589
378,0.0018239408541802964
379,-0.0014112691327147033
380,0.00011040305920921203
381,-0.0008468373278611698
382,-0.0006658991757621639
383,8.697739141886731e-06
384,2.8329855507845263e-05
385,0.00026501576380433587
386,-0.0008946472140685011
387,0.0002504109495345125
388,0.0003777376673278848
389,0.00012556457173473686
390,0.000292005316493615
391,0.0002518946925529297
392,-0.00020904175684205838
393,0.00027747765609263415
394,-5.6323781978268084e-05
395,2.098381721852114e-05
396,-0.0007366217095564079
397,0.0008688806372447275
398,-0.0001150120421321913
399,4.855857081664098e-05
400,-5.1768512947396414e-05
401,-1.083529193729431e-05
402,0.00032007370690179685
403,2.060042959718952e-05
404,0.0005292811581749853
405,-0.00017158494393400118
406,-0.0014994518737568375
407,-0.0031010350997297837
408,-0.001557192141786842
409,0.0006298009755751922
410,0.0029044595431906984
411,0.0011703758043503734
412,0.002818899172924884
413,0.000946840775332767
414,0.000325879577492838
415,-8.560780010337552e-05
416,0.0009646959768988132
417,0.0008302712629754561
418,0.00020188642172508655
419,-0.0016484178410469427
420,-0.0017914475986474598
421,4.503502863016865e-05
422,7.074275648055641e-05
423,-5.825050022789517e-05
424,0.0002070545438239544
425,0.00022471103122889355
426,6.0304206885647256e-05
427,-0.0004272853057762734
428,0.00015123254305022082
429,-0.0004517686354766252
430,0.0003630089901771075
431,0.0021893235195194804
432,-0.0010190512896028512
433,0.006103274840029627
434,0.0023813359527469873
435,0.00033561907214428127
436,-0.0012862454406478254
437,5.5588883123538216e-05
438,2.357317773197131e-06
439,0.000260852705963082
440,-0.0007040187057001866
441,-0.00022143957331418517
442,-0.0006307337687732208
443,-0.0029587794991140265
444,-0.0016705773681061954
445,0.003303801249968398
446,0.0004902031189310116
447,0.0023328587163052392
448,0.001945795376576994
449,-0.0008477765756505155
450,0.0014898379791310028
451,0.003209258779311638
452,0.0003516651233649802
453,0.001833517240669561
454,-0.002860079005100732
455,0.0026569850636035636
456,-0.002676391682143106
457,-0.0013114399981028998
458,4.3806011303700055e-05
459,0.0004716860049915777
460,-1.0708403428328968e-05
461,8.980785765835123e-05
462,0.00032932199360281595
463,0.0005523944063218468
464,-9.785083838458515e-06
465,-0.0004309636142004283
466,0.0035504270045159554
467,0.000759280601268648
468,-0.00015097133697399492
469,0.0013429394741001361
