,4
10.0,-0.012097828419286933
19.0,-0.0006151174926952161
27.0,-0.012493790520924896
32.0,-0.00632404313076603
40.0,0.013127641214991704
51.0,0.013015776382354577
56.0,0.007861962146731315
62.0,-0.0064733977440444065
66.0,0.002729763190027679
77.0,0.00615902573717772
85.0,-0.002741201715732196
91.0,0.006474700669526216
99.0,0.009463307435313713
106.0,-0.0002830388453869717
116.0,0.0010043500563843293
124.0,0.0009226279691608578
135.0,-0.01690999115026107
144.0,0.012768943360806544
158.0,0.0016010245948732188
167.0,0.003896095988604527
181.0,0.0173095688532204
189.0,0.005243310745061494
197.0,0.006734915821731863
205.0,-0.0017495055581801973
210.0,0.0015878497010446324
218.0,0.0002460498734436891
227.0,-0.0014253733865649712
233.0,0.005102016463998761
242.0,0.004585125932064326
253.0,-0.0017452088781813688
264.0,0.0056171030288387535
272.0,0.0024536064292321135
281.0,0.0036585936991761834
288.0,-0.006072858832850533
297.0,0.0005309269908917511
301.0,0.006967465058112094
312.0,0.0026728831054845326
316.0,0.0021991183095403997
320.0,0.007531998560224517
327.0,0.00630552711646191
336.0,0.016554550915257468
344.0,0.021007618095916034
350.0,0.011120244873981092
357.0,-0.002680459458864588
364.0,-0.0016658282602270804
372.0,0.004048789016901652
381.0,0.008533908571912423
393.0,0.0032183474007254007
401.0,0.010639631932965578
408.0,0.00889050311081192
413.0,0.013855270954929754
421.0,0.0018430704981710535
425.0,-0.00920760067130181
436.0,0.0045363225096103086
443.0,-0.0017291870690936636
457.0,0.009529961889779651
471.0,0.007859250789380469
480.0,-0.002184640746710739
491.0,-0.0014341983093486943
503.0,0.00044527291072500385
512.0,0.00862011827018562
519.0,0.0012605123046809362
526.0,0.007663411299663496
532.0,-0.00020531841743110226
544.0,0.012995056859627638
552.0,0.0010649252041782476
560.0,-0.009578430008885648
568.0,0.004315090883444306
575.0,0.013870932685950377
586.0,0.0015500596705482325
592.0,-0.0018098310914034222
596.0,0.003090235089395578
604.0,0.005724539896898363
613.0,-0.0001993910045205543
619.0,0.007045151779972303
624.0,0.005344670407227664
635.0,0.0009408595757810469
642.0,0.001140819117529368
650.0,0.0017746804731191557
658.0,0.005687028580115613
665.0,0.0011841044641908028
676.0,0.007771998164451384
687.0,0.004741138760829272
693.0,0.0020819617447490873
701.0,0.006651329242406702
709.0,-0.0036739667906184495
714.0,0.006585727869263889
718.0,0.006654487550688315
725.0,0.011850601116094562
736.0,0.004047545919021426
744.0,0.0031593101172624487
756.0,0.010859467959787924
763.0,-0.0012791685063374392
771.0,0.009078280887216903
776.0,-0.010690740686266858
783.0,0.012857958158160375
791.0,0.0011761251461647963
799.0,0.005325871173946389
809.0,-0.0009553166978109524
817.0,0.003965598410298057
824.0,-0.002909332109322989
828.0,-0.002958876006119639
836.0,0.01565326587922374
844.0,0.002193820992910961
848.0,0.001314036251970442
855.0,-0.002260584844519969
859.0,0.0069909540271808485
866.0,-0.00014728465146227862
872.0,-0.0017881932168514964
876.0,0.011817239646864751
882.0,0.009886716822557647
888.0,0.009336134629186638
893.0,0.002549881651715073
901.0,-0.0013845331706437518
911.0,-0.0014066267938574947
919.0,0.0003621017424522221
923.0,-0.005990112017109659
931.0,0.0003976434285454503
939.0,-0.005898301000342294
951.0,0.00787965542572228
958.0,0.010606346334032483
963.0,-0.015203585150631225
970.0,-0.0006775696045373906
977.0,-0.000580970407256959
989.0,0.0038787932753487427
993.0,0.004535263565232613
999.0,0.004164848000292142
1003.0,0.007315613513981748
1011.0,-0.001079014138500024
1022.0,0.0119872771281948
1032.0,0.0049253634607272995
1038.0,0.0008925970175988028
1045.0,-0.0014701467193893318
1051.0,0.003541022346679472
1060.0,0.01124609411750013
1067.0,0.0027304354339933914
1075.0,-0.003358678068471454
1083.0,0.0031897462953067025
1095.0,0.000919089351250274
1104.0,-0.004020587186224527
1112.0,0.013083724313357472
1117.0,0.0028252239683253153
1125.0,0.0034107463498623636
1133.0,-0.0017172140262411118
1140.0,0.003560148790325043
1151.0,-0.001304538650101761
1159.0,0.0014578136480739546
1165.0,0.008217265118133036
1174.0,-0.002165952531181458
1182.0,-0.012313367366729729
1189.0,-0.002837449094860008
1193.0,0.006415234408828071
1201.0,0.011275216804542179
1212.0,0.0006466986532666297
1220.0,0.0020014553248266288
1228.0,-0.0019358393428432364
1236.0,0.012314590691345334
1245.0,-0.01379133563365944
1249.0,0.009289712670532562
1255.0,0.012487232495690094
1263.0,0.002510241352140988
1275.0,0.0036825988936228507
1282.0,0.0064028782172570265
1293.0,0.010882070199650871
1297.0,0.0073686063568327125
1304.0,0.007245401371262765
1312.0,0.006138486140906315
1320.0,0.00699008628435099
1328.0,0.004240414700605776
1340.0,0.006452084536402854
1348.0,0.00591413385958952
1356.0,0.0067135638820311865
1366.0,0.003944307754693752
1374.0,0.007662329179956864
1382.0,0.007957130825642644
1390.0,0.00617839941872653
1398.0,-0.0008796523555366378
1402.0,0.015324483123515212
1409.0,-0.007069869468022548
1414.0,0.0001581079391991624
1418.0,-0.0008023360777408324
1429.0,-0.001334296344817878
1440.0,0.011716885467129706
1447.0,0.008009350864101157
1455.0,-0.014474157455678663
1460.0,-0.0049196674311576755
1465.0,-0.003663478754812474
1474.0,-0.00405547140516571
1484.0,0.003780381062948961
1492.0,-0.003308376255749764
1498.0,0.01410070813174548
1505.0,0.006455093770998814
1509.0,0.004976279068239212
1517.0,0.007823840016485156
1525.0,0.008309068129853681
1531.0,0.0023487483483048055
1538.0,0.005611086780980277
1546.0,0.002083128049185191
1557.0,0.006881915031264105
1563.0,-0.0014973728388285774
1567.0,0.005895933080089706
1575.0,0.006851938779662159
1584.0,0.011449015285436808
1592.0,0.005919104406660153
1600.0,-0.0014510881114671117
1608.0,0.0065729843930809745
1615.0,0.014040490649794046
1623.0,-0.003180149400482567
1635.0,0.0002747812973569541
1639.0,0.009819615609083608
1650.0,0.013033597804847533
1655.0,0.009606605996385392
1663.0,-0.008286332360082709
1667.0,0.013101954871230698
1672.0,0.004299861585034266
1683.0,0.0024631214887199126
1690.0,0.008364364536163352
1701.0,0.0024854929631173118
1709.0,-0.0010377715368892185
1721.0,0.009056379870235505
1730.0,-0.0004429649916898318
1739.0,-0.008651884858572144
1746.0,0.0006487113601902586
1754.0,-0.007255565151793556
1762.0,0.0005992945369338553
1770.0,-0.009047143764541039
1774.0,-0.0065058310888427544
1778.0,0.0048360169638610555
1787.0,0.010977668863616423
1792.0,0.008411292247436685
1800.0,0.007825586597412055
1806.0,0.005674670088404714
1815.0,0.01025080176569618
1823.0,0.015002787584723048
1832.0,-0.003354248232914649
1844.0,0.006375165738934262
1851.0,0.003229807487676711
1855.0,0.007334949959929267
1866.0,-0.001636691261666768
1870.0,0.0068307301845174475
1876.0,0.009633037103655206
1883.0,0.006262179619980447
1891.0,-0.002532691314346482
1900.0,0.011157426781802773
1911.0,0.005382518941718356
1920.0,0.0014217569908570456
1931.0,0.018155029155132278
1935.0,0.0015804263990877494
1942.0,0.0059328135749951655
1948.0,0.012534491696531721
1956.0,-0.0013701416483717823
1960.0,0.003340579098882882
1968.0,0.0028408867205543357
1973.0,0.007028616210067015
1984.0,0.0026263831565598275
1993.0,-0.0020890704530444754
1997.0,0.004781311204639255
2001.0,-0.008772279063925978
2009.0,0.011435798136763136
2018.0,0.017771802907494416
2026.0,0.0044722855272326875
2035.0,0.004224785694384799
2043.0,0.011329610852855656
2051.0,0.0029362242311646476
2056.0,0.009934459489364526
2064.0,-6.60611352569113e-05
2078.0,-0.003188417154821939
2082.0,0.004041734340492253
2089.0,0.018675505696745056
2098.0,0.002939316829066287
2112.0,-0.0015841045065513395
2116.0,0.01289301459600744
2124.0,0.0059031335565160265
2132.0,0.017352500546477512
2141.0,0.016674603569898066
2145.0,0.005380402679789429
2153.0,0.003665241505780858
2161.0,0.003740766179822273
2166.0,0.0022826627012942162
2173.0,0.009594508364492013
2180.0,-0.00012300137277026642
2191.0,0.0011441102510082097
2198.0,-0.0008395564609806464
2206.0,0.009583792892952242
2214.0,0.004105546836898184
2224.0,0.0053169244276490705
2232.0,0.008770300710514295
2240.0,0.0054550702560942224
2249.0,-0.0008972691635632184
2260.0,0.009676672082536664
2267.0,-0.001360672296109031
2271.0,-0.005965220635123653
2275.0,-0.004597354021599469
2281.0,0.016534091332721306
2290.0,0.00673601338413408
2298.0,0.010384545842882963
2306.0,0.0047835943798659
2313.0,0.0027607299820061448
2325.0,0.007494513506043241
2334.0,-0.012863481980612565
2342.0,0.002573323584679882
2349.0,0.0013477922046976052
2358.0,0.0050518497833501015
2365.0,0.0037902949352200174
2377.0,0.009394773268731569
2386.0,0.0032986824194463503
2394.0,-0.0019388111119700356
2399.0,0.0013637201288710812
2407.0,0.003573784705378135
2412.0,0.0048297029752037484
2423.0,0.0063787592594077205
2431.0,0.003555709727897598
2439.0,-8.289450710141533e-05
2444.0,0.010619465680296569
2454.0,-0.0010590718303717266
2461.0,0.003452505572976618
2473.0,-0.012233892886296865
2477.0,0.0093368137639614
2484.0,0.009167589540075948
2491.0,0.006429454402439237
2502.0,0.0062087868862656225
2510.0,0.010355886226146182
2518.0,0.0007261142830422201
2524.0,-0.0027837185900333314
2530.0,0.00954751766499139
2541.0,0.004990322271548272
2549.0,0.0013544094858582469
2560.0,0.003053764822508081
2567.0,0.005975663416678728
2575.0,0.018598043246887696
2583.0,0.012456222317248076
2591.0,0.00544002019276214
2600.0,0.008193221408831152
2604.0,-0.006843461513061104
2611.0,0.007655375577587039
2618.0,0.003252368904161753
2627.0,0.013562053068297148
2635.0,0.009505956189237897
2639.0,0.00294836056977534
2645.0,-0.005897783513437284
2649.0,0.009368513160632409
2657.0,0.010248809627221144
2665.0,0.011417412727312842
2673.0,0.01589377411444813
2679.0,0.006773703831114498
2686.0,0.002462988074155857
2690.0,0.006220123195370975
2698.0,0.012944219645193426
2706.0,0.0010294219426820609
2714.0,0.008433606121927386
2722.0,-0.006196995796535938
2730.0,0.016276919356594317
2737.0,0.010698586541644732
2743.0,0.006601457073414307
2749.0,-0.011151950133968221
2757.0,0.00613925746781975
2761.0,0.0048243604329591926
2773.0,0.004766727038019706
2780.0,0.0001830626186772512
2786.0,0.005832259193376014
2795.0,0.0074108168752591705
2805.0,-0.0010236589674128321
2816.0,0.012309068127302094
2830.0,0.00010094842111292294
2841.0,0.009643618416911219
2850.0,-0.001270607632958955
2857.0,0.003836316543859079
2869.0,0.01600506499710834
2873.0,-0.004050339119105786
2881.0,0.0026779065131186074
2888.0,0.010620693569170468
2892.0,0.0020255156997781958
2903.0,0.008499335248527624
2914.0,0.006096855998828371
2922.0,0.006443302069758452
2927.0,0.008666895299987173
2934.0,0.005838572667304242
2943.0,0.00012293331745840276
2947.0,0.009401991151814889
2954.0,0.011599327736518996
2963.0,0.008741701290231682
2970.0,-0.0009154984810516535
2979.0,-0.018015934293216008
2987.0,6.171029895755296e-05
3001.0,0.006257702497847466
3015.0,0.0042856535412196025
3021.0,0.010938079380459627
3029.0,-0.0011886282979539995
3037.0,0.0004487415762929669
3045.0,-0.002964760333539773
3053.0,0.0026676532449490535
3062.0,0.007031383874768276
3070.0,0.006692905050442639
3075.0,0.001385714639256615
3086.0,0.0035366866503193277
3092.0,-0.004287658323311357
3103.0,0.0024687324234370315
3107.0,-0.0114016852583864
3113.0,0.00588844125996976
3122.0,0.00425176497968574
3126.0,0.006642271972631655
3137.0,0.0015745562223137266
3144.0,0.011278128610470345
3149.0,-0.00043779829333588264
3160.0,-0.0031032454490848398
3167.0,-0.008481876517053157
3175.0,-0.001806121812172217
3179.0,0.0016057155876287085
3183.0,0.010071863667524788
3191.0,0.00042211838958366445
3199.0,-0.005601726363024964
3207.0,-0.005948952364483598
3216.0,-0.0018980787510136934
3224.0,0.003959035148662067
3232.0,0.0001055422470322594
3240.0,-0.004526032987534182
3247.0,-0.003685483232524234
3251.0,0.008321123123569859
3259.0,0.003046047459374348
3266.0,0.009618582538727606
3271.0,0.007810027891648835
3275.0,0.003879202138574771
3282.0,0.0051779117746917356
3294.0,0.008054720844881543
3300.0,-0.0012689223222880747
3308.0,0.0055985272873082925
3315.0,0.00015922440656091053
3323.0,0.0046114255385271375
3329.0,0.0011880575437888331
3333.0,0.0005230064605231089
3342.0,0.002591633709517975
3350.0,0.0007690223590766921
3356.0,-0.008135233021005434
3360.0,0.001092652696443971
3364.0,0.003817722315480266
3370.0,0.008005787542316328
3376.0,0.009687563395424273
3383.0,-0.0022570593258602234
3387.0,0.014297490960930314
3396.0,0.002750448453303998
3402.0,0.005015974274969091
3409.0,0.004959931819324258
3416.0,0.01087672082111031
3423.0,0.0019258053129662803
3427.0,0.016788646949132582
3435.0,0.01016213858372077
3443.0,-0.008424357692116828
3447.0,0.0026208483691868905
3453.0,0.003766344713736389
3458.0,0.005902947972410172
3466.0,0.004533206835225845
3474.0,0.0002862882923029284
3480.0,-0.004082527516501844
3488.0,0.010417860057187433
3492.0,0.01139022786219004
3498.0,-0.00013846767466979093
3503.0,0.013531031530253798
3512.0,0.016235571563303377
3520.0,-0.0029199026128035764
3528.0,0.0029995191055230816
3532.0,-0.0002581905254761314
3539.0,0.007075479171660044
3547.0,0.007968414584413967
3552.0,0.006089646801812325
3560.0,0.0019423218618117878
3570.0,0.005367675649122803
3577.0,0.000792396244582986
3585.0,-0.008856348481361265
3590.0,0.009112532083730132
3599.0,0.00899298245805213
