,4
2.0,0.0024288454866566427
10.0,0.00135930285166024
17.0,0.013870540306834038
21.0,0.01022557274192556
25.0,0.004847229422112591
37.0,0.00928753086902721
44.0,0.005103806967602081
50.0,0.003001088367767113
54.0,0.0055705875407782305
59.0,-0.014596778967440074
67.0,0.008646357655828676
74.0,-0.012687930484845674
81.0,0.005517592530422699
88.0,0.0009688826386569874
100.0,0.007047270068920876
109.0,0.00832281701644896
116.0,0.006450784414168735
122.0,0.00594783630149132
130.0,0.00240702529709724
138.0,-0.0029625378836814382
144.0,-0.005155373370004485
148.0,-0.0006853689555626373
160.0,0.001220452744460297
170.0,0.0025444330547631615
181.0,0.005074574101144787
187.0,-0.002431772192682642
191.0,0.005445412985680685
195.0,0.009641465402284645
201.0,0.003128930509361997
209.0,0.002318960660883629
217.0,0.0145423003053567
225.0,0.010737844828047537
231.0,-0.0028261652875044897
240.0,-0.005242555932850128
254.0,0.007742055178323309
261.0,0.006634854545724665
268.0,-0.007460192737742113
274.0,0.013034679242305018
279.0,-0.003291511149507283
284.0,0.006688618660863316
294.0,0.00028329100679546797
300.0,0.004677485133110487
312.0,0.007137562019049465
321.0,0.010992136257375157
327.0,-0.0069450981070994
331.0,0.010638252691635122
339.0,0.010973646498548434
348.0,0.008245248232856677
355.0,0.006851820116238514
366.0,0.0036872493056518342
374.0,-0.008541591995420175
378.0,0.0020145389981270695
387.0,-0.00037687221531835065
395.0,0.0026133903110352403
403.0,0.007155069196011781
411.0,-0.0015075161334290646
419.0,-0.0004098081166555265
426.0,0.004795634680792924
433.0,0.004120727435599981
442.0,0.003115753165215595
446.0,-0.011199153092964993
454.0,0.005539720010244414
463.0,-0.008130615326820684
472.0,0.003394570000140072
483.0,-0.0022349929544288505
491.0,0.014547092580130015
497.0,0.015189939254850893
502.0,-0.000785876641386293
508.0,-0.0034736566212809896
517.0,0.008221205591855237
523.0,-0.0013080963897291228
531.0,0.014333484359525143
538.0,0.003447212132724587
548.0,0.004636888109918499
555.0,-0.0024130381022604615
561.0,0.00042537532922718704
573.0,-0.0004674246531347377
581.0,-0.0007938860730774934
587.0,0.000419191741494568
595.0,0.007095440836112996
602.0,-0.002527796911358912
610.0,0.007653654174279361
618.0,-0.009658049597159454
626.0,-0.008653388206523024
634.0,-0.0010452975597668261
642.0,0.0066961166584279565
650.0,0.0033245270518171043
658.0,0.0066091882156420955
666.0,0.0031199886830020466
675.0,0.00904671044026802
683.0,0.009252205096386685
692.0,0.004451382393179521
698.0,0.008633106761705728
703.0,0.0032796755438505914
708.0,0.0019383636709327573
714.0,0.012090588043065386
722.0,0.005410183429372
730.0,0.00640203120740639
736.0,-0.0036995507704565018
747.0,0.004661349082984514
754.0,4.580530260042941e-05
759.0,0.005471481338393954
765.0,0.0006802542339631222
773.0,0.01670646944790766
779.0,0.019861827873184773
787.0,-0.0003512145336487249
794.0,0.0014833147939592151
801.0,0.005637788149353699
807.0,0.010228036968885698
813.0,0.01333444552121549
818.0,0.0031455131329641054
824.0,0.006156007287099412
829.0,-0.008682776152874955
833.0,0.0102412190804076
840.0,0.003904521057676146
849.0,-0.00092090269323086
855.0,0.00466064447570234
863.0,0.0030289069122560698
871.0,0.0005306295923041426
877.0,-0.0031231078980503584
881.0,-0.004139251913954132
895.0,0.007450630091013646
899.0,0.0011387938272970058
907.0,-0.002814624261736349
914.0,0.006058627845488308
923.0,0.006571933012792216
929.0,0.0017351683629361983
935.0,-0.0016700790094129935
939.0,-0.00037460793826145735
946.0,-0.003258390185449664
952.0,0.011152890480270784
964.0,0.000714801613764625
971.0,0.002073404628686835
979.0,0.0107416697074068
986.0,0.008478324302238164
994.0,0.003593179184683595
1003.0,0.005594101529437495
1009.0,0.00371790889090595
1017.0,0.0037768306551527672
1026.0,0.0026538731094337843
1031.0,-0.002633805599101994
1038.0,0.011475687537601096
1046.0,0.009340920687546404
1054.0,0.0042940961300919345
1060.0,0.015214142663206873
1068.0,0.011767331347432155
1074.0,0.002730232456338266
1080.0,0.007082016922872315
1086.0,0.0082798904266911
1095.0,0.002855049263239389
1101.0,0.0010713042387297579
1106.0,-0.004733477206752428
1118.0,-0.0012266762105864733
1125.0,-0.0011897322798284562
1129.0,0.002863491751680241
1138.0,0.0055551746052879625
1146.0,0.017272801966048284
1153.0,0.013606265647024293
1159.0,-0.0031197668387489517
1167.0,0.0066455273170513505
1175.0,0.004719742583755701
1186.0,0.007881852066233711
1192.0,0.0030364115419649175
1197.0,-0.00867939123704873
1201.0,-0.00028100581754998867
1213.0,0.016008259051296003
1221.0,0.014169983108953205
1230.0,-0.009319356880541273
1234.0,0.004258373949809654
1238.0,0.0008116223381789803
1247.0,-0.0019451639319124387
1255.0,0.00729884754125526
1261.0,-0.002910459072332745
1267.0,0.019425426330218785
1276.0,0.0034139684184974705
1280.0,0.007893866191400352
1288.0,-0.0002922960087199969
1294.0,-0.0022928664464000733
1298.0,0.010497983819597156
1302.0,0.003180035172439609
1309.0,0.004283295651139695
1316.0,0.008153002096342968
1323.0,-0.0037494043349820413
1329.0,-0.011664877560914656
1335.0,-0.0065480086199464355
1339.0,0.00343318087305254
1348.0,0.000835664227791936
1356.0,-0.008773369455420626
1365.0,-0.00033029800635593013
1369.0,-0.0007840610950693041
1377.0,0.00020517382882091504
1384.0,-0.0037998419840885086
1390.0,0.007525381682720296
1404.0,0.000524975041934986
1408.0,-0.009140376534631442
1414.0,-0.008298513149021367
1418.0,0.007939825716270766
1424.0,-0.020337979091029208
1429.0,0.011883877856128188
1438.0,0.00838117429038446
1447.0,-0.01223754792527299
1455.0,-0.003234386524402246
1464.0,-0.000904668093735476
1471.0,0.0015735651776981668
1475.0,0.006431825242150257
1482.0,-0.0013633218965516261
1494.0,0.010081043803618711
1501.0,-0.001381620093308506
1510.0,0.002379248378191707
1517.0,0.007554639018838561
1523.0,0.004609590420737533
1531.0,-0.004000566036279357
1543.0,0.008738239195428623
1550.0,0.0033522762230412517
1556.0,0.007588047099729058
1570.0,0.006111776927408535
1578.0,0.006228061261984344
1587.0,0.006104862133369824
1596.0,0.0050629206737527336
1603.0,0.013553944683301861
1611.0,0.002247403932254637
1616.0,0.0028705126817478413
1622.0,-0.006366233010173024
