,8
0,0.0030573208738429907
1,-0.00016879229779921245
2,0.0004948610066362877
3,-3.6524817759879125e-05
4,-0.0018273086578165184
5,8.360423168181546e-05
6,2.375600963985479e-05
7,0.004071608981644374
8,0.0006056660915867911
9,-0.0011936472182562097
10,0.004696395473392272
11,0.00334042987175207
12,-0.0010484337980208012
13,-0.0013933866355048358
14,-0.00022939392938886626
15,0.000543542361065696
16,-0.0004999984699509241
17,0.0008538850582421184
18,-0.00028123249470059784
19,0.00028217970169308897
20,0.00025624268118976134
21,0.0024694007901207597
22,-0.0021944455928784843
23,-0.0016334819726647246
24,-0.0009911167541536787
25,-0.0008079252771508104
26,-0.0003470470325440031
27,-9.444872465597905e-05
28,0.0006668255606322658
29,-0.0024369901461971082
30,0.0006891972682876308
31,0.003481402876470501
32,0.0023459674328081864
33,0.0015913633706038906
34,0.004777456927342665
35,0.0018908187688867926
36,-0.0015923861630599602
37,0.003405470356988318
38,-0.0019908912147886286
39,-0.006921562673466539
40,0.0016880313863331968
41,-5.916926787330483e-05
42,0.0014897688332056592
43,0.0010840568725669227
44,-0.0004570901636225167
45,-0.00046362987133754326
46,-0.0002165531387138597
47,0.0004501903560871509
48,0.0002443456847074822
49,-0.0009922925406028198
50,-0.0036512890592545985
51,-0.0030700455016225087
52,-0.0011842392464043393
53,-0.0017149673349134576
54,-0.0013205564518535325
55,-0.0007848004173536838
56,3.354018035884323e-05
57,0.0001523602655446158
