,6
1632.0,0.004190604012421414
1641.0,-0.00042684719648734137
1648.0,0.0001515909551500218
1654.0,9.995496040688844e-05
1660.0,-0.0021286433903626133
1668.0,-0.001669087392481826
1677.0,0.0013809740585979634
1683.0,0.003759201612031756
1688.0,0.004594087691964747
1694.0,0.0019730283040842035
1701.0,-0.0008135824825712936
1710.0,0.004697480533915833
1716.0,-0.006043585186287398
1724.0,-0.00838089389880346
1731.0,-0.0008233142143385678
1738.0,-7.019781778534018e-05
1747.0,-0.00028817650793323243
1753.0,-0.0011412148665295046
1764.0,-0.00032191082010840606
1770.0,-0.0018587419047953028
1776.0,0.00534141528555642
1784.0,0.006784189118886285
1792.0,-0.0010190752000619988
1803.0,0.00026711573719475604
1811.0,-0.003333529269478312
1819.0,-0.0009301219193463382
1825.0,-0.0019272721061072114
1831.0,-0.000836612986595339
1841.0,-0.002127557743964812
1847.0,0.004779206721767875
1852.0,0.0009231550485391966
1858.0,0.0010303136679540516
1867.0,0.0006057787624471282
1873.0,0.002344631211750362
1879.0,0.006089307078332185
1887.0,0.005758318027259222
1893.0,0.005777025544097835
1898.0,-0.003953469639604378
1906.0,-0.00013977079262120586
1912.0,-0.010038578148350016
1924.0,-0.000535825596674925
1931.0,1.27081964281129e-05
1936.0,0.0003222412689964144
1945.0,-0.001111828262164133
1951.0,-0.003452806223302197
1962.0,-0.0015676169686492647
1968.0,-0.0010888572683898385
1975.0,0.0021607675765494974
1983.0,0.003543039566697444
1991.0,0.001864209484481824
1998.0,-0.000693662509227324
2006.0,-0.0008314541868756217
2017.0,-0.0029934104506136178
2023.0,-0.002190338678626724
2035.0,-0.00031170365313849867
2040.0,0.00022811093768132263
2047.0,-0.001442530698240637
2053.0,-0.010485667214184613
