,4
1632.0,-0.005479302760204365
1641.0,-0.005997464507155708
1648.0,0.004171635266245425
1654.0,0.005899265394013492
1660.0,-0.001914358752665085
1668.0,-0.0029961191281345297
1677.0,0.0011716025938053214
1683.0,0.006731899351096185
1688.0,0.004532305496110529
1694.0,0.016652540704711116
1701.0,0.005871837334230263
1710.0,0.008433178006664254
1716.0,-0.011898333862001344
1724.0,0.0015882305269899967
1731.0,-0.003464646670327664
1738.0,0.0007567973409466561
1747.0,0.0018104711589337485
1753.0,0.0020799668422380327
1764.0,0.00014639313488412457
1770.0,-0.008337699097613931
1776.0,0.020207859543845245
1784.0,0.003550291321978544
1792.0,0.008350494597736877
1803.0,0.004109975488721587
1811.0,0.002553980489341201
1819.0,0.003711889439451508
1825.0,-0.0076420823461155404
1831.0,0.0053677135819375586
1841.0,0.0031471440126798695
1847.0,-0.00863852654893948
1852.0,0.005669687221795584
1858.0,-0.0007906363356988366
1867.0,0.00989312604612133
1873.0,0.0029443224219987975
1879.0,0.007861851260379553
1887.0,-8.572210433354178e-05
1893.0,0.016807113801767762
1898.0,0.0055419326590562396
1906.0,0.011273555114710811
1912.0,-0.006143341117446286
1924.0,-0.010673437202299288
1931.0,0.006494350442052918
1936.0,0.005456877808945746
1945.0,-0.0004535181350888111
1951.0,0.0005905934282802178
1962.0,0.0003228257752236227
1968.0,0.0001650708617488885
1975.0,0.015386816944483664
1983.0,0.007259136583978731
1991.0,0.007791914396437432
1998.0,0.004663799804567685
2006.0,-0.004750672453214701
2017.0,0.0027981053046504923
2023.0,-0.0013840560561556095
2035.0,-0.003054524263104389
2040.0,7.396512573215749e-05
2047.0,-0.006707096958553052
2053.0,-0.0008743249321740886
