,6
2.0,0.00048802201002128253
10.0,-0.0014530287698026742
17.0,-0.0019954267391958593
21.0,0.0008522984830526728
25.0,0.0033946955439410034
37.0,0.0003336136754214885
44.0,0.0012378253015841204
50.0,-0.0056264112176693136
54.0,-0.0035348756261071503
59.0,0.0052949813618368155
67.0,0.016469531131293885
74.0,-0.0018996574084555174
81.0,0.0011971526863263228
88.0,0.0003896154625002782
100.0,0.0007328113984820653
109.0,0.0008223594369772845
116.0,-0.00020500484299001477
122.0,-0.00016067134692246063
130.0,-0.0003508316091100423
138.0,0.00012215386119735289
144.0,-0.004325892560887874
148.0,-0.000856912882819772
160.0,-0.0007839940351724632
170.0,-0.0005137592596087808
181.0,-0.0016080839407976424
187.0,0.0006106072334920694
191.0,-9.140083829767483e-05
195.0,-0.0009239019766253873
201.0,0.00021269808108192355
209.0,-0.0009081204125859591
217.0,-0.002086930371814407
225.0,-0.001136761320306366
231.0,-0.0005941905394715521
240.0,-0.00018024214408826102
254.0,-0.0018867252182272027
261.0,-0.00037475156040800997
268.0,6.17310828300153e-05
274.0,0.0004158400957698637
279.0,0.00016131581657708878
284.0,-0.0012396250975091774
294.0,-0.0009564427532053556
300.0,0.004079707359748774
312.0,0.0016377587123378712
321.0,-0.008420731144977654
327.0,0.006681267550204257
331.0,0.004377385698297988
339.0,-9.63882466209982e-05
348.0,0.001319572358485666
355.0,-0.0004549572461189588
366.0,0.0001153899944858594
374.0,0.0005360161491112362
378.0,0.0020699662293899943
387.0,-0.0006348936504167899
395.0,0.0012483853462021913
403.0,0.0015312832336177096
411.0,-0.0002453046863463019
419.0,-0.0016884685806337887
426.0,0.00028274372846760635
433.0,-0.0010652118241661214
442.0,-0.00037635448148834206
446.0,-0.0010010900860305287
454.0,-0.0004423495285723633
463.0,0.0012596977954800568
472.0,0.002085020385160039
483.0,-0.0018523682288362148
491.0,-0.0020184654103479237
497.0,0.000871901778246178
502.0,0.005169483497357521
508.0,0.00022620387664507767
517.0,0.00014574021210303896
523.0,0.004027209382939455
531.0,-2.3777862982451466e-05
538.0,-0.0011915215864963305
548.0,-0.005907128974292466
555.0,0.002970228571819884
561.0,-0.00010990990956918571
573.0,-0.002178899455186627
581.0,0.0003534049615123785
587.0,-0.001544508357514101
595.0,-0.0007124127004890833
602.0,3.07467720116115e-05
610.0,-0.002052607201602094
618.0,-8.101244281489702e-05
626.0,0.0016983778155731418
634.0,2.43903115165907e-05
642.0,-0.0006970915535421667
650.0,-0.0002313907297077655
658.0,0.0012013698475274457
666.0,0.0010568473197638162
675.0,0.0006423649153225468
683.0,-0.0003018856786324876
692.0,-0.000799423479220888
698.0,-0.0011995449082145004
703.0,0.00028730238390634754
708.0,0.0006347544324601855
714.0,0.001545430827405134
722.0,-0.0003384107027714894
730.0,-0.0022434591667353514
736.0,0.0011122656150549235
747.0,0.0006446088324778398
754.0,-0.00036582644467609307
759.0,0.001954298095121618
765.0,-0.0010386651731721988
773.0,0.00014841593609209823
779.0,0.0006119596276502779
787.0,-8.600385750194344e-05
794.0,-0.0012642033518026651
801.0,-0.0015012458583240687
807.0,-0.0003024373169080873
813.0,-0.0044895996271921215
818.0,-0.001705211835725552
824.0,9.338313891703441e-05
829.0,0.0018570020058530747
833.0,0.0037195246891988105
840.0,0.0015342862255479206
849.0,0.001184928812874675
855.0,0.0001852741754948055
863.0,0.00010108548308966462
871.0,0.0001506338116498192
877.0,-0.002127451497952651
881.0,-0.0014975229292133547
895.0,0.00033764378630549065
899.0,9.791322689930957e-05
907.0,0.0022563176651832786
914.0,-0.0014091649328708217
923.0,0.0004925146850297161
929.0,-0.0038082550324367347
935.0,-0.013930138729928428
939.0,0.0024004149791214255
946.0,0.0008296330346760456
952.0,0.0005630538225471027
964.0,-0.0005534487487225085
971.0,-0.00042233174101228535
979.0,-0.0011526125958162634
986.0,0.0004839136540137094
994.0,0.0008174897632517294
1003.0,-0.0005685813203722025
1009.0,-0.0007746814657444723
1017.0,0.002497748055110357
1026.0,0.000564448177855806
1031.0,-0.0003235498563259306
1038.0,0.00028336403055420796
1046.0,0.0009550499855615892
1054.0,0.0008875307644953663
1060.0,0.0014229729102481121
1068.0,0.0006700715500124652
1074.0,0.0029542682560747026
1080.0,0.0011266285546048232
1086.0,0.0006220308618178698
1095.0,0.011005242225037697
1101.0,-0.0033565256993513992
1106.0,-0.0019171005062014585
1118.0,-0.006096617832065707
1125.0,0.013559606479403317
1129.0,0.006289487062148669
1138.0,0.0037515161954312093
1146.0,0.001205053530253518
1153.0,-0.0044298078563356795
1159.0,-0.0005247632943357227
1167.0,0.003738205218093335
1175.0,0.00144456453366673
1186.0,-0.000660322904141641
1192.0,-0.00016480588762981128
1197.0,-0.0021772197651461498
1201.0,-0.003280106607145173
1213.0,0.002474279817087055
1221.0,0.002289439308868345
1230.0,0.001254831797223656
1234.0,0.003465729993575273
1238.0,0.0013206160335001236
1247.0,0.0010613958838771652
1255.0,0.0001471652298304301
1261.0,-0.0009452417379653387
1267.0,0.0034127490020566674
1276.0,0.002957712805095993
1280.0,0.0022369473623244343
1288.0,-0.0014712101653492548
1294.0,0.00017474036609864605
1298.0,-0.0009311403803027117
1302.0,0.0005398349417922576
1309.0,-0.0012193983832186226
1316.0,-6.353259856410115e-06
1323.0,-0.0017953065876070934
1329.0,-0.012903526036772714
1335.0,-0.00517509756941884
1339.0,-0.0008011554642193745
1348.0,0.00022733115102761253
1356.0,-0.0005471496889364877
1365.0,0.0009538562088611806
1369.0,-0.0001959779602934328
1377.0,0.0007966309004108578
1384.0,0.0001535132972325067
1390.0,-0.0010237681392295203
1404.0,-0.0022459163765503696
1408.0,0.0008914671794257782
1414.0,-0.013062728111562966
1418.0,0.0006336073816239877
1424.0,0.0008051169964418005
1429.0,-5.740419074361015e-05
1438.0,-0.0034423622550919485
1447.0,0.0014220714932735835
1455.0,-5.732634954088494e-05
1464.0,-0.001287916884017159
1471.0,-0.0018516832596281337
1475.0,-1.891904844485441e-05
1482.0,0.0006891182987598604
1494.0,-0.0009152087242112662
1501.0,0.0002635050497587421
1510.0,0.00030292722088393444
1517.0,-0.0017007376725597253
1523.0,6.169563773557818e-05
1531.0,0.003271199204220289
1543.0,0.0026036067420304597
1550.0,0.0021143374312043266
1556.0,-0.0013027026490626155
1570.0,0.0022225145443552047
1578.0,0.0031601967703860905
1587.0,0.0054068138609795835
1596.0,0.005556265538907271
1603.0,0.0013273002006815669
1611.0,0.013221768776183557
1616.0,0.005247218064756833
1622.0,-0.00601968344631511
