,4
3067.0,0.0022502562901498793
3075.0,0.008391736583329595
3087.0,0.012984004430058049
3101.0,0.002859747175357438
3109.0,-0.0003489280755678884
3117.0,0.003946911973310366
3125.0,0.003645933011201698
3134.0,0.006409114212696648
3145.0,0.0018064040914020521
3154.0,0.004143794045276945
3162.0,0.005416709746738062
3168.0,-0.004369652507773446
3177.0,0.004281263488570894
3186.0,0.001739875677460719
3194.0,0.0037496767559632768
3202.0,0.002767193120924444
3208.0,0.007189541595482144
3215.0,-0.0004627686307845752
3223.0,0.00306147910486576
3234.0,0.006716223279579751
3241.0,0.0063390392050564496
3247.0,0.002497627497598812
3254.0,0.006177595414177732
3262.0,0.003012680480749159
3271.0,0.00188905625616031
3279.0,0.00651754256161742
3287.0,-0.0017483514322792352
3295.0,0.003339272549613469
3304.0,0.0018347527779938786
3312.0,0.012423516807737128
3318.0,-0.00929863525129781
3330.0,0.0035730976232976907
3337.0,0.0007827462938684532
3344.0,0.002495985928104177
3355.0,0.0010955555466927026
3364.0,0.009548353514243938
3369.0,0.005523950894127401
3373.0,0.008089928676421788
3379.0,0.00022991166011512924
3388.0,0.006012639956742789
3397.0,0.004411770438904839
3405.0,0.009995219841651706
3414.0,0.0072118076230079185
3422.0,0.0040705451717302525
3430.0,0.004041776882576247
3435.0,0.008152547960994579
3443.0,0.004398593461334003
3455.0,0.0056482130618248924
3462.0,0.004591787632741061
3471.0,0.0036660156766097083
3479.0,0.0034004666349270103
3488.0,0.00726133764083857
3499.0,0.0075870024543097814
3510.0,0.007889835051969945
3519.0,0.007675806054314449
3530.0,-0.011112257334383075
3539.0,0.015284271966077425
3547.0,0.00473950613635054
3553.0,0.003087788736979332
3562.0,-0.0007436606469768922
3569.0,-0.004022359920487824
3583.0,0.0048755410931449325
3594.0,-0.003926293240454934
3602.0,-0.000301419703654942
3611.0,-0.004972826394683934
3621.0,-0.0021500739279161356
3632.0,0.006299019059264403
3639.0,0.005954087326229243
3648.0,0.0032390604136887276
3656.0,0.0027891167280677358
3665.0,-0.004161480524212281
3672.0,0.002374643686827416
3681.0,0.012180200838398573
3689.0,0.008550173269219686
3695.0,0.010389011895871497
3700.0,0.017093250967128357
3709.0,0.014241119262121876
3717.0,0.003522068597599911
3723.0,0.007111004504589048
3730.0,4.2007777902889286e-05
3738.0,0.01078629062218531
3746.0,0.007056564406489834
3753.0,0.00014227796429102952
3761.0,0.0019194591884028156
3770.0,-0.0038284892354101528
3778.0,0.009012453547912712
3782.0,-0.014780411282368473
3793.0,0.005623725749087448
3801.0,0.008098741310884323
3808.0,0.005564573954765113
3820.0,0.00016254056544929475
3828.0,0.0030782419006057144
3835.0,0.0006621700183595357
3844.0,-0.0031966997223841333
3852.0,0.0025950927916070427
3859.0,-0.002237336819934332
3863.0,0.004281994693635719
3867.0,0.007418268066688174
3879.0,-0.0004621497095558416
3886.0,0.002809146164120413
3891.0,0.015109304724182222
3903.0,0.015609990983416604
3909.0,0.00862186411711756
3918.0,0.012779888369621675
3923.0,-0.0015408416954037383
3928.0,-0.0010456841634326215
3935.0,0.007273595950532855
3942.0,0.0009573764640158722
3949.0,-0.0037756603359716217
3953.0,0.0042765909938036325
3962.0,-0.00373634044228551
3970.0,0.005761683040595968
3977.0,0.0005179923415082505
3987.0,-0.010143215792301869
3992.0,-0.0023510298896700517
4000.0,-0.009866362938852059
4011.0,-0.009763661753202002
4015.0,0.002209801074705817
4022.0,0.011410563878716834
4031.0,0.0038053222240126447
4040.0,0.007336342574708301
4048.0,0.007683643719072993
4059.0,0.004369100264578334
4068.0,0.00483755109510704
4076.0,0.005931599629363212
4084.0,0.0026552013151668777
4096.0,0.009209344953710967
4103.0,0.0036279413756356614
4110.0,0.004736658164326259
4117.0,0.0037091338506609305
4125.0,-0.0013964292555834544
4129.0,-0.0008226775528537723
4135.0,0.0044187861724241375
4143.0,0.005487566805137749
4150.0,-0.0006740407380124083
4158.0,0.007331698162472153
4165.0,0.011146464286319458
4176.0,0.017982103555821558
4181.0,0.0003612916633760352
4185.0,-0.005646938035081247
4194.0,0.006581553490078293
4202.0,0.011654177910435869
4209.0,-0.0014160674143371946
4220.0,0.006545691063518424
4225.0,0.003967767702622096
4234.0,0.005528200916771569
4243.0,0.005665358356023454
4250.0,0.006004671334059217
4255.0,0.0034950347886020597
4263.0,0.00454004198406091
4268.0,0.011789135367097808
4277.0,0.004230688369191533
4283.0,2.0005920967891907e-05
4291.0,-0.004126387893841649
4299.0,0.0012011514598388423
4304.0,-0.0025605857889809797
4312.0,-0.005117000480028728
4316.0,0.0031160859803081517
4323.0,0.004754315421242011
4331.0,0.005540805754700453
4339.0,0.0030712446913842475
4351.0,0.003115925244712786
4359.0,0.004104179648142466
4367.0,0.002734504549947125
4376.0,-0.0035237585360554766
4383.0,-0.00015568340993191168
4392.0,0.00036698465633453327
4403.0,-0.0009747944704224378
4410.0,0.013622781917567937
4418.0,-0.0010627453680823002
4425.0,-0.002813858918846605
4433.0,0.006516655991121881
4438.0,3.313736942082247e-05
4447.0,0.006358386653838339
4455.0,0.009489932193576406
4461.0,-0.004547680778247711
4472.0,0.0038788477240154877
4483.0,0.004432235628142378
4487.0,0.0031039799734884563
4497.0,0.0007445033273810018
4502.0,0.002397580535235651
4512.0,-0.00405664727118027
4520.0,0.005938274009632909
4524.0,0.007867903638563944
4531.0,0.00044255031832248154
4535.0,0.0005934210692560242
4543.0,0.00032323393650073967
4550.0,0.0026188531714601373
4562.0,-0.006455261237116943
4569.0,0.0013059707660379217
4576.0,0.0012660009085206838
4580.0,0.005227426244694848
4591.0,-0.0023920926124958906
4598.0,0.007790585083213157
4604.0,-0.0006965328601558356
4615.0,0.004918380568603935
4623.0,-0.003220148802013458
4633.0,0.005612712246567165
4640.0,-0.010195905282814654
4649.0,-0.008160045135479447
4660.0,-0.009188441694873347
4667.0,0.002756623470421053
4674.0,-0.0036347471147922944
4680.0,-0.004353709027334332
4691.0,0.003708243627449014
4697.0,0.012805612506460007
4703.0,0.0017924059712686878
4707.0,0.007587008488972589
4715.0,0.0036642661618101697
4722.0,0.004839490992918833
4730.0,0.007885877302165858
4738.0,0.00017886745755790398
4745.0,-0.002267480985433875
4752.0,-0.0027538658295563536
4761.0,0.004790706047241444
4768.0,0.004891490036697521
4776.0,0.007626058747874714
4782.0,0.007197793715077565
4793.0,0.005841628201559673
4798.0,0.005436081200281061
4803.0,0.0034105212083571025
4808.0,0.0015852111402484634
4817.0,0.010319739698476858
4826.0,0.00245447411678131
4834.0,0.0027615676435982454
4845.0,0.0038890916460927977
4849.0,-0.0065903411989905155
4857.0,-0.002058672723212455
4865.0,0.004656562435270669
4874.0,0.018676887873032122
4878.0,0.01025059176538038
4886.0,0.00819615573086081
4892.0,0.006592829030804478
4899.0,0.009656917378814838
4905.0,0.008036136327864275
4913.0,0.013224267436655428
4927.0,-0.010191525170396938
4936.0,-0.003778912541643356
4943.0,0.00888120513378045
4951.0,0.011356791952152617
4957.0,-0.001481776303112891
4964.0,-0.00032789431920256674
4970.0,-0.0028438325271778054
4981.0,0.002070059011858243
4989.0,0.007089824530724052
4996.0,0.0003876907368255431
5003.0,0.014690798970155773
5009.0,0.013069279489657094
5018.0,0.0067993857661872445
5024.0,0.006969295356386596
5033.0,0.008750596424598888
5041.0,0.006182195155270471
5048.0,-0.0005635697846977644
5057.0,0.006952381132438399
5065.0,0.0037195171087724506
5072.0,0.005366145157711079
5079.0,7.871662311414559e-05
5085.0,0.010556211647631987
5093.0,0.006371576736528755
5100.0,0.011527400227645045
5108.0,-0.002011370214765358
5117.0,0.008775849619871514
5126.0,0.00866510572881071
5134.0,-0.0027236685793437967
5143.0,0.009248718810015827
5151.0,-0.0005127439411888037
5159.0,0.002556217955962479
5167.0,0.01340361167048828
5175.0,0.0022168320583736568
5186.0,-0.0013906173168736662
5190.0,0.001808726628267242
5197.0,0.007267932179432502
5205.0,0.006315670052032491
5214.0,0.003518101083603396
5218.0,0.004577025938634888
5229.0,-0.0071895830289951355
5236.0,-0.0010010159290682367
5245.0,0.00944065309061325
5252.0,0.006227859544401578
5260.0,0.0057794479209125615
5270.0,0.0019477114315987138
5282.0,0.007999749115064033
5289.0,0.00769702941696798
5296.0,0.005723058645076158
5303.0,0.00209190078302903
5307.0,0.011789482816756413
5312.0,0.0046352872574780875
5321.0,-0.0009616662354667803
5332.0,0.001089573008563067
5340.0,0.005640065491867716
5345.0,0.00884230804336332
5359.0,-0.018923555226362847
5363.0,-0.008655401841753998
5370.0,0.007742912101607571
5374.0,0.0037823878143904677
5379.0,0.004302115166944408
5384.0,0.010494101506489117
5393.0,-0.0005934981096770442
5399.0,0.013021248473355715
5403.0,0.0070805893255401
5410.0,0.0033244629345136074
5414.0,0.007361632239656047
5421.0,0.004202534290046371
5426.0,0.0073340764512765996
5434.0,0.00632252647826004
5442.0,0.005582931469569784
5450.0,0.005631120991355947
5459.0,0.004589952302573833
5467.0,-0.002557558295070858
5472.0,0.00280269059281146
5481.0,0.0076075704050463195
5489.0,0.002891816950692929
5500.0,0.006295840508793264
5506.0,0.003975556978255691
5514.0,0.0021844067127623043
5522.0,-0.001804613961091329
5529.0,0.007147198534399085
5537.0,-0.0013457225464647696
5546.0,0.005142650771047435
5554.0,-0.0016858346035907269
5558.0,0.007362783384169446
5569.0,-0.001815258531735597
5578.0,0.007075927921909367
5585.0,0.0011261265156267625
5591.0,0.006511716650608853
5602.0,-0.0031897031950126466
5608.0,-0.0013752489550861388
5616.0,0.008075492916477852
5624.0,0.005632098697118667
5635.0,0.01101412450540054
5640.0,-0.000507144887375777
5646.0,0.005966786769633
5660.0,-0.0002708329726519689
5666.0,0.0009412552033271407
5671.0,-0.002821198799991655
5675.0,0.013494511735155904
5683.0,0.010562061206607033
5694.0,0.006473529376009403
5698.0,-0.00545567906655444
5704.0,-0.0018760606201658678
5711.0,0.010283716085583542
5715.0,-0.002830890134522099
5720.0,0.005071258128421229
5727.0,0.0030747271255519926
5736.0,0.005265718393765249
5750.0,0.007673611366911629
5758.0,0.007477467739768047
5767.0,-0.0017033458863205076
5771.0,0.0023201803434255135
5783.0,0.005886074615001214
5791.0,0.00894661137324092
5797.0,0.003411669614006539
5803.0,-0.0033996465440951245
5811.0,-0.00031431074302709996
5821.0,-0.0006053080296953965
5829.0,-0.004940020714495479
5838.0,0.00785791602666224
5843.0,0.007780124148527696
5854.0,0.003523258056727271
5861.0,0.005226043789370886
5873.0,0.003010434127172344
5881.0,0.00352403802658753
5889.0,0.0034839871610196087
5897.0,0.007332304872084457
5905.0,-0.012352678962175765
5914.0,0.001908391384736403
5919.0,0.0007515908977168678
5926.0,-0.006263771903694079
5934.0,0.00046810207189035107
5938.0,-0.005075081188920755
5945.0,0.007143596935415139
5951.0,0.004973581481068196
5959.0,-0.004156097157924528
5970.0,0.009049858374472903
5979.0,0.010175282399888913
5986.0,-0.0011149054821443143
5992.0,0.001621009544208608
5997.0,0.01572397073303138
6003.0,0.001397454788099193
6010.0,0.0006607271000369035
6018.0,0.0033605942990467194
6026.0,0.00854393416266934
6038.0,0.003557060041529786
6045.0,0.005720832552374003
6053.0,0.006500237929619969
6061.0,0.0007772892760322668
6070.0,0.006412910716320942
6079.0,0.0013044193315306918
6086.0,0.005770464818350441
6094.0,0.0030720158438996307
6103.0,0.007421551817064358
6111.0,0.006473889483052682
6118.0,0.008643817272213887
6127.0,0.0095349619179311
6137.0,0.0043760059256234725
6144.0,-0.0038178695219598367
6151.0,-0.0011182863195252977
6158.0,-0.008130383521037518
6162.0,0.003499646133854097
6171.0,0.011003891300763475
6182.0,0.007543713921671085
6190.0,0.004190755205474551
6202.0,-0.0009705272953338288
6211.0,-0.0029319880203375137
6219.0,-0.0010518886550938765
6225.0,-0.004421823673007987
6233.0,0.0026552286700481016
6247.0,-0.0037642303914874097
6252.0,0.004784202323977311
6258.0,0.005480566426242665
6267.0,0.008676859140383958
6274.0,0.018229903019623826
6283.0,0.009356942394706707
6292.0,0.015838391223093384
6300.0,0.016635747595204236
6307.0,0.0170496918162023
6315.0,0.01121993051441559
6323.0,0.0037248149547727647
6331.0,-0.007144727489633459
6336.0,-0.0036121079446664256
6341.0,0.007075959873402943
6352.0,0.006270431840400681
6359.0,0.00233119005523948
6370.0,0.002973615902150296
6378.0,-0.000810996078145244
6383.0,-0.0007159312375341535
6395.0,0.003937195991737377
6401.0,-0.006109978422903979
6405.0,0.005072155834725292
6413.0,0.00862589831823358
6420.0,0.001243259886908558
6425.0,0.00015467056850669515
6432.0,0.0037930756282105477
6438.0,0.005862336714174713
6449.0,0.005451534849444252
6455.0,0.0021165766213379327
6466.0,-0.0002666171674669983
6472.0,0.004259768226699535
6481.0,0.006182645220856662
6489.0,0.01011374510280818
6496.0,0.017666062124179722
6504.0,-0.001913709985103024
6516.0,-0.003974526636212244
6523.0,0.005440586341328264
6535.0,0.009076027762320436
6543.0,-0.018678843210669926
6547.0,0.007783714597273316
6554.0,0.004661575817896197
6561.0,0.00413278936736987
6569.0,-0.010616701606891953
6577.0,0.011830636781072087
6584.0,0.008871005038308183
6596.0,0.008880797880292723
6605.0,-0.0007242379307011446
6614.0,0.004189135900598209
6622.0,0.0020773926425971226
6630.0,0.005260780307006999
6639.0,0.005727376957325811
6650.0,-0.001014651004856036
6658.0,-0.005443948053238994
6665.0,0.010920458300565466
6674.0,0.002876358715912762
6682.0,0.013904151018297704
6690.0,0.006085953421288937
6699.0,-0.005240628690683614
6706.0,0.013991000485253108
6711.0,0.00015757133701902736
6722.0,0.003180419546583333
6727.0,-0.0010753793600393193
6732.0,0.006947084970920445
6737.0,0.005558175509116131
6746.0,0.003461505578492438
6753.0,0.004558395637804347
6758.0,0.0028965695005567114
6762.0,0.009052603422556885
6771.0,0.005864392175907288
6782.0,0.005284541207284407
6789.0,0.002870323427373522
6797.0,0.0017541414551404074
6806.0,0.0034815574900827024
6814.0,-8.179462344662344e-06
6821.0,0.0007539710367503726
6831.0,0.005620650294033195
6839.0,0.0034118271475841143
6846.0,0.00398687220175415
6855.0,0.010183362622742624
6863.0,0.00980101788632641
6871.0,0.005333297705515963
6879.0,-0.0050938367379576984
6887.0,0.0012754342391683212
6899.0,0.00937908886273375
6908.0,0.008331847692552559
6919.0,-0.002882217415365584
6931.0,0.010180075512413678
6939.0,0.011070223335957193
6945.0,-0.0022654329132373316
6954.0,0.006002792005274435
6962.0,0.009217138085625201
6970.0,0.006646856300842857
6976.0,0.0015293511574408197
6987.0,0.004396959546234258
6994.0,0.0028773153888554453
7005.0,0.006516729562206568
7013.0,0.002924623663274586
7021.0,-0.000815610209114782
7029.0,0.009964529686736407
7038.0,-0.00648832796594779
7050.0,0.014853115724017405
7061.0,0.008165627472827139
7066.0,0.0016729286644052875
7074.0,0.0032158421220548506
7082.0,-0.001526312750092476
7091.0,0.00983904308004243
7100.0,0.002432724695067807
7108.0,-0.010454681156042839
7112.0,0.000882511573685841
7120.0,0.005292166534837489
7126.0,-0.0009772354024077286
7134.0,0.013279541183804902
7143.0,0.00392811918207231
7157.0,0.006621839230946949
7165.0,0.007041956377050319
7177.0,0.004911983467142154
7183.0,-0.0009381046910041775
7188.0,0.00637464854824131
7199.0,0.004136389141021875
7203.0,0.009178273585473726
7211.0,0.002983807751394097
7222.0,-0.0009329636675846155
7233.0,0.00682808070906527
7244.0,0.007985658998367784
7249.0,0.0023710388243217534
7256.0,0.007737440956524195
7262.0,0.008631360433122012
7273.0,0.007262840484997117
7281.0,0.0029154184460212433
7288.0,0.004211256074621744
7295.0,0.007651218217285606
7303.0,0.0015150602896051059
7314.0,0.013784367503507314
7318.0,0.016800022618745778
7326.0,0.009660299050028956
7331.0,-3.313733376007888e-05
7340.0,-0.00032875676909691266
7349.0,0.005015244590224666
7356.0,-0.0014956380841967373
7364.0,0.013087357239113254
7375.0,0.0007394503666610621
7386.0,0.0030892154609473946
7393.0,0.009455490411540264
7401.0,0.005496487344225805
7410.0,0.003720472688255051
7419.0,0.014745411468542378
7427.0,0.00535430258588667
7435.0,0.007629434742210473
7443.0,0.005491596617193883
7454.0,0.0020578234814828283
7461.0,0.009744613421951659
7469.0,0.009037990263186624
7480.0,0.0059140793193103265
7487.0,0.016244215929469688
7496.0,0.0040304078706702474
7508.0,0.006181425523522851
7518.0,0.002037970398972435
7529.0,0.001690484989944609
7537.0,0.00644868708956847
7543.0,0.0027718404974087993
7550.0,-0.002285239090231809
7562.0,0.015468863378588044
7569.0,0.0006979989940943058
7575.0,0.0016289987750132844
7582.0,0.004455164911999063
7591.0,0.006798498738398719
7600.0,-0.0028700518235583086
7606.0,0.00591307151409606
7613.0,0.007916726622176356
7624.0,0.005541642053033983
7635.0,-0.0006130142059594542
7645.0,0.00873321506930468
7652.0,-0.003242322456754106
7663.0,-0.004449450173910555
7677.0,-0.005515410384520084
7681.0,0.0005690396082316071
7687.0,0.007278718418579469
7691.0,0.0003095895098139787
7697.0,0.0064021219383396145
7707.0,0.009710126416454646
7714.0,0.00464685062924376
7722.0,0.0049401635942331245
7729.0,-0.0014259411076298822
7734.0,-0.002470200525810378
7742.0,0.007004154076636547
7750.0,0.0054801784597803965
7759.0,0.0064001710296102444
7767.0,0.007110104332618409
7775.0,0.0026151392669199647
7784.0,0.011480189506845507
7792.0,0.006357761094790432
7803.0,0.002988971331933132
7812.0,0.0033057880515822524
7821.0,0.0013229964945166465
7829.0,-0.0035774446543406875
7837.0,-0.0025961847662462002
7841.0,0.0024943022532754188
7846.0,0.003772680436792383
7857.0,-0.008543080040489441
7865.0,0.004491124590436651
7874.0,0.004008144220285041
7881.0,0.004463095491634956
7889.0,0.00020254341150864616
7900.0,0.0062618071704162205
7911.0,-0.0015159551689765845
7919.0,0.0075850015707637965
7928.0,0.005948703053854641
7936.0,0.007904981413948966
7941.0,0.005497595101857789
7949.0,0.012611405116872698
7954.0,0.007272589190121116
7961.0,0.006216100198753226
7975.0,0.006184037555621016
7982.0,0.006509606959913523
7990.0,0.0015110896100951016
7999.0,0.00403479418340927
8003.0,0.00799819180048903
8008.0,0.003065269080499124
8013.0,0.004124463813159528
8021.0,-0.002381434025115915
8026.0,0.007081991898181453
8034.0,0.011859567522767752
8040.0,-0.005369788476032915
8044.0,-0.0004766476554669124
8052.0,0.002091540340996749
8059.0,0.0038185033563978435
8073.0,0.0030112911053860013
8081.0,0.01101716911255961
11155.0,0.0026969444147170595
11163.0,0.008265632734001155
11175.0,0.01291958803128913
11189.0,0.0026606779194275373
11197.0,-0.0002927984096816446
11205.0,0.0037754566021981533
11213.0,0.0035768634589987986
11222.0,0.006921279258008232
11233.0,0.0018181655486721642
11242.0,0.0041494127179763935
11250.0,0.00537215157107814
11256.0,-0.004374749260435765
11265.0,0.004193052682025163
11274.0,0.0017237249001001863
11282.0,0.0037795710278686304
11290.0,0.0028938773402513696
11296.0,0.00727224785713462
11303.0,-0.00044856321867084014
11311.0,0.003084187033430891
11322.0,0.0065745868864386945
11329.0,0.006343931283078072
11335.0,0.0023574997196828527
11342.0,0.006149606476739063
11350.0,0.0030795655577195843
11359.0,0.0018514248109982318
11367.0,0.006585131071496464
11375.0,-0.0016566694634572473
11383.0,0.0033193556494963846
11392.0,0.0018174507913412432
11400.0,0.012490217130043838
11406.0,-0.009254008629534693
11418.0,0.003566471445146264
11425.0,0.0008796283808886051
11432.0,0.0026472485215862343
11443.0,0.0011534439379176167
11452.0,0.00968059301618832
11457.0,0.005462571009350821
11461.0,0.007595662732102023
11467.0,0.0003762108081527249
11476.0,0.005933631577155404
11485.0,0.004173997927086032
11493.0,0.00989298105110525
11502.0,0.007172504603319166
11510.0,0.004129448124483578
11518.0,0.0038229875054078917
11523.0,0.008070835007100815
11531.0,0.004384183547855092
11543.0,0.005430346702964967
11550.0,0.004566145016742422
11559.0,0.003938955512808737
11567.0,0.0034966865700671486
11576.0,0.007393241810887993
11587.0,0.007441465161429124
11598.0,0.0078094092732508115
11607.0,0.007688032083523255
11618.0,-0.011061112646418477
11627.0,0.015065321478183959
11635.0,0.0044865341505053585
11641.0,0.0033115488618356338
11650.0,-0.0008981580121070194
11657.0,-0.004118166351418838
11671.0,0.004694769511456712
11682.0,-0.0036425602529392537
11690.0,-0.0005946702514418086
11699.0,-0.0048549845886147035
11709.0,-0.0020128089597327525
11720.0,0.006417773643316433
11727.0,0.006233991862021476
11736.0,0.003276301160388246
11744.0,0.0029559724943101083
11753.0,-0.0039905677615152775
11760.0,0.0021508144314351606
11769.0,0.01237733956311028
11777.0,0.008541655799485943
11783.0,0.010307469432284657
11788.0,0.01695013164297663
11797.0,0.01446381185675382
11805.0,0.003690154557908147
11811.0,0.007099154624105337
11818.0,4.682135141635551e-05
11826.0,0.011285407766212535
11834.0,0.004807523837467499
11841.0,0.01013375452573466
11849.0,0.010841371947323514
11858.0,-0.01057055348473411
11866.0,0.0007856839755772167
11870.0,0.006042205529164074
11881.0,0.010974420461110775
11889.0,-0.00328304464958175
11896.0,-0.011805251483474366
11908.0,0.002888542973946885
11916.0,0.0030742802997519017
11923.0,0.000743944718517976
11932.0,-0.003110495449814899
11940.0,0.0024102458588446
11947.0,-0.0023169713266023226
11951.0,0.0044983538674612696
11955.0,0.007441040832939233
11967.0,-0.00013436376556446564
11974.0,0.0021688253221297618
11979.0,0.014852744646260265
11991.0,0.015652045916789432
11997.0,0.008766344569351563
12006.0,0.012538959610671105
12011.0,-0.0015454167399498646
12016.0,-0.001121554435612716
12023.0,0.007246826221352848
12030.0,0.0006974153403914453
12037.0,-0.0035978005842562106
12041.0,0.004295439807728951
12050.0,-0.0037581944327082298
12058.0,0.005655540752923665
12065.0,0.0007583373581737132
12075.0,-0.009914791882033822
12080.0,-0.0022092562428766907
12088.0,-0.010061999339943662
12099.0,-0.009753642678921755
12103.0,0.002220801809756642
12110.0,0.01131650398246583
12119.0,0.003952077727421453
12128.0,0.007580353656217245
12136.0,0.007749094524092533
12147.0,0.004413626788402059
12156.0,0.00482596464377562
12164.0,0.0059373785150090555
12172.0,0.002241391293937626
12184.0,0.0091485075949437
12191.0,0.0036967640947281354
12198.0,0.004551753468949548
12205.0,0.0035091360968175288
12213.0,-0.001513479035907088
12217.0,-0.0007818442298473053
12223.0,0.004352082971118902
12231.0,0.005245206238677982
12238.0,-0.0005079865822393997
12246.0,0.007204504594852958
12253.0,0.010912475028328946
12264.0,0.017876035243160466
12269.0,0.0004246758188539216
12273.0,-0.005772354689907892
12282.0,0.006334656174197305
12290.0,0.01168426259576354
12297.0,-0.0016543663844610795
12308.0,0.006767739088027863
12313.0,0.004107890052284229
12322.0,0.005709331794533449
12331.0,0.005566912167846828
12338.0,0.005783988774067717
12343.0,0.003483712853761308
12351.0,0.0042956723826718095
12356.0,0.011874055136415118
12365.0,0.00437913827816948
12371.0,-0.00036970042110118825
12379.0,-0.004225547766076045
12387.0,0.001118032997601283
12392.0,-0.0025449096512175466
12400.0,-0.0050858621957729395
12404.0,0.0026612912490078357
12411.0,0.004648702422766902
12419.0,0.005299971699449595
12427.0,0.0031532386874043587
12439.0,0.0032492282507684636
12447.0,0.004209690441230187
12455.0,0.0038646813457943914
12464.0,-0.0034732557801771973
12471.0,-0.00036592896864781556
12480.0,0.0005425150437396291
12491.0,-0.0008587299627320669
12498.0,0.013614161317187656
12506.0,-0.0012612399686980802
12513.0,-0.002735576904795687
12521.0,0.0014902968329655057
12526.0,0.00010102007520811276
12535.0,0.0062846493115904485
12543.0,0.009651094265868142
12549.0,-0.004562232133669112
12560.0,0.003983119680464001
12571.0,0.004542275560358093
12575.0,0.003178271889596989
12585.0,0.0007381287450389339
12590.0,0.0017647010827417234
12600.0,-0.004496376141717938
12608.0,0.0057062684625054155
12612.0,0.007564782461533277
12619.0,-0.0018856658365104214
12623.0,0.0008704086230347853
12631.0,0.00021682462308175333
12638.0,0.0028405645105020584
12650.0,-0.006599200278545188
12657.0,0.0017483592325550112
12664.0,0.0015480178033685315
12668.0,0.005324409378226998
12679.0,-0.002243289488134135
12686.0,0.0072469478464542054
12692.0,-0.001624388374521522
12703.0,0.005260829579625121
12711.0,-0.0033815440802084907
12721.0,0.005872605756819346
12728.0,-0.00984756243306419
12737.0,-0.007989962623189736
12748.0,-0.009205668976729055
12755.0,0.002630810730157343
12762.0,-0.0038565551469425217
12768.0,-0.004389554913016649
12779.0,0.00404666678442474
12785.0,0.013095589394666755
12791.0,0.00628336530384111
12795.0,0.0076081098047216375
12803.0,0.003650007566385582
12810.0,0.004854153874520394
12818.0,0.0076057030425747685
12826.0,0.0002991002633354667
12833.0,-0.002109904072910149
12840.0,-0.002674938724114115
12849.0,0.00464485935675398
12856.0,0.004853739820833746
12864.0,0.007670700294718662
12870.0,0.007138136595267781
12881.0,0.005667181158581491
12886.0,0.005356207614355914
12891.0,0.003497324123440749
12896.0,0.0016869714425995562
12905.0,0.010344340550301421
12914.0,0.0024038126372381134
12922.0,0.0026014905857116967
12933.0,0.003872460408811904
12937.0,-0.006379441341381936
12945.0,-0.0019816019065934227
12953.0,0.004950776941445312
12962.0,0.018993690309787394
12966.0,0.01053381327837471
12974.0,0.008217087955082997
12980.0,0.006348924676383439
12987.0,0.009448745798239865
12993.0,0.008299477388222207
13001.0,0.01285508030702676
13015.0,-0.01009263377591371
13024.0,-0.0016841821659357545
13031.0,0.008988138872230492
13039.0,0.011427419516019072
13045.0,-0.0011520788257539888
13052.0,-0.00032426043301132915
13058.0,-0.0028049194662981116
13069.0,0.002177016908074837
13077.0,0.0070416543219152215
13084.0,0.00034956262417806946
13091.0,0.01472475872017801
13097.0,0.01293132150693875
13106.0,0.0005787073840368981
13112.0,0.007048219104987156
13121.0,0.008896482614670612
13129.0,0.006305450638970976
13136.0,-0.0006966300251907767
13145.0,0.006895104723035535
13153.0,0.003638129292052348
13160.0,0.0050980653651700614
13167.0,0.0006087456721024102
13173.0,0.011083034220476918
13181.0,0.006615874067736307
13188.0,0.011562171282433432
13196.0,-0.0020294561893095743
13205.0,0.008317926454161075
13214.0,0.008904870101759685
13222.0,-0.0031297135542453247
13231.0,0.009259600625993758
13239.0,-0.0007683006714411484
13247.0,0.002634824937602512
13255.0,0.01324936728799127
13263.0,0.0021908676700854394
13274.0,-0.0010640693707933142
13278.0,0.0017432696183028549
13285.0,0.007381112305695173
13293.0,0.006233059480736306
13302.0,0.0037971187940813783
13306.0,0.005180928579719932
13317.0,-0.00720188229380977
13324.0,-0.0009312745283909245
13333.0,0.009473315152245594
13340.0,0.006329294480134517
13348.0,0.005804982031560768
13358.0,0.0019647403905184487
13370.0,0.0080588781951822
13377.0,0.007804814820032183
13384.0,0.005610272164230944
13391.0,0.0022803491396493655
13395.0,0.011729995204622923
13400.0,0.004739860519308212
13409.0,-0.0009151559771744402
13420.0,0.0012348697093398095
13428.0,0.0057381499768061756
13433.0,0.00888282152424295
13447.0,-0.019214050471583196
13451.0,-0.008606253597707161
13458.0,0.007792529643808055
13462.0,0.003697833907948358
13467.0,0.00412542147704309
13472.0,0.010761675397048583
13481.0,-0.0005421980757225368
13487.0,0.012960073699438163
13491.0,0.00688307997439109
13498.0,0.0036323984821358124
13502.0,0.007298347110614624
13509.0,0.0043342019790336165
13514.0,0.0074428012220899625
13522.0,0.006312721390328032
13530.0,0.005470855744895539
13538.0,0.005617216793047627
13547.0,0.00460445183888556
13555.0,-0.002720445091287191
13560.0,0.0026341178366752257
13569.0,0.00740184125186897
13577.0,0.002714365900130363
13588.0,0.006376430817160741
13594.0,0.003982854404912831
13602.0,0.002381567582515623
13610.0,-0.0018265066811276856
13617.0,0.007006886893669022
13625.0,-0.0014461470201996966
13634.0,0.005069607953865271
13642.0,-0.001614861414190936
13646.0,0.007387634704970891
13657.0,-0.0017196547942005121
13666.0,0.006922062311225441
13673.0,0.0015064569556693392
13679.0,0.006673998154464551
13690.0,-0.0030309449766332017
13696.0,-0.0008822223444887984
13704.0,0.008070651894674631
13712.0,0.005973280820542592
13723.0,0.010770044671449708
13728.0,-0.0006055147733373814
13734.0,0.0058611570582555025
13748.0,-0.0002828935430944519
13754.0,0.0010329469036451148
13759.0,-0.0028314201346673062
13763.0,0.013587674068253237
13771.0,0.0103887737193233
13782.0,0.0051971970778385505
13786.0,-0.00544088729362985
13792.0,-0.0016723794652513308
13799.0,0.010376673226026966
13803.0,-0.005016710557016684
13808.0,0.005138274773292486
13815.0,0.003315783699134329
13824.0,0.0049520357517206254
13838.0,0.007891365650868789
13846.0,0.0015832291205209342
13855.0,0.0005290173327057164
13859.0,0.0021317566269740225
13871.0,0.006006155424301529
13879.0,0.009020799436862664
13885.0,0.0032535699948423673
13891.0,-0.003456377514714029
13899.0,-0.0005237210689495266
13909.0,4.4078500432125244e-05
13917.0,-0.00478989507416844
13926.0,0.007919797094480647
13931.0,0.0076520554226246155
13942.0,0.003563942074889434
13949.0,0.0041692323774773455
13961.0,0.0030500606654985723
13969.0,0.005029569603860777
13977.0,0.0038125029346740844
13985.0,0.0073725005329893034
13993.0,-0.011874502742015895
14002.0,0.0006055677915731809
14007.0,0.0007662623971631671
14014.0,-0.0062774893708807305
14022.0,0.000610134155469063
14026.0,-0.0049416107431767805
14033.0,0.007409464987712958
14039.0,0.004835642546079818
14047.0,-0.003831479001984088
14058.0,0.008425306313643322
14067.0,0.009790484279264417
14074.0,-0.0012340047797545395
14080.0,0.0017991886967510728
14085.0,0.015079121811385083
14091.0,0.0014669883630845893
14098.0,0.0005676104033791951
14106.0,0.003288465542642283
14114.0,0.00827961949976175
14126.0,0.004166799675360103
14133.0,0.005771410243380828
14141.0,0.006563839716588367
14149.0,0.0007752519210122667
14158.0,0.00634351910410917
14167.0,0.0013698700081394418
14174.0,0.0059466662170126776
14182.0,0.003134413709742943
14191.0,0.007368785713481102
14199.0,0.006429775822927123
14206.0,0.008643000244052809
14215.0,0.009652543602810197
14225.0,0.0043781687087179
14232.0,-0.003969978469316924
14239.0,-0.000894530681822495
14246.0,-0.008075888471464676
14250.0,0.0033480609924449274
14259.0,0.011032998231929683
14270.0,0.007612772711991517
14278.0,0.004257270543456514
14290.0,-0.0009919403263176437
14299.0,-0.002993956626455468
14307.0,-0.0012779064125360358
14313.0,-0.004899547321319136
14321.0,0.0025486462548542713
14335.0,-0.0014496249197860434
14340.0,0.005001001555530706
14346.0,0.005193993003883315
14355.0,0.009158557518315581
14362.0,0.017678423172509703
14371.0,0.00948926656663476
14380.0,0.01628110023282564
14388.0,0.016457142905841556
14395.0,0.016923778318431913
14403.0,0.011078979902287308
14411.0,0.0038942746389417564
14419.0,-0.006670184413884088
14424.0,-0.0032825495813976827
14429.0,0.007328948599768558
14440.0,0.006078042211513098
14447.0,0.002153811705699835
14458.0,0.0032386977008298213
14466.0,-0.0009926308380764828
14471.0,-0.0009230654152606534
14483.0,0.004171406899212946
14489.0,0.0009813133859501756
14493.0,0.005283285509922558
14501.0,0.008786304904967896
14508.0,0.0014191539897188722
14513.0,0.00023076254173389027
14520.0,0.0038423474928645104
14526.0,0.005884550014834104
14537.0,0.005229906067325482
14543.0,0.00196553514594606
14554.0,-0.00047779060556794585
14560.0,0.004330460749404855
14569.0,0.006108272630497433
14577.0,0.01027093098377747
14584.0,0.017820530313304696
14592.0,-0.002043801319518758
14604.0,-0.0038482512760548
14611.0,0.005456062566368559
14623.0,0.009231825749335518
14631.0,-0.018427422528920878
14635.0,0.00792056377907841
14642.0,0.004736275279926596
14649.0,0.004304379760911874
14657.0,-0.010571080957947957
14665.0,0.011676022923602496
14672.0,0.008750180171373193
14684.0,0.009155984784690974
14693.0,-0.0006864537635181639
14702.0,0.004179729916828646
14710.0,0.0020696305594778658
14718.0,0.005284162874395251
14727.0,0.0057660618729857395
14738.0,-0.0009541095653304145
14746.0,-0.005568991940925841
14753.0,0.010735489398455053
14762.0,0.0023786859992066902
14770.0,0.01396309538919698
14778.0,0.006243108520246571
14787.0,-0.001645274578801203
14794.0,0.014267161119473125
14799.0,0.0001647260623230655
14810.0,0.0031396200601092493
14815.0,-0.0010677800169282734
14820.0,0.0070099939936829935
14825.0,0.005508321054186135
14834.0,0.0035058684356577005
14841.0,0.004559696444276064
14846.0,0.0032696122960116287
14850.0,0.009231249797036696
14859.0,0.005693701400782705
14870.0,0.005559536340859773
14877.0,0.002822824597975431
14885.0,0.0017242005979399711
14894.0,0.0034467629154734114
14902.0,-5.018396563775134e-05
14909.0,0.0005111481777445562
14919.0,0.005948109662460917
14927.0,0.0037719172167730007
14934.0,0.004028660814308172
14943.0,0.010172237720376493
14951.0,0.009540046468036922
14959.0,0.00508933382808678
14967.0,-0.005116121688577898
14975.0,0.0013218863037564258
14987.0,0.009476202785793168
14996.0,0.008530778245590436
15007.0,-0.002103394087928315
15019.0,0.009832474073299447
15027.0,0.005203197536953949
15033.0,-0.0019243574419655907
15042.0,0.006010389714930224
15050.0,0.009503293955391363
15058.0,0.006904066552332193
15064.0,0.0015766250928088174
15075.0,0.0042968238746376505
15082.0,0.00275047157254626
15093.0,0.006315282442278471
15101.0,0.0026439442317123087
15109.0,-0.000811356145980435
15117.0,0.009885214782571455
15126.0,-0.0062564424840773104
15138.0,0.014665553047565106
15149.0,0.008318660677005946
15154.0,0.0016319295256172104
15162.0,0.0032534105642805016
15170.0,-0.001313313040335952
15179.0,0.009908135353980356
15188.0,0.0026447880128392083
15196.0,-0.010439630750348284
15200.0,0.002610260895241215
15208.0,0.005384608789473359
15214.0,-0.0016184534952485203
15222.0,0.005839917633460689
15231.0,0.003825274998306368
15245.0,0.006761404386656223
15253.0,0.006919345987042078
15265.0,0.004743907953615549
15271.0,-0.0006694568746018879
15276.0,0.015300816773016349
15287.0,0.00430701340903468
15291.0,0.00924787258449647
15299.0,0.0028378658572145747
15310.0,0.0005784638889035534
15321.0,0.007069574039315122
15332.0,0.007954154078681509
15337.0,0.0021719365354018875
15344.0,0.007792290614169789
15350.0,0.00882992540122352
15361.0,0.007246482192320799
15369.0,0.0026165083856301632
15376.0,0.004253681112169598
15383.0,0.007498447459992431
15391.0,-0.00026497802520658657
15402.0,0.013627275614813123
15406.0,0.017034850395944115
15414.0,0.00953221450881171
15419.0,-5.448803384548581e-05
15428.0,0.001721451636068867
15437.0,0.005127695196312285
15444.0,-0.001588062915945244
15452.0,0.013113602281849428
15463.0,0.0007432058710333814
15474.0,0.003067725285173863
15481.0,0.009365056224980574
15489.0,0.005573641517749253
15498.0,0.004166830676053777
15507.0,0.014653272118824594
15515.0,0.005278027896255109
15523.0,0.007425702952410612
15531.0,0.00539204071187792
15542.0,-0.0013566146680110821
15549.0,0.009592497863858402
15557.0,0.009062192130238863
15568.0,0.005824180465917621
15575.0,0.016333759853582267
15584.0,0.004285895751722305
15596.0,0.006133245197217252
15606.0,0.003156246970534323
15617.0,0.0016684082386251348
15625.0,0.006675709395601788
15631.0,0.001980984515322756
15638.0,-0.0014423789102845344
15650.0,0.015030831952901919
15657.0,0.0026206539148824434
15663.0,0.0015543607587377667
15670.0,0.0040106683877727
15679.0,0.0074217455411951395
15688.0,-0.0031019606440103498
15694.0,0.005757119905685245
15701.0,0.007762552539151916
15712.0,0.005843352996365442
15723.0,-0.0006118086143700974
15733.0,0.008837343366112122
15740.0,-0.003516979590529641
15751.0,-0.005023445835832339
15765.0,-0.005827307188487443
15769.0,0.0006473620809833714
15775.0,0.007155320963731364
15779.0,0.00018805443510854544
15785.0,0.006343353114744995
15795.0,0.007709923482721925
15802.0,0.0044237123644763985
15810.0,0.004981481166019792
15817.0,0.005880492231036982
15822.0,-0.002639715982616973
15830.0,0.007453404630772378
15838.0,0.005511082989100242
15847.0,0.007268772482469
15855.0,0.007368163442810143
15863.0,0.0024680084011116632
15872.0,0.011405899258621836
15880.0,0.006385974023410422
15891.0,0.0032146702283242694
15900.0,0.0030224235892532267
15909.0,0.001232797717646742
15917.0,-0.0033742031156176896
15925.0,-0.00267171102176969
15929.0,0.002836651477246904
15934.0,0.0036829124751637105
15945.0,-0.00851424344423833
15953.0,0.004513368197127857
15962.0,0.0036369678916757233
15969.0,0.004276954721929795
15977.0,0.0037357140409235044
15988.0,0.002812603098970124
15999.0,-0.0015961005308516567
16007.0,0.007945820232850708
16016.0,0.005693046500752704
16024.0,0.007862681902029604
16029.0,0.00565768510081398
16037.0,0.005889675409439031
16042.0,0.0069092962531470655
16049.0,0.006445860971963483
16063.0,0.006095177681005711
16070.0,0.006322278537199052
16078.0,0.0005910006014815342
16087.0,0.006989773083399826
16091.0,0.007878539757959052
16096.0,0.003100089393467865
16101.0,0.004244938942896618
16109.0,-0.0018136393766061238
16114.0,0.007366961421860672
16122.0,0.011912274855473364
16128.0,-0.005603753160394658
16132.0,-0.00018707418522235787
16140.0,0.0021021592266628852
16147.0,0.003956348474606219
16161.0,0.002607090593889555
16169.0,0.011338443665291112
