,8
0,-0.00262009170303104
1,0.0014241873595933609
2,-0.00039844132499102777
3,0.0011744046217830584
4,0.0004757084465366165
5,-0.00044114873209812045
6,4.7520029576648347e-05
7,0.0008360747197230974
8,0.0007930325800617937
9,0.00020068977548522783
10,0.000518930059060749
11,0.001304961388295132
12,0.000725306278062265
13,0.00029403431415701874
14,0.0016023375991478777
15,0.00928294178975894
16,-0.0004855770897048514
17,0.003854593274376309
18,0.00022479627376432713
19,0.0004862686731882707
20,0.0028310307126586344
21,0.0013462402829174135
22,0.0002607909215224589
23,0.0013315629670985498
24,0.002975387064372611
25,0.00021112268854654324
26,7.923159063695838e-05
27,0.0009184281263198955
28,0.0022066632534371152
29,-0.0010735774832864
30,-0.0005239733448099662
31,0.0005751986802647597
32,0.001517606841295018
33,0.00014171779315036296
34,-0.00019182722095209055
35,-0.0002491301076471956
36,-0.0007128230082222992
37,-0.00028180797849948946
38,0.0008727148078187252
39,-0.0003210141046072889
40,0.00023827147881313673
41,-6.596458013892418e-05
42,0.00011641885032752796
43,8.53116828253433e-06
44,-0.0005173237397293954
45,0.001280774305422792
46,0.0005582198994084404
47,0.00036569554379621783
48,-4.989029002539019e-05
49,0.001283270189850209
50,0.0007590060878704005
51,0.00010328395823920907
52,0.0012415746785088555
53,0.0015828091556856338
54,-0.000589969819463922
55,-4.411869941828601e-05
56,-0.0005242966462208242
57,-0.0038512629677016426
58,-0.0020386503401287137
59,-0.0006577724820725848
60,-0.00043903430564895296
61,0.00038867530168559247
62,-0.0002730637703680567
63,0.0007362885584078956
64,-0.0007673716153519513
65,9.008888197856079e-05
66,0.0002342036119479324
67,0.0002910100184640568
68,-0.00012438210639598038
69,9.232337246289872e-05
70,0.0005273202028035951
71,0.0023133858748716684
72,-9.616138915009075e-05
73,0.00501574877152117
74,0.0026270608325320265
75,-0.0022023411236586667
76,-2.6924710863082416e-05
77,8.316593992198316e-05
78,0.0004891741047064148
79,0.00040536951512741483
80,0.0003586615434758462
81,0.0013417337171957497
82,0.0006221372132168229
83,-0.0006204309788304976
84,0.00019082994338585609
85,0.0007085761871020756
86,0.0019267773183554247
87,0.0019858798285357893
88,0.0031195024278326015
89,0.0011890102512681093
90,0.0016010697304584486
91,-0.0003531867992127497
92,-3.896684105115782e-05
93,-0.0006374297806338917
94,-0.0002557416242685381
95,0.002738966084697274
96,0.00030759414278716264
97,-0.00013500850497722826
98,0.00021428680465883452
99,0.0002562697441648791
100,-6.282687171211102e-05
101,-4.0443417418593884e-05
102,0.0012012434266136449
103,-0.0008629292555946892
104,-0.000534796528516725
105,-0.0010444871131864823
106,-0.0006635712679874489
107,-0.00013152170058000298
108,-0.00024255681904707582
109,0.00010374758627355171
110,0.00013923496832182972
111,-0.00017758664859650165
112,0.00018315088169364692
113,-0.0006009026811892716
114,0.00043324617827453937
115,0.00010622535123825408
116,-0.0004091870945848526
117,0.0004182102123385094
118,0.0012922220165257354
119,0.0006101201301537214
120,-0.0009561309307481288
121,7.887128055665779e-05
122,0.0016462750906492429
123,0.0012622106868771716
124,-0.001605256488146727
125,-0.0047315669743556105
126,-0.004839085542266074
127,0.00189307244184317
128,-5.576286211598575e-05
129,0.0008273160326548996
130,-3.5934217114251723e-06
131,-0.001143480860461015
132,-0.00027624035888655884
133,0.0004383228804688881
134,0.00036876188439614074
135,0.0002654357510305556
136,0.00010024195456714006
137,-9.227920376881838e-05
138,-0.0008269502955493572
139,-0.001507667820415205
140,-0.00024077637133366073
141,0.0013474235692441958
142,0.0009655711378346215
143,0.00022398220003796803
144,0.0010574141631897788
145,0.00022786699730581016
146,0.00019556309362239464
147,0.0017709881958782368
148,-4.924134856706239e-05
149,0.0007692489206752656
150,0.0009714901272344051
151,0.005232292405607812
152,-0.0008994109969032538
153,-0.00013568132522584172
154,-0.00024137747025805998
155,0.00046671931595394745
156,-0.0001553486975448678
157,0.0004257490211293791
158,0.00040991029325177647
159,5.555766703135074e-05
160,0.00034156457294354437
161,-1.842366928707115e-05
162,0.00012378684368179782
163,-0.0002667853507568871
164,-0.0016381752152819522
165,-0.0006504413786281122
166,0.0016100096452064277
167,0.0010018865336654669
168,0.0007193977842935836
169,-0.0016804310676520285
170,-0.002103023252178966
171,-0.0008395077884705355
172,-0.0009193569138619826
173,-0.0002163070469508931
174,-0.0004930663612173105
175,-0.00041812518620255347
176,-0.00022909391551302063
177,-0.0007458830475442898
178,-0.0006085434334149387
179,3.9713131512559046e-05
180,-1.1796087892319764e-05
181,-0.0006913018973461211
182,-0.0007176834395549125
183,0.0007021810968119728
184,0.00031252986916558686
185,0.00018720926507044064
186,-0.0004468672297386462
187,0.0005939244757158867
188,-0.0002493569735806774
189,0.0003347081985286168
190,0.00018442886331304488
191,-0.0005929657623527455
192,0.0003462534408658415
193,-0.0003931490457140397
194,-0.00019537357818954847
195,-0.00010975295259117584
196,-6.433744629120643e-05
197,-0.00015219248334909908
198,-0.0005420754766955907
199,-0.0007801561794539938
200,8.775279578248122e-05
201,0.0009587343219786299
202,0.0007767202555933626
203,0.0028784702571887245
204,0.0003372406294664218
205,-0.00019006281010363468
206,-0.0020403445725346568
207,0.0011303056995530438
208,0.000614707201513304
209,0.0009197705547913736
210,0.00048380335036090987
211,-1.6403703471574834e-05
212,0.0003739549986888016
213,7.838165632392592e-05
214,0.0001314374445225806
215,-0.00010799062257050435
216,0.0001920509369330966
217,0.000325619668839067
218,0.0006662078862927906
219,0.00038484695024345277
220,0.00045701716454387445
221,0.000683141853813743
222,0.0030992631905652286
223,0.0012759825014630433
224,-0.0004267300794688818
225,0.0020370422584832263
226,4.5235873595459945e-05
227,-0.00035934935917012254
228,0.0011249932926299996
229,-0.0003293547075724401
230,-0.0023615933086197985
231,-0.0015153250013508238
232,0.0020717586656344173
233,0.0036384276907615704
234,0.00467150389661683
235,-0.0018483213967594452
236,0.00033880178296268856
237,7.21423319291091e-05
238,0.0019384920356385002
239,0.005340534128333903
240,0.000639250503111791
241,0.00017487630789518756
242,-8.836568002559189e-05
243,0.00020590709365186149
244,0.00027502283733565436
245,-0.0006798865057389221
246,-0.0011676587546620896
247,-0.0007000591057630212
248,0.0017304474654747366
249,-0.0005920984582922337
250,0.0003891227998755629
251,0.0002637489271489861
252,0.0017412681206702028
253,8.005127645822186e-05
254,-0.0004898136153240152
255,0.00018208639063156974
256,-0.0008234758841196201
257,-0.0005741542919924186
258,0.002327283644014997
259,0.0010756393716717097
260,0.0008375771162755682
261,0.001636058521652535
262,-0.0006993961428087439
263,0.0017188622546496979
264,9.660522166181712e-06
265,1.4343364410828897e-06
266,0.0001093205782586486
267,-0.000200800406679389
268,0.00021632025723186484
269,-0.00011777302986369345
270,-6.889952943161081e-05
271,1.345043084950413e-06
272,0.0009037006582849905
273,0.00024113850111951937
274,-0.0003978123321476041
275,-0.000993393201039485
276,0.0004359945129839875
277,0.00036192491558243556
278,0.0005942936231896846
279,-0.00021406480064812842
280,0.0002509248941428125
281,0.00019905139983371518
282,0.00033245472478380707
283,0.0003927877749700819
284,5.7630297871540234e-05
285,-8.291134952505992e-05
286,-0.000841281605453196
287,0.00014113612640094287
288,-6.409280914036407e-05
289,0.00035672632323647825
290,0.0004024996137430475
291,-0.0006203225936610724
292,2.2651941846524834e-05
293,-2.139151468995357e-05
294,-0.00018071334908499742
295,0.0005955136444329016
296,1.123586990548098e-05
297,-0.00010305174124555106
298,0.0004131590074034022
299,3.4585871145047586e-05
300,0.00048091023326581365
301,2.1115663963315318e-05
302,0.0006831426350764514
303,0.0004036557907165062
304,-8.051751319636557e-06
305,0.00028479147755945016
306,0.00030577213981933585
307,0.0005464218330610234
308,-0.00017549543457916
309,0.00012271221310800276
310,0.0008349946352202212
311,5.060809740018099e-05
312,2.9814118603111384e-05
313,0.0007946294130964796
314,0.00019231138324211152
315,0.0012752687951081533
316,0.0010283168809576547
317,0.0002242700025173706
318,-2.96640807200951e-05
319,-0.0019145816191602995
320,-0.0013747320522395497
321,-0.0012247520361781505
322,0.0006177370226237482
323,0.001225775245689733
324,-0.00028218356454264183
325,0.00016285691434760418
326,0.00011560269186675736
327,0.00047238792542431064
328,8.297809230427805e-05
329,0.00015769136008023075
330,-0.00020695880825167783
331,0.0003375877222753822
332,0.00012416875448385798
333,0.00030672774329086594
334,0.00023015605055807744
335,-0.0006216465824804618
336,0.0005619191525669424
337,0.00014602000862197796
338,0.0006812743343278069
339,-0.000628262188064785
340,-0.00043803033603881207
341,0.0004283366814919127
342,-3.844895929958839e-05
343,0.00032495627162776477
344,-0.000189468594711662
345,0.00023069186888225094
346,4.184852307614447e-05
347,-3.451509151618352e-05
348,-0.0003503401313049422
349,0.0019494173165189941
350,-0.00034876125489427827
351,0.00045129237738300424
352,-1.4827125699821516e-06
353,-0.0004760402484857346
354,0.0007347802968629965
355,0.001329281579497913
356,-3.975439027100123e-05
357,7.14380116591238e-05
358,0.0003749630821483304
359,9.599231673851284e-05
360,0.00030190000863764585
361,-8.873655395434493e-05
362,0.00030070660368669555
363,-2.1581301578446046e-05
364,0.0003178197932676272
365,0.0002438991133154232
366,-0.00024449920529356206
367,0.0003098797361168782
368,0.00041970198097182
369,0.00032041796381606123
370,0.00013481544946070194
371,0.0014307160453252538
372,0.0013666560593987762
373,0.0014563334650854508
374,0.0004412989083119365
375,0.0001011798004665856
376,-0.00017819757959129895
377,0.00046570943226659917
378,0.00026166033618124895
379,-6.066670881750888e-05
380,0.00012080723225333038
381,0.0007174806744378905
382,0.0008090341000198029
383,-0.0003486816031517744
384,6.863163065738939e-05
385,0.000622866185586147
386,0.0006366649846038387
387,0.0008343613325262899
388,0.00016584670819737974
389,0.00029110910453484666
390,0.0013060459448044836
391,-0.0005460329750987924
392,-0.00046969921666958827
393,-0.00033110677064872643
394,-0.0002513035667234712
395,0.0013641507610629322
396,-0.0014073181347836236
397,-0.001122801662606826
398,-0.0006054935478836235
399,0.0012780838448015345
400,0.0004594907141402759
401,8.528261302197723e-05
402,0.007214671193164875
403,0.0031612116219109938
404,0.0013069881123611681
405,-0.0007013785926595163
406,-0.00015955324411775254
407,0.0010434317095922084
408,0.003937740287935841
409,0.005123561959230029
410,0.0006752706539178831
411,0.0008222413942474488
412,-0.0010024803370152953
413,-0.0001515676797090969
414,-3.107016913798267e-05
415,0.00012911183009732
416,-0.00010722968535457054
417,-0.000454428724906813
418,0.00037596350085109323
419,0.0002953559960939405
420,-0.0004720214589083423
421,0.0001581965242154836
422,-0.0003116284796591344
423,-3.729903524806198e-05
424,-2.1120806766619555e-05
425,0.00017461119649289148
426,0.00010929121026722939
427,-0.000418307851116
428,-0.0004947856109836728
429,0.00047822825454755835
430,-7.925535617121446e-05
431,1.314391983069308e-05
432,0.0005956716503362912
433,-0.00027961465550241344
434,-0.0004301681380993752
435,-0.00037817695606612506
436,-0.00019107893840208552
437,0.00038817905678148506
438,0.003244143672252935
439,-0.0036028475324507464
440,-0.0008889242439718919
441,0.0002986809648228472
442,-0.00011714474544087304
443,0.0003876607730473682
444,-0.0004353344050067551
445,-0.00017347649284824425
446,-0.000475464066152932
447,-0.00022271664513097994
448,-0.000374310168296725
449,-0.0003513850573123108
450,-0.0008623620303325472
451,9.07731388763285e-05
452,0.0012532686198284762
453,9.279409561109793e-05
454,0.00010654011941741542
455,0.001673034589773254
456,0.00014260683427000273
457,0.00019119597321950194
458,-0.001098153765459288
459,0.0002535443577162074
460,-3.447347565242736e-05
461,-0.0005929321210934894
462,0.0008778755867757041
463,0.0003261938193243327
464,7.557284582014788e-05
465,0.00019554358177350769
466,-0.0010068579345022866
467,-0.00012992053237970106
468,0.00011671540432284342
469,0.0001263693853880587
470,0.0003770561213399542
471,0.0004982250960615204
472,0.0002103641389752487
473,0.00043054461592755623
474,0.00038171894683472284
475,0.0003435818024590368
476,0.0006879352440939979
477,9.933654155152251e-05
478,0.0008573485537581079
479,0.0003700554640985135
480,-0.0001682569611651609
481,0.00038941911451275383
482,-0.001872725017831264
483,-0.0006236244443274473
484,0.0015375233127987156
485,0.0002974401058123257
486,-0.0011129436097357458
487,-3.2378793275217223e-05
488,0.0008858016827958912
489,0.0004969108770529026
490,0.0002852367708502537
491,2.0466998770530697e-05
492,-3.639961145125053e-05
493,0.00027312931365016004
494,0.0013062340069424012
495,0.0018238943629084274
496,0.0006688898387437598
497,0.003998490318087734
498,0.0007328353246967386
499,-0.0004511860183356671
500,0.0007597146630800853
501,-0.0007719859974930687
502,-5.702233793305587e-05
503,-0.00023337240519134817
504,-0.00027064188941937096
505,0.0004620058409544346
506,0.0018503032065770987
507,0.0019509579389183846
508,0.006135425783941175
509,0.000879077626414384
510,0.0007679998475453773
511,0.0008995052594365864
512,0.00015647016155008266
513,2.3982342446278293e-05
514,-0.0005092799043218396
515,-0.0005598655755931277
516,0.000138886375907256
517,-0.0004899182432954431
518,-0.000529515837383857
519,-0.0002447166747645349
520,0.00043981383753051526
521,0.0029161536798841055
522,0.0016649861746469102
523,-0.00022374483289556654
524,0.0006629988443285718
525,0.0016420005732379304
526,-0.0005444791395020804
527,-5.970108141660335e-05
528,0.0007406421494309779
529,0.0013798449239186012
530,-0.00013321290512324825
531,8.731749427999293e-05
532,0.005277907669590901
533,0.001399467267662654
534,0.0004723079432145091
535,0.0014215630260723052
536,0.004646331903008826
537,0.0012438512960158462
538,-0.0003043147003168877
539,0.0034788034323455876
540,0.008243490732886874
541,-6.379639127350707e-05
542,0.00021500695806279913
543,4.56812359835823e-05
544,0.0013112334100931298
545,-0.0007381925900867141
546,0.0015496569180557976
547,0.0014057223550689368
548,-0.0005032219345856954
549,0.00023744023361643786
550,-0.000215911417416483
551,0.0015800987558279612
552,0.00013727828759468644
553,0.0003863091797949509
554,0.001343512847671899
555,-0.00019187076832234806
556,0.00030093070157876896
557,0.0011561077199896378
558,0.0010890051511711022
559,0.0003554327058720724
560,-0.00015684252744570747
561,0.0006313148839014062
562,5.872338012859822e-05
563,0.00012043041048246498
564,-0.0005095722092518958
565,0.00012043007743319519
566,-0.000710934506329094
567,2.6669353822420905e-06
568,0.0003102391665133022
569,-0.0006928752265983331
570,-0.0001423138621632075
571,-0.00033332118717816075
572,-0.0013095866058258972
573,-0.0030329708625607523
574,0.0005166649166832983
575,-0.0003040998971033637
576,1.1994753344689684e-05
577,-2.1269182784193203e-05
578,0.0001628252291777255
579,0.0015599363078260037
580,-0.0004650786684860057
581,0.0006060192718157715
582,0.0006382158425189988
583,0.004287980290282918
584,0.005402107009200364
585,0.0004738541377701189
586,0.001988718738187517
587,0.00011494070699425152
588,0.0005775430084537241
589,0.0021845697078626777
590,0.0003869568168889017
591,0.0009280009596805084
592,0.0003306600530487529
593,-0.0002712991077906873
594,8.430154114063681e-05
595,-0.0003829401848327865
596,-0.000501069797613241
597,-0.0004877856436434575
598,0.0018358673943180146
599,0.003377736296923505
600,0.0012548031406906322
601,0.0019106923033561354
602,0.00209835465229294
603,0.000940807561824596
604,0.001105491893459149
605,-5.2494261880460896e-05
606,-9.663271270812123e-05
607,-0.0004923218077045161
608,-0.000988213922544321
609,4.6512529885914157e-05
610,0.00016373841912094164
611,-4.7911674741696146e-05
612,-0.0005531471174377012
613,0.0005364273779084483
614,1.0454134917497013e-05
615,0.001085694547873925
616,0.0010052802254821682
617,-0.00021796979867611603
618,-0.0005077498835902784
619,0.0006957184417968781
620,0.0002175052215854242
621,-0.0004761014026292959
622,-6.967535348881821e-06
623,-0.00046923736619659253
624,0.0001223790988233101
625,0.0012046373890635298
626,-4.720482444805512e-05
627,-0.00010364443800352871
628,0.00048553823424627525
629,0.0008379093870100777
630,-0.0002176095206561912
631,-0.00023944748713246138
632,-0.0014347240835040692
633,0.0002592487849089551
634,-0.002771513117826458
635,-0.002599550781495816
636,0.0014268295111954166
637,-0.00037512194439232217
638,0.00118278063851063
639,0.00046485720481699827
640,-0.0004476966958300621
641,5.151286640240697e-05
642,0.0008262793795203787
643,0.0007705220251976037
644,0.00019532644069161951
645,0.0005132481714599661
646,0.0012895257021215735
647,0.000783013052182652
648,0.00028497462354107084
649,0.0016096012434482269
650,0.008801139538419066
651,-0.00048633438244193977
652,0.003861489691918902
653,0.0002244705531171973
654,0.0004952388487991825
655,0.0028408631767510607
656,0.0013514786080808232
657,0.0002611050132478362
658,0.001324777692283251
659,0.0029558657390367114
660,0.000292014631205227
661,4.630345891372152e-05
662,0.0009327854997054565
663,0.002193440561169252
664,-0.001056727009236756
665,-0.0005156116392277439
666,0.0005808508326909666
667,0.0014875827268542086
668,0.00014075095398642296
669,-0.00018316137813406528
670,-0.00024089115188207633
671,-0.0007178770096035334
672,-0.00027177025846464894
673,0.0008818600005488294
674,-0.00031281114270518293
675,0.00028286655728159267
676,-7.333178647196121e-05
677,0.00013863708087346715
678,0.00011224652084682653
679,-0.00041489546190393706
680,0.0012891180582797956
681,0.0005575120572757991
682,0.00035946569872629086
683,-5.385080910574505e-05
684,0.0012772957706774185
685,0.0007440908442306591
686,-8.814035212026088e-05
687,0.0012029531915787749
688,0.0017399416252781535
689,-0.0006076721281232107
690,-3.891958341064079e-05
691,-0.0005468050679611327
692,-0.003931224796280301
693,-0.0020635928563030657
694,-0.0005789460763490034
695,-0.0004860477590080867
696,0.000378901031366431
697,-0.0003476213329000569
698,0.0007212014629986397
699,-0.0007536702645588569
700,7.23837557707649e-05
701,0.00023675364605829074
702,0.00026131408820848605
703,-5.358829726164231e-05
704,9.539118679481908e-05
705,0.0005358593074991779
706,0.002353869866641474
707,0.0003615817388224476
708,0.005144655261352371
709,0.0026162526757027545
710,-0.002643678685013503
711,-2.8877038090740944e-05
712,0.00020573681825481475
713,0.0004992250743605441
714,0.000358371617096362
715,0.0002417068289378086
716,0.001671401282162053
717,-0.0016123181804278933
718,-0.0022380173029661597
719,-0.002916026737446547
720,-3.590458116472397e-06
721,8.984935101040907e-05
722,0.002768150699264714
723,0.004654816825873353
724,0.0006812557899107012
725,0.0009760676727236019
726,-0.0010939502494917643
727,0.00013737885240324072
728,-0.000660564754874738
729,-0.0002626072062428921
730,0.0027582967040951623
731,0.00031084210015203405
732,-0.00014085914076801564
733,0.00021837335478656396
734,0.00026201564995402516
735,-8.971148223727254e-05
736,-4.115980901880952e-05
737,0.0012653921635447987
738,-0.00041522129026120007
739,-0.0005158154846069235
740,-0.0010717340477637317
741,-0.0006326387821927899
742,-0.00014681726950695122
743,-0.00029483268627975544
744,0.00013208277591135332
745,0.00019579164977121723
746,-0.0001703752820996234
747,0.00019323569415246382
748,-0.0006002849165067659
749,0.0002851810633069407
750,0.0002718118553962646
751,-0.0004110955770731262
752,0.0004325884970576847
753,0.0012896594708071152
754,0.0006132907835011257
755,-0.0015772607123397363
756,7.867047415672093e-05
757,0.0016414219071201597
758,0.0012341572213729545
759,-0.0012055201661286012
760,-0.004763759788631887
761,-0.004834448119670558
762,0.0020116524698554814
763,-6.077132848861822e-05
764,0.0007748068650540924
765,-4.448038621099392e-05
766,-0.0011389669151963542
767,-0.00028035678797619585
768,0.0004332105727519599
769,0.00030223902857095744
770,0.0003383186650914208
771,0.00010731101183375616
772,-0.00011061194235625689
773,-0.0008314587126624873
774,-0.0014690382780288365
775,-0.00027442603144618504
776,0.001334876123953567
777,0.0008150533259699377
778,0.0002411005606397083
779,0.0010867164872374927
780,0.0002581248499087446
781,1.0392921107309705e-05
782,0.0017514077870420084
783,-4.427154824828307e-05
784,0.0007718571775798353
785,0.0010329505738381484
786,0.005312821561589372
787,-0.0008891617470953361
788,-0.00012624507917922409
789,-0.0001910481074228737
790,0.0004499516140126799
791,-0.00016102903294774995
792,0.00041746560765154464
793,0.0003951727030669621
794,4.7268463926241216e-05
795,0.0003413810852764552
796,-2.7698866631772324e-05
797,0.0001258305326162219
798,-0.00027312633303572167
799,-0.0014714492390167887
800,-0.0006295903055694235
801,0.0015435617636603228
802,0.0010127463416855836
803,0.0007323577573377456
804,-0.001596174590442
805,-0.002087723825450559
806,-0.0008637042038395935
807,-0.0009705540885289168
808,-0.00020758697476572002
809,-0.0004869833575850339
810,-0.0003161371784425486
811,-0.00015159780580677036
812,-0.0007632541528089201
813,-0.0007113322635358785
814,0.00020040038049141284
815,-6.991931863358949e-05
816,-0.0006623130295013099
817,-0.000507240182340088
818,0.0006263555848349935
819,0.00033617622929344343
820,0.00013699163566368542
821,-0.0003762560245591657
822,0.0005926398576222578
823,-0.00023193784484829932
824,0.0003528073982105032
825,0.00021822549240839645
826,-0.0006527418942394289
827,0.0005016297613060801
828,-0.0003836288039287868
829,-4.793459626681238e-05
830,-0.0005504184130625393
831,-0.00016601731077037256
832,-0.00016775347329915367
833,-0.0008552872331030672
834,-0.0005378800098065391
835,8.941170932832812e-05
836,0.0009286029232415957
837,0.00105203977087919
838,0.00292464082646396
839,-0.00016915521762772998
840,0.000949312346702772
841,-0.0017536343129400992
842,0.0009412910386520265
843,0.0005903827194294821
844,0.0009915336103108446
845,0.0004931250503220635
846,-2.5763356892434643e-05
847,0.00044548301616236896
848,0.00010001392367476461
849,0.00012511622754320096
850,-0.0001082653117161971
851,0.0002042599705002181
852,0.0003311227904589154
853,0.000681531588306564
854,0.0005190844782990518
855,0.00044394020405781745
856,0.0007942060409862013
857,0.001440701497491075
858,0.0012730763820417456
859,-0.0004330636291977178
860,0.0008146358969075189
861,0.0006621171972019327
862,-0.0003523167282887042
863,0.0011870216917867595
864,-0.0003105843289409474
865,-0.002342922545203854
866,-0.001524578946978144
867,0.0020618071474610314
868,0.0031683571435842423
869,0.004622631742792906
870,-0.0018470636522993958
871,0.0003732188020583201
872,0.0001333034104186224
873,0.0019407224292566925
874,0.00524505018668209
875,0.0006314628757887217
876,0.00015780017546352133
877,-9.21312608320058e-05
878,0.0001996509155804757
879,0.0002720941818734485
880,-0.0006686646868051344
881,-0.0011346957187662204
882,-0.002347359186837221
883,-0.0006278634908121857
884,-0.00120196537455178
885,0.0009488395662027598
886,0.00023221506001316685
887,0.001753445458621629
888,7.268574715474026e-05
889,-0.0005100588519258799
890,0.0003551329096067329
891,-0.0006252006963020464
892,-0.0005933944856760574
893,0.0023074272481618985
894,0.0010670817815938462
895,0.0011870933096766402
896,0.0016255940810555615
897,-0.000692272391935487
898,0.0017429124250589853
899,9.740861313590395e-05
900,-1.8995572422378422e-05
901,0.00012128108162795202
902,-0.00020057345449821706
903,0.0002181460684369974
904,-0.00011776372916564409
905,-8.93076262412744e-05
906,-1.1299268235014949e-05
907,0.0010629388585217821
908,0.00019149843862138023
909,-0.0003547060823734719
910,-0.0010085696466969889
911,0.00040658202937874434
912,0.0003757631301476208
913,0.0006097130182055575
914,-0.00021513297497000104
915,0.00023448175633591795
916,0.0001921938076063852
917,0.0003453032953469638
918,0.00039586136869963447
919,4.033174668292026e-05
920,-7.803076032549225e-05
921,-0.0008495056961128355
922,0.00017767341474276153
923,-6.320180828892748e-05
924,0.00035265689619820085
925,0.00038632784096035935
926,-0.0006149491003429915
927,3.5756126507653204e-05
928,-1.981448821045248e-05
929,-0.00018459678746199357
930,0.0005991362511318346
931,1.2853495522269385e-05
932,-0.0001098624360915022
933,0.00041979517367740865
934,3.219140822853981e-05
935,0.0004782660829991745
936,3.5423964671351e-05
937,0.0007009994353097083
938,0.00040227137460926597
939,-1.3367364819815632e-05
940,0.0001993102254875229
941,0.0003144343470075161
942,0.0005386623424208603
943,-0.00017911921034849716
944,8.843281788750265e-05
945,0.0007411283336855104
946,3.7700154703167074e-05
947,1.626006902834854e-05
948,0.000776811938970024
949,9.822009212083176e-05
950,0.0012721257071996366
951,0.0010252603096564139
952,0.00022619623471863118
953,2.3702941966137606e-06
954,-0.0018976613381232225
955,-0.0013678586093888835
956,-0.00125051176497565
957,0.0005193406915169086
958,0.0010415979562045396
959,-0.00027984019583718133
960,0.0001542382421106886
961,0.00013130408511997064
962,0.00045146307763986257
963,7.871118482905194e-05
964,0.0001522473809132365
965,-0.00020059741378831267
966,0.00034408966364662567
967,0.0001273605393572669
968,0.0002480367982732238
969,0.00022197315125512332
970,-0.000622004921919423
971,0.0005661731387354179
972,0.00013177301306648825
973,0.00068190558726984
974,-0.0006357746437749732
975,-0.00043709799556167044
976,0.0005134060308998682
977,-4.947311465588716e-05
978,0.0003366043691153029
979,-0.00023113112957691135
980,0.0003179133099777224
981,-6.629385410471077e-05
982,-4.534813931899617e-05
983,-0.0003282617720261265
984,0.00197564017154598
985,-0.00036936984456707446
986,0.000553089433806151
987,-3.869130986246147e-05
988,-0.0004496578626987541
989,0.0005236032004693581
990,0.0013371774542791908
991,-5.175649821696904e-05
992,8.741933194877329e-05
993,0.0003795142654957068
994,6.091660480792237e-05
995,0.0003147394938038228
996,-8.276782385686401e-05
997,0.0002283002248776102
998,-1.5846954682904596e-05
999,0.00033894543020563886
1000,0.0002436572251116911
1001,-0.00023050703726818452
1002,0.0003704399556726362
1003,0.00034117964970671046
1004,0.0003359121693226977
1005,0.00011833757450434632
1006,0.001356749169677942
1007,0.0013531284537281532
1008,0.0014169174054587284
1009,0.00043548515401590425
1010,9.878434634675978e-05
1011,-0.0002095382691795301
1012,0.00042654478978638565
1013,0.0001722052444941445
1014,3.131222874502284e-05
1015,0.0001254133087473158
1016,0.0007175320223309515
1017,0.0008677060363295216
1018,-0.0002878262619779514
1019,5.731256765511259e-05
1020,0.0005176058206165445
1021,0.0007102726394551958
1022,0.0008081357663902262
1023,0.00016985200346491785
1024,0.00028471614663953945
1025,0.00131450061596858
1026,-0.0005134673887806563
1027,-0.0004547040703387155
1028,-0.0004831763655007265
1029,-0.0001361465429562474
1030,0.001358692895450785
1031,-0.001428844731096111
1032,-0.0012072032160303835
1033,-0.0005956329849812155
1034,0.001280132770172261
1035,0.0004669517667383786
1036,7.203656417142469e-05
1037,0.007143355143864519
1038,0.003150114948280794
1039,0.0013278087152706764
1040,-0.0006338144068057462
1041,-7.205070497340319e-06
1042,0.0010435819404162826
1043,0.003988570911467306
1044,0.00505191092779623
1045,0.000646046118382126
1046,0.0009992390471570201
1047,-0.0009715065691617459
1048,-0.00016093443526577189
1049,-4.1043312570422094e-05
1050,0.00011975842314124158
1051,-0.0001097162426156152
1052,-0.00045554279238488576
1053,0.00037073646148082164
1054,0.0002848006458875652
1055,-0.00047740254650415024
1056,0.00015620524300097034
1057,-0.00031225125640517475
1058,-3.427400487697601e-05
1059,-8.846424257210987e-06
1060,0.00017140580729976004
1061,0.0001657680704411526
1062,-0.000292080008717743
1063,-0.00047970457286381163
1064,0.0005286314710133775
1065,-4.680458094554664e-05
1066,1.3742483805101289e-05
1067,0.0006006398186480375
1068,-0.00023555816698125627
1069,-0.00038315991872463076
1070,-0.00037362795655988617
1071,-0.00010449780430536286
1072,0.00042727552599876746
1073,0.003334964951628709
1074,-0.003495205875782722
1075,-0.0008309874323897075
1076,0.00014561957726208925
1077,-0.0001130858583613972
1078,0.00037866698813591955
1079,-0.00043607449710843075
1080,-0.00017467434545562156
1081,-0.0004343523897947619
1082,-0.00018982834955029676
1083,-0.00040152885055686865
1084,-0.0002633902510195813
1085,-0.0008316320297575527
1086,0.0002487686395975866
1087,0.0012370631319555845
1088,0.00010277905111669464
1089,0.0001065513624688065
1090,0.0016620376079014487
1091,0.0001369768921683194
1092,0.00020572261055403236
1093,-0.0010331186450927645
1094,0.00022857517593766953
1095,-4.3123457087504484e-05
1096,-0.0005458366796964383
1097,0.0008963111218435368
1098,0.0003585400962545714
1099,7.52699175263035e-05
1100,0.00019749116296597196
1101,-0.0010288879518266384
1102,-0.0001360807462506772
1103,0.00011963883281973896
1104,0.00018902965085382177
1105,0.0003707789064206091
1106,0.0004956820523177597
1107,0.00021226010374521823
1108,0.0003614787041362546
1109,0.00037304411621463134
1110,0.00034091877184068685
1111,0.000699809898920279
1112,0.00022572647310883595
1113,0.0008601075087899779
1114,0.000362884315224055
1115,-0.00016967422319728767
1116,0.000397638337492019
1117,-0.0017751219072672587
1118,-0.0007264313137235907
1119,0.0015481246875922623
1120,0.0002991519382530459
1121,-0.0012360294086727153
1122,-5.705967755589823e-06
1123,0.0009024806756548795
1124,0.0005153568291480032
1125,0.00010883038183164959
1126,4.253580946141294e-05
1127,-3.2371462081155354e-05
1128,0.00027955123503345673
1129,0.0012871762143829037
1130,0.001878973867433362
1131,0.0007557701677089831
1132,0.0039559575914112095
1133,0.0007329533095907014
1134,-0.00045796797016487974
1135,0.0007552870626559075
1136,-0.00046893595148938334
1137,-3.4699129245728474e-06
1138,-0.0003922185579539116
1139,-0.0005188083019991646
1140,0.0005464029113574074
1141,0.0018680097189383428
1142,0.0016741700066979289
1143,0.006107426436868512
1144,0.0008725470555047359
1145,0.0007865550831968962
1146,0.0006531844704885098
1147,0.00016161445411373647
1148,1.3184473695535006e-07
1149,-0.0009848873090263354
1150,-0.0003536110978092906
1151,0.00023018642498140272
1152,-0.00048016058172159503
1153,-0.0005170582338259574
1154,-2.2356913210926283e-05
1155,0.0004031172471953775
1156,0.002928352817099688
1157,0.0012276383134294615
1158,-0.0002732047224377938
1159,0.0006464222648970224
1160,0.0016513745795277198
1161,-0.0006527263157678761
1162,-6.84432170403412e-05
1163,0.0007666067647466171
1164,0.0014322268583449593
1165,-0.0001283852788151085
1166,4.7255565155923295e-05
1167,0.005271955504119564
1168,0.0014000631696554082
1169,0.0005052641102227518
1170,0.001432215210081595
1171,0.004548366027864533
1172,0.0012696352129142887
1173,-6.322347660753515e-05
1174,0.003551322922993518
1175,0.008263402843006718
1176,-5.62153332013166e-05
1177,0.00021469287764935325
1178,5.981222681527334e-05
1179,0.001275509938524951
1180,-0.0007019900590749672
1181,0.0016136526063768126
1182,0.0012457474113349314
1183,-0.0005253080049707676
1184,0.00037720370694196726
1185,-0.00017642844846216588
1186,0.001551199469655339
1187,0.00012867287366610404
1188,0.000373626872634227
1189,0.0013734257057087431
1190,-0.00021126773065162038
1191,0.0002939456540886771
1192,0.0011719023161910677
1193,0.00109993979167323
1194,0.0002575093926109418
1195,-0.00015527407907239767
1196,0.000730563473913334
1197,8.343639800825159e-05
1198,5.873850385856756e-05
1199,-0.0005243666583092363
1200,8.441366074768331e-05
1201,-0.0006433565635585506
1202,-0.0002751790392845656
1203,0.0003256945971546839
1204,-0.0004695318561057943
1205,-8.588502731934447e-05
1206,-0.00030589285054466285
1207,-0.0012876786783391609
1208,-0.003050482393044392
1209,0.0006096128270371346
1210,-0.00029779231090565323
1211,1.4426323448105543e-05
1212,-1.2264183309025661e-05
1213,0.00014587990519311308
1214,0.0016006548009691631
1215,-0.0004621222247625697
1216,0.0006098426637008001
1217,0.0007393915955883533
1218,0.004672589986634998
1219,0.005342852837612942
1220,0.0004828049954906441
1221,0.0017252505269438642
1222,0.00014227119271729033
1223,0.0005907950365792476
1224,0.0021784940275618647
1225,0.000644613801638256
1226,0.0009398201367733746
1227,0.0003137671527923216
1228,-0.00021874856224123916
1229,0.00011975130552102393
1230,-0.0004061556021640427
1231,-0.0004961800067064715
1232,-0.000546878092940138
1233,0.0018104569152509937
1234,0.0034025100468258267
1235,0.0011986173144391834
1236,0.0018759691943769957
1237,0.0022661094101833396
1238,0.0009757727999506321
1239,0.0012122958792405267
1240,-2.7076680877421325e-05
1241,-1.4410258543350289e-05
1242,-5.743434139779943e-05
1243,-0.0009212838710989808
1244,4.723053663556846e-05
1245,6.610908063119336e-05
1246,6.883664958316234e-05
1247,-0.0005580330753548545
1248,0.000588676940212589
1249,-5.701465725529092e-07
1250,0.0010802157956322103
1251,0.0009939389738944878
1252,-0.0002511099746523464
1253,-0.00044578277395855516
1254,0.0008667620435554884
1255,0.00021746903367644916
1256,-0.0005364101498036676
1257,0.00010993403091263821
1258,-0.000383955430271943
1259,0.00022478125317481357
1260,0.0010954879509968531
1261,-0.00010407037856761256
1262,-0.00015232331243371516
1263,0.0004393194632597252
1264,0.0008690498358268668
1265,-0.0002953768123620078
1266,-0.00013205882718737443
1267,-0.0016229682489917203
1268,0.00017721834382960388
1269,-0.0026440841213314567
