,5
3067.0,-0.006016301622235838
3075.0,0.0006939057689841849
3087.0,-0.002021586846887999
3101.0,-0.0049256476126865985
3109.0,-0.0006800722965285831
3117.0,0.0023177381887189248
3125.0,-0.0010396645182791787
3134.0,0.0006239691002402853
3145.0,0.0003164601926107278
3154.0,0.00045959563274480987
3162.0,0.0010982270212512284
3168.0,0.0027789947258940423
3177.0,-7.954763682674931e-05
3186.0,0.0001330212294634641
3194.0,-0.00031043061130933003
3202.0,0.0039858557171567974
3208.0,0.0018973133423787435
3215.0,-0.0030368731126614243
3223.0,0.003685177214629281
3234.0,0.003309549062097385
3241.0,0.0017092696001989318
3247.0,0.0028598636713209526
3254.0,0.0011758623517675452
3262.0,-0.0030219938775966084
3271.0,0.0013937158071893232
3279.0,-0.00014366511810937036
3287.0,-0.003866224003074198
3295.0,0.008557102854345048
3304.0,0.0003566593601575857
3312.0,0.0005833852329445954
3318.0,-0.0011128418159995351
3330.0,0.007511152227815433
3337.0,0.006349310292752984
3344.0,0.0035222716683122224
3355.0,0.00037827980336164113
3364.0,-0.004012479400236897
3369.0,0.001786631102772194
3373.0,0.0069429115432818565
3379.0,0.0010659812788225563
3388.0,0.0012436939747453102
3397.0,-0.001510325265798527
3405.0,0.001594816195617783
3414.0,0.0015575676729343677
3422.0,-0.0008665476028753943
3430.0,0.0004085478995267205
3435.0,-6.857788752878283e-05
3443.0,0.002658375182081522
3455.0,0.0016535925605636087
3462.0,0.00018230360381014154
3471.0,0.0011739808812778394
3479.0,0.001721363956376512
3488.0,-0.0002710815522377364
3499.0,0.0005036020571245677
3510.0,0.001345219823830494
3519.0,-0.0014970921608442912
3530.0,-0.0031485500042548026
3539.0,0.003484347274543062
3547.0,0.0009237799751789414
3553.0,0.006021371666380879
3562.0,0.00025774293243169933
3569.0,-9.57517928279776e-08
3583.0,0.0009069422095570142
3594.0,-0.00026618967353999326
3602.0,0.002603916813359556
3611.0,-0.0029826251310759145
3621.0,-0.0008324010399335182
3632.0,0.0009681535231013091
3639.0,0.0032205051630075344
3648.0,-0.0005316712898039461
3656.0,3.148726092674601e-05
3665.0,-0.0007972117148996272
3672.0,0.00032575218999257685
3681.0,0.0021281559418938932
3689.0,0.003511919216736175
3695.0,0.0009227129957408124
3700.0,-0.011823070214469614
3709.0,-0.002054334444656951
3717.0,-0.0006634065583949244
3723.0,0.0012736544393458324
3730.0,0.003540142050060678
3738.0,0.0003518218912372455
3746.0,-0.0007460275661874348
3753.0,0.0021883768409424005
3761.0,0.0007686359036641754
3770.0,0.0004315957628298818
3778.0,0.008966840736763865
3782.0,0.003814541931451958
3793.0,0.004821787598479292
3801.0,0.005036225108730183
3808.0,0.0004200990005883768
3820.0,-0.00045985121927988147
3828.0,0.004844748358247008
3835.0,0.0003850125948186698
3844.0,-0.0024017625179326343
3852.0,0.007550168814216992
3859.0,-0.0017826137726679769
3863.0,-0.00012954412262371852
3867.0,0.006382390720823643
3879.0,0.0032452740947941645
3886.0,0.0009004044214127379
3891.0,0.002674136330507681
3903.0,0.0014994092544161495
3909.0,-0.0007981427667476217
3918.0,0.006144313257273885
3923.0,0.005466684500707805
3928.0,1.870248538385486e-05
3935.0,0.008556686108516507
3942.0,0.001786688380275961
3949.0,-0.0025285496606761598
3953.0,-0.0034987211843392585
3962.0,0.00045153078162933743
3970.0,0.00402348863153929
3977.0,0.0009108647983739161
3987.0,-0.0006058841344207014
3992.0,-0.0016078020534173
4000.0,-0.00024105400170774987
4011.0,-0.0008495225567431952
4015.0,0.0028074610378332086
4022.0,-0.005626820576314582
4031.0,0.0030758881044615845
4040.0,0.0037252233469633298
4048.0,0.0003961719790804315
4059.0,-0.00040665534667131846
4068.0,-0.0016147133297857903
4076.0,-0.001587067752135764
4084.0,-0.007683729311042817
4096.0,0.0035535135355146547
4103.0,-0.013154261831340008
4110.0,-0.005046456751419789
4117.0,-0.0023267045350066516
4125.0,0.003932451082460352
4129.0,0.00033413441838293706
4135.0,0.0006441562439366917
4143.0,0.0035813200045087417
4150.0,0.0006234265773969181
4158.0,0.0024833033674638355
4165.0,-0.00019344198512185248
4176.0,0.0024426176793976803
4181.0,0.002173146555558316
4185.0,-0.00030017434236960023
4194.0,0.004543335245765575
4202.0,0.006165717481307288
4209.0,8.203715147793652e-05
4220.0,-0.0015080633575829385
4225.0,0.0005305898845424445
4234.0,0.0002815219425847256
4243.0,0.0003339245566873631
4250.0,0.005065023117056009
4255.0,-2.420269701849713e-05
4263.0,0.001769739738776917
4268.0,0.0013268686613799976
4277.0,-0.0008291678253179416
4283.0,-0.00023518047420566148
4291.0,-0.0006342787578363409
4299.0,-0.002852214984956408
4304.0,-9.956538672941582e-05
4312.0,-9.499050043724297e-05
4316.0,0.002032820340199502
4323.0,0.00018213755745702587
4331.0,0.001014543591543791
4339.0,-0.00010043519111660809
4351.0,-0.00022251544936724261
4359.0,-0.0012783508425491016
4367.0,-0.0008807671735992206
4376.0,-0.0009249756589345954
4383.0,-0.001356538323821023
4392.0,0.00032972400315596154
4403.0,-0.0017914833630908304
4410.0,0.009660510437069456
4418.0,-0.005062400271865477
4425.0,-0.0015300271437381633
4433.0,0.0009168361122356499
4438.0,-0.006116291592860478
4447.0,0.0012263901754103535
4455.0,0.002252748007307664
4461.0,-0.000677035033123491
4472.0,0.0020462426056153324
4483.0,-0.00020705515814300852
4487.0,0.002958648963749733
4497.0,0.002578504564228462
4502.0,0.00046500637021495945
4512.0,-0.002235153028204768
4520.0,0.00511059242305473
4524.0,0.0018009922331428385
4531.0,-0.0001712204964036283
4535.0,-2.4306967178019416e-05
4543.0,-0.0012759927483293242
4550.0,-0.004033846634167185
4562.0,-0.0013664008361002793
4569.0,-0.007142851492917369
4576.0,0.0020990028246959404
4580.0,0.0005201056723131191
4591.0,-0.0025140862073041925
4598.0,0.0029327532246792537
4604.0,0.0015457708130331028
4615.0,-0.004279187974954795
4623.0,-0.0029166880641463373
4633.0,-0.004006101967796972
4640.0,-0.005288113901097705
4649.0,-0.00255574215935558
4660.0,-0.0031167968635972257
4667.0,0.004473586771372419
4674.0,0.00846507434452131
4680.0,-0.001268113387072604
4691.0,-0.0014819218658437075
4697.0,-0.00669587382213525
4703.0,-0.002069406491992135
4707.0,0.0020017369339762744
4715.0,-0.001901007732910374
4722.0,0.0023924167253597194
4730.0,-0.0004137838125774484
4738.0,-0.00024356486544641794
4745.0,0.0006812679895097638
4752.0,-0.0007001436251849059
4761.0,0.001130723866440448
4768.0,0.004194238262553405
4776.0,0.0027009456594808785
4782.0,-0.0002969615758430726
4793.0,0.0010374155254231833
4798.0,0.0004404906664486519
4803.0,0.00031118495500571827
4808.0,0.001477826663603835
4817.0,0.0027912984371153376
4826.0,0.0009534263888438473
4834.0,0.0027476033970180156
4845.0,0.004977478960646826
4849.0,0.00039556487835940517
4857.0,0.0007442300866187124
4865.0,0.0016677488850464512
4874.0,0.004783345620016428
4878.0,-0.00027389436967368945
4886.0,-0.004087586216665941
4892.0,-0.0057664564533275176
4899.0,-0.002915373444382982
4905.0,-0.0020460506595487544
4913.0,0.0008096296474725134
4927.0,-0.004567239695678893
4936.0,-0.0028815947730276544
4943.0,0.012060530100272865
4951.0,-0.009420768509933486
4957.0,-0.0031975373088074014
4964.0,0.0010447495522256395
4970.0,0.003220953090845597
4981.0,-0.0014356013216360953
4989.0,-7.394205789869032e-05
4996.0,0.002093880877501702
5003.0,0.0006699077463800559
5009.0,-0.0021553929065004436
5018.0,0.000396977764321293
5024.0,1.933253396282614e-05
5033.0,0.0024788223802139006
5041.0,0.002270772628964063
5048.0,0.000916658362877672
5057.0,0.0023237483053902726
5065.0,0.000825512348162831
5072.0,0.00439681714631488
5079.0,0.00365685543355074
5085.0,0.0010821782594978785
5093.0,0.004292176885532998
5100.0,0.0009642328361473681
5108.0,0.0021285185066836653
5117.0,0.0030508015365987803
5126.0,0.004391367878096188
5134.0,0.0009211061330670182
5143.0,0.00419157169991483
5151.0,0.0019778388019928025
5159.0,0.00032401675463910364
5167.0,0.0006255686408903628
5175.0,-0.0004920892846877657
5186.0,-0.001170156939097627
5190.0,0.0004994730561632675
5197.0,0.0017986913383964103
5205.0,-0.0010748301698034562
5214.0,-0.0003253975161297125
5218.0,-0.003353369075487357
5229.0,-0.0003406102085062438
5236.0,-0.004375916066248964
5245.0,0.0024166448921923325
5252.0,0.0005794563384141872
5260.0,0.0001050685478407974
5270.0,0.0005230536317289308
5282.0,1.2554848975160439e-06
5289.0,0.002248407470645882
5296.0,0.003077960869357554
5303.0,0.0025034496661060987
5307.0,0.0007512261822458791
5312.0,0.0005128320216776534
5321.0,-0.002001943866780106
5332.0,-0.0006622008583968412
5340.0,-0.0007794347445714994
5345.0,-0.0019091669358522988
5359.0,0.00014087081047561213
5363.0,-0.01277796126332334
5370.0,0.0005477196748340082
5374.0,0.0008690153229578721
5379.0,6.146360875030799e-05
5384.0,-0.003021881783785035
5393.0,0.00039749998884466804
5399.0,0.001641863920424567
5403.0,0.0006097607536977865
5410.0,0.0018023221256027162
5414.0,0.0011146159554641728
5421.0,0.0009159697827639673
5426.0,-0.0004613493134741947
5434.0,0.0009799296106135513
5442.0,8.663237433966588e-05
5450.0,5.0342427435777894e-05
5459.0,7.002375777101956e-05
5467.0,-0.0019489978577638704
5472.0,-0.0011904146271181654
5481.0,0.0023769232194355123
5489.0,0.000818556739271584
5500.0,0.0007257900886231271
5506.0,0.0008775291739178466
5514.0,0.000457461224897261
5522.0,-0.0023003771546736564
5529.0,-0.002475914250221569
5537.0,-0.00612464288123695
5546.0,-0.0018753347431437251
5554.0,-0.0008908138087869856
5558.0,0.0005486675385752141
5569.0,0.0012741321498487418
5578.0,0.004285835759277061
5585.0,0.0012848310066931544
5591.0,0.0009603756776746512
5602.0,5.0126353046320146e-05
5608.0,0.0010379991697937044
5616.0,0.00037059294237896983
5624.0,0.0008932169455606747
5635.0,0.00031384911121632266
5640.0,0.0022038457444330563
5646.0,-0.0011239372378226756
5660.0,0.002052942914441137
5666.0,0.00023520974849069323
5671.0,-0.0005605683987409879
5675.0,-0.002221766793977972
5683.0,0.0035788829362372655
5694.0,-0.00208091888504748
5698.0,0.00046082951981737616
5704.0,-0.00015697588831607397
5711.0,-0.0007401057415724017
5715.0,-0.0012340442513469366
5720.0,0.00154192069979995
5727.0,0.0004340238777966913
5736.0,0.00027273495274563744
5750.0,-0.000983403541127471
5758.0,-0.0009318292967196992
5767.0,-0.001994125853565215
5771.0,-0.001436396989306325
5783.0,0.007885034821742751
5791.0,-0.0015058748462112418
5797.0,-0.002375371084313208
5803.0,0.0023218878775354184
5811.0,-0.0027166419629367634
5821.0,0.004087594270410501
5829.0,-0.0007090175799911557
5838.0,-0.0014061730370372326
5843.0,0.003120334984239904
5854.0,0.002933368568310021
5861.0,0.0002692339969211408
5873.0,0.0008429859826367344
5881.0,-1.1602009972888799e-05
5889.0,-5.234487891544431e-06
5897.0,-0.0035937452361299582
5905.0,-0.0005795166013759602
5914.0,-0.002511923999547321
5919.0,0.005902027336525161
5926.0,0.0028905320938574118
5934.0,-0.0063967523205179675
5938.0,0.0027051783392303434
5945.0,-0.001809671062050385
5951.0,0.004428042945411342
5959.0,0.00048607350083286005
5970.0,0.0022667570206254067
5979.0,0.0023384913740286603
5986.0,0.004929817032792298
5992.0,-0.0018418507444203235
5997.0,0.004223388597221913
6003.0,-0.0022041627154736555
6010.0,-0.0028371316668555535
6018.0,0.0025222445974412764
6026.0,0.0004735430760671222
6038.0,-0.002053920789230083
6045.0,0.002304006406446334
6053.0,0.0007503393011121923
6061.0,0.0004366653575671203
6070.0,0.0008955027838398824
6079.0,0.001697732863860415
6086.0,-0.0007251880709116288
6094.0,-0.0022025368757725657
6103.0,0.0012270921263830292
6111.0,-0.0021180040192192253
6118.0,0.002258196779711593
6127.0,-0.0005877506811658513
6137.0,-0.006487952231872848
6144.0,0.0024419004140251227
6151.0,0.003330096792251076
6158.0,-7.362477076513691e-05
6162.0,0.004286924955382939
6171.0,0.0011304589845191554
6182.0,-0.00011646612832207538
6190.0,0.0004103912642419197
6202.0,0.009937840538677512
6211.0,0.0026447427648220705
6219.0,-0.0005599211154252833
6225.0,-0.0015665881597706828
6233.0,0.0007183334542290204
6247.0,-0.0032051113708287285
6252.0,0.0025987259475657044
6258.0,0.008757908717811961
6267.0,0.0037870574323212052
6274.0,-0.0027826673320434083
6283.0,-0.0010785231002956265
6292.0,0.002385236069021754
6300.0,-8.158947563294734e-05
6307.0,-0.0034515997581954765
6315.0,0.0017454855369633975
6323.0,-0.0005352473571298185
6331.0,0.0026019670884985724
6336.0,-9.89646268031349e-05
6341.0,-0.0003852938783659279
6352.0,0.0006205639053001418
6359.0,-0.002122687693453194
6370.0,-0.00044379836262674365
6378.0,-0.003594360761349779
6383.0,-4.612583823667849e-05
6395.0,0.0004203335124248432
6401.0,0.0008385976067254557
6405.0,0.003571350261289551
6413.0,-0.0007232383575030102
6420.0,0.006567248543970819
6425.0,-0.0012258525141236834
6432.0,0.0008845860995364073
6438.0,0.0021484523247631135
6449.0,0.0015532031981241117
6455.0,0.0014517466572139927
6466.0,0.0008565790435923111
6472.0,0.0017926252863196225
6481.0,-0.011658614271458307
6489.0,0.005334400330082495
6496.0,-0.0006522640799342154
6504.0,-0.007980085581406109
6516.0,-0.005488796563721998
6523.0,0.001387961822742815
6535.0,-0.001644508299081957
6543.0,-0.0023685396492957485
6547.0,0.002686821979602409
6554.0,0.0009123092184984278
6561.0,0.0028954701150888623
6569.0,0.00088988366246574
6577.0,-0.0007253535890552614
6584.0,0.0014372050615620966
6596.0,-0.0034155796598932643
6605.0,0.00010285375264961058
6614.0,0.0010803946410637146
6622.0,-0.00011149655076089497
6630.0,-2.2661064953519318e-05
6639.0,-0.0010132500824345874
6650.0,-0.00027720920133706653
6658.0,-0.004273898953231137
6665.0,-0.0004523277149649461
6674.0,0.002481042490728699
6682.0,-0.002638036168046294
6690.0,0.0019816853197304088
6699.0,0.00029549044436278195
6706.0,0.00156723755320223
6711.0,0.0007634004218399036
6722.0,0.0011011058635976298
6727.0,0.0012991907856096311
6732.0,0.0008187981308745725
6737.0,0.00042874987471858735
6746.0,1.821768868288184e-05
6753.0,0.0014492540842354381
6758.0,0.00023684567205932213
6762.0,0.001899302868873228
6771.0,-0.000883007264070855
6782.0,0.0002590813092338613
6789.0,0.0011597320944358894
6797.0,-0.0004893025473074972
6806.0,-0.0007844011105663125
6814.0,0.0008831697875305138
6821.0,0.0006056888068616117
6831.0,0.0037927495551110537
6839.0,-0.0033842722218361946
6846.0,2.2922291622685623e-05
6855.0,-0.0016130207818748441
6863.0,-0.0034033634644424493
6871.0,0.004884314959678738
6879.0,0.0013086368866220557
6887.0,0.0010407883206813863
6899.0,-0.0013186614707541894
6908.0,0.0038022360229575986
6919.0,-0.0015080658038967112
6931.0,0.002166101826900547
6939.0,0.004150004468603643
6945.0,0.001108573047247476
6954.0,-0.0001868923888034939
6962.0,0.0008064251562421445
6970.0,0.0027093393907248156
6976.0,0.0007901919928388114
6987.0,0.0015385799525030718
6994.0,0.001915510977339394
7005.0,0.002034224146225252
7013.0,-7.545082348212663e-06
7021.0,0.0009031733930658098
7029.0,-0.001929375466701667
7038.0,-0.0016061682684682436
7050.0,0.007634447418823154
7061.0,0.004083774974422216
7066.0,0.0035142632733104013
7074.0,0.001881639985167525
7082.0,5.821502592389817e-05
7091.0,0.0026340108061124953
7100.0,-0.0011105254433867692
7108.0,-0.0077138270655957445
7112.0,-0.00013777426987180558
7120.0,0.008957489007334946
7126.0,0.0038529101779013046
7134.0,0.0009160740325334761
7143.0,-0.004562848164382203
7157.0,-0.000672550855479145
7165.0,0.0012976208084803885
7177.0,0.0031077133970498706
7183.0,0.0011090498020588791
7188.0,-0.0004020900381646799
7199.0,0.00329954582764046
7203.0,0.0014571838919731372
7211.0,0.0008134336959519527
7222.0,8.786639929755525e-05
7233.0,0.0020704051664724304
7244.0,0.00032672190766456556
7249.0,-0.00046985849231013447
7256.0,0.0012855826368929051
7262.0,0.001136453932796062
7273.0,0.0005014598692289426
7281.0,-0.0005029813180314641
7288.0,0.0036232047314763405
7295.0,0.0019033470914662817
7303.0,-0.0009825115790882664
7314.0,0.0033179259723381525
7318.0,-0.0010502022463736564
7326.0,0.002461078606494361
7331.0,-0.0044973346963910095
7340.0,0.0006463338865281869
7349.0,0.005364172564819343
7356.0,-0.0016297961394601238
7364.0,-0.0019238553501870902
7375.0,-0.0011088220458679307
7386.0,0.002055605247910649
7393.0,0.000382573755510038
7401.0,0.0016201913561780161
7410.0,0.0019331866775354708
7419.0,0.0006255902639162568
7427.0,0.000670936528855931
7435.0,0.0010000265676980268
7443.0,0.0015120939823219212
7454.0,0.0031158044365534963
7461.0,-0.0007601493352561361
7469.0,0.0016296198981428822
7480.0,0.006138265598890392
7487.0,-0.0017170419344508525
7496.0,0.0013573162308207333
7508.0,-0.005138214113159675
7518.0,-0.0014201423447752519
7529.0,-0.00036359728076257287
7537.0,-0.0017615300732157732
7543.0,-0.007868194502228719
7550.0,0.00045483216315164314
7562.0,0.005254241844257211
7569.0,-0.0017736309549208648
7575.0,-0.00022191774279225506
7582.0,-0.002236752218447573
7591.0,-0.0001279780959417822
7600.0,0.002635926425998584
7606.0,-0.002816660050836008
7613.0,0.0005745893758133745
7624.0,0.0011347751793006186
7635.0,-0.002464008360931215
7645.0,0.0006425371548488093
7652.0,-0.002998688311784167
7663.0,-0.0035747941236030133
7677.0,0.0002623212338849046
7681.0,0.004649390522149243
7687.0,0.004385854030237435
7691.0,0.0028775043447993765
7697.0,0.001818538890931338
7707.0,0.0007508947893922678
7714.0,5.5495895589021194e-05
7722.0,0.0057918571576032005
7729.0,0.0015036527187568367
7734.0,-0.0021205554023428384
7742.0,0.0005847140277582166
7750.0,0.0003853283110070922
7759.0,0.0027428500354640746
7767.0,0.0006655677840509183
7775.0,-0.0010162687282330453
7784.0,0.0013315136666029231
7792.0,-0.0001506129150144005
7803.0,0.005100011556425296
7812.0,-0.0072540103471198285
7821.0,-0.00762971929475985
7829.0,-0.008466389114328418
7837.0,0.01684742374886612
7841.0,-0.008807734541382204
7846.0,-0.0006921953484231739
7857.0,-0.00018328705133922228
7865.0,0.0010379629176749537
7874.0,-0.0012145929769875967
7881.0,0.0002789827359736258
7889.0,6.335658832777973e-05
7900.0,-0.00024223991522010402
7911.0,-0.0005516658927322911
7919.0,0.0014342461351431217
7928.0,0.0013759828715156999
7936.0,-0.00033562766924474666
7941.0,0.0010437775870156124
7949.0,0.003159781773105194
7954.0,0.002351929640645004
7961.0,0.0012239557464760607
7975.0,0.004066157584522607
7982.0,0.0013534779360350252
7990.0,-0.0013437399404119335
7999.0,0.001877173269954436
8003.0,0.00042211838926399265
8008.0,-0.0009294022159206277
8013.0,0.0008730522634852873
8021.0,-0.0034478640448770805
8026.0,0.0014156714980838052
8034.0,-0.0033022719894011568
8040.0,-0.0023667149551095867
8044.0,0.0015381841077185528
8052.0,0.0008538501148088419
8059.0,-0.00220402966233883
8073.0,-0.0030324266831121367
8081.0,-0.006743866469203223
11155.0,-0.006007220867858859
11163.0,0.0006317939917375575
11175.0,-0.0020614828136775202
11189.0,-0.00502325113341674
11197.0,-0.0006319034171761347
11205.0,0.0023119902885984363
11213.0,-0.0011353175007129401
11222.0,0.0005615506339012299
11233.0,0.0003625095089313758
11242.0,0.0004460406016777593
11250.0,0.0011210972664881772
11256.0,0.0028312090670102766
11265.0,-5.242799331424586e-05
11274.0,6.111703078816256e-05
11282.0,-0.0003115552868473289
11290.0,0.004117291419252861
11296.0,0.0019690964121072164
11303.0,-0.0020878300338611827
11311.0,0.0036792017330295147
11322.0,0.003338955729425575
11329.0,0.0016173023471151996
11335.0,0.0028395336985685567
11342.0,0.0011419531367124367
11350.0,-0.0030076887351563877
11359.0,0.0009195576980185026
11367.0,-0.00019656334488082956
11375.0,-0.003744428887798518
11383.0,0.008569970503729589
11392.0,0.0003327637731006958
11400.0,0.0005464186269128274
11406.0,-0.0010840606675624825
11418.0,0.007499375739763326
11425.0,0.006414701698581428
11432.0,0.0035470366246886497
11443.0,0.00032930899345708754
11452.0,-0.003966850366496573
11457.0,0.0016780809950111004
11461.0,0.006786627666907903
11467.0,0.001059778169920435
11476.0,0.001252225679458381
11485.0,-0.0014775876429822775
11493.0,0.0016530014493366936
11502.0,0.001550226673126394
11510.0,-0.0008606977609943603
11518.0,0.00044891595072827137
11523.0,-2.7885333094981578e-05
11531.0,0.002043889210245917
11543.0,0.0016755453913669092
11550.0,0.00018806320389842544
11559.0,0.001115567732022733
11567.0,0.0016969287124317613
11576.0,-0.00029961782760333185
11587.0,0.001382980039419346
11598.0,0.0012808730355297496
11607.0,-0.001462470774999112
11618.0,-0.0031446024430362867
11627.0,0.003498625342067139
11635.0,0.0039026114481461476
11641.0,0.008453592334037956
11650.0,0.00021768102453846306
11657.0,0.0006936470343192353
11671.0,0.0008575270511244848
11682.0,-0.0001827459154783503
11690.0,0.0025976177582355494
11699.0,-0.0026581994988786385
11709.0,-0.0007857209455090783
11720.0,0.0008849189504264692
11727.0,0.0031596976683120194
11736.0,-0.0005556521302975621
11744.0,4.5496558294460114e-05
11753.0,-5.121195509488641e-06
11760.0,0.00031142591032698154
11769.0,0.0021917860904140355
11777.0,0.0036276206365569285
11783.0,0.0011687597892645488
11788.0,-0.011838816965799201
11797.0,-0.0018114768706302942
11805.0,-0.0005983783520379156
11811.0,0.0013316666013887064
11818.0,0.003495273519688937
11826.0,0.0007294832957965397
11834.0,-0.00039994205730651216
11841.0,0.002360287639052314
11849.0,0.005149985678660758
11858.0,-0.014595653715123245
11866.0,0.004019782594221979
11870.0,0.00021729941879879703
11881.0,-0.0005295840867089878
11889.0,-0.003717770462340153
11896.0,-0.004260727172486156
11908.0,0.00029610360842293956
11916.0,-0.00023340837031242674
11923.0,0.0004873530232155885
11932.0,-0.0023748300471880357
11940.0,0.0075537364809675316
11947.0,-0.00186166680693974
11951.0,-0.00012617846543437722
11955.0,0.006473737059099861
11967.0,0.003431132996998133
11974.0,0.0008859192312879831
11979.0,0.0026974072898434
11991.0,0.0015781720188389387
11997.0,-0.0019920430276683587
12006.0,0.005996944190818361
12011.0,0.005771217650099816
12016.0,3.701133067822187e-05
12023.0,0.008599441919292919
12030.0,0.0017786009193518433
12037.0,-0.0024991282028911416
12041.0,-0.003555212233388096
12050.0,0.0004071526370256949
12058.0,0.0051288262320217945
12065.0,0.000895163838166604
12075.0,-0.00019998732919881504
12080.0,-0.0015355546331214018
12088.0,-0.00027626088482446225
12099.0,-0.0008707407308036264
12103.0,0.0028136228788362984
12110.0,-0.005577109983187182
12119.0,0.0030438073987413715
12128.0,0.0037607880263693036
12136.0,0.00041394898418043477
12147.0,-0.0003727246036364285
12156.0,-0.0015495067163080712
12164.0,-0.0015301650434742296
12172.0,-0.007812027353610495
12184.0,0.0034521948527100614
12191.0,-0.01300903751903774
12198.0,-0.005134739778632172
12205.0,-0.002236091379790636
12213.0,0.0038710598311529685
12217.0,0.0004543421164407829
12223.0,0.0005717068960926664
12231.0,0.003570550830026811
12238.0,0.0005665829049465353
12246.0,0.002684645474791168
12253.0,-0.00017462396638655961
12264.0,0.0023960872770215965
12269.0,0.0020508764564650703
12273.0,-0.00037967660030358805
12282.0,0.004576616579198374
12290.0,0.004974156876618359
12297.0,0.0020700490041496433
12308.0,-0.0013864510996429047
12313.0,0.0005379446431413834
12322.0,0.0008137593004464875
12331.0,0.00033305041483904
12338.0,0.0051300393056807735
12343.0,-5.616044281291515e-05
12351.0,0.001758561042504019
12356.0,0.0013571142297067573
12365.0,-0.000778162638314885
12371.0,-0.00027265831838711957
12379.0,-0.0006464796978796431
12387.0,-0.002804361335994712
12392.0,-0.00012161257806056263
12400.0,-0.00010339790970837825
12404.0,0.002048069580063358
12411.0,-2.083710140435179e-05
12419.0,0.0010216525109440716
12427.0,-8.397266634513987e-05
12439.0,-0.00023466280658186552
12447.0,-0.0011458913233634085
12455.0,-0.0008867423773072505
12464.0,-0.0009080815481299322
12471.0,-0.0012914217322300937
12480.0,0.00038087673040677525
12491.0,-0.0016953151258712455
12498.0,0.0073809855735035
12506.0,-0.005127410081253088
12513.0,-0.0014171047559320376
12521.0,0.0008507189067097267
12526.0,-0.006099088534880982
12535.0,0.001133812068311953
12543.0,0.0023652353737141233
12549.0,-0.0006833382846020863
12560.0,0.002041399206110245
12571.0,-0.00018211136019039134
12575.0,0.0029805613827627343
12585.0,0.0025420422427360353
12590.0,0.0003645861642003957
12600.0,-0.002122561252191298
12608.0,0.005175128305448263
12612.0,0.0017737010241537347
12619.0,2.525633007169634e-05
12623.0,-1.1851378559076822e-05
12631.0,-0.0012361885429166724
12638.0,-0.003835073036789813
12650.0,-0.001373992044188454
12657.0,-0.006860025878864657
12664.0,0.002708621766324366
12668.0,0.0004890069868984586
12679.0,-0.0025722758493749187
12686.0,0.0028232861097272893
12692.0,0.001378697142621741
12703.0,-0.003407702847488908
12711.0,-0.002785317155270206
12721.0,-0.0035414986959747957
12728.0,-0.005168136780888196
12737.0,-0.0026370719321751573
12748.0,-0.0027327111685643375
12755.0,0.004471767180850791
12762.0,0.008415120464318788
12768.0,-0.001277583689040563
12779.0,-0.001258942181320981
12785.0,-0.006584365617530437
12791.0,-0.001995376612311166
12795.0,0.0021260131372910626
12803.0,-0.0020995213465182737
12810.0,0.0024353901031485313
12818.0,-0.0004913912539047028
12826.0,-0.00019703419057025184
12833.0,0.0006584511012555707
12840.0,-0.0006858769055495542
12849.0,0.0011013228585534498
12856.0,0.0042696639031245005
12864.0,0.0026006006977250316
12870.0,-0.00029015471998636733
12881.0,0.0010685885732996257
12886.0,0.0004325958201432143
12891.0,0.00041810019909349643
12896.0,0.0015503417878702823
12905.0,0.0028583053241005873
12914.0,0.0009586028908511519
12922.0,0.0027433155898322075
12933.0,0.00491293196018389
12937.0,0.000348819974109613
12945.0,0.0007451067825724274
12953.0,0.0017626230393381337
12962.0,0.004780218251724473
12966.0,-0.00013286242551764
12974.0,-0.004113562600192494
12980.0,-0.005810194157228164
12987.0,-0.002961491174170472
12993.0,-0.002015656396850354
13001.0,0.0008322270987993001
13015.0,-0.00449996751792528
13024.0,-0.0029256297815653124
13031.0,0.012159672290155887
13039.0,-0.009398584545178654
13045.0,-0.003179510740836327
13052.0,0.0009815718259297442
13058.0,0.003202351095804769
13069.0,-0.0014725019944229856
13077.0,-3.377360815999021e-05
13084.0,0.002099409018334055
13091.0,0.0010321178543471726
13097.0,-0.007289108597565049
13106.0,-0.007431864343059967
13112.0,6.393842776287525e-05
13121.0,0.002492541416603444
13129.0,0.00437143204026213
13136.0,0.0008984350075389895
13145.0,0.003304380679993515
13153.0,0.000745563082533859
13160.0,0.0043359442873475654
13167.0,0.0038783029149413906
13173.0,0.0015803813799466805
13181.0,0.004442193580527179
13188.0,0.0010733580298566711
13196.0,0.002237379819458955
13205.0,0.0030108916595880733
13214.0,0.0045309758338732894
13222.0,0.0005516643216032316
13231.0,0.002670653359048899
13239.0,0.0019197086363455975
13247.0,0.0003124024829378308
13255.0,0.000649019919349183
13263.0,-0.0005007353468140907
13274.0,-0.0009266386365406379
13278.0,0.0004924138438060217
13285.0,0.0019054313670669664
13293.0,-0.0011648997325852312
13302.0,-0.00044333982097230257
13306.0,-0.003116745642900024
13317.0,-0.00028757946525029407
13324.0,-0.004357397861838535
13333.0,0.001643351399931772
13340.0,0.00039822515715330235
13348.0,0.0001238167683772158
13358.0,0.0005260810852296584
13370.0,-0.00011773037439345835
13377.0,0.002183273345503387
13384.0,0.0031381464911647856
13391.0,0.002396585753860258
13395.0,0.0008353703150539113
13400.0,-0.000268245926081849
13409.0,-0.0019074632118198439
13420.0,-0.0006686000051449048
13428.0,-0.0006546917838803591
13433.0,-0.0006435450156654447
13447.0,0.0001148399324981914
13451.0,-0.012709732315460449
13458.0,0.0005176813707800447
13462.0,0.002282803106416989
13467.0,0.0001297473782792719
13472.0,-0.0029392089190752586
13481.0,0.0008867321736799084
13487.0,0.001611182470292727
13491.0,0.0006389706270647662
13498.0,0.0019037985194633573
13502.0,0.0010814801299587609
13509.0,0.0009262048297078298
13514.0,-0.00045793442810345493
13522.0,0.0009964648070998874
13530.0,0.00011167873265526228
13538.0,4.6259133357800055e-05
13547.0,6.295580050548762e-05
13555.0,-0.002015097955762501
13560.0,-0.0011521063728439477
13569.0,0.0023352600972023087
13577.0,0.0007254998990342298
13588.0,0.0007448969680812678
13594.0,0.0008410166577943638
13602.0,0.00046561631874095233
13610.0,-0.0014729750757409147
13617.0,-0.0024287247497953375
13625.0,-0.006084393437357044
13634.0,-0.0017093725281609406
13642.0,-0.0008073920940174881
13646.0,0.0020298209844468095
13657.0,0.0012935259341513474
13666.0,0.004271330294349035
13673.0,0.0013015645595370966
13679.0,-5.1359486188377204e-05
13690.0,-0.00024519782723600236
13696.0,0.001019402332964078
13704.0,0.000323917718136535
13712.0,0.0009023526650342751
13723.0,0.00028986140808911023
13728.0,0.0021179134204476454
13734.0,-0.0007760610179341624
13748.0,0.0020414344701038365
13754.0,0.0001815088762073994
13759.0,-0.000543987326756424
13763.0,-0.0020922698875019364
13771.0,0.00352085172903146
13782.0,-0.00213269347397191
13786.0,0.0006658469116767224
13792.0,-0.0001719154220863873
13799.0,-0.000708584529268396
13803.0,-0.0011744533094841766
13808.0,0.0012375821610977114
13815.0,0.0004304494804988378
13824.0,0.00030473614382094566
13838.0,-0.00124933752803238
13846.0,-0.0024558414525369136
13855.0,-0.0017850239467491898
13859.0,-0.0014512014574291402
13871.0,0.008006493134556151
13879.0,-0.001559562088032301
13885.0,-0.002385090751039649
13891.0,0.0023813760700552465
13899.0,-0.0026301634277105038
13909.0,0.004264382964395746
13917.0,-0.0007721495662207299
13926.0,-0.0014490964856006569
13931.0,0.0032321357915188653
13942.0,0.002964541244558424
13949.0,0.0003039385522747882
13961.0,0.000517116947656271
13969.0,-1.5774393608788634e-05
13977.0,-1.5996005320253733e-05
13985.0,-0.0035569057159006608
13993.0,-0.00043043338372537475
14002.0,-0.0025723112479465408
14007.0,0.004326407460882279
14014.0,0.0028832101324937237
14022.0,-0.006384616834815577
14026.0,0.0027938266184408755
14033.0,-0.001697136603166175
14039.0,0.004389292961319206
14047.0,0.0005273024963753566
14058.0,0.002225355471755764
14067.0,0.002373676587357626
14074.0,0.004999784882591656
14080.0,-0.001806263642334707
14085.0,0.00416028395446618
14091.0,-0.002187252900003507
14098.0,-0.0027676626347605702
14106.0,0.0024932969742433187
14114.0,0.0004068702105995621
14126.0,-0.0020539287104184433
14133.0,0.0023403284459079434
14141.0,0.0008567715352651427
14149.0,0.0004114263202443597
14158.0,0.0007141150649209568
14167.0,0.001756662318135929
14174.0,-0.0006889465866672706
14182.0,-0.002153137350991198
14191.0,0.001257979591728309
14199.0,-0.002322243770411537
14206.0,0.002261050642603408
14215.0,-0.0006163484951196208
14225.0,-0.006584156210387651
14232.0,0.002433751501772201
14239.0,0.00326587952900974
14246.0,1.4133946916721664e-05
14250.0,0.004213405983461027
14259.0,0.0011030273044153572
14270.0,-1.7523320518079764e-05
14278.0,0.001255539802476835
14290.0,0.009973252075305989
14299.0,0.0026936235117393224
14307.0,-0.0006039799502351676
14313.0,-0.001596477188946539
14321.0,0.0008050350910100239
14335.0,-0.0031622783638777384
14340.0,0.0027142247888471754
14346.0,0.008730079445098975
14355.0,0.0038606351241377997
14362.0,-0.002941870714949957
14371.0,-0.0013865885857868732
14380.0,0.002460835839933621
14388.0,2.7415679910862976e-06
14395.0,-0.003187196721554712
14403.0,0.0039671408051803435
14411.0,-0.0006374820990674662
14419.0,0.002659223955586859
14424.0,-0.000366050365315883
14429.0,-0.0003689632692687665
14440.0,0.000479545652399093
14447.0,-0.0021573246238132814
14458.0,-0.0005156540626429175
14466.0,-0.0030397115800071682
14471.0,-0.0001533366823870188
14483.0,0.0004957658538511146
14489.0,-0.0009447853742524218
14493.0,0.003812562461030096
14501.0,-0.0007540411245410719
14508.0,0.0036913112867719595
14513.0,-0.001298165534157767
14520.0,0.0008906717270182448
14526.0,0.0012025532417221064
14537.0,0.0018925213482825496
14543.0,0.0014979812998980905
14554.0,0.0008089468257370417
14560.0,0.0018256025351853164
14569.0,-0.011708242186044127
14577.0,0.0030827142279315303
14584.0,-0.0006749599683967784
14592.0,-0.008007740862624483
14604.0,-0.005354709241830139
14611.0,0.0013950867411828107
14623.0,-0.0016481456682611085
14631.0,-0.0024115231836115587
14635.0,0.002836563835949128
14642.0,0.0008821636972853573
14649.0,0.0028362172642664493
14657.0,0.0012689235090982012
14665.0,-0.0007559544044195695
14672.0,0.0011334690932538049
14684.0,-0.0034350547793198243
14693.0,9.158354430254792e-05
14702.0,0.0010645852274057716
14710.0,-0.00010617318378384574
14718.0,-6.21100310017524e-05
14727.0,-0.0010047761405624785
14738.0,-0.00028651310235488126
14746.0,-0.004395128112162616
14753.0,-0.0004686770684154923
14762.0,0.0025069668051161103
14770.0,-0.002559098924172581
14778.0,0.0012260333241498255
14787.0,0.00031801461401879987
14794.0,0.001571251885295485
14799.0,0.00026487440048594905
14810.0,0.0010922883409815775
14815.0,0.0012286383950015603
14820.0,0.0007284845528929553
14825.0,0.0003954521688763503
14834.0,-4.702030399386481e-06
14841.0,0.0011841971333206402
14846.0,0.00028304331628076245
14850.0,0.001923469068361012
14859.0,-0.0008652316727194673
14870.0,0.00027332075939823534
14877.0,0.0011720755361217556
14885.0,-0.00048225955817033083
14894.0,-0.0008122224589736289
14902.0,0.0009615096578560705
14909.0,0.0007127643676154196
14919.0,0.003891272553023498
14927.0,-0.003401503118955449
14934.0,2.553553089343068e-05
14943.0,-0.0016276894059167807
14951.0,-0.005086530027171465
14959.0,0.004716539483032118
14967.0,0.0015133594464865183
14975.0,-0.0005225823130214659
14987.0,-0.0015809237465088193
14996.0,0.0037431838814750446
15007.0,-0.00029897858888171193
15019.0,0.0011453323835700926
15027.0,0.0041972392574664286
15033.0,0.0011847132163130393
15042.0,-0.0005276118524246158
15050.0,0.0007813528668877472
15058.0,0.0028119089503497795
15064.0,0.0007661451618771627
15075.0,0.001538770636489098
15082.0,0.0014683350822218312
15093.0,0.0017428820854194058
15101.0,0.0007193636390516872
15109.0,0.0008548387242579638
15117.0,-0.0003607882596169672
15126.0,-0.0013365865279108356
15138.0,0.007603986242937049
15149.0,0.004002222039138537
15154.0,0.0033675676318679075
15162.0,0.0018555714722791195
15170.0,5.63056890792138e-05
15179.0,0.0025303583778473514
15188.0,-0.0011770042211251253
15196.0,-0.007984759845201028
15200.0,0.0008296789261219659
15208.0,0.008889608049854076
15214.0,0.00379074375212882
15222.0,0.00030878195965679706
15231.0,-0.004543375765896463
15245.0,-0.0006701016383316537
15253.0,0.0012822374582685681
15265.0,0.002429922064837938
15271.0,0.001093962286957795
15276.0,-0.0004308211769829996
15287.0,0.003399640745173201
15291.0,0.0014262066634615697
15299.0,0.0007441647905740494
15310.0,3.989236296343817e-05
15321.0,0.0015899790615963572
15332.0,-5.7236256946742135e-05
15337.0,-0.00045528118211710816
15344.0,0.0012910013696979415
15350.0,0.001164880411025661
15361.0,0.0005012415849995789
15369.0,-0.0005546828063730614
15376.0,0.0036664826360515088
15383.0,0.0018725657422671365
15391.0,-0.000972080552555734
15402.0,0.0033904681017624147
15406.0,-0.001028780216822589
15414.0,0.0024912972731882975
15419.0,-0.004419844619378272
15428.0,0.0006575766536676716
15437.0,0.005322850337094693
15444.0,-0.0015433293473154962
15452.0,-0.0019109488957997761
15463.0,-0.0011186830550308474
15474.0,0.002066544912043684
15481.0,0.00034067636706163596
15489.0,0.0016734989772229844
15498.0,0.0019357158841912213
15507.0,0.0006526486877542493
15515.0,0.0007043918434994996
15523.0,0.0009107918471209811
15531.0,0.0014019911485395184
15542.0,0.003027726729052639
15549.0,-0.0009029350772201996
15557.0,0.0014824903580589353
15568.0,0.0062881887158628795
15575.0,-0.0017684889720910018
15584.0,0.001551802575121595
15596.0,-0.005248272931977258
15606.0,-0.001243627372025587
15617.0,-0.0002786087313548765
15625.0,-0.0017219485405680322
15631.0,-0.008459448305088544
15638.0,0.0006543509018346746
15650.0,0.005514212304175518
15657.0,-0.0020306525219279097
15663.0,-0.00019133410614284067
15670.0,-0.002255201559595811
15679.0,-8.454899484587464e-05
15688.0,0.0025955207563861417
15694.0,-0.002823433346731071
15701.0,0.0005127218808519427
15712.0,0.0008954092052438077
15723.0,-0.0024422274709287087
15733.0,0.0005269324779165919
15740.0,-0.0029842550877814556
15751.0,-0.003976339727627203
15765.0,-0.0001939479711206121
15769.0,0.004560202062461831
15775.0,0.0044273917760549765
15779.0,0.0031009844952132075
15785.0,0.0018170824619665746
15795.0,0.0007700189545536109
15802.0,7.983205406437779e-05
15810.0,0.006071678548395705
15817.0,0.0014175167686122897
15822.0,-0.002197082416041422
15830.0,0.0005921300273089179
15838.0,0.0003968015514307104
15847.0,0.00267324913232836
15855.0,0.0007071176052841466
15863.0,-0.0009555078175962681
15872.0,0.0014399628854006297
15880.0,-0.00023105856631265754
15891.0,0.005244370678118544
15900.0,-0.0072197780889579075
15909.0,-0.007578119825857611
15917.0,-0.008459013416548089
15925.0,0.0171216162299947
15929.0,-0.008779799894884352
15934.0,4.163667367692841e-05
15945.0,-9.277811921045677e-05
15953.0,0.001091840403659925
15962.0,-0.0013646699359512531
15969.0,0.0003260835433146803
15977.0,5.56449418679164e-05
15988.0,-0.00019322181844093223
15999.0,-0.0005943453609353246
16007.0,0.0016801281503226087
16016.0,0.0014030276102672094
16024.0,-0.00024650475636512
16029.0,0.0010920518154911103
16037.0,0.0030817490352288996
16042.0,0.0023935014384284764
16049.0,0.0012569431676436103
16063.0,0.0017743444059138038
16070.0,0.0012513890801610086
16078.0,-0.0014149873444546195
16087.0,0.002949981320924224
16091.0,0.0007237526891139032
16096.0,-0.0007861381493825855
16101.0,0.0008601325031057189
16109.0,-0.005602359419603892
16114.0,0.0027018552966309754
16122.0,-0.0033273955779090938
16128.0,-0.002419165672679208
16132.0,0.0015925620434409943
16140.0,0.0006568996778164776
16147.0,-0.001162154392145584
16161.0,-0.0029632422350354556
16169.0,-0.007256007772088881
