,6
2.0,-0.0034758274488597574
11.0,0.003741423828858014
20.0,-0.005033796793905484
27.0,-0.0007900627770712712
32.0,-5.856077731594335e-05
37.0,-0.001288294592062832
42.0,0.002077316161386845
51.0,0.0012676698637513006
62.0,0.0029148867039201555
71.0,0.00041000593338143384
82.0,-0.0001577972990317612
91.0,0.0005059294056004067
101.0,0.002434781109172692
109.0,0.00011641137540860039
117.0,-0.004689618308943908
123.0,0.0005056521250731401
129.0,0.0002511355989451821
136.0,-0.0018452417239193716
142.0,0.004091968306528252
147.0,0.0006908984965351921
152.0,0.00041456471895820175
158.0,-0.010480947053130405
164.0,0.006391085179013468
170.0,0.004120913729886913
178.0,0.002843996341020107
190.0,0.0011316057037524144
196.0,0.0029724133526219183
204.0,0.004037934881312499
213.0,0.0024261195400938533
221.0,0.0005401782180850334
229.0,0.0017304287225852987
238.0,0.002504724702708667
244.0,0.0017645780636447806
255.0,0.0037719880773796895
263.0,0.00013994339523835356
271.0,0.0016854867737579782
278.0,0.0038443493592160887
287.0,-0.0006906993619545811
295.0,-0.002835173273122251
306.0,-0.00060264140317625
312.0,-0.0045525325665385025
321.0,-0.006198490976392523
328.0,0.0050934203873094575
335.0,-0.0019112410446858366
343.0,0.00020605059512289359
350.0,0.0008477880746335131
361.0,0.0020155518874780004
368.0,-0.00024502243265369115
378.0,0.002668077871915379
387.0,-0.003239783595674068
393.0,-0.0007933345773559025
401.0,-0.00040959893147561876
406.0,0.004652902525360909
414.0,0.0028512504914490772
421.0,0.0012137249552519787
430.0,0.009104374309564876
435.0,0.002458694356250864
442.0,-6.378922691730284e-05
448.0,-0.0011560754395826898
454.0,8.920009174486253e-05
463.0,0.000309882462784302
472.0,0.0018431719363902464
480.0,0.0016940833868301667
487.0,0.0019534234961893424
492.0,2.280931441214752e-05
498.0,-3.6134451021386224e-05
507.0,-0.004934186043180073
515.0,-0.0014840508906175508
519.0,0.004101845738865532
528.0,0.00038422987198005054
535.0,-8.619807568940242e-05
543.0,0.000554974107783285
549.0,-0.0004760977656711522
561.0,8.670304970405097e-05
570.0,0.002285479108227156
576.0,0.00215439288371219
588.0,0.0023721746603001556
594.0,0.0021904728629331145
601.0,0.0019098006330279167
609.0,-0.0003685060076502562
615.0,-0.00033186063149973863
623.0,-0.00026088947822963427
630.0,-8.865281870101375e-05
638.0,0.0008070321202197243
644.0,-0.0005991789965199037
655.0,-0.0013869089073360991
664.0,-0.001592960274831456
671.0,-0.01671444186968424
675.0,0.0040236344898941226
681.0,0.0010193494222770789
687.0,-0.00043574808846025395
696.0,-0.00011769856197297937
708.0,-0.005256006827694155
715.0,-0.0009812395766944462
723.0,0.002204337772089844
729.0,-0.0007590607158943853
734.0,1.529243687093213e-05
746.0,0.0028790221424750333
755.0,-0.0019306762763194715
762.0,0.006471933566759122
769.0,0.0007918339970580189
778.0,-0.004153344510306677
783.0,0.0011405132446981397
791.0,-0.00028770361286177787
800.0,-0.0006415855015749467
810.0,0.0009302665334616743
818.0,-0.001342608554926954
826.0,0.00035038049335007126
833.0,-0.0008956718895461419
838.0,-0.00015720050203499666
844.0,-0.0005561578202357149
853.0,-0.009882936197515388
857.0,-0.0047426636185211556
865.0,-0.012433799371647935
872.0,-0.002157696537765645
884.0,0.003917071194405677
891.0,0.0007841290799427119
898.0,-0.0028161097498566293
905.0,0.0007658052206987324
915.0,-0.0012301646865999585
926.0,0.0015067617623046843
934.0,0.0012101498978195012
939.0,0.001734361346494606
945.0,-0.004154079615375784
