,4
957.0,0.01645581227410244
965.0,0.0033478905713556235
973.0,0.01020056321413007
981.0,-0.0075706920252799036
989.0,0.006573794449355896
997.0,0.0015415674377386506
1007.0,0.0014346260658003943
1013.0,0.00915628489573351
1022.0,-0.00890632886702349
1031.0,0.01066916048923986
1039.0,0.009540823213472957
1045.0,0.012025480925554183
1053.0,-0.0033305548375385224
1058.0,6.973285237194834e-05
1069.0,0.011156548314524138
1083.0,-0.0029372080470480145
1090.0,0.004758779905686785
1099.0,0.0061183264896592275
1107.0,0.0011731061532362426
1115.0,0.006072529647138314
1122.0,0.00802376406905515
1130.0,0.0059418250036248794
1138.0,0.002196452361412589
1147.0,-0.0034532734357289375
1156.0,0.005294996810911657
1168.0,0.003785374952822932
1177.0,0.005137945312520153
1184.0,-0.0006351616985375076
1191.0,-0.004005196211819075
1202.0,0.001260949876448192
1210.0,0.002538731009557934
1218.0,-0.0020198288585535394
1226.0,-0.00378312554017604
1232.0,0.009301766506029124
1236.0,0.0019080089236753726
1244.0,0.0007490370804227881
1251.0,-0.006832798865793332
1260.0,0.004159833762017285
1269.0,0.002599419909136587
1279.0,-0.0011648945673525543
1285.0,0.006862385114600224
1294.0,0.002880217114824774
1302.0,0.004179362762994902
1310.0,0.007312946110326402
1314.0,0.0008164272537566528
1320.0,0.00866996640921093
1325.0,0.007814733182735572
1333.0,0.00017950735117364694
1344.0,-0.0032205962338109602
1349.0,-0.002936631379784962
1357.0,0.002991310227724832
1364.0,0.0013079249477501794
1370.0,0.0018107525310785473
1378.0,-0.00028054041150995596
1385.0,-0.00219980486810679
1394.0,-0.0009752476344060527
1402.0,0.005953976691061557
1408.0,0.0015275989105792015
1416.0,0.008162488225498159
1427.0,-0.004249536133733638
1434.0,-0.003909783385127438
1442.0,-0.009729842241419422
1451.0,0.014886803139955246
1459.0,0.001012727522834149
1463.0,0.01533902952959377
1471.0,0.00257873685750698
1476.0,0.011292689202743029
1480.0,0.006874074487871861
1487.0,-0.00018982799311430338
1497.0,0.013278952197888591
1505.0,0.004943250645206018
1512.0,0.0028800970459625114
1520.0,0.0040458654932968175
1529.0,0.0020419904818718125
1533.0,0.0047183965803460565
1541.0,0.0021873986486904686
1550.0,0.007228521367023222
1556.0,0.005315918753775751
1563.0,0.009336830811063264
1570.0,-0.0005172146138349051
1576.0,0.009945708145099095
1585.0,0.0038106789900386987
1593.0,-0.004121760433146432
1602.0,-0.0018626807204198813
1611.0,-0.0007706821312301706
1619.0,0.003096809678315472
1625.0,-0.011267210279005986
1633.0,0.007245948659978154
1642.0,-0.0011255910223731426
1650.0,-0.0015003738533081717
1656.0,-0.0019238416880422884
1662.0,0.0031403409039267157
1670.0,0.001583600867125335
1677.0,-0.005550457773153879
1686.0,-0.0020589965222782025
1691.0,0.009038012336697977
1695.0,0.0063317821798058995
1701.0,0.018032966468130043
1705.0,0.009937260849224217
1712.0,0.010066919020123691
1720.0,0.005276698625129084
1727.0,0.0025905074188388925
1733.0,-0.0003735831391871901
1740.0,0.015471198291653514
1748.0,0.0023947771632985295
1759.0,0.006952941411865021
1765.0,0.005765469328901878
1773.0,0.005087457624561045
1780.0,-0.001125442993317928
1787.0,-0.0002512459674604971
1795.0,-0.003851459477288181
1806.0,0.0018388476449024314
1815.0,-0.005254470570970848
1823.0,0.005189621298367704
1833.0,-0.005199832550081507
1841.0,0.004519510547594359
1847.0,-0.0073286345164282445
1855.0,0.0022258179366587147
1863.0,0.005391877109712133
1870.0,0.012543065399945498
1878.0,-0.007897344672856224
1882.0,0.004253461505962198
1890.0,0.012560102904186446
1895.0,0.003863789570332082
1899.0,0.003265358910039946
1907.0,0.00158581519305649
1918.0,0.015316317691207426
1926.0,0.006173533170473345
1934.0,-0.003973968178018723
1940.0,0.0125090933867328
1949.0,-0.00428120413764889
1953.0,0.0021145789530603383
1961.0,0.0027145332540084353
1969.0,0.006326915320349933
1977.0,0.00694205248836253
1984.0,-0.002325174383646385
1993.0,0.0035543235194124673
1999.0,-0.006071455973420308
2009.0,0.013818191434354149
2017.0,0.00249325793810352
2026.0,-0.0029294157075611966
2035.0,0.002717661255902558
2043.0,0.002194668055825177
2052.0,-0.0049699154712294115
2060.0,0.004536379724793847
2069.0,-0.012893018027285107
2081.0,-0.006755524016399617
2087.0,0.0022738893571126904
2098.0,0.007310116920621551
2106.0,0.0016976007569734308
2113.0,0.010112779774787568
2118.0,0.011590965294370054
2123.0,0.008044763440859037
2129.0,0.010975191524194986
2135.0,0.00772944643409695
2144.0,-0.0035108252682753143
2151.0,0.000667498192402523
2159.0,0.005628176847841901
2164.0,0.003028267215048694
2170.0,0.0017566375930137118
2177.0,0.002693423669774572
2185.0,0.010269466145054694
2196.0,-0.007276474790521168
2201.0,0.003189457185403924
2208.0,0.0011948890106325512
2219.0,0.0067346066893164205
2224.0,0.0018039614201171609
2232.0,-0.005897561940702197
2241.0,0.005766153268181421
2250.0,-0.0010839396600273747
2258.0,-0.00027673728543564836
2265.0,0.005584520410853557
2272.0,0.0043229567008998115
2278.0,-0.002917070691541198
2286.0,-0.004467895860524197
2294.0,-0.008497090447967473
2302.0,0.0017119186712734034
2310.0,0.0007150732595097415
2314.0,0.006668486160957169
2323.0,0.007181700243222261
2328.0,0.006546550236826137
2332.0,0.0048387058392646235
2337.0,0.00429173316595514
2348.0,0.004520414858311938
2355.0,0.006213389119098617
2363.0,0.009417468153422728
2367.0,0.005120482143394241
2376.0,-0.002487696045577502
2380.0,0.0050651993262514905
2388.0,0.002484279714056411
2393.0,0.005498731237932118
2401.0,0.0025086756850604955
2407.0,0.00883883378583316
2412.0,0.0016456133235432276
2418.0,0.00022640553790251018
2427.0,0.012893501008849503
2435.0,-0.0024029338595245825
2444.0,0.0035238655715631546
2451.0,0.0014280591792035376
2459.0,0.006708269429469139
2470.0,-0.008338102962036268
2478.0,0.006776581458940466
2487.0,-0.0006299988472599501
2495.0,-0.0051913783716782905
2501.0,0.0004892574463280439
2505.0,0.013748883205826855
2513.0,0.01066527619606812
2520.0,0.013272294899825803
2527.0,0.008837995763042776
2532.0,0.006641046556318414
2540.0,0.0063127486267384346
2546.0,0.004560399944586648
2555.0,0.00016030956075646264
2563.0,0.00264224842899962
2571.0,0.011496052300195807
2577.0,0.002047256484479666
2581.0,0.0023093219477355485
2589.0,0.004158102895272333
2596.0,0.0015351331701226932
2601.0,0.0016941463949841768
2607.0,-0.0027077228684978093
2616.0,0.0037314524680097075
2621.0,0.002033068683738915
2627.0,-0.003917411493797891
2635.0,-1.6927703389108036e-05
2646.0,0.0044167610843402995
2655.0,-0.0013531713770898398
2663.0,-0.0014092001094766803
2671.0,-0.0024435009811917736
2679.0,0.012580506928755262
2683.0,-0.005571272541658724
2689.0,-0.0026563086707662147
2697.0,-0.002033203277179796
2701.0,0.006602669204232052
2709.0,-0.009040472997508745
2713.0,0.010052704850867265
2721.0,0.009920573772870865
2726.0,0.0036643377737370897
2730.0,0.00012905269603650818
2738.0,0.0064349303965351365
2743.0,0.009155218019227388
2752.0,0.009659834721629111
2760.0,0.009078806708933636
2766.0,0.010799970312286099
2773.0,0.005438038501438472
2777.0,0.00767811865257277
2785.0,0.01192350804736684
2793.0,0.002517922587927919
2799.0,-0.006604073083661921
2806.0,0.00273706682386557
2811.0,0.0074735964634179385
2817.0,-0.008243604522983861
2828.0,0.004855102303075925
2836.0,-0.0011751578536797428
2845.0,0.005526296982035203
2852.0,-0.0019245659266622635
2860.0,0.009373155191374485
2874.0,-0.011209451540764888
2882.0,0.002320976686593056
2896.0,-0.020840581265397663
2905.0,-0.010113367403506632
2911.0,-0.006966380785769824
2919.0,0.010647597055076754
2927.0,-0.00019836444839067707
2934.0,0.01091212588873374
2939.0,0.004724898755808413
2945.0,-0.002085660310952301
2949.0,0.002355160086865392
2955.0,0.006154099165972797
2966.0,0.0019219224361213766
2974.0,0.008335988434958213
2982.0,0.017044469355472835
2988.0,0.017534611542422657
2999.0,-5.155631341056494e-05
3006.0,0.005964495839481232
3014.0,0.014667285061762196
3023.0,0.004251922470515587
3028.0,0.008820346115351346
3037.0,0.01716336746329422
3046.0,0.001928910336717322
3053.0,0.0009604195790525828
3061.0,-0.0023535084626941107
3070.0,0.009678932429474827
3079.0,-0.0075400772357245354
3087.0,0.008425222307154508
3093.0,-0.006977829461113195
3101.0,0.002008968753612898
3106.0,0.011669353869405347
3110.0,0.005817890134063347
3118.0,0.0032556344544768137
3127.0,0.014095570343273611
3135.0,0.0009344146169417411
3139.0,0.008107653474415147
3147.0,0.017314788516874253
3156.0,0.004241318857043891
3160.0,0.013456597317878086
3165.0,0.004920056311524597
3176.0,0.00231360080384846
3184.0,0.006126422109752373
3192.0,0.006104812296164128
3198.0,0.010862977747400674
3207.0,0.0035072867758713564
3213.0,0.005511297099069594
3221.0,0.0024859525725802333
3229.0,0.008700013008361438
3238.0,0.0011230903370671732
3245.0,0.0018306462115959248
3249.0,0.0028066745008826174
3255.0,-0.0023208206070882164
3264.0,0.007811749411926387
3272.0,-0.003709745404039175
3281.0,0.010476662463658403
3287.0,-8.765247705935068e-05
3295.0,0.002651302563095771
3309.0,-0.00188598637712813
3316.0,0.007992285736653146
3325.0,-0.0043529940584109625
3331.0,-0.010765986333651195
3337.0,-0.014447974552265538
3343.0,0.009702708429513762
3351.0,0.0024365772827788655
3358.0,0.011943923538279
3363.0,0.003045005462096909
3368.0,0.005465181095847316
3374.0,-0.0005886007608439206
3380.0,0.0042796354861650045
3389.0,0.0005011620776988838
3399.0,0.005144874570620165
3406.0,0.008130558142498594
3412.0,0.006054730274418818
3420.0,0.002412605349921573
3428.0,0.007070165005156652
3436.0,0.009839547044868028
3443.0,-0.004229610171454266
3452.0,0.0026731033845147725
3460.0,0.006728089765083986
3469.0,-0.008300373307726247
3479.0,0.0012778805642163196
3487.0,0.00224256072160196
3495.0,0.00023463592135147238
3504.0,0.00015699084409367525
3512.0,-0.0038204860262296206
3521.0,-0.004750372778171823
3529.0,0.005791083075124732
3535.0,-0.004156643158165906
3541.0,-0.006192836763644142
3549.0,-0.004206270590586778
3558.0,0.011424250431638458
3566.0,-0.0059213197513479435
3570.0,0.01575609162792033
3578.0,0.006282867098770667
3584.0,0.0020062232426289175
3588.0,0.0035977614285875367
3596.0,-0.0028147527760103413
3605.0,0.012835056553581385
3614.0,0.00554495019841192
3622.0,0.005190429410861885
3628.0,0.00214030697713418
3637.0,0.006681231170850925
3642.0,0.002435853851422369
3650.0,0.0042616620947166705
3656.0,-0.00019676470767866265
3665.0,-0.00031773870323568943
3672.0,0.0002738438791674325
3676.0,0.007141320990734162
3683.0,0.0060515243958390984
3690.0,0.006892334552201306
3698.0,-0.0018298404136980362
3709.0,0.003826342877242618
3716.0,-0.00581879085452533
3724.0,0.008246422825555228
3730.0,-0.003118189056073871
3738.0,0.0027851521821166164
3742.0,-8.624920719700804e-05
3750.0,-0.012253541956504268
3756.0,-0.012994108989610398
3765.0,0.009793202246835706
3772.0,0.008396881947535682
3779.0,0.011297447374636737
3787.0,0.003978656523565373
3793.0,0.013720841975929854
3797.0,0.002109438170436364
3803.0,0.007532044186028326
3809.0,-1.5649853235989958e-05
3815.0,-0.0022467118996619567
3823.0,0.014636048052718795
3828.0,0.0018137125628342314
3834.0,0.0020046235308973396
3842.0,0.006663888830045702
3850.0,0.00440001067031417
3858.0,0.002636795436793623
3863.0,0.007643321984006764
3871.0,0.0013623717129712192
3882.0,0.002510905359317577
3888.0,0.004867348234044399
3896.0,-0.004023125210521943
3907.0,0.0007122109676366642
3916.0,-0.005426234833160523
3924.0,0.005569437267786307
3932.0,-0.008670855215058781
3940.0,0.004529342838670044
3946.0,-0.018675238062330988
3954.0,-0.002115694332581656
3962.0,-0.004602490760048566
3968.0,0.013420402900160274
3975.0,0.0016631912381742519
3979.0,0.009405818976430246
3987.0,0.005794451487372126
3994.0,0.005981382237813985
3998.0,0.003147953887893928
4005.0,0.011979252699384529
4013.0,0.005880770964654061
4022.0,0.004705585834339507
4030.0,0.008782158589700578
4038.0,0.022841700257448232
4042.0,0.0015060133559529176
4048.0,-0.0006898695219668914
4056.0,0.010715726998133149
4065.0,0.007522788729036692
4074.0,-0.0028173561634204083
4081.0,0.0009510471131474229
4085.0,0.004324581593255712
4091.0,0.010467240492715128
4096.0,0.012683828412269744
4104.0,-0.0018599900257249484
4113.0,0.0006741135406014636
4122.0,-0.0016775811684813164
4130.0,0.0048591424875969
4137.0,-0.009975639982174078
4145.0,0.001126025605971291
4157.0,-0.02101714041110756
4165.0,0.007869079456343069
4172.0,0.006286059660387057
4184.0,0.006878367256708175
4198.0,0.016304774016167433
4205.0,0.009635605364293616
4214.0,-0.0005245575478981726
4223.0,0.0028554356581637127
4230.0,0.0036035469216034403
4239.0,0.0027187945308058004
4247.0,0.00470396239187306
4258.0,0.003592001626188379
4266.0,0.0005117770329470018
4275.0,1.5199135122240023e-05
4280.0,0.003127164822767347
4288.0,0.01087975497344456
4297.0,-0.00420929174949923
4301.0,0.0023099436339846
4307.0,-0.003647658765862862
4316.0,-0.007006258716973928
4323.0,-0.005711338514442267
4327.0,-0.000612679128141689
4335.0,0.007990519548389908
4346.0,0.0008981064955592098
4353.0,0.01004605856774718
4361.0,-0.00033406788731470474
