,3
957.0,0.005911510728937641
965.0,-0.01238692384128475
973.0,0.018332113469367816
981.0,-0.02845764860353491
989.0,0.007935279747960478
997.0,-0.005402001279153683
1007.0,0.001137609540769689
1013.0,-0.001711769018557271
1022.0,-0.014418490884801152
1031.0,0.009671218145717546
1039.0,-0.0011147216784128328
1045.0,0.02107381479065587
1053.0,-0.004887389295716674
1058.0,0.01096523000863459
1069.0,0.010460714170463133
1083.0,0.012251723569278158
1090.0,0.009206752673684558
1099.0,0.010810312280562827
1107.0,0.008022593795858252
1115.0,-0.0003963500169489655
1122.0,0.017020662391235994
1130.0,0.0189081467402619
1138.0,0.02090842924624643
1147.0,-0.010473955959598618
1156.0,0.01527056962671063
1168.0,0.014518178681459546
1177.0,-0.006086734214673778
1184.0,-0.011922464369956979
1191.0,-0.0171498590080485
1202.0,0.00604343414085729
1210.0,-0.0014554409451510895
1218.0,-0.013848556501173904
1226.0,0.010354117186277975
1232.0,-0.01208874277659032
1236.0,0.020048947988377593
1244.0,0.005143144424100769
1251.0,0.010846796108909788
1260.0,0.009054176011959196
1269.0,0.012635651151162277
1279.0,0.017557899462307007
1285.0,0.0028729218625635333
1294.0,0.017074381434260627
1302.0,0.006745470434097941
1310.0,-0.011957624749813133
1314.0,-0.014303857214739524
1320.0,0.00852383558632007
1325.0,0.01589834850391327
1333.0,0.009047195547537176
1344.0,-0.0024687842211280108
1349.0,-0.01163815430813434
1357.0,0.0007089736548677948
1364.0,0.007260352017699385
1370.0,0.008629839506849826
1378.0,0.008485697161619633
1385.0,-0.010065604681367864
1394.0,-0.008420887839077408
1402.0,-0.021005469828212636
1408.0,0.0016586894129725536
1416.0,0.015917106445414757
1427.0,-0.01676231712115263
1434.0,-0.007157339450974747
1442.0,-0.008414557467948655
1451.0,0.012314551003739176
1459.0,0.013849120263185072
1463.0,0.02121070408434246
1471.0,-0.011891700829622738
1476.0,-0.008673489343788478
1480.0,0.009993506099505209
1487.0,0.005034436249259065
1497.0,0.004985679825641765
1505.0,0.011796568128936822
1512.0,0.009774684263778408
1520.0,0.021765423162227793
1529.0,-0.02229840574518747
1533.0,0.017920099605224855
1541.0,-0.0029039994131253963
1550.0,0.001999698615707482
1556.0,0.001336996158292632
1563.0,0.007396974370409829
1570.0,-0.013952734622557528
1576.0,0.017493892802959102
1585.0,0.0079067643611934
1593.0,-0.005902057210099706
1602.0,-0.019991940123248196
1611.0,-0.012195737637896586
1619.0,-0.011295209222170862
1625.0,-0.013052377640533002
1633.0,0.01269764492023898
1642.0,-0.019739795086527356
1650.0,0.014533138763080095
1656.0,-0.014743990777129259
1662.0,-0.012563828580855644
1670.0,0.010240297833831786
1677.0,0.013981979981493984
1686.0,-0.020988159292741226
1691.0,-0.007053503212498348
1695.0,0.024303071687218864
1701.0,-0.01047123124585429
1705.0,0.017325602750433492
1712.0,0.006055049207706491
1720.0,0.0010524395258203173
1727.0,0.009465562533389534
1733.0,0.007661202297364119
1740.0,0.022224853582260944
1748.0,-0.0022480518617615545
1759.0,0.0019103902351871856
1765.0,-0.0011523795954695025
1773.0,0.004557460784460977
1780.0,0.006586178886552744
1787.0,0.008981332176912084
1795.0,-0.008992750825228005
1806.0,-0.010361067028758886
1815.0,-0.01441070351105531
1823.0,-0.014027915003255603
1833.0,0.0046691012824987875
1841.0,0.0197410297714804
1847.0,-0.016902408973078157
1855.0,-0.0020193357044435783
1863.0,-0.0016461117473668728
1870.0,0.012689739246677252
1878.0,0.0088417946875604
1882.0,0.01577863884254279
1890.0,0.0038006408499795434
1895.0,-0.026183817101745176
1899.0,0.018497739008198885
1907.0,0.01226300171442326
1918.0,0.012603520184765784
1926.0,0.009142074638857762
1934.0,0.020412987497127867
1940.0,0.02350001530133838
1949.0,-0.04167292404202341
1953.0,0.019732065488252303
1961.0,0.0056578978824240395
1969.0,0.014120103070749087
1977.0,0.004594542949402508
1984.0,0.00450641886541883
1993.0,-0.01178923094246771
1999.0,-0.010216683603151065
2009.0,0.017861833393662183
2017.0,-0.0028152610414910783
2026.0,-0.0189556137853059
2035.0,-0.014363072882679441
2043.0,-0.01634636713933856
2052.0,-0.007410144061053571
2060.0,0.01586253600229795
2069.0,-0.024327571152117308
2081.0,0.007688341030569389
2087.0,-0.008370207983391017
2098.0,-0.0022098871420150614
2106.0,0.01992838496646034
2113.0,0.010817771518401655
2118.0,0.0032109398650933428
2123.0,0.024373700590839962
2129.0,0.01661574203846545
2135.0,0.0021497645687709
2144.0,0.000174493291399631
2151.0,0.007333218755518947
2159.0,0.0026464534948144047
2164.0,0.011553255126244093
2170.0,0.013142822191294354
2177.0,0.01139677716214308
2185.0,0.02231368701760697
2196.0,-0.006180893999965903
2201.0,0.011946030128678408
2208.0,0.004710257298033819
2219.0,-0.018986416098636695
2224.0,0.00754175161748042
2232.0,-0.001098261354434181
2241.0,-0.01139513423020924
2250.0,-0.012095927871896698
2258.0,-0.01794833930277812
2265.0,0.015076716477184303
2272.0,0.009810111210318375
2278.0,-0.006420998371482571
2286.0,-0.014742066251549547
2294.0,-0.013676947240653046
2302.0,0.010041984073994713
2310.0,0.00947218209248248
2314.0,0.00932505884545248
2323.0,-0.006825146881845058
2328.0,-0.016519561986358514
2332.0,0.008856561770432612
2337.0,-0.0005744582767140184
2348.0,0.013426085338243599
2355.0,0.018230921530137594
2363.0,-0.010709564845560652
2367.0,0.009405590258789776
2376.0,-0.011391389351234222
2380.0,0.0177504434229722
2388.0,-0.0027735307310777597
2393.0,0.012126473199914889
2401.0,-0.011035216464747706
2407.0,0.009042423682708254
2412.0,0.008835239715254387
2418.0,-0.016784495054396283
2427.0,0.019183544412509853
2435.0,-0.011332626861377197
2444.0,-0.009280067141651438
2451.0,-0.016084647353814506
2459.0,-0.011585558359231514
2470.0,-0.016195341971893616
2478.0,0.014250090196004025
2487.0,-0.013197359487780834
2495.0,0.00659282905785056
2501.0,0.024799264475551894
2505.0,0.017045352046097487
2513.0,0.007339896585249148
2520.0,0.0021793907167604763
2527.0,0.003614239037125331
2532.0,0.020517578664724586
2540.0,0.011485545484403867
2546.0,0.011075635599620413
2555.0,0.014313803125300461
2563.0,0.016096861625787353
2571.0,0.01611110573687049
2577.0,-0.030075334315558543
2581.0,0.007316497801957736
2589.0,0.00455635711992361
2596.0,0.009466722311448718
2601.0,0.0023873098015797485
2607.0,9.857620706436754e-05
2616.0,0.00793634322591516
2621.0,0.010195850943823508
2627.0,0.002361359104213679
2635.0,0.0037395801600061482
2646.0,-0.01372078125786702
2655.0,-0.010183128195957207
2663.0,-0.02001655839438323
2671.0,0.00794780615485416
2679.0,-0.003279171081224046
2683.0,-0.009846228196013843
2689.0,-0.00586221558577699
2697.0,-0.029569948579596557
2701.0,0.00626127469797847
2709.0,0.00636608830377771
2713.0,0.010440663839068581
2721.0,-0.003649974395339411
2726.0,-0.012522427736672075
2730.0,0.007148046847904291
2738.0,-0.0010031636611158383
2743.0,0.025099244631648778
2752.0,0.01067925160274987
2760.0,0.013127021970694654
2766.0,0.005786361250728439
2773.0,-0.019174682322019257
2777.0,0.018183839092170667
2785.0,0.02178135968134993
2793.0,0.002035469242887828
2799.0,0.00012461547567540465
2806.0,0.004319259659399815
2811.0,-0.009741705872233927
2817.0,-0.003828312647183485
2828.0,0.0002448005508655818
2836.0,-0.0031278451809878473
2845.0,-0.012206331101395984
2852.0,-0.021515415402015924
2860.0,-0.0016314643354795677
2874.0,-0.011477791483990417
2882.0,0.0019016432559979084
2896.0,-0.023027939400907995
2905.0,0.003659311722385231
2911.0,-0.02586220969207807
2919.0,0.009238653911058022
2927.0,0.01063471135368424
2934.0,-0.003664407687254919
2939.0,-0.003588573033028292
2945.0,-0.009446478145593589
2949.0,0.01104930774058501
2955.0,0.011353967830928957
2966.0,0.01921048668635285
2974.0,0.01588653589927776
2982.0,0.01743464318148548
2988.0,0.01991262215568203
2999.0,0.00404000029084867
3006.0,0.009049392676737556
3014.0,0.01755913335284223
3023.0,-0.004748779543733117
3028.0,-0.009126178734180021
3037.0,0.020012561421102543
3046.0,0.011707699655507773
3053.0,-0.01050837753525537
3061.0,-0.008271065601440203
3070.0,0.00485718633838524
3079.0,-0.011672626506830762
3087.0,0.001747825584080049
3093.0,-0.005039581194637127
3101.0,0.006967331779478828
3106.0,0.02415562278490108
3110.0,0.013882822262260792
3118.0,-0.0019349281910169202
3127.0,0.013566093636592676
3135.0,-0.010042331196208036
3139.0,0.022575429048385068
3147.0,0.011872442285853638
3156.0,-0.012236164860657504
3160.0,-0.011944684171732327
3165.0,0.001361295513391595
3176.0,0.01111256360138111
3184.0,0.016658471359181325
3192.0,0.013460371724804033
3198.0,0.01771907906919726
3207.0,0.008011411037762753
3213.0,0.02057165938480248
3221.0,0.007407135558603161
3229.0,0.00663318776364911
3238.0,0.006133517297889732
3245.0,-0.013435601472222645
3249.0,-0.01502972029689253
3255.0,-0.0006894113568455399
3264.0,0.0011478567423922853
3272.0,-0.004559615008702666
3281.0,-0.011618270899399718
3287.0,-0.01550998962573416
3295.0,-0.010626416318428098
3309.0,0.008741018798294808
3316.0,0.005975690243295275
3325.0,-0.008711260434143782
3331.0,0.001248332330327114
3337.0,-0.018703071463484964
3343.0,0.007108154709745674
3351.0,0.008317721062490771
3358.0,0.0036015439918933305
3363.0,0.012129943531597487
3368.0,0.005741771815196324
3374.0,0.019366205187254626
3380.0,0.01174500069367635
3389.0,0.008127385222983027
3399.0,0.008512420133200376
3406.0,-0.006262471597850241
3412.0,0.013042668070789673
3420.0,-0.0011924580012245747
3428.0,0.01895199691412947
3436.0,0.007911881904554198
3443.0,0.01419725982296921
3452.0,-0.01412856007214079
3460.0,0.016129748075480916
3469.0,-0.008825779955319746
3479.0,-0.009027625769466656
3487.0,0.003130560728147525
3495.0,-0.00959797235634259
3504.0,-0.020033976156477017
3512.0,-0.004993846899888714
3521.0,0.005098628507981477
3529.0,0.015910956361337977
3535.0,-0.0005502830450313092
3541.0,-0.005388525258208051
3549.0,-0.002486333248416367
3558.0,0.00844477290975784
3566.0,0.009911512886458125
3570.0,0.019821598657839713
3578.0,-0.006984125068457302
3584.0,-0.017901472991375216
3588.0,0.010861452184462356
3596.0,0.00784323636215511
3605.0,0.01147252620475118
3614.0,0.01184425385546721
3622.0,0.009658158085372274
3628.0,0.007232743690665404
3637.0,-0.007460853788484622
3642.0,0.020643220798630336
3650.0,0.013604829906405595
3656.0,0.02608855936747352
3665.0,-0.005879743140223167
3672.0,0.0157234314154242
3676.0,0.011949941933925864
3683.0,0.0038637896835396666
3690.0,0.002467134436122826
3698.0,0.0037659853390151314
3709.0,-0.01227499363795473
3716.0,-0.017991969524941594
3724.0,-0.012369722021674351
3730.0,0.00031450448333613285
3738.0,-0.011730931980040613
3742.0,-0.011110997636133034
3750.0,-0.0028863785741204354
3756.0,-0.009453567858173485
3765.0,0.006373290689387722
3772.0,0.016195420012468976
3779.0,0.017461631187458332
3787.0,0.02007851307624204
3793.0,-0.022984384254426355
3797.0,0.01856159778451656
3803.0,0.013417354918694844
3809.0,0.0064256119061462886
3815.0,0.014904540926609072
3823.0,-0.007789353072611655
3828.0,0.009006574130734185
3834.0,-0.002944359495923358
3842.0,0.022714598721051922
3850.0,0.003934347382222826
3858.0,0.00241351003572164
3863.0,0.00445922440460553
3871.0,-0.00020050031780690663
3882.0,-0.0013380046347401915
3888.0,0.007106102592199757
3896.0,0.005210616343275979
3907.0,-0.008873241169218846
3916.0,-0.021006789159077097
3924.0,0.006416039440808277
3932.0,-0.0062224133156347115
3940.0,0.010828997047285422
3946.0,-0.02842485505694584
3954.0,-0.0009034252179263055
3962.0,0.0016375989872534974
3968.0,0.01373269443750437
3975.0,-0.026610936471919328
3979.0,0.0046315093921531405
3987.0,-0.0015040367387217886
3994.0,-0.027789422107790264
3998.0,0.0049407231325391526
4005.0,0.011978360400842401
4013.0,0.018326759246215546
4022.0,0.008564009291112654
4030.0,0.015327585827168137
4038.0,-0.004042252808475751
4042.0,0.015696782024933482
4048.0,0.008089397945649793
4056.0,0.025677279232268556
4065.0,0.0243944710127011
4074.0,-0.0026174235043792647
4081.0,-0.012528087967393822
4085.0,-0.0014237526427778487
4091.0,0.0027257011466070014
4096.0,0.019608242667200924
4104.0,-0.008964455814741236
4113.0,-0.017510690116652322
4122.0,-0.01835654082621069
4130.0,-0.0054425029567675386
4137.0,-0.011760495387301739
4145.0,0.021222599937753252
4157.0,-0.029798944624637346
4165.0,-0.0004498374460198945
4172.0,-0.008446606070765368
4184.0,-0.00011414415282194607
4198.0,0.014425598711576006
4205.0,0.005417373792248681
4214.0,0.007486051756078522
4223.0,0.007698902130514684
4230.0,0.013230558879865517
4239.0,0.013124980138660243
4247.0,0.021476943261786372
4258.0,-0.005904937443844161
4266.0,0.020791501136271096
4275.0,-0.011712224597913337
4280.0,0.018603078014431246
4288.0,0.026072083458076666
4297.0,-0.04549332753296059
4301.0,-0.0016068882338289355
4307.0,-0.010227109998238277
4316.0,-0.0014455402480131425
4323.0,-0.020332727198909068
4327.0,-0.012858119438057302
4335.0,0.000854183755288152
4346.0,-0.014831941923190128
4353.0,0.0047883985758952865
4361.0,-0.0024934252402500938
