,5
2.0,-0.010168902716980354
11.0,0.00444237029366093
20.0,0.0021146252521579436
27.0,-0.0024671378229260982
32.0,-0.0035377494075560325
37.0,-0.00020958137735217064
42.0,-0.00032518776889916824
51.0,0.0005573774729843972
62.0,0.0004610810288200442
71.0,0.0019010952501297643
82.0,-0.0033044367198950485
91.0,0.0011870711072885956
101.0,0.00334182537216666
109.0,-0.0008975427952175904
117.0,-0.002372475659665065
123.0,0.0008565380543920074
129.0,0.0018870962674209686
136.0,-0.0008211502704942084
142.0,0.0019794856937478175
147.0,0.004131312996999258
152.0,-0.007768067032458202
158.0,0.002862463858010003
164.0,0.0042990878495584965
170.0,0.000848264276816706
178.0,-0.000349076796898165
190.0,0.0008491797881212802
196.0,-0.006282475063306735
204.0,0.0015919399154714887
213.0,0.002277535528089139
221.0,-0.0007910456320138106
229.0,-0.000964800264661741
238.0,0.005419475648275809
244.0,0.0009881565629193477
255.0,0.002384136292065746
263.0,0.0013865837680946882
271.0,-0.0031403254910145877
278.0,0.0015079343444708883
287.0,-0.0004228947932758734
295.0,-0.004006450412355254
306.0,0.00047308610759953936
312.0,-0.009121791035293364
321.0,-0.004228946491986473
328.0,0.011647349622000714
335.0,-0.0020110052691717883
343.0,-0.00039692527249561864
350.0,-0.0011145204425069256
361.0,0.0008415195004495916
368.0,-0.0027866891079976336
378.0,0.009719284018718062
387.0,-0.004164966414589712
393.0,-0.0032332414388073416
401.0,-0.003820265725032841
406.0,-0.0004576178301928202
414.0,0.004231868234728585
421.0,0.0019043794680932758
430.0,0.0029683440504053053
435.0,0.0036397742714125467
442.0,0.000491814139565886
448.0,0.0009231067113593178
454.0,-0.00045512154513277687
463.0,0.00213932800235175
472.0,0.0008585094007943949
480.0,0.003398083707666498
487.0,0.0026953096090877623
492.0,0.0054070204355928615
498.0,0.001689872211064898
507.0,-0.0024918515783071927
515.0,-0.006326533509766169
519.0,0.007879552527069338
528.0,-0.0030483562183369955
535.0,0.0033629923944991096
543.0,-0.0018855149025083437
549.0,0.0015412351237023545
561.0,-0.0002919254904756402
570.0,-0.0005846967338814579
576.0,0.0031308772832016204
588.0,0.0014950725435948914
594.0,0.0038086421312107446
601.0,0.0009877284472767616
609.0,-0.0015486092304831816
615.0,0.0010139668969382752
623.0,0.0025302435026741984
630.0,0.0004488276700206701
638.0,0.002039406201204067
644.0,0.00041097422790641
655.0,-0.0018864309082875777
664.0,-0.0027246112175184534
671.0,-0.004331988507555011
675.0,0.01144211772080606
681.0,0.00012712282740104969
687.0,0.003742220996760458
696.0,-0.001684400634740021
708.0,-0.013383331085537298
715.0,-0.004886697238333129
723.0,0.004764608612046523
729.0,0.004547636957756864
734.0,0.0008922897797261091
746.0,0.0010207791956439775
755.0,0.0026972548872593663
762.0,0.010450196850876772
769.0,0.004409229762528455
778.0,-0.0013945251196437632
783.0,0.0035329781040269992
791.0,0.0025923681677925635
800.0,0.00015886541971846146
810.0,-0.00045567916812228363
818.0,-0.002006125011970082
826.0,0.007766051316860422
833.0,-0.0005266284505599886
838.0,0.002267322749880443
844.0,-0.006568110324740091
853.0,-0.010059644971932038
857.0,-0.0031698169993869593
865.0,-0.014036480204272606
872.0,-0.000904170503569575
884.0,0.0008145018602693268
891.0,0.0012029693481936151
898.0,-0.001991571408774145
905.0,-0.0007253883327259674
915.0,-0.0012249447038767
926.0,0.005351572707748554
934.0,-0.0016570033321316624
939.0,0.0023698605515560228
945.0,-0.0031166527890918484
