,8
0,0.00795184128456409
1,0.001594795869735232
2,-0.00014511293714078257
3,0.0007409091841688103
4,-0.00029900811995619967
5,-0.00011006315770837807
6,0.0010009284050877597
7,-2.83209176350649e-05
8,0.0013842096278203935
9,0.00015618174145341722
10,-0.00042970292976193347
11,-0.00024288491436777888
12,0.0008689229242679346
13,0.00026825215280370813
14,-0.003078896649928162
15,0.00023061596619524134
16,-0.002681589506090991
17,-0.0010414954741861228
18,0.0008797900845165568
19,0.0008058314305428387
20,-0.001502054048319358
21,-0.0057957010788307305
22,0.00040467855316065753
23,0.0026306153209146475
24,0.001232691138939918
25,-0.00011958764564517574
26,0.0022731287934811832
27,0.002832987065663488
28,0.0009917518350924578
29,0.0004929501989443656
30,0.0022737767397849186
31,0.0020124747552251257
32,0.0007229617045370781
33,0.0030299250703613263
34,0.00016484437271870134
35,0.0006466663587190417
36,0.0020085842588441036
37,-0.002328299342516873
38,0.0007484409149791841
39,0.00036843000460255444
40,0.0002640847646897562
41,0.0003250518062131894
42,0.0012004602590931733
43,-0.00022186250808592338
44,0.000534540591792445
45,0.00027212300483959106
46,0.00011776727847847449
47,-0.000641092067817886
48,-0.0007800746034485
49,-0.0018846468353209303
50,-0.0011051192608377614
51,0.0004169228777125755
52,-0.0004306682778635952
53,0.0004142440060533244
54,0.002551586777317305
55,0.0024191775826959486
56,4.523315880908878e-05
57,-0.00063960347764251
58,-0.0011102524334309447
59,9.635460829005226e-05
60,0.0015028084470531655
61,0.0017455541645994119
62,0.0016761270289621193
63,0.001421878207012258
64,0.0005449449765319752
65,0.0022300740348383187
66,-0.0008801055734204916
67,-3.943747144281776e-05
68,0.00017995293307103126
69,0.00242853143572816
70,4.273473310383699e-05
71,-0.0002845854286420883
72,0.00048075927993283937
73,0.00042750064500697614
74,0.0006561178621669038
75,0.0011889628330198833
76,-0.0006560238335079208
77,9.320320929946206e-05
78,0.0005892744733573734
79,8.59939454431573e-05
80,3.2432545475984494e-05
81,0.00037685797226916077
82,0.000865006911161358
83,0.0006259194620545928
84,0.00041509665159288246
85,-0.0009356805289772678
86,0.0020131641218696355
87,-0.00610945269203195
88,0.002291431545240038
89,0.0006117267375554084
90,-0.0002906315216024565
91,0.0009637749103924741
92,0.0016333699869698717
93,-0.0007316619632535318
94,2.4108758365094372e-05
95,-0.0013545395718101046
96,0.0003275247037410521
97,0.0011102993527881443
98,0.00030922854739972227
99,0.0013383627314055048
100,0.000993645308141753
101,0.00158223805154986
102,0.0015312557321545794
103,0.00014781915442509678
104,-6.363536521595005e-05
105,0.00036515362950637406
106,0.00017551322545208799
107,0.0003037612226421893
108,0.00031018807222594656
109,0.00023130320208185088
110,8.828428406876928e-05
111,-0.0041215674239504976
112,-0.003393451788500228
113,-0.0034765561368097554
114,-0.00088930006596838
115,-0.0006597969060298616
116,0.0006501316457355683
117,-0.001137508840197153
118,0.00021495431915660016
119,0.0004967300005887223
120,-0.00016167757880494363
121,0.00040355680778494696
122,0.0001527029289413244
123,0.00035383944787772476
