,4
3323.0,0.0078969449151803
3332.0,0.002940315979263159
3339.0,0.00177917623761312
3350.0,0.018581453352462623
3354.0,0.004456538126459738
3365.0,0.011541879745300269
3371.0,0.002470251799954771
3380.0,0.005120315530403679
3388.0,0.006524590570814936
3393.0,-0.0003484880890307876
3398.0,0.007335082410494333
3403.0,0.006747712075569002
3411.0,0.006817767367327295
3420.0,0.007060262390490985
3431.0,0.0029304366804140604
3441.0,0.0030539086159694947
3445.0,0.007443450722171492
3453.0,0.001097523899647553
3461.0,0.0014837447357760785
3469.0,0.003186807676131483
3481.0,-0.02893441498230172
3492.0,-0.00367698621450961
3496.0,0.006338261289239221
3508.0,-0.00144760472403459
3514.0,0.013508270549130076
3522.0,0.01494823903534323
3526.0,0.0061426980749598745
3534.0,0.001257884420160262
3548.0,0.00320554770943562
3555.0,0.002007902358404951
3561.0,0.006375679090836169
3566.0,0.0012724162819025108
3571.0,0.004144962120216124
3580.0,0.006113781942054921
3591.0,-0.0008996897289893048
3600.0,-0.002464165431654869
3606.0,-0.010754222890227328
3614.0,0.00034424200727327066
3625.0,-4.819285509335705e-05
3633.0,0.0018350584379636192
3640.0,-0.0047283631602957005
3649.0,0.004382092845109537
3654.0,0.0007000239814884542
3661.0,0.000983951352697827
3669.0,0.011885464298283951
3680.0,0.004801775881804613
3688.0,0.00959729224872561
3695.0,0.007763303067219765
3703.0,0.0021353232629108348
3707.0,-0.0020244290105163364
3713.0,0.005035906188407959
3720.0,0.00750194651187947
3728.0,0.004338895356310972
3740.0,-0.004191331865992389
3744.0,0.0021275153062723954
3752.0,-0.004818780982234171
3760.0,-0.0038345579488598485
3769.0,0.013086915970374494
3777.0,0.005934810170194388
3785.0,-0.00042061107349488844
3791.0,-0.004281211340567312
3802.0,-0.0029551239704732305
3816.0,0.00289964064509835
3830.0,0.006750092003154142
3836.0,0.001140029072976858
3844.0,0.010142778675901638
3852.0,-0.027299600996751
3856.0,-0.002489123636386611
3867.0,0.00047715850953421396
3874.0,0.0026285528696095265
3881.0,-0.001532948114491284
3886.0,0.009847555349587018
3897.0,0.006234357563252804
3908.0,0.0005416206127834867
3916.0,0.015040204518839886
3924.0,0.00944941973556372
3930.0,0.0004994057236371505
3938.0,0.0010038488065021902
3946.0,0.008810101151380216
3953.0,0.010214900250317268
3959.0,0.010235247925431493
3965.0,0.007296260636276489
3970.0,0.004001381029652225
3978.0,-5.268836709825725e-05
3986.0,-0.0006253472187023076
3992.0,0.003930601019988086
3998.0,0.005664766487396288
4006.0,0.01607588857099048
4014.0,0.0019212064264838508
4021.0,0.010482510330430647
4026.0,-0.0014717426594464751
4032.0,0.005695925181567515
4039.0,0.006406520340944004
4047.0,0.008905569900118204
4053.0,0.005930791575694068
4058.0,0.0028130026654715158
4067.0,0.005873927353014026
4076.0,0.0004629473828984484
4084.0,0.0013106391404658665
4091.0,0.0009394509416031792
4097.0,0.0076775455202057466
4105.0,0.007877238204880347
4109.0,0.013110037662299226
4117.0,0.0016966284359083283
4121.0,0.010050263834584417
4129.0,-0.004954985813791914
4137.0,0.0076455426696895425
4142.0,0.0021869482378194
4156.0,0.0038860073415066514
4163.0,0.01247607752356061
4168.0,0.004464461090843379
4182.0,-0.000929752670283047
4193.0,0.00482929705386817
4201.0,-9.84597130527291e-05
4212.0,-0.0002586904449409013
4218.0,0.0022539996790824526
4227.0,-0.002777586797123008
4231.0,0.006131655099668269
4238.0,-0.0109347657008504
4246.0,0.004942663384025851
4253.0,0.01563346229408986
4262.0,-0.006963379751541899
4267.0,0.0007376304422216318
4281.0,0.006328783441909316
4289.0,0.008809893703005604
4300.0,0.009864963767142418
4304.0,0.007957883072743322
4310.0,-0.013565231085357904
4321.0,-0.0031060817834101103
