,6
3.0,0.006508036278920644
18.0,-0.0009477924975046774
26.0,0.004524331324683058
33.0,0.0011602617855373462
41.0,0.0033270407298981314
48.0,-0.0005929378525992162
57.0,0.00020318503276152474
63.0,-0.011903951184080953
70.0,-0.0032764190506341115
75.0,0.0032931341664858295
82.0,-0.001038989564810967
90.0,0.004497522713502718
96.0,0.0026864901279039753
103.0,-0.000675259448917137
110.0,-0.00038439254736126883
117.0,0.0037685420177507064
121.0,0.004101042598811018
129.0,-0.0013378064248284161
135.0,0.002885301085597931
142.0,0.0019367801489345807
148.0,0.001221263771440736
156.0,-0.000732439848441108
162.0,-0.0012033787923109462
168.0,-0.0009395383819023639
179.0,0.0007723856952030658
184.0,0.007583105238134862
190.0,-0.0028743897860740797
199.0,-0.0004656015670912474
205.0,0.0008486698819110762
213.0,0.0014709769203748683
219.0,0.00017468921700393555
227.0,0.0013402819330624604
235.0,0.0009673125342928414
243.0,0.0003015947586853789
253.0,0.0002623848918509162
267.0,-0.0004085389573301324
279.0,-0.0005502390722481458
288.0,-0.0009643967618905487
297.0,0.0023382130533370943
306.0,-0.002495976113368642
312.0,0.004276670616125288
322.0,0.003740209526082383
331.0,0.0009172752091381144
337.0,-0.00034915237338626096
344.0,-0.0006797426950508671
355.0,-0.0007144751379291539
363.0,-0.0007820839050567671
371.0,0.0002927465740952436
379.0,-0.00030020833278546953
388.0,-0.0007858698756682897
400.0,0.0004658254461329389
405.0,-0.0003430916278828453
411.0,0.002433990647109725
420.0,-0.0003392414085488359
426.0,0.003045055847980271
434.0,-0.008051076340713871
440.0,0.0070265831549019215
444.0,0.00488186500708757
452.0,-0.0027623294301364148
459.0,-0.001986451397682477
465.0,-0.0014300738863716042
476.0,0.0012467662026050563
487.0,0.0032908264456604753
493.0,-0.0015658952869549694
497.0,0.0005964125290382573
503.0,0.0005029112970661632
508.0,0.004068838262896926
519.0,0.001739067287986359
523.0,-0.0007825391025416192
530.0,-0.0004328429182899351
538.0,0.0005621437022777576
549.0,0.0015859117648426343
556.0,0.00034738744676704935
564.0,0.0010873859473884934
570.0,0.0011728284283787963
578.0,-0.0002442320707361362
586.0,0.0012817789780262697
592.0,-0.0009717791531713209
599.0,-0.00011974986066802465
608.0,0.0005891122190986737
615.0,0.0024577422635919206
624.0,0.0008502354692939155
632.0,0.0015004193174191186
643.0,0.00013701924893814174
648.0,-0.0010079820698197404
663.0,0.00038034551685907234
675.0,-0.0002432500872034176
686.0,0.0002591633917086717
692.0,-5.985487910913511e-05
701.0,-6.660702152138524e-05
710.0,0.0001501681435821214
716.0,0.00035334969275254574
724.0,-0.0004029022925750229
730.0,0.00044522776075860143
744.0,-0.0008809216652298274
751.0,-0.0014728577518516085
763.0,0.0019597016794544535
770.0,-0.0005624849007453107
781.0,0.0008774805123471516
785.0,-0.004143034730150184
789.0,0.0025866608029060574
793.0,0.00029646141912676084
800.0,0.00036165428653479317
809.0,0.00011563841224235186
817.0,4.348597601795263e-05
826.0,-0.0002850719825473496
834.0,-0.0017180612533181773
843.0,-0.0012362230386019743
854.0,0.0020385714829724596
859.0,0.0007789883349100375
867.0,-0.004665215908210405
872.0,-0.0013989105603056306
877.0,0.0001753861942099357
884.0,0.00021938769646672807
891.0,0.00037164180204365277
898.0,-0.0006348295420478209
904.0,-0.0005534620120688726
912.0,0.0005579669552671545
923.0,-0.00016887553351636864
930.0,0.0002633736629546484
937.0,-0.0013164146187021498
943.0,0.0031076808547820627
949.0,0.002639457389572152
958.0,0.0007603213118789925
967.0,0.001257167802333144
975.0,0.004389452832259414
982.0,0.0018825599226140045
988.0,-0.0017155564612401188
992.0,-0.0008129073438995988
996.0,0.0005453860588569139
1001.0,0.0007428731705448044
1007.0,-0.0002813176367148434
1014.0,-0.0009372077313896019
1021.0,-7.160629659664577e-05
1027.0,-0.00016212376943326723
1038.0,0.00020783380578267383
1046.0,-0.0009237541827719167
1054.0,0.0006179735661390324
1062.0,-0.0005244999353866717
1073.0,-0.000583462104208358
1085.0,-0.0020041947292006503
1092.0,-0.00046090562290698566
1101.0,0.0015827631088380372
1109.0,-0.00573762771885121
1117.0,0.002592652502495121
1125.0,-2.502635663598909e-05
1132.0,-0.0008687866043533424
1141.0,0.0007923809577601314
1155.0,-0.0002599933244946171
1164.0,0.0008325907108418384
1172.0,-0.00581783428552824
1180.0,0.007019667561583362
1184.0,0.00813660784162624
1190.0,0.0006090948383013998
1199.0,-0.0013347228163130985
1210.0,0.0025036499718626244
1219.0,0.0007344528738391091
1227.0,-0.0008538457301145489
1231.0,0.001349024948943717
1238.0,0.004057193472969099
1246.0,0.0006686241153914342
1254.0,-0.0023040459011565775
1260.0,-0.0012014528683517676
1274.0,0.0006996562479328962
1281.0,0.0002939484768194786
1289.0,0.0002989029512627406
1298.0,-0.000344878796514434
1306.0,-0.009187103870454271
1312.0,-0.004419332384275132
1321.0,-0.0015485902510037478
1329.0,-0.00017912075788108892
1335.0,-0.0005563757655192091
1342.0,-0.00012108849590213148
1354.0,0.00026503959063026064
1360.0,0.00010307019935833655
1369.0,-0.0002999964886547001
1380.0,-0.0006003158940203321
1386.0,8.601706836668077e-06
1393.0,0.000703873590566839
1401.0,-9.718714932791016e-05
1408.0,0.003245854192901422
1416.0,0.00041679128540657035
1423.0,0.00013501525521322064
1432.0,0.00040782058057252455
1440.0,-0.0011060814470190273
1449.0,0.0017753367408176032
1461.0,0.0016556780265687045
1470.0,-0.00036612714781235074
1481.0,-0.0006868775683455646
1491.0,0.0006047008466871273
1499.0,-0.00021897603326200913
1505.0,-0.00024135510313182302
1517.0,-0.0006937681142454758
1524.0,0.00015076766944496504
1531.0,0.00022668751175499173
1548.0,-0.0013146475433468106
1553.0,-0.0023808731294168006
1560.0,0.002185564989429873
1570.0,0.0021999974927193696
1579.0,0.001550154817552125
1586.0,-0.0029073427667139448
1592.0,0.004229670013539426
1599.0,-0.0018611330682346647
1605.0,0.0001471357956378243
1612.0,-0.0009570344097955428
1620.0,0.00013223460740428928
1627.0,0.0008283360078209809
1636.0,0.0022899674828536034
1642.0,-0.0004997067313535651
1653.0,-0.00014078513379257965
1661.0,-0.001300744395306752
1672.0,-0.001297667354488011
1680.0,0.0018514632209034258
1689.0,0.013155645353387068
1697.0,0.004217420454651463
1706.0,0.002579834520352004
1713.0,0.0018011972481033773
1722.0,-0.00042261315674123795
1730.0,0.0007468146119971115
1739.0,0.0005402328915483759
1748.0,0.001518323866103789
1754.0,0.006312628611760057
1758.0,-0.0029495259067071847
1765.0,0.0009266608763105969
1771.0,0.0030638918200050934
1779.0,-0.0012519240246886415
1786.0,0.0011711069513123226
1795.0,-0.0011419181298861964
1802.0,0.0013459661712109487
1808.0,0.003437649030072423
1817.0,0.00021498344294886395
1824.0,0.0018155110773834296
1832.0,0.0010370059700510724
1838.0,0.0010332608401921093
1846.0,0.001772600086809762
1853.0,-0.00018774112390116367
1859.0,0.00027105773155740943
1865.0,-0.0007475169489574116
1872.0,0.004639154925067917
1879.0,0.003784169843308718
1883.0,0.007923988211049062
1891.0,-0.0008180209855183816
1897.0,0.0015820653524641105
1904.0,-0.003506332157428282
1911.0,0.0029654321650096375
1917.0,-0.001177359991688086
1925.0,-0.0013237357232152775
1937.0,-0.0008888345378357414
1952.0,0.0005116941265678375
1963.0,9.723512379346696e-07
1977.0,-0.0014124633013290594
1985.0,0.00016584311062777307
1996.0,0.00017051648354962737
2005.0,-0.0019523435944655138
2016.0,0.0018146223014886779
2023.0,0.005785536184357719
2027.0,0.001467438683340631
2035.0,-0.001123524887595035
2044.0,-0.0014250775402079407
2052.0,-0.001135979318067897
2061.0,0.00038160954784028094
2073.0,-0.00040277502277747903
2081.0,0.0006107488678988259
2085.0,0.00014294656041643957
2097.0,0.0006352816471357571
2105.0,0.0003204020061865063
2111.0,-0.00032342130730062587
2123.0,-0.0008536930542381517
2129.0,-0.0018192745625344193
2133.0,0.0040508340722710855
2139.0,-0.0007470550757491259
2146.0,-0.0008351561812075668
2158.0,0.0002069251631334753
2170.0,-0.001399629535716815
2180.0,0.002805813617484007
2187.0,0.009106935942505915
2193.0,0.001986625595689632
2201.0,-2.470384251967452e-05
2210.0,-0.00543129849212421
2216.0,-0.0018487659758582757
2227.0,0.002158952626056259
2235.0,0.0012104934565632514
2241.0,-9.521874343027032e-05
2249.0,-0.0006038257856428616
2256.0,-1.1419846141565453e-05
2267.0,0.0004003205470921013
2275.0,-0.00016644681132402554
2282.0,0.000613393845243774
2288.0,-0.00221454839762453
2297.0,0.0008441898546643869
2305.0,-0.00018750657675436726
2314.0,0.0006424180325489976
2326.0,-0.00016532054557830803
2338.0,0.0005487471772168926
2346.0,-6.0944923476956226e-05
2355.0,0.0009584327342332947
2363.0,0.0007727950366280853
2371.0,0.004639560116780464
2377.0,0.0011669267872287063
2384.0,-0.00044683794456675186
2391.0,-0.001296944293329807
2398.0,0.003732740856388164
2407.0,-0.00031037914525923547
2415.0,0.001381349105397163
2422.0,-0.0006119058903176562
2427.0,-0.0027278535692044515
2434.0,0.0006242017514977599
2446.0,0.00073594444223016
2458.0,0.0002461592125827907
2464.0,0.0003569326050351124
2469.0,0.0001908209247171933
2475.0,0.0008551086261864665
2489.0,0.001534418644499815
2493.0,0.0006022237123343068
2498.0,0.001244875771340867
2513.0,0.0005907940015611758
2520.0,-0.0007942460301356172
2534.0,0.00017678265577569324
2538.0,-0.0008120986867234759
2543.0,0.0009086406311197368
2547.0,0.003604851823937669
2554.0,-0.0012932926354277806
2561.0,-0.001368143996495241
2568.0,0.0012077443481012672
2575.0,-0.0003948345173331909
2582.0,0.000794738690644319
2588.0,-0.01041032735257347
2594.0,-0.002621857933858406
2599.0,-0.00209768870024467
2608.0,0.00020725786539924616
2615.0,-0.0029470193097452524
2622.0,-0.00021872649601288688
2627.0,0.0010732312505940512
2634.0,0.001880746534418377
2640.0,0.0003075143167149346
2647.0,0.0003227273947002922
2659.0,-0.0008233654930227573
2666.0,0.003316398807462592
2674.0,-1.9674010956433428e-05
2679.0,-0.005157238375130106
2686.0,-0.007002908996866364
2693.0,0.004999731557569804
2699.0,-0.0007227371705213766
2703.0,0.004634092663824684
2711.0,0.007022638329343714
2718.0,0.0010367298864677659
2725.0,-0.004750941368583246
2729.0,-0.0012427394477928658
2735.0,0.005260488957468871
2741.0,0.007063629641088801
2748.0,0.00019540125955774292
2756.0,-0.0008272919621422765
2771.0,-0.00019919142082916853
2775.0,0.0002223768875666914
2781.0,0.00035177982258128215
2789.0,-0.0003994539742683483
2796.0,0.0008193571036146886
2805.0,0.003175902785208729
2809.0,-0.0006759182144727023
2821.0,-0.000537080821742534
2832.0,-0.0012327800233497394
2840.0,-0.0014285591071159511
2857.0,-0.0010300003345524915
2864.0,-0.0008285128564863378
2871.0,0.005457693391109049
2878.0,0.0004052411804228844
2886.0,-0.0012417747949844632
2893.0,0.00016265192851826454
2907.0,-0.003830886919058517
2915.0,-0.01122902720992142
2921.0,-0.0023946562838729857
2925.0,0.0074482763655575246
2931.0,0.00214015623693238
2939.0,0.007268113814828704
2945.0,0.0043455526634682586
2951.0,-0.009344509566908054
2955.0,0.002433622681165136
2962.0,0.000523196937101414
2972.0,-0.0017650683173570923
2979.0,6.324879456292852e-06
2990.0,-0.004079157493589159
2997.0,-0.0007611064689582404
3002.0,0.002763878028130335
3009.0,0.003428542506356844
3017.0,0.0008218003285077207
3026.0,0.001054305458038826
3032.0,-0.0013469965990191108
3040.0,-0.0010789307423979546
3048.0,-0.0005833401895344777
3060.0,2.6636798629411335e-05
3067.0,0.0011058037965533938
3075.0,1.055560446985521e-05
3081.0,-0.00034372714314971517
3087.0,5.2973362988848575e-06
3093.0,-5.575940234054517e-05
3100.0,-0.0004696771865530579
3107.0,0.005216827185998168
3115.0,0.0009509939806265208
3128.0,-0.00205517833284069
3134.0,0.006414182303507565
3140.0,0.0030065463377672835
3147.0,0.0001537481211546769
3161.0,-0.005448895271846555
3168.0,0.009075526936157723
3174.0,-0.00018016023375449136
3183.0,-0.0035066083053395063
3189.0,-0.0005354004155226545
3197.0,-0.0003693348240609128
3204.0,2.4053198525450387e-05
3210.0,-0.00018751329388955185
3218.0,0.0012658651136749886
3225.0,-0.0005954191372622062
3230.0,0.0013611220644104015
3240.0,0.005601285522899102
3247.0,-0.0009165107471779436
3252.0,-0.0006494034752161295
3258.0,-0.0011364772665638694
3264.0,0.0031578262597909018
3271.0,0.002983534594004288
3280.0,0.007351967085651251
3287.0,0.004293989818963405
3295.0,0.0009558493936534963
3304.0,-0.0020775774114926253
3313.0,0.0017144029458577687
