,4
3442.0,0.01436346791856982
3450.0,-0.004479285418317479
3458.0,-0.006212078485128839
3465.0,-0.0012533078722344786
3474.0,-0.0024217639720766388
3479.0,0.012252444107469267
3486.0,0.006031259617437754
3493.0,-0.004201368872054061
3504.0,0.008247308090335474
3512.0,-0.009838865359621526
3521.0,0.004552431643155521
3528.0,0.0020549152433833205
3537.0,-0.0021587939210071594
3551.0,0.00033650634711828353
3563.0,-0.0014641826393935607
3569.0,0.0056317982886524695
3576.0,0.00022184177818725174
3584.0,0.0044250724706494755
3593.0,-0.00028316876996765044
3602.0,0.009112511388340211
3610.0,0.005090702696755221
3616.0,0.009930966848567237
3623.0,-0.004199453130670242
3630.0,0.00481903982972823
3638.0,0.0018707781324203646
3647.0,0.0017436678386347814
3653.0,0.0033690308510881104
3662.0,0.0034032539900199117
3666.0,0.0029137436341998765
3671.0,0.014207590798572313
3683.0,0.0018824691748242919
3689.0,-0.002469944367513661
3696.0,0.011239424909647137
3705.0,0.004499941385579388
3713.0,-0.002279920994812293
3721.0,0.021452718677816115
3727.0,0.0004382392840773825
3734.0,0.005752604943572822
3743.0,-0.0041320576052157705
3757.0,0.002782808374317376
3768.0,-0.00026963982678620586
3778.0,0.00014601639520538497
3786.0,-0.0026456712121047375
3795.0,0.013155015164613471
3801.0,0.0018642911503675241
3809.0,0.006488805251683808
3817.0,-0.00018773996315861759
3823.0,-0.00870112473235803
3829.0,-0.0021492084693367076
3838.0,-0.00027581011930409214
3843.0,-0.011101332367798748
3849.0,0.008795267047193342
3855.0,0.006097408706413176
3867.0,0.0032072254017999854
3878.0,-0.0031170632400126363
3886.0,0.0045736662760755015
3894.0,0.005607204484228837
3899.0,0.000502639080431159
3904.0,0.0015794641093361183
3911.0,0.0009285460458621663
3918.0,0.0048888190762218535
3926.0,-0.0051238154994727725
3934.0,0.006273310822985186
3940.0,-0.0002502317306041628
3944.0,0.0057399522466526735
3953.0,0.003086233815456093
3965.0,0.0030341678475942525
3976.0,-0.006856009718791864
3982.0,0.0015259850804266973
3991.0,0.0016199244466650407
3998.0,-0.00872928121143189
4006.0,0.004516978734995546
4014.0,0.0053663081145987074
4020.0,0.0023686818166025535
4027.0,0.00010327958249794945
4035.0,-0.005076815851620539
4041.0,0.01138132189431162
4049.0,0.003856121349017802
4056.0,0.00169790441883205
4063.0,0.010095025099394864
4072.0,0.004755818720144815
4080.0,0.00338743795809408
4089.0,0.005457455952262666
4096.0,-0.001482435991591117
4106.0,0.0074884566820283445
4114.0,0.005615770522119043
4118.0,-0.00035607538035340943
4132.0,-0.0019477157591522949
4140.0,-0.0029025256731563536
4148.0,0.0035491982117579705
4156.0,0.012641692944063577
4165.0,0.003219674517649614
4170.0,-3.5445923687651945e-06
4177.0,0.00582773996125542
4188.0,-0.01384793874476478
4202.0,0.002048333518864207
4209.0,0.0028105187659574027
4220.0,0.004747776498191612
4229.0,0.0024385828669147235
4238.0,0.001882459424954202
4247.0,-0.0028724253981137916
4255.0,-0.004612527486070778
4262.0,0.00478619580431166
4270.0,-0.01242854612506293
4280.0,0.00505971262326659
4288.0,0.005741572324196506
4299.0,0.00408772675039818
4305.0,0.006666968399358582
4315.0,-6.46598546575153e-05
4321.0,0.00421013188299879
4335.0,-0.010106045448229972
4344.0,0.0006726275953248075
4352.0,0.0017537978095690456
4359.0,0.010714776628946932
4364.0,0.0023565186129283922
4372.0,0.001266968258333008
4382.0,-0.00486848839786258
4391.0,0.0007866162183257972
4398.0,0.008805925280399347
4405.0,0.003434927699192707
4417.0,-0.00014762867413723206
4425.0,-0.001930465544108831
4434.0,-0.0038332037724858594
4442.0,-0.013326244187684832
4446.0,0.008255789100032761
4455.0,0.001784333450212585
4463.0,-0.0015815522161817066
4474.0,-0.0055101697396139565
4483.0,0.0003705615986215151
4495.0,0.005968598024655312
4506.0,0.0017613368464026889
4516.0,0.00949519159039134
4526.0,0.004518815478699443
4534.0,0.0023643354505904278
4540.0,0.01095110596655448
4548.0,-0.002824181484911856
4559.0,0.0011881972288362418
4569.0,-0.004126191213441313
4577.0,0.006010264719234526
4584.0,0.002835247639003644
4593.0,0.0008823876697715947
4598.0,0.010189135324569413
4605.0,0.004694711630336847
4613.0,0.014616331625702096
4622.0,0.0024716032616011394
4630.0,0.004018101895602039
4636.0,-0.0007977882217842516
4640.0,0.0033844680332213834
4646.0,-0.0002611030647942774
4658.0,-0.0041869525828723015
4669.0,0.001948179676738117
4675.0,0.0009339016724144287
4686.0,-0.0036757865386246626
4690.0,-4.552871369510867e-05
4698.0,-0.008190546247848225
4705.0,-0.009967436551893276
4709.0,0.00717785239470203
4715.0,0.00936135774079521
4724.0,0.0007030984928913949
4732.0,0.006889987000004375
4739.0,-0.0025060753138767948
4745.0,0.002192799323310762
4751.0,0.012282163454042453
4760.0,0.005921101872443585
4767.0,0.005267691136762502
4774.0,0.0095562474145074
4782.0,0.006804047184793393
4790.0,0.005312307565695744
4797.0,0.003591912257638509
4805.0,0.015686406852010098
4812.0,-0.0006455631971025342
4821.0,0.02480200758183858
