,3
3442.0,0.02262676454031151
3450.0,-0.0005444365381378875
3458.0,0.005407678970200076
3465.0,0.014439040239597807
3474.0,0.005727024429886343
3479.0,0.005023129927764278
3486.0,-0.0016764582293328908
3493.0,-0.014506720575230206
3504.0,0.009044499047021272
3512.0,-0.011010306334606671
3521.0,-0.004227447520939443
3528.0,0.0043124293284999
3537.0,-0.0004573174165200331
3551.0,0.014575415702802944
3563.0,-0.01630673992851825
3569.0,0.0036420183043731646
3576.0,0.017429312975553828
3584.0,0.024036255969147345
3593.0,-0.01754724415274847
3602.0,0.02372054870279476
3610.0,0.0009805507972758146
3616.0,0.003981045503958857
3623.0,-0.01193563453152113
3630.0,-0.01330985684325262
3638.0,0.010676003032178381
3647.0,-0.022249007175151797
3653.0,-0.015555079030825099
3662.0,-0.02967493596688344
3666.0,-0.024738973476937435
3671.0,0.02117622187608434
3683.0,-0.0074347368593792275
3689.0,-0.002264230530046682
3696.0,0.005989037419900149
3705.0,-0.01692921762962093
3713.0,0.020493619616806485
3721.0,0.0034877267966913227
3727.0,-0.0036674962689030774
3734.0,-0.008142563149021235
3743.0,-0.0061697935010046456
3757.0,0.00010121119523729399
3768.0,-0.012966362339541378
3778.0,-0.0020707376430953747
3786.0,-0.009236400074277163
3795.0,0.0034657547207684403
3801.0,0.011281950173927741
3809.0,0.0013927399922613899
3817.0,-0.015129256790412554
3823.0,-0.008012058691572356
3829.0,0.012531016500127867
3838.0,0.0030068488775007317
3843.0,0.004628329715512711
3849.0,-0.02009758675504381
3855.0,0.003598219920945171
3867.0,-0.0158360754611849
3878.0,-0.010234209341369543
3886.0,-0.006675747253056401
3894.0,-0.01648775912221443
3899.0,0.008031773772858746
3904.0,-0.006065902803124501
3911.0,0.011920191080609288
3918.0,-0.0016579662603368028
3926.0,0.023444545773242998
3934.0,0.023121236212551854
3940.0,0.032257486394296785
3944.0,-0.015122126588161793
3953.0,-0.007393124844367811
3965.0,-0.0029862681878102086
3976.0,0.00882138922559858
3982.0,0.0013523579643801964
3991.0,0.013727590612902593
3998.0,-0.023194349936959877
4006.0,0.019444501960367525
4014.0,-0.0011468503067116414
4020.0,0.010095144018318469
4027.0,-0.02357401795374861
4035.0,-0.011073230220108933
4041.0,0.019848295512031457
4049.0,0.006551410264016191
4056.0,-0.006736849867877619
4063.0,0.010582850557355663
4072.0,-0.00925214562697955
4080.0,-0.00893435281169294
4089.0,-0.0006601687067818788
4096.0,-0.005874075282888336
4106.0,0.0007042292074552565
4114.0,0.012434303529368794
4118.0,0.01605614693725989
4132.0,-0.009638642025815436
4140.0,-0.005788968937092747
4148.0,-0.007614064446834805
4156.0,0.011267288812330205
4165.0,-0.00809023963935233
4170.0,-0.0033554220016500315
4177.0,-0.0007642869418003497
4188.0,-0.006587429551354193
4202.0,-0.013508449567930104
4209.0,0.0009164919754224891
4220.0,0.015597668909472494
4229.0,-0.002850581447239818
4238.0,0.019951012773563207
4247.0,-0.0016653887735688109
4255.0,-0.005872610220440505
4262.0,0.007654340150775996
4270.0,-0.025420164048212665
4280.0,0.003951887807889631
4288.0,-0.011210226540146964
4299.0,-0.018048783357969857
4305.0,0.0046111720519397496
4315.0,-0.004472808947997624
4321.0,0.007938082284365577
4335.0,-0.015331227397862239
4344.0,-0.008248221593550674
4352.0,0.018878966462310666
4359.0,-0.008037554093799767
4364.0,0.002101667419324396
4372.0,0.02070593382230199
4382.0,-0.019159702659147303
4391.0,0.010970227107515643
4398.0,-0.006905873819257996
4405.0,-0.007487646149328556
4417.0,-0.002527040163388957
4425.0,0.0007784226219568749
4434.0,-0.007666140086613778
4442.0,0.026965594118942157
4446.0,0.0018715145414992208
4455.0,-0.005100712757701605
4463.0,0.003266971981652122
4474.0,-0.006228920925351198
4483.0,-0.009487474331242796
4495.0,-0.0059941420009686055
4506.0,-0.0009049686783856604
4516.0,0.009189988502751179
4526.0,0.013298066430056142
4534.0,-0.009657041187310879
4540.0,0.02248678204199709
4548.0,-0.020591677116619682
4559.0,0.011049921782272985
4569.0,-0.005390408510859031
4577.0,-0.003754144765853268
4584.0,-0.0032516091812536028
4593.0,0.011971963860079012
4598.0,2.8776467018162315e-05
4605.0,0.011043160036819096
4613.0,0.008911259608790885
4622.0,0.021834378432100267
4630.0,0.010578332167673243
4636.0,0.01058862555795008
4640.0,-0.016136526452709018
4646.0,0.01625483594012218
4658.0,0.010052343078827585
4669.0,0.0020470483485390918
4675.0,-0.0018768809503012759
4686.0,-0.009049817407016837
4690.0,-0.002674480563518596
4698.0,-0.014387204373010016
4705.0,0.018840613798167257
4709.0,-0.0044569052814178774
4715.0,0.01662942441479007
4724.0,-0.00047473133638196383
4732.0,0.000945140491796352
4739.0,-0.003345004383070752
4745.0,0.00520983672172231
4751.0,0.013031105607077289
4760.0,0.009723028609828877
4767.0,-0.008181235385667356
4774.0,0.0003278198301701565
4782.0,0.0013754711044892283
4790.0,-0.002729283301415325
4797.0,-0.005375182296099755
4805.0,0.019696896367712508
4812.0,0.008925202588016792
4821.0,0.02628489330435939
