,4
2.0,-0.013696548771407349
8.0,0.001976433275961741
15.0,0.003391022400009826
20.0,-0.000491153892377767
27.0,0.004597727673246318
36.0,-0.005092290744160164
44.0,0.006669894136746597
52.0,-0.01598435677251241
56.0,0.003378485513694323
60.0,0.005823515588610146
67.0,0.01226625445165775
73.0,0.006971835483863663
80.0,-0.004436395057566644
91.0,-0.000133398503122737
99.0,0.004150655501122532
110.0,-0.00018399342303150753
117.0,-0.0022821074270452752
124.0,0.017676991602628502
133.0,0.0003410571657181603
140.0,-0.004083074202263009
149.0,0.003579495862817624
157.0,0.0035528273522944897
164.0,-0.002674464771883562
172.0,0.0030900148294839315
180.0,-0.0019644579210716853
188.0,0.01838341091441008
194.0,0.004610615628767304
205.0,-0.001971412289251564
212.0,0.0011339529808520926
219.0,-0.005111046110224599
228.0,0.01566745064588216
235.0,0.006954426399754522
242.0,0.008980444859324766
248.0,0.004229142871507424
255.0,0.0024580350083875527
262.0,0.009419318073456272
269.0,-0.00547968978785547
277.0,-0.0031689525036866823
284.0,-0.0054991427541606856
290.0,0.001405519576134256
300.0,0.004832371413437695
309.0,-0.012405525238201787
317.0,0.0011468172835093304
324.0,-0.0021596968675010684
333.0,0.007705269415867256
340.0,0.004683598432201645
349.0,0.007570618025797923
360.0,-0.0007334996642751454
368.0,-0.0026241289645523376
382.0,0.007423081634020172
394.0,0.006301054567792149
401.0,-0.005576888355763061
409.0,-0.007927296925773182
413.0,0.010410823189373178
420.0,0.005629434421233933
429.0,-0.00041285422355848557
436.0,-0.012177549069918314
446.0,0.0009298315933583943
454.0,0.004156110072623186
459.0,0.0051570721922720225
468.0,0.00994014955450127
475.0,0.0042490594141145165
484.0,-0.0016050625393436936
491.0,-0.004665216279264376
502.0,0.010606094971170708
511.0,-0.0020771721149507576
520.0,0.0028911107267118544
529.0,-0.0036527451136425535
541.0,-0.0013988908288305282
549.0,-0.002021318430383698
555.0,0.01091287073839364
562.0,0.002951258562080957
574.0,0.004509579085519591
585.0,0.005233413463685963
592.0,6.75115518966142e-05
599.0,0.004585616542240015
605.0,0.010368114444419839
612.0,-0.009601601113347255
620.0,0.009522584648472842
627.0,0.015682187262724644
634.0,0.0023749051630003095
642.0,0.006773305967692994
652.0,0.0018352425686145968
661.0,0.002835098982309392
669.0,0.005806777715143493
683.0,0.00042982648351188506
691.0,0.0066358814624485445
699.0,0.024121534632265986
703.0,0.010678170010363981
712.0,0.008698531148001218
721.0,0.006036207202476173
733.0,0.00541431200639783
742.0,-0.003672306838980442
748.0,0.00620167223154712
757.0,0.008672774700431004
764.0,0.001526614001370021
770.0,0.004128990117413451
778.0,0.012494260465752883
787.0,0.006713949475126331
792.0,0.0009817096248653985
800.0,0.005926925357988256
807.0,0.008483492495255384
812.0,0.008736233510229514
819.0,-0.002800408344239115
827.0,0.00010829382032338835
836.0,0.001068188162807938
845.0,0.0010389913516754736
852.0,0.00030968991692809057
860.0,-0.008181765612432609
866.0,-0.0028100164853227918
875.0,0.0010122046667636918
880.0,0.01163092282002821
889.0,0.006941975851655685
893.0,-0.003092756452021785
902.0,0.011094785830151178
909.0,0.00954876272694549
920.0,0.00434944800323047
929.0,0.007595016847942847
936.0,0.008766094338904894
945.0,-0.0015089259036565744
952.0,0.0013960326043257838
964.0,0.0036309799285123134
971.0,0.0028063364579853462
979.0,-0.004851647161734959
986.0,0.008684632903024916
993.0,0.0062904423131732
999.0,0.0005181236641014826
1010.0,-0.0037986235095991004
1019.0,0.0011458153069128462
1028.0,0.006383790202827992
1036.0,0.00020383074085815424
1043.0,0.012057216080681544
1052.0,0.006586386339853176
1060.0,-0.00216780973433661
1069.0,0.010230958768025938
1076.0,0.017739130507796536
1082.0,0.003280972866942028
1090.0,0.005295966336590437
1097.0,0.007208809640346443
1103.0,0.0083121411463057
1111.0,0.0030022062623047854
1118.0,0.004208614811843979
1127.0,-0.0010990789639109015
1131.0,0.0021286168092272562
1142.0,-0.006996915867997463
1154.0,-0.015059750311546959
1161.0,0.004404088981482515
1167.0,0.008216065750311589
1175.0,-0.002099583592022158
1183.0,0.0013830888043527031
1188.0,-0.00035236920190634044
1195.0,-0.003174754444350168
1204.0,-0.00016053024184276964
1218.0,0.004509054199362534
1227.0,-0.002587944318753458
1233.0,-0.003699139882049895
1241.0,-0.0030303738633725105
1245.0,0.011075263728047024
1254.0,-0.0003578980654947827
1261.0,-0.0006617603866928907
1270.0,-0.0031132327907757084
1278.0,0.016465869009248985
1286.0,-0.0029807253217701227
1298.0,0.0016668877935066748
1307.0,-0.0013410595525110223
1314.0,0.01631990733356952
1321.0,0.006217389091843763
1328.0,0.0031849569450409735
1335.0,0.004296944304476476
1342.0,2.775461683747864e-05
1350.0,0.007129789945184325
1358.0,0.010570034406189381
1364.0,-0.0016437714234541151
1372.0,-0.00019977743111714667
1376.0,-0.0013267009931081585
1382.0,-0.0028790463046383485
1393.0,0.0014044760023414025
1404.0,0.009453812421224235
1412.0,0.00041221081953689086
1424.0,0.00727108442325071
1430.0,0.0003681040347277358
1439.0,0.0031923091530097016
1447.0,0.0020255345617888982
1454.0,0.011759364385846896
1461.0,0.0027222541333609667
1469.0,0.006336775403782378
1478.0,0.0020069473948446438
1484.0,0.0021158859356881824
1495.0,0.005547997408694666
1509.0,-0.00024075221303900284
1518.0,0.008440687995817419
1527.0,-0.009390499304631173
1531.0,0.0008389685501497781
1539.0,0.0025400431983746926
1546.0,-0.0017231715654110662
1557.0,-0.0009232693873289156
1563.0,0.007352457143612777
1569.0,0.01058523460207186
1575.0,0.004321776397459106
1582.0,-0.0009794649829209326
1590.0,-0.0013418753084941443
1600.0,-0.0002538694630947772
1609.0,0.00027938382048017075
1614.0,0.005590833420420053
1622.0,0.002286925841218281
1632.0,-0.005468189811163791
1640.0,-0.0034072902645927686
1650.0,0.0025318315441467394
1662.0,0.0012422753723962932
1669.0,-0.0010905099363861207
1678.0,-0.0022558760830927362
1687.0,0.004241712246168787
1693.0,0.0012557679823333395
1701.0,0.0008014364750260504
1707.0,-0.0010269836516814217
1715.0,0.00943626099390042
1722.0,-0.008727023102514058
1728.0,0.0069966627817385045
1735.0,-0.0028150119565444505
1740.0,0.008887025981688985
1747.0,0.00861690316864446
1756.0,0.003645075121652255
1764.0,-0.022679861298781905
1772.0,0.014855872232275589
1776.0,0.009378892708351691
1780.0,0.0020163894983139296
1787.0,0.00941386039279964
1793.0,0.00250165764802395
1800.0,0.0016140360972925758
1811.0,-0.0058619176711495365
1819.0,0.00911192670893901
1830.0,-0.008578897888327167
1837.0,-0.0030800202853846037
1844.0,0.01017563665294017
1853.0,0.007001620261096996
1860.0,0.0015728191680602424
1869.0,0.0008498658098407836
1877.0,0.0030874330638148975
1884.0,-0.0030697389531660255
1892.0,0.005995034523803913
1900.0,0.0026178636009357575
1908.0,0.012580417507180551
1914.0,0.004763621419505752
1925.0,-0.001796426296970948
1932.0,-0.0010136768890892387
1939.0,0.0021570353878614117
1948.0,0.010959996198543358
1955.0,0.0030957269054232715
1962.0,0.007941029189599809
1968.0,0.0034214626822218677
1975.0,0.0018223769075873793
1982.0,0.007347868569943175
1989.0,-0.013365239521778306
1997.0,-0.000605180676315323
2004.0,-0.0012632977443957322
2010.0,0.0033999743771171353
2020.0,0.008787965204651997
2029.0,-0.008634499293098324
2037.0,0.0006556719942749035
2044.0,-0.002573844791212433
2053.0,0.009005312507011864
2060.0,0.0012436790944909228
2069.0,0.007256250030960308
2080.0,-0.0067645598179978655
2088.0,-0.005405688484238804
2102.0,0.0056868949845619715
2114.0,-0.000521409683888524
2121.0,-0.008452322152538732
2129.0,-0.008136673683474961
2133.0,-0.001974854724610722
2140.0,0.00420417901037268
2149.0,0.005071077554441602
2156.0,-0.008263073449903149
2166.0,0.00967930076852154
2174.0,-0.0004797390440252912
2179.0,0.005864947334965737
2188.0,0.006994747804608301
2195.0,0.008319271238279231
2204.0,-0.00448328184872719
2211.0,-0.004046517611098385
2222.0,0.0033838535466498756
2231.0,-0.0019354257102316202
2240.0,-0.001090991050750256
2249.0,-0.007050791320434503
2261.0,0.00035615331717376425
2269.0,-0.007332840101893229
2275.0,0.004078687215838207
2282.0,0.005268094163360985
2294.0,0.004558863306048159
2305.0,0.012795718645547998
2312.0,0.0001928023275810678
2319.0,0.006926192788542101
2325.0,0.006741630775454219
2332.0,-0.0019302757637542458
2340.0,0.010981515934024518
2347.0,0.013324978644476439
2354.0,0.016461331445214153
2362.0,0.004605052720906041
2372.0,0.0023004670899500076
2381.0,0.0030706790730279073
2389.0,0.004486234641814773
2403.0,-0.002332862876730836
2411.0,0.006493381054669768
2419.0,-0.004909078909064243
2423.0,0.015289628985167255
2432.0,0.010981990778130982
2441.0,0.006294796782487572
2453.0,0.002644530531419597
2462.0,0.006789137835339388
2468.0,0.00019321896268788922
2477.0,0.009789555385440381
2484.0,0.0033001306835395722
2490.0,0.0047187147619336695
2498.0,0.00943738221917403
2507.0,0.005469477058402441
2512.0,0.0051391841893751195
2520.0,0.0064176822232962834
2527.0,0.003884447608057469
2532.0,0.0060317414116152655
2539.0,0.006449004285644709
2547.0,0.006890292960478003
2556.0,-0.0032724581843094885
2565.0,0.005573878922015299
2572.0,-0.0031505742193345854
2580.0,-0.0016467650909278236
2586.0,-0.0005214064387169138
2595.0,0.002514904432164294
2600.0,0.00732788453103823
2609.0,0.006998618677896422
2613.0,0.011741459972587671
2622.0,-0.003499345277457182
2629.0,-0.0048757628695302885
2640.0,0.00042597710142890934
2649.0,0.0010178949978475347
2656.0,0.016471231322666435
2665.0,0.0035325879501869615
2672.0,0.0015072767921656938
2684.0,0.011257322544619575
2691.0,-0.0023389775852804186
2699.0,-0.005675689633228292
2706.0,0.0020979680353948645
2713.0,0.00632013084329439
2719.0,-0.007300352493983614
2730.0,-0.0011613078176951638
2739.0,0.005597403701692616
2748.0,0.002376000604832246
2756.0,0.0075332233716118675
2763.0,0.0059116424179686934
2772.0,0.014315899711413475
2780.0,-0.003471928153144316
2789.0,0.009083810470618575
2796.0,0.011676963137911583
2802.0,0.00225192818513006
2810.0,0.005012315913098237
2817.0,0.0021859312253280226
2823.0,0.001625740391904102
2831.0,0.004709411031471846
2838.0,0.003283354601471825
2847.0,0.0018416937404012938
2851.0,0.004661137855501141
2862.0,0.0010842674318904612
2874.0,-0.01682207580926902
2881.0,0.008327614270850069
2887.0,0.003932482341438916
2895.0,-0.00031195708980995843
2903.0,-0.0001940531613028291
2908.0,0.0027741470447077824
2915.0,-0.0005485113679303355
2924.0,-0.0056750548831741325
2938.0,0.0031163794862923404
2947.0,-0.0050229250862805904
2953.0,-0.008024071278635832
2961.0,-0.012999737603728773
2965.0,0.010963088553394014
2974.0,-0.000779373381551583
2981.0,-0.004394156610452428
2990.0,-0.0030847726983869476
2998.0,0.010820080714421493
3006.0,0.0009012488200271832
3018.0,0.0024598687969007113
3027.0,0.004837409111364155
3034.0,0.010614763251514971
3041.0,0.009730233621761564
3048.0,0.00653703147544988
3055.0,0.0076206639966699494
3062.0,-0.0030827430029217594
3070.0,0.005862861663776927
3078.0,0.0069134850651187815
3084.0,0.008980892281175242
3092.0,-0.0003023149108514628
3096.0,-6.0732850995647865e-05
3102.0,-0.0056362449966700645
3113.0,0.0006711879315997644
3124.0,0.0072595450500530685
3132.0,-0.0008320824083960442
3144.0,0.004163083547060494
3150.0,-0.0006174290999154189
3159.0,0.0018670664283221832
3167.0,0.0017530940263399803
3174.0,0.01211569290138666
3181.0,0.0016461957652463505
3189.0,0.006417008069715529
3198.0,0.0010958549771600695
3204.0,0.0007992759725302358
3215.0,0.002553151556057882
3229.0,0.0020094189890484003
3238.0,0.005499606303516372
3247.0,-0.00842702048299539
3251.0,-0.0016614415067958148
3259.0,0.0011231429880821935
3266.0,-0.0016374561963886003
3277.0,-0.003155978593975908
3283.0,-0.0019826076239677784
3289.0,-0.0021073647392647883
3295.0,0.005667251844891244
3302.0,-0.0032071974495565293
3310.0,0.006240966925393875
3320.0,0.015245664346309987
3329.0,0.0021560633843704276
3334.0,0.007039033679585814
3342.0,0.0009045906632108098
3352.0,-0.005383475574900784
3360.0,-0.0021947833905841107
3370.0,0.0036955115217266127
3382.0,0.004800545765973603
3389.0,0.00582096906517664
3398.0,-0.00250389637095412
3407.0,0.005227013729368367
3413.0,-0.0014029153647940789
3421.0,-0.004210560520673481
3427.0,0.0005518431751353617
3435.0,0.007899031735909383
