,5
3521.0,0.005127866846455689
3525.0,-0.004842482264974672
3534.0,-0.0007701128586163883
3542.0,-0.0015207602372954456
3549.0,0.0022975763506640923
3556.0,-0.0012114167560899715
3566.0,0.0029419086561428814
3577.0,0.0029690006232236214
3585.0,-0.003229689975042551
3593.0,-0.00458815775756645
3604.0,0.001646606158758859
3612.0,-0.006942376937953076
3616.0,0.0019210956686744694
3625.0,0.0012635442244212794
3632.0,0.00028306152002224405
3640.0,0.006588847931737122
3647.0,-0.0002321463700035128
3654.0,0.003027434970217084
3663.0,-0.005299470779233678
3667.0,0.004434051122787497
3676.0,0.00029633331747239085
3684.0,0.000961279658407429
3688.0,0.0019016777621582294
3696.0,-0.0015393759560181786
3702.0,0.0009298223899119145
3710.0,0.0010328163672294185
3718.0,-0.00011107804807412794
3726.0,0.002830828459040797
3733.0,0.0017524348140189887
3740.0,-0.00011953513395711602
3747.0,0.0004049359845347909
3756.0,-0.003850359340811546
3764.0,-0.004468122293122601
3772.0,0.0007952701353542862
3780.0,0.005742913279515472
3787.0,0.0032294916485465517
3795.0,0.0010886116381189095
3803.0,0.01699736909986714
3807.0,0.0006691729004108106
3818.0,-0.003600030013514938
3822.0,0.0037282561327369405
3827.0,0.00045073494309890924
3833.0,-0.004122842346238178
3842.0,0.003535023186434951
3846.0,0.01221870594677185
3853.0,0.0030054323568410118
3861.0,0.009893174664204151
3866.0,0.006378906667761361
3872.0,0.003873978094271425
3878.0,-0.003509083051563933
3885.0,0.0005576373505470418
3891.0,0.0013500468601643568
3901.0,-0.0009816091683962358
3909.0,0.0013185508252538587
3917.0,0.0010568483921389316
3928.0,-0.0035550874969449975
3937.0,-0.0028184606557897936
3946.0,0.01210308350566656
3956.0,-0.0013161057372253152
3964.0,2.695343071157255e-05
3975.0,-0.0029087646757837
3984.0,-0.002917690425759955
3993.0,0.004179934743187143
4001.0,0.0022056500024524722
4010.0,-0.006051354776368543
4015.0,-0.006407765612447891
4023.0,0.0025009203412989147
4030.0,-8.407411240783042e-05
4038.0,-2.1552111634667842e-05
4047.0,0.0007047788391181448
4056.0,0.000809374809378724
4064.0,0.0018587639065488074
4072.0,0.000503677977919838
4080.0,0.001712948754508284
4088.0,-0.0019425567172343375
4096.0,-0.0008503826718228659
4104.0,0.0003850087611208984
4109.0,0.011735114224118116
4121.0,0.006832063005335851
4125.0,0.0011750919378576037
4133.0,0.005894491018735747
4140.0,-0.008694310029687954
4148.0,0.0002474649840813366
4159.0,0.003818518284307145
4165.0,-0.0004353124398194502
4176.0,-0.0006154377028135803
4184.0,0.0008009363481705814
4188.0,-0.001324972725213876
4194.0,-0.0027218500103303304
4203.0,0.010829552168334245
4211.0,0.00578302622621685
4217.0,-0.00045788653099823736
4225.0,-0.0004374782046327887
4232.0,-0.0038977777217461176
4241.0,0.004762054333651512
4246.0,0.0016678085194683236
4254.0,-0.004998914572104563
4262.0,-0.0009341241005506127
4270.0,-0.0005004719522805768
4278.0,-0.0010125754926598265
4285.0,0.006539527812354193
4292.0,0.00022170795031198681
4303.0,0.0007778411945838626
4310.0,-0.005797424652681116
4317.0,0.0054505314500015705
4322.0,-0.00039369571578221324
4327.0,0.018537759487086643
4334.0,0.0047567037873010596
4340.0,1.879167646477497e-05
4348.0,0.007120981979650949
4353.0,0.0028989516626062397
4364.0,0.0025747678458418353
4373.0,0.0017178322808842409
