,5
2.0,-0.009016570390630656
6.0,-0.003374647094283203
15.0,-0.0029002134383083245
22.0,0.005091139725876395
29.0,0.0014423679193403564
38.0,0.001112283009454652
46.0,-0.0014649647144215035
52.0,0.0036282615362701037
59.0,0.0026637924944855665
66.0,-0.0005865791520138408
70.0,0.002260344605443019
76.0,-0.007316141968201032
80.0,0.0020432859800668846
87.0,-0.0011512764898271022
92.0,0.0019238488508697682
96.0,0.00016425367163416124
107.0,0.00030646975410083014
119.0,0.0005680939563557711
126.0,-0.00021740481924355042
131.0,-0.001161297891291788
140.0,0.0016376851449191232
150.0,-0.0018738765625577153
158.0,-8.904913475735471e-05
166.0,-0.0009819768942067211
175.0,-0.0038953640092536305
185.0,-0.0008744582536300366
195.0,0.0006199446084458211
201.0,0.0015133072255400517
212.0,-0.0009040307085136697
217.0,-0.0004667416870557751
227.0,0.001952871673297228
234.0,0.0002480574349893855
242.0,0.0008085955398920015
250.0,0.000980275480605977
262.0,-0.0016258185045640572
271.0,0.002184540481150048
280.0,-0.001206261844692293
289.0,-0.003976679295801585
297.0,0.002200481960217969
304.0,-0.0036076587379231207
311.0,0.002549527649473728
322.0,-0.0029022802260997792
326.0,0.0042983161709874195
334.0,-0.0003064689045230317
341.0,-0.0002480890372279325
352.0,-0.0008860301721826825
363.0,0.005481095890614292
367.0,0.0014166440145164702
374.0,0.0007188208269483816
379.0,-0.002030637018186003
386.0,0.0013931777844598504
394.0,-0.0012916680228545043
404.0,-0.0006476152165845512
411.0,-0.00030554341396270393
420.0,0.002448686118421351
427.0,-2.4855706728634678e-05
436.0,0.0016934564839549686
444.0,0.0031410476326110496
451.0,0.0004940906918227048
459.0,0.0007790000685970838
467.0,0.0017519637403519421
474.0,0.0007273129618624925
485.0,0.0007486926906293889
492.0,0.0022542943579388543
501.0,0.0034290415450261764
508.0,0.0004759930829665533
513.0,0.0016167028945285019
524.0,0.004406847182340128
530.0,-0.011068493756301551
538.0,-0.0059939963840357595
549.0,0.0025861442093857464
555.0,0.0026337874223936837
560.0,-0.0006035254793598686
571.0,0.0003420466063581878
583.0,0.0003184877261268411
587.0,-0.0016933444717307415
595.0,0.00622740092128734
602.0,0.0006170622068873039
611.0,-0.003152245872006781
618.0,-0.0017116778523939902
622.0,-0.00496011091232133
633.0,0.00019230730644147792
641.0,-0.0006548709955629912
648.0,0.002119410444952236
655.0,-0.00035865572278993
662.0,0.001173246959992613
671.0,0.002201114672223896
680.0,0.0002501075492338822
688.0,0.0006265071960500155
697.0,-0.0002910982608229922
705.0,-0.003057680605492976
710.0,-8.255855478379081e-05
722.0,-0.004051163144399207
732.0,0.002064229152858825
737.0,0.0024658819462498064
744.0,0.004006640049251527
751.0,-0.00017387638110291957
759.0,-0.0036339249350160066
765.0,0.004946169490836191
777.0,0.009781303198981461
781.0,0.004805901698835541
786.0,-0.002474233454264964
795.0,0.0018909079736511795
803.0,0.0015346201512053564
813.0,-0.0018442365843642462
822.0,0.0013672587716115805
827.0,9.038706660411473e-05
835.0,-0.0009730765170272097
843.0,0.0008647221927094282
851.0,-7.475805566562412e-05
858.0,0.0001205356931107499
862.0,0.0017610802453675984
871.0,-0.0048671047705897376
880.0,-0.0019936125082473306
888.0,0.0026233947399433117
895.0,0.004416509240999303
899.0,0.0015227123520116684
906.0,-0.0013206641430749137
917.0,0.002370470603537739
923.0,-0.001088017088295169
928.0,0.0013735527135432296
939.0,0.001609021949220685
944.0,0.0022243369400593367
955.0,6.88945804940905e-05
962.0,0.0005356106208380428
966.0,0.0014674207825577823
980.0,-1.958688037134703e-05
992.0,-0.0004088844302620167
1000.0,-0.002180433791410121
1004.0,0.0004247543169321647
1012.0,0.005913039704400614
1019.0,0.0031683314653020065
1028.0,0.0031405694384137465
1036.0,0.004804839720975272
1047.0,-0.001612522183336782
1056.0,0.00417759972705921
1064.0,-0.0063732572494125195
1069.0,-0.0031615981204732523
1076.0,-0.0025341396755708674
1084.0,0.006024677689497127
1092.0,0.0024394625195702305
1098.0,0.0024425585428209697
1104.0,-0.006783999521611042
1112.0,0.0031280103286376536
1119.0,0.0009771278847429516
1124.0,0.0032097517025126755
1131.0,0.0013988284178837174
1139.0,0.0005729412024267134
1147.0,0.00037782420174105986
1151.0,0.0029319908925114933
1160.0,-0.008318774846699354
1164.0,0.003516571600146954
1172.0,0.0028614297124337257
1179.0,0.0006170293815426626
1184.0,0.000309965657248583
1192.0,-0.00015172727772203354
1200.0,0.000618439529121648
1207.0,0.0005777160376909983
1212.0,-0.0010486174595781598
1223.0,0.001286428259183244
1231.0,-0.0009313848133647358
1239.0,-0.0007542559351404309
1247.0,0.005204531970119952
1254.0,-0.010341739166378284
1261.0,-0.0012079064598157965
1268.0,-0.004042233457619505
1276.0,-0.0002828883932576691
1286.0,0.0015273266902689037
1294.0,0.004144843409146941
1303.0,0.0024174433492302866
1312.0,0.005022148595019013
1319.0,-0.002317685762859244
1327.0,5.633988501599726e-05
1335.0,0.0005588472847333545
1342.0,-0.004125190874297636
1351.0,0.0012937378688182102
1356.0,0.0020544450107998586
1361.0,0.001203032714190209
1369.0,0.0019399038513149493
1373.0,0.0031616142367310316
1378.0,0.001047977330587034
1386.0,-0.0023619263339809903
1397.0,-0.000781363389105223
1406.0,-0.00395453666509341
1412.0,0.00047248818971187134
1423.0,0.0012802298928687682
1430.0,0.0008819174743954705
1439.0,0.006472754902287857
1446.0,0.0007019467204187617
1453.0,-0.00015818876017873254
1467.0,0.0020037089614349146
1475.0,6.720577440238127e-05
1482.0,0.0010759486880230994
1486.0,-0.0005773968671722976
1497.0,0.002394247683308061
1508.0,-0.004178268139136088
1512.0,0.00011188985322198476
1519.0,-0.00022866938631367403
1527.0,0.0034478608306721206
1536.0,-0.0005134743981280313
1543.0,-0.008533867994952137
1548.0,-0.0007709727967017083
1559.0,-0.00011062608034154991
1566.0,0.002338605403313154
1574.0,0.0018532746307700217
1583.0,0.0015717103518759644
1592.0,0.0018075914014197417
1600.0,0.001450879080230163
1611.0,0.0013509818702075024
1620.0,-0.0006661652524242546
1628.0,-0.0029401740184959897
1636.0,-0.0017154181590944056
1645.0,-0.001409771141643778
1653.0,-0.0033976093689184798
1660.0,0.01177141340024828
1664.0,-0.00010825044867604416
1671.0,-0.0002460531211972289
1682.0,0.0007248840567873453
1689.0,0.0026951747467349046
1697.0,0.013916393365279348
1705.0,-0.007181346221052877
1713.0,-0.000541116567813846
1720.0,0.0009828736240154571
1725.0,-0.0027518575750246055
1733.0,0.0030087253519114378
1744.0,0.010896941028671375
1752.0,0.014026948231814756
1756.0,0.009984576882496625
1764.0,0.005059900722614436
1773.0,0.0013557517842942156
1781.0,0.0016254229285486649
1792.0,0.0014505302031706385
1800.0,-0.0025310692813604084
1809.0,-0.0032112530681762076
1818.0,-0.003153246748685348
1823.0,-0.007809668613716896
1828.0,-0.007590970664112816
1839.0,-0.0026286634854555337
1846.0,0.0008027427871243206
1857.0,0.0011249185453587767
1866.0,-2.21068524072825e-05
1877.0,-0.0002888232643798245
1885.0,0.00014565001038709327
1893.0,0.0005151388385777506
1902.0,0.0002540600715785139
1910.0,0.0010085992481378443
1918.0,0.0015679174560479965
1926.0,-0.00028931611704032407
1937.0,-0.00012678293629635442
1944.0,-0.0016431344761246266
1949.0,-0.0037836905906480337
1956.0,0.0010283112630343333
1965.0,-0.0006024650309262314
1974.0,-0.010354617239957228
1981.0,-0.011120831131180018
1985.0,-0.007319367981012132
1992.0,0.0009019315575847247
2001.0,0.002143658116774632
2010.0,0.0007017545422178124
2015.0,0.002741095315746163
2020.0,0.002767651305574655
2031.0,0.001793376745754078
2042.0,0.0036387042359463627
2047.0,0.0036877423259382195
2053.0,-9.399407950638849e-06
2058.0,-0.0031313663309797284
2064.0,0.001249807279025897
2075.0,0.0026660745906702133
2080.0,-6.870372012518641e-06
2094.0,0.001027720831600607
2098.0,0.001622330395027918
2106.0,0.0016992289939770238
2117.0,-0.0005647075490731055
2128.0,-0.000742019241925884
2139.0,0.0015127157657983674
2150.0,0.0030071911439194378
2156.0,0.0016845762357806482
2163.0,0.0038200889288456186
2172.0,0.0013241242963137907
2181.0,0.0013979420260599841
2188.0,-0.0017232810967637042
2196.0,0.0006344739523339667
2203.0,-0.0015079349928188597
2209.0,-0.004072682252057378
2216.0,0.0027862522933970626
2224.0,-0.005274431754261887
2228.0,0.005583693246454694
2239.0,0.0003202570113563041
2250.0,0.0016603678853497781
2255.0,0.0030162897981776
2260.0,-0.00015170287439641902
2264.0,0.001572832595117191
2272.0,-0.0012499981615439802
2283.0,0.001229880338314205
2291.0,0.00015215750980587215
2296.0,-0.00020170395599564052
2303.0,0.0033193406840493467
2310.0,0.003930560237460281
2321.0,0.0031588157965164046
2329.0,0.008165114141982585
2338.0,-0.0014182030148332996
2342.0,-0.004487367989432895
2350.0,-0.01802764965739323
2354.0,0.0009761682659956681
2363.0,0.01310256161494892
2368.0,0.00032587465598500425
2375.0,6.693293757758648e-05
2386.0,0.004282770688639518
2391.0,0.00413390596049234
2398.0,0.0005849692595451093
2405.0,-0.006050517384524077
2412.0,-0.021531599500590252
2416.0,0.00641864175488078
2424.0,0.009470436158416674
2431.0,0.0029242549000641476
2440.0,0.0022788724001481676
2448.0,-0.0001437997360995127
2456.0,0.011070522184333374
2463.0,-0.001517731368365469
2469.0,-0.004616198234700246
2473.0,0.0034615170829688196
2481.0,0.002835868263251693
2488.0,0.003300535604822121
2496.0,-0.0002965974318355785
2502.0,0.0011079903940670864
2508.0,0.004117522862910027
2516.0,0.006882069527322279
2520.0,0.0013180519807232936
2532.0,0.004707341450894882
2541.0,0.0022052495172109714
2547.0,-0.0032758366216708475
2558.0,-0.006042220465017806
2565.0,0.005742095701437838
2573.0,0.005784316530289078
2581.0,0.0014149535908462192
2588.0,0.001778035169004924
2594.0,0.0013814512066076677
2601.0,-0.005328107145290517
2608.0,-0.0015300790561727005
2619.0,-0.0016706324116115068
2627.0,-0.0020144323492172164
2634.0,0.0020054705534393352
2643.0,-0.0005665825132140944
2651.0,-0.0011401976435188468
2655.0,0.0018861274569103058
2662.0,0.002417330746096537
2669.0,-0.0034206834385461164
2676.0,0.008805708802310932
2684.0,0.0020973370225247333
2692.0,-0.003902500569370252
2701.0,0.0012324556951465219
2705.0,-0.001158207244876444
2716.0,0.0006043915739550201
2723.0,-0.0021054786776815407
2730.0,0.0029943825698652646
2738.0,0.005268285016105263
2745.0,-0.00459257046464957
2752.0,0.005044055455532843
2756.0,0.0008200310423735398
2764.0,0.001351922955862423
2776.0,0.004208814982660102
2782.0,-0.0026054467738147523
2788.0,-0.0008677589666089906
2792.0,-0.0002378169043747994
2806.0,-0.0034429494823508735
2813.0,0.0005377141140383393
2822.0,-0.0011491167687548813
2833.0,-0.01082424883792803
2837.0,9.458832304379493e-05
2844.0,0.010158718880494754
2851.0,-0.0006774791885872645
2855.0,0.0028365982260984495
2862.0,0.0018569021866941594
2870.0,0.0015561654726547968
2877.0,0.003969873957280494
2884.0,0.0031510938391887547
2891.0,-0.0002726680607893505
2899.0,0.00047879725261567576
2906.0,0.001231001482393598
2914.0,0.0008450097809455511
2920.0,-0.0005207381274875684
2931.0,0.0013336935285318996
2939.0,-0.00041050471096446987
2946.0,-0.0003728633170275733
2950.0,0.0025797016006922995
2959.0,0.002228195176207496
2967.0,-0.0004384114734599554
2975.0,0.0008880049577352137
2983.0,0.0011964715558010128
2992.0,-0.0003933929327688035
3000.0,0.0004397231423232074
3008.0,-0.0002132509361788562
3017.0,-0.0029973242793076386
3022.0,-0.008874367188318123
3026.0,0.0031241572950657047
3036.0,0.0037384049201954167
3044.0,-0.004436266289100012
3051.0,-0.00690368905213036
3057.0,2.1895906983134572e-05
3061.0,0.008559582442362523
3068.0,0.0021231471757335962
3079.0,-0.0078322345186078
3086.0,0.000364688498180321
3090.0,0.0006856760208410766
3096.0,0.0010584418792674044
3101.0,0.0003522901495581418
3112.0,0.0023060050801534757
3120.0,0.0038227428773368456
3129.0,0.0034132790814767376
3134.0,0.0013618553144357918
3142.0,0.00020513037785363397
3150.0,0.0018310058326312581
3158.0,-0.004475984923662646
3164.0,-0.0022751050453077375
3175.0,-0.009090296492081344
3179.0,0.011197978219922775
3186.0,-0.010829730356760544
3200.0,0.0020294861683024597
3207.0,0.0035474982402164024
3214.0,0.001974640464726483
3220.0,0.0019352241541363221
3231.0,-0.00015013762045323946
3237.0,-0.0007815760502419704
3245.0,0.0015133683364513047
3259.0,0.0009330459586029139
3268.0,0.0025196664633106033
3277.0,0.0011300938063194316
3285.0,0.0002992479432864977
3293.0,0.0009887150564995366
3298.0,0.0016261121222739398
3307.0,0.00010846608356678778
3316.0,0.00015925857466576768
3323.0,0.001780997062390923
3329.0,0.0003665745239161932
3340.0,0.0004439944160992644
3344.0,0.006181281308213073
3353.0,0.004499710233777035
3358.0,0.0017454350572246127
3364.0,-0.00020728989076691947
3368.0,0.0017843968059501943
3377.0,-0.010220375357109407
3384.0,0.0015042835878003615
3395.0,-0.00013537262074120708
3404.0,0.0027672713730155095
3413.0,0.0014499976172210563
3421.0,0.003596376151678276
3429.0,-0.0018472346576938379
3437.0,-0.001299234433685131
3444.0,-7.934523165862324e-05
3453.0,-0.0002554535763652523
3462.0,0.0010541020690022285
3470.0,-0.00025260723993146864
3478.0,0.0005905485499697367
3489.0,-0.0008310679280531597
3497.0,-0.0009132681684573696
3505.0,-0.008029120342656359
3509.0,-0.0025205634358576533
