,6
3521.0,0.010752204999170675
3525.0,0.002810700600500028
3534.0,-0.0012118999444725837
3542.0,-0.0016096448962334769
3549.0,0.00022410909185051196
3556.0,0.0005989296455309957
3566.0,0.0011527837834917542
3577.0,4.773377729004839e-05
3585.0,-0.00139741580946679
3593.0,-0.003409627047983467
3604.0,-0.000307287340028862
3612.0,-0.004637140964477764
3616.0,0.0016991538053595775
3625.0,0.0029944897345620396
3632.0,0.0025391485193901535
3640.0,0.003290845534923437
3647.0,0.00195883730066243
3654.0,0.0011020729864885887
3663.0,-0.000267592740365493
3667.0,0.0018029318785464164
3676.0,-0.0025726863840612683
3684.0,0.0035440054019699784
3688.0,-0.00011266391618311194
3696.0,0.00039528479601327567
3702.0,0.0001255092240387532
3710.0,0.000672729492194745
3718.0,0.0009245978751077855
3726.0,0.0014064799493417972
3733.0,0.0011111503476284416
3740.0,0.006435544788715831
3747.0,0.0024916908557203834
3756.0,-0.0009689310072972905
3764.0,-0.001500703103149324
3772.0,-0.001410685820697005
3780.0,0.006612785447155745
3787.0,0.0031346279677562246
3795.0,-0.0022930476577462176
3803.0,0.0010171490739013943
3807.0,-1.7403654538166115e-05
3818.0,-0.0003038628007491361
3822.0,0.0036779435888073314
3827.0,-0.002717700121158937
3833.0,-0.0029004219551524465
3842.0,0.004738237847779241
3846.0,0.00594742281052039
3853.0,0.0017325470742817434
3861.0,0.009175609889293406
3866.0,-0.006024158331500005
3872.0,-0.0018997502164461208
3878.0,-0.0009114765934387053
3885.0,0.0013626320427595356
3891.0,0.0012404412058409533
3901.0,-0.00031196575442001803
3909.0,0.00018988999704000633
3917.0,0.0004626472797456874
3928.0,-0.0023695268770537454
3937.0,-9.561860768215373e-05
3946.0,0.004804858805532967
3956.0,0.002847415374274292
3964.0,0.0010834207398017022
3975.0,0.0021405336865056982
3984.0,0.003394047063143164
3993.0,0.004680137069241263
4001.0,-0.003768608607042503
4010.0,0.011617337482722296
4015.0,-0.0031967835673654722
4023.0,-0.0009509351038284004
4030.0,0.0008743070152309095
4038.0,2.0968942767093034e-05
4047.0,0.0005817413471325564
4056.0,0.003112735032738188
4064.0,0.004120581061945913
4072.0,0.002700974647730754
4080.0,0.001462732938766487
4088.0,0.007186328041360631
4096.0,0.002822495376923594
4104.0,0.0016389582930796532
4109.0,-0.006664314194926883
4121.0,0.0026270643019088444
4125.0,0.0026718905009194115
4133.0,-0.0013695425508983674
4140.0,-0.0017865479312633233
4148.0,-0.000292494975646102
4159.0,0.00039658111055596593
4165.0,0.0005068578204397787
4176.0,0.00014535427899721974
4184.0,0.0003189038857098836
4188.0,-0.0012455654655015925
4194.0,0.0011254797128909771
4203.0,0.0017465121096042824
4211.0,0.003279748039119586
4217.0,2.3185320488800347e-05
4225.0,-0.0009692445299413758
4232.0,-0.0019181582210648924
4241.0,0.010979692237676924
4246.0,0.0007637558315101123
4254.0,-0.0014318317246693837
4262.0,-0.0012960055509872385
4270.0,0.0004913301212402565
4278.0,0.00021046000998833746
4285.0,-0.00020996586704560448
4292.0,0.00045067619701406604
4303.0,-0.0005775086068405745
4310.0,-0.00023595455036384076
4317.0,-0.001572785093414633
4322.0,-0.010830690605323618
4327.0,0.0164830298989019
4334.0,0.0018839528769159406
4340.0,0.0036270160569819884
4348.0,0.00842978483249107
4353.0,0.0026459937044140645
4364.0,0.0034363907935729522
4373.0,0.012493889163458676
