,6
2.0,0.008883942280375787
6.0,-0.002701045898520152
15.0,-7.600861071433325e-05
22.0,0.0010408560714023688
29.0,0.0003762127872213242
38.0,-0.0010502836244057174
46.0,0.000603021834192104
52.0,0.0004030731258900517
59.0,-0.0010979118833832145
66.0,-0.0012044549951313074
70.0,0.00015118852771566025
76.0,-0.0017368405740358225
80.0,-0.0008063955217943331
87.0,-0.000959925924825685
92.0,0.0019794157997917315
96.0,0.0006287589656555192
107.0,0.00039780064703580587
119.0,0.0019755200420259983
126.0,0.0019705739931575412
131.0,0.0012498419963297388
140.0,0.0007346042877126862
150.0,0.001376704772348043
158.0,0.0015228899344861494
166.0,-0.0015827550760579144
175.0,0.0009039221256878787
185.0,0.000779462816112355
195.0,0.0020789646079420114
201.0,-0.00017166402078696544
212.0,-0.0004290593208736066
217.0,-0.0005801401747028718
227.0,0.0003056561813635675
234.0,-0.0005216692362433827
242.0,-0.0007607342952082095
250.0,-0.00033028590403683165
262.0,7.717297404818727e-05
271.0,-0.00011262779873109844
280.0,-0.0006353647240590918
289.0,-0.002153475737046263
297.0,0.0008302233090555705
304.0,-0.0014361436643826853
311.0,-4.204322468822994e-05
322.0,-0.0009830139210559902
326.0,0.0023930983736374354
334.0,0.002013444445618918
341.0,-0.0002935244719729209
352.0,0.0005048358731214386
363.0,0.0017170595168086206
367.0,2.1883602103673767e-05
374.0,-1.3836353005647648e-05
379.0,-0.001020373754519881
386.0,0.0007745396421746216
394.0,0.00041060234864729255
404.0,0.003877348229388965
411.0,0.0027326581084523606
420.0,0.0011467801984079927
427.0,-1.9842345755427284e-05
436.0,0.0016413298288105375
444.0,0.0027252903145900433
451.0,0.0008709665522039051
459.0,0.006064003466317622
467.0,0.004033971673466799
474.0,0.0005468462836241759
485.0,0.0022381918449843495
492.0,0.0024367194297633325
501.0,0.0012459802963999773
508.0,0.0014024377209139662
513.0,0.002771721951733304
524.0,0.0019100099761897662
530.0,-0.00978500361044669
538.0,-0.001146910896328158
549.0,0.0004091726014985316
555.0,0.000256948985602544
560.0,0.00038682591933467505
571.0,0.0002146952954627946
583.0,0.00034484160838437193
587.0,-0.001016818711581959
595.0,0.0004495656549773677
602.0,0.0021067456974441364
611.0,0.0005838551181817534
618.0,-0.0012552971786321488
622.0,0.0017234413179541051
633.0,0.00016079341896232306
641.0,0.002043086972141096
648.0,0.00025150130159058687
655.0,9.514201843377819e-05
662.0,0.0015171404592968707
671.0,0.001515689986581868
680.0,0.002247432394618325
688.0,0.0024289088073826044
697.0,0.004442712243441119
705.0,-0.0004037687608496495
710.0,-0.00022812621078268765
722.0,-0.0025139042880384555
732.0,9.026056961516579e-05
737.0,-0.00041496009332157055
744.0,-0.0009221418983006912
751.0,0.00033315436834899486
759.0,-0.0008982902216141308
765.0,0.0023695851504262097
777.0,0.007359430818116057
781.0,0.0021093418184805427
786.0,0.0007914844547499718
795.0,0.004043618107080834
803.0,-0.0004417271897325708
813.0,0.002045993711702486
822.0,-0.0013189825637547024
827.0,-0.0021647204975710627
835.0,-0.0018077420811171523
843.0,0.0027495745083952936
851.0,0.0024981686552964484
858.0,-0.0019457591984873939
862.0,0.0030994350703732057
871.0,0.0015034370107643881
880.0,8.827022235452614e-05
888.0,0.00819665847494288
895.0,-0.0003973773865151839
899.0,-0.0006087348630186499
906.0,-0.0006762457342958168
917.0,-0.0010100886464995205
923.0,-0.00020470028951859943
928.0,0.0005696693946612788
939.0,0.0024359933234907264
944.0,0.0011648481151159916
955.0,0.0023988753659358016
962.0,0.0010724257291291294
966.0,0.0007239830007058114
980.0,0.0015806872826232663
992.0,-0.00013745939083933555
1000.0,-0.00040619769551089753
1004.0,0.0015200779984911104
1012.0,0.002550341131384892
1019.0,0.004441434501232217
1028.0,0.002008473262743769
1036.0,0.005020696975025009
1047.0,0.004424741898877888
1056.0,0.000819914788292862
1064.0,0.00295726022514069
1069.0,0.002069904091897283
1076.0,0.0006912401165623462
1084.0,0.0032342128574504468
1092.0,0.004340511041872898
1098.0,0.0001645757428488058
1104.0,-0.0010702855357504688
1112.0,-7.173445592330483e-06
1119.0,-0.0007311884512972147
1124.0,-7.386589128536794e-05
1131.0,-0.0008157271885247994
1139.0,-0.000229416961084977
1147.0,-0.0004779309078704864
1151.0,0.0020891796416882343
1160.0,-0.0018758324647573455
1164.0,0.0016732794430458224
1172.0,0.0018824625096091052
1179.0,0.0005007162852698978
1184.0,0.0007036393150428178
1192.0,0.0006607402563080338
1200.0,0.0016263733426586263
1207.0,0.002021173242966842
1212.0,0.000122309448134788
1223.0,0.002247207857439928
1231.0,0.0005737368739542339
1239.0,0.00048556461955844883
1247.0,0.002882394214837811
1254.0,-0.0035496701674691926
1261.0,-0.0016051057240418726
1268.0,-0.0004373332742818205
1276.0,0.008758927779704832
1286.0,0.003767180015378709
1294.0,0.005220529174029767
1303.0,0.0010571211977896907
1312.0,0.0020478958813845965
1319.0,0.0007176063842455127
1327.0,0.00037398345609942997
1335.0,0.00032646221411911737
1342.0,-0.0016575289862223465
1351.0,0.005786185249041866
1356.0,0.0017086399023054123
1361.0,0.0033734648532269163
1369.0,0.003970164219577275
1373.0,0.0035847895017725685
1378.0,0.001140858531124265
1386.0,0.002194811274799209
1397.0,0.005900015486560996
1406.0,-0.003752953258563177
1412.0,-0.0007295482859511206
1423.0,-0.0006163492508136137
1430.0,-0.00016917839393077575
1439.0,0.0008828129823988805
1446.0,0.0003979598301827534
1453.0,0.00046409208901033083
1467.0,-0.0001571696138360467
1475.0,-0.0005836100601040964
1482.0,0.002385170618584956
1486.0,0.0013015688634942393
1497.0,-0.0012500087903785679
1508.0,-0.003161857945291734
1512.0,-0.0023541186805615863
1519.0,-0.0007067188520708587
1527.0,0.004733010612805725
1536.0,-0.00024080264648040028
1543.0,-0.004366379982030689
1548.0,-0.00011983578173834965
1559.0,-0.0015372845612844634
1566.0,0.0021067059292359104
1574.0,0.0010331265522788723
1583.0,0.0014678233118455499
1592.0,0.0012230258183673385
1600.0,0.0019269356716002178
1611.0,0.0034685691846494675
1620.0,0.00023415581355067127
1628.0,0.0006115063743880645
1636.0,0.004268219223681453
1645.0,0.007201204649872727
1653.0,0.0011302663173223576
1660.0,-0.0024609051836621924
1664.0,-0.0008930978409702724
1671.0,-8.404816838372381e-05
1682.0,0.0023255231222587785
1689.0,0.003393224292702993
1697.0,0.004632943082368427
1705.0,-0.0031056884015323643
1713.0,0.0026569745132767166
1720.0,0.0030097202989029202
1725.0,-0.0010054215519011858
1733.0,0.002346601796825212
1744.0,0.010887065274694675
1752.0,0.012754800491333469
1756.0,0.005173422345475497
1764.0,0.00603097755200226
1773.0,0.0071362339741331176
1781.0,0.0008856102939832733
1792.0,0.003416169773509751
1800.0,-0.0007868832630020638
1809.0,0.002022125990315554
1818.0,-0.004165241200447448
1823.0,-0.007503236276115281
1828.0,-0.004145166801252317
1839.0,0.004942306347294665
1846.0,0.0021228326168008407
1857.0,0.0007329036064864771
1866.0,0.00027247569204522955
1877.0,0.001210726391273898
1885.0,0.0012050329128440347
1893.0,0.0019168827647670626
1902.0,0.0020692247927091454
1910.0,0.0026710594676420843
1918.0,0.001572705543626469
1926.0,0.002703677254708189
1937.0,0.0028248086949597307
1944.0,-0.0008350889393536953
1949.0,0.0010472397448138071
1956.0,2.589487152399689e-05
1965.0,-0.004345744393457064
1974.0,-0.006140901731484809
1981.0,-0.006810206092342142
1985.0,0.002353235225472731
1992.0,0.0034767561776719623
2001.0,0.0007805084533138878
2010.0,0.003453467448310543
2015.0,0.008635526157587805
2020.0,-0.0005972117681358303
2031.0,0.0012637248849541977
2042.0,0.009966330143966607
2047.0,0.010870367107032363
2053.0,-0.0019688266309305412
2058.0,0.002958217080000004
2064.0,-0.0002286135498357273
2075.0,0.00021790215961993485
2080.0,-0.0005822905985177387
2094.0,0.00012753159093983874
2098.0,0.00033766698173997596
2106.0,0.000357271216589168
2117.0,-5.216921538140136e-05
2128.0,-0.0014946000032754032
2139.0,-3.527441751424578e-05
2150.0,0.000529906370226303
2156.0,-0.0007637512199413036
2163.0,0.001294147080907717
2172.0,0.00034217342627891633
2181.0,0.0014925390626895254
2188.0,-0.0006391698155638558
2196.0,0.0029386081813608887
2203.0,-0.0015731966304488086
2209.0,-0.012794477092350728
2216.0,-0.0006144970370574141
2224.0,-0.0013660227318158065
2228.0,0.0032493241733482147
2239.0,0.000758496001036252
2250.0,-0.001160720316112877
2255.0,0.0016551739584445891
2260.0,0.0009613923358373483
2264.0,0.00033537390864392413
2272.0,-0.000602905919090216
2283.0,0.001455727940015985
2291.0,0.0014467735057670903
2296.0,-0.0016118176877767437
2303.0,-0.00047078522883722135
2310.0,0.0010939387373896626
2321.0,0.0010743480194421056
2329.0,0.002504682812310502
2338.0,-0.004950579338824537
2342.0,-0.004337459268530773
2350.0,-0.007275826151014656
2354.0,-0.0021471413566597477
2363.0,0.003432228761023503
2368.0,-0.0018500238279974106
2375.0,0.000611536371798345
2386.0,0.002344891460620255
2391.0,0.0006633095415907814
2398.0,0.0009344242981326351
2405.0,0.0011409437753633971
2412.0,-0.010444985335638177
2416.0,0.004783477607004944
2424.0,0.005498162856842903
2431.0,0.0013681427417331878
2440.0,0.0026888099122920756
2448.0,0.0018426664701416693
2456.0,0.0012561239757417674
2463.0,-0.0003563026116050592
2469.0,-0.00014378786250180209
2473.0,0.0023356367902656935
2481.0,-0.0005000344160158148
2488.0,6.751052370458341e-05
2496.0,-0.00012017684963132311
2502.0,-0.0015032078830823012
2508.0,6.136700971762926e-06
2516.0,0.004181882028711099
2520.0,0.0006390407500123922
2532.0,0.000913460570265072
2541.0,0.0011971627903425133
2547.0,8.572821972232935e-05
2558.0,-0.0009514548934494586
2565.0,0.0016727298440630104
2573.0,-2.470273563515749e-06
2581.0,0.003882967139275884
2588.0,0.0037296420915092425
2594.0,0.005502486965057232
2601.0,-0.00790713766417598
2608.0,-0.0020747281550588994
2619.0,-0.0018020896824382448
2627.0,-0.0003939990897134661
2634.0,-0.00023391088655396995
2643.0,-0.0025740516866185606
2651.0,0.00034529590329136366
2655.0,-0.0001654846517302102
2662.0,0.0007462382898442842
2669.0,0.002855216758264225
2676.0,0.004764045026833063
2684.0,0.0001834816274476149
2692.0,-0.0022629315389973976
2701.0,-2.8190621379148137e-05
2705.0,-0.0008300932881555088
2716.0,-0.0006590979511891934
2723.0,-0.0038176870232942126
2730.0,0.012312709995666362
2738.0,0.0006248855461873282
2745.0,-0.0036386409544573233
2752.0,0.0008081347230231679
2756.0,-0.0009338945623947921
2764.0,0.0005961393660658159
2776.0,-0.0005173068433215287
2782.0,0.0005438045642728682
2788.0,0.0007601828781439581
2792.0,-0.0006915646893271472
2806.0,-0.0006770341495947641
2813.0,0.0007355512473102844
2822.0,0.0017429200100655912
2833.0,-0.0044394143934773644
2837.0,-0.001533369908865507
2844.0,0.010469380151626895
2851.0,-0.0024417326143563157
2855.0,0.0005278203105534985
2862.0,0.002275746224966813
2870.0,0.006702504801555492
2877.0,0.0031520280926658453
2884.0,0.0036029276294829073
2891.0,0.00042183717145169664
2899.0,0.0025597808599711397
2906.0,0.0030493283600855833
2914.0,0.0003713961542433315
2920.0,0.0010033291727587486
2931.0,0.005868241619428134
2939.0,0.0004008826012909599
2946.0,0.00034441790671276197
2950.0,0.003873682958572237
2959.0,0.00036743781639041575
2967.0,0.00024786890344075346
2975.0,0.0021488447909572203
2983.0,0.0024280379338351508
2992.0,0.0005007774102597972
3000.0,0.000696588261418753
3008.0,0.00278482012652273
3017.0,-0.003324852465405086
3022.0,-0.006774726402026435
3026.0,0.004526846502971995
3036.0,0.0027633626956396133
3044.0,0.0012235135919720916
3051.0,0.0003304926220437075
3057.0,-0.0005291677222434525
3061.0,-0.0010303361477306686
3068.0,-0.001997425844726379
3079.0,0.001178440541174726
3086.0,0.001137175945164823
3090.0,-0.00034567139558232165
3096.0,0.0026893983358620083
3101.0,0.0020392825974018145
3112.0,0.001742106929795604
3120.0,0.00700164520084815
3129.0,0.009964376949468022
3134.0,0.0037902750951764
3142.0,0.0017000675981933336
3150.0,0.0022057747769784115
3158.0,0.003714865647998648
3164.0,-0.00203697063462389
3175.0,-0.0063370936115133645
3179.0,-0.004693712663552868
3186.0,-0.0061902060099448455
3200.0,0.001185240485726966
3207.0,0.0018589453823319576
3214.0,-0.0010902415844336257
3220.0,-0.000706102640944709
3231.0,-0.0008196323840798682
3237.0,-0.0007307678157893822
3245.0,0.0011459738548808308
3259.0,0.0026207259840069688
3268.0,0.005984914637265047
3277.0,0.0010288569624995714
3285.0,0.0006746392538689288
3293.0,0.0070818700313016614
3298.0,0.004254263991689101
3307.0,0.00018481202605955007
3316.0,0.0013187166981864441
3323.0,0.005292300437823306
3329.0,0.003366492647560271
3340.0,0.00021045143180448405
3344.0,0.008533543183201668
3353.0,0.008954471133034705
3358.0,-0.002750466211812452
3364.0,0.0018512279408265343
3368.0,0.0012886081727151715
3377.0,-0.0054575522359506705
3384.0,-0.0009317695032823966
3395.0,-0.0003118312325092016
3404.0,0.00033515882857478876
3413.0,-0.0007423411793575322
3421.0,0.0018186989032217729
3429.0,0.0018584606107753063
3437.0,0.000521660416587328
3444.0,0.00393683776591897
3453.0,0.00018629249749556057
3462.0,0.0010379664667778037
3470.0,0.0009770005547991476
3478.0,-0.00011180290871929711
3489.0,0.00023606518285770498
3497.0,-0.0019136636370571968
3505.0,-0.006823202324971254
3509.0,-0.005093705133097281
