,4
3521.0,-0.010315435311314944
3525.0,0.011435975180122127
3534.0,0.004863875491860225
3542.0,0.00912927467935821
3549.0,0.00852936420605746
3556.0,0.0071649993906394436
3566.0,0.00751599806355909
3577.0,0.011636524070976907
3585.0,0.0035735144474892564
3593.0,0.014999819131310573
3604.0,0.00849478862499077
3612.0,-0.0006005048063927489
3616.0,0.0035213867334634758
3625.0,0.006283883802578986
3632.0,-0.0009134073788585686
3640.0,0.007940509388100288
3647.0,-0.0028931841259716012
3654.0,0.004446757058931431
3663.0,-0.004558854168301072
3667.0,-0.0017860848706972232
3676.0,0.005354430515711909
3684.0,-0.009290568854924663
3688.0,0.010453172337649232
3696.0,-0.0050974440969314295
3702.0,0.00924453408774865
3710.0,0.01023810164560496
3718.0,0.0040206697961574
3726.0,0.0023198692178623952
3733.0,0.00020162263633151823
3740.0,-0.0006080420261981458
3747.0,0.014648043274008848
3756.0,0.004213622509029213
3764.0,-0.006427022500821016
3772.0,0.01392538074895611
3780.0,-0.010215360404564396
3787.0,-0.009801500903763102
3795.0,0.0053411557981377
3803.0,-0.007360789275049705
3807.0,0.004843077148390717
3818.0,0.008359384530932126
3822.0,0.013727927448227943
3827.0,0.012240825791667211
3833.0,-0.006485401141555457
3842.0,-0.013325648164899553
3846.0,-0.0008566444810548721
3853.0,-0.010938796061628358
3861.0,-0.005162279601291286
3866.0,0.006732500597991127
3872.0,-0.0030610291078825773
3878.0,0.014230058128473033
3885.0,-0.002856458820080163
3891.0,0.0012065725691617491
3901.0,-0.002129747539689911
3909.0,0.0083384545219254
3917.0,0.00672786253841656
3928.0,0.017355247902176556
3937.0,0.012638252199706799
3946.0,0.0014503273880385641
3956.0,-0.0011730874722237232
3964.0,-0.0013546489275847945
3975.0,0.004001432246343218
3984.0,-0.004719140701043309
3993.0,0.00844741046856822
4001.0,0.006442540347447886
4010.0,0.010112302329490066
4015.0,0.0033823393513250765
4023.0,0.018355905049243837
4030.0,0.010741765581856784
4038.0,0.0029244264422326337
4047.0,0.005961914262115811
4056.0,0.0019126248197659406
4064.0,0.016205912371765798
4072.0,-0.005449972429807895
4080.0,0.00843579763055376
4088.0,0.013039255077738877
4096.0,0.008366390169899483
4104.0,0.0012454110041098924
4109.0,0.01239989633299419
4121.0,-0.007938627185344771
4125.0,0.004294525578308219
4133.0,0.006807694399158637
4140.0,0.009351992401251877
4148.0,-0.0020234965396540017
4159.0,0.01295601570689239
4165.0,-0.0037117992007681716
4176.0,0.005185736685988064
4184.0,0.020273157889884583
4188.0,-0.0018120080835811881
4194.0,-0.005864589586147974
4203.0,0.0020390223159045748
4211.0,0.004756597119892169
4217.0,0.0019325083249819588
4225.0,0.00784511452911603
4232.0,0.010131751860256707
4241.0,0.007662708259714172
4246.0,-0.0032627931592681017
4254.0,0.007309258812286297
4262.0,-0.0016546111944018944
4270.0,0.004111688660325353
4278.0,0.0017079981612910754
4285.0,0.0071011718383262425
4292.0,0.0044281253872136715
4303.0,0.008570800854651249
4310.0,0.001733674343852762
4317.0,-0.015047597706208095
4322.0,-0.004678517923680159
4327.0,0.00023399486897521967
4334.0,0.010222385790401455
4340.0,0.0053124394460470105
4348.0,0.01184831234461186
4353.0,0.009349116979079707
4364.0,0.005176239763529318
4373.0,-0.008338251073835663
