,4
3317.0,0.004459270533856452
3324.0,0.002737114933718405
3334.0,-0.009107058477627947
3345.0,0.010780046981364156
3350.0,-0.0010362459871268036
3358.0,0.010056740525636888
3364.0,0.009960731920801803
3371.0,0.01188548415128717
3382.0,0.003818533760938743
3389.0,0.008240279145225687
3397.0,0.0022688556694369748
3405.0,0.008227189674693483
3410.0,0.008110425903756685
3424.0,0.0016872161565906732
3431.0,0.00534856041808155
3440.0,0.004505416030868614
3447.0,0.006376767800017001
3454.0,0.005524748682001756
3463.0,0.0040540462979536535
3472.0,0.0073775655985100635
3481.0,-0.0033604285902508026
3486.0,-0.0147671854639823
3497.0,0.011143048426932766
3503.0,0.003433591136987313
3510.0,0.005788354953049269
3519.0,0.0034836427817921344
3526.0,0.006334929742839989
3534.0,0.00906625402318467
3541.0,0.0011675218410458004
3549.0,0.006897476566210537
3560.0,0.004067437770695967
3566.0,0.008488753346195204
3571.0,0.005030803812666819
3579.0,0.00204388576874722
3585.0,0.0012638182096543656
3594.0,-0.0037841142174045274
3598.0,0.015110919635847568
3603.0,0.018290089450339598
3610.0,0.0036000151182900226
3617.0,0.004793365429965065
3628.0,0.0023480036213095554
3636.0,0.010789956082784446
3644.0,0.005482408603640008
3652.0,0.0015745938385824329
3659.0,-4.379710355324417e-05
3667.0,0.007466286106456501
3675.0,0.0040375739887009736
3683.0,0.006821361230838766
3690.0,0.0070407416243734415
3697.0,0.007964936052522223
3701.0,-0.007581437486132677
3705.0,-0.01878404650166377
3715.0,0.009601407996362017
3726.0,0.006402852712338822
3731.0,0.005157787586452518
3736.0,0.00451922908874954
3744.0,0.0031728488847919956
3755.0,-0.0011045234908568903
3763.0,0.007725518375261612
3771.0,0.002988065905540848
3780.0,0.0011733491527742695
3789.0,0.001454335934745145
3796.0,0.004509563027946776
3804.0,0.008213474215451287
3812.0,0.0073183048889367865
3821.0,0.0015426593983208549
3830.0,-0.0019498344164434378
3835.0,0.006220667517071092
3840.0,0.004038660661281604
3849.0,0.0071475843739943045
3863.0,0.00896887958300108
3871.0,0.0022431842271032234
3882.0,0.0037141124113546473
3889.0,-0.004735561778365928
3899.0,-0.0037771036550134224
3906.0,-0.005436465729957065
3913.0,-0.005670748920494268
3923.0,0.005738079169496736
3928.0,0.016910187829835374
3932.0,0.0012764485924490379
3939.0,0.009142797503618403
3947.0,0.016369808699463077
3952.0,0.0003968733348842754
3959.0,-0.009994651824215899
3963.0,0.0040319322351531125
3974.0,-0.0033916116442598565
3982.0,0.003910639984965531
3993.0,0.01244001712835682
4002.0,0.002811120075001487
4009.0,0.011449417222823405
4020.0,0.01921872328017395
4024.0,0.0037664919080574615
4030.0,0.0020727907946570417
4038.0,0.006640211057194891
4046.0,-0.005007760898309719
4051.0,-0.00765881658680019
4055.0,0.0038727089277625464
4062.0,0.00019985501771423522
4069.0,0.004691221359436027
4075.0,0.01747455068295095
4082.0,0.004266970810189006
4090.0,-0.0007626669217759136
4101.0,0.0083938804767731
4110.0,-0.001323687316700619
4121.0,-0.0008823978222473807
4129.0,0.0010867515146197426
4133.0,0.007275751235821411
4147.0,-0.005860047228123946
4155.0,0.0001410462620047379
4162.0,0.0026251474301729394
4170.0,-0.009060690361999198
4178.0,0.005054584494205537
4185.0,0.001357752282941977
4192.0,0.00018606146767880262
4200.0,0.0018634854352193692
4207.0,0.014119816042418977
4214.0,0.005167878913430079
4218.0,0.0018969729559346622
4227.0,0.006354322976076017
4235.0,0.008584741226562543
4247.0,0.003494369404540803
4256.0,0.008122980915565422
4267.0,0.007681390641684071
4281.0,0.007838319337727195
4289.0,0.006777646615470047
4297.0,-0.0004095266206581183
4305.0,0.009051970778804893
4309.0,0.007909768203460515
4317.0,0.006326213245021285
4325.0,0.007988593874802375
4334.0,0.005227300522563515
4342.0,0.0033962092681224815
4349.0,0.006276162620410644
4360.0,0.004443606948646476
4368.0,-0.0017972641894722584
4380.0,0.012351669499243786
4386.0,0.002787767331579028
4393.0,0.006985895756893331
4400.0,-0.003116319647931122
4406.0,0.009271662094088626
4414.0,0.018699019146623655
4422.0,0.0044908607899616145
4430.0,0.005852649774995489
4438.0,0.0012107449475749622
4449.0,0.007237705327423032
4460.0,0.004370683605042335
4464.0,0.006176174063560809
4471.0,-0.0005170521408757751
4480.0,0.004867261969827213
4489.0,0.008126530203994582
4496.0,0.009652274136638349
4507.0,0.011702062480696728
4518.0,-0.001393384749871026
4526.0,0.006556549093835083
4538.0,0.006536336471807504
4545.0,0.006200833979004303
4553.0,0.004467512068251255
4564.0,0.005296859751234041
4575.0,0.008501834643820618
4587.0,0.0016910187013697122
4596.0,0.003068721226689325
4603.0,0.0066379198571240895
4611.0,0.012141521921104357
4622.0,-0.007428430126674212
4627.0,8.967386418662944e-05
4636.0,-0.007487796327536311
4647.0,0.0017261902915270023
4652.0,0.009821548946247566
4658.0,0.00878317682784111
4669.0,0.008689458732381809
4678.0,0.004414636022896374
4685.0,0.0004299449405541325
4694.0,0.008738484304418587
4702.0,0.004456926510456279
4716.0,0.0006356962540892936
4724.0,0.0066797163220956475
4731.0,0.007514937183914954
4740.0,-0.000600897419598706
4747.0,0.0029694203178299433
4755.0,0.003901644391791175
4763.0,0.0019290884361964306
4770.0,0.012178463359051216
4781.0,0.0076339563993221195
4789.0,-0.0004029400681977249
4794.0,0.007206058559249859
4802.0,0.009421308874682361
4809.0,0.0044319777024792685
4817.0,0.006323726224951972
4823.0,0.005275553919876039
4832.0,0.00582981890946927
4839.0,0.006223743104959107
4847.0,0.007519854994625743
4855.0,0.01138099994677141
4864.0,0.0033438213415144537
4869.0,0.008768295294287772
4877.0,0.00013462452086034958
4881.0,0.008164974583836478
4888.0,-0.005479726062577685
4893.0,0.014857885281988696
4898.0,0.01082750018767991
4905.0,0.010065015352837431
4913.0,0.009175596418844158
4922.0,0.0057089789224084465
4931.0,0.006492164986642467
4939.0,0.007608415227898787
4947.0,0.0007837697209969676
4954.0,0.007094134385235413
4959.0,0.0021703235913040643
4965.0,0.007356466857497574
4976.0,-0.005902945729137736
