,4
2.0,-0.007211674469764029
11.0,0.005172707055328229
18.0,0.0015583700990143266
29.0,-0.0031146757119397653
37.0,0.0039812500146410796
48.0,0.0037115580636111222
59.0,0.009868514763983767
65.0,0.00044007956717788497
69.0,0.014404075115772354
74.0,-0.00555913644566909
83.0,-0.004203695519001388
91.0,0.0026439264338269683
96.0,0.007311751578696408
107.0,0.010056878763112124
114.0,-0.0075913481684660175
118.0,0.006143570735859702
123.0,0.0022224892887801884
129.0,-0.0017958659244853004
136.0,-0.0042868797111607695
145.0,0.006234961641634384
153.0,0.005737325921617839
159.0,-0.002840364607779039
165.0,0.005419993596443322
174.0,0.006646654807749941
179.0,0.002348611070552403
185.0,0.007979710159933644
189.0,0.0027573785393437875
201.0,0.00047969651527212667
208.0,0.002680684047371516
219.0,0.003997889468324147
226.0,0.008661984393657455
232.0,-0.0015975247533253133
244.0,0.007163492007952624
251.0,0.003673016674217397
259.0,-0.00010699700339901229
269.0,-0.0005298497933883896
283.0,0.003822558773417399
290.0,0.003988342140460345
299.0,-0.0019072259104955466
310.0,0.012618311983402504
321.0,0.003812245404180015
328.0,0.00608566994879697
332.0,-0.0028784721931663657
343.0,-0.0062500855645868944
347.0,-0.0007810646249709793
355.0,-0.0029282326984386734
364.0,0.00416031069434485
378.0,0.00010934904073174912
386.0,-0.008091456851631016
390.0,-0.001607837469427676
402.0,0.000819234568229093
410.0,0.0025802965879840795
418.0,0.008065607830992099
425.0,-0.002805571684573622
431.0,0.00489985824761607
437.0,-0.006373652849111856
441.0,0.007558124696562294
453.0,-0.0006400590808562025
459.0,0.0013607341812731848
467.0,0.0031447004668307657
479.0,0.008604168650055815
487.0,0.006529462117412797
498.0,0.010799270748614932
507.0,-0.0027492766555942748
518.0,0.012516044554171091
527.0,-0.015595014046217043
535.0,0.0038213806340033933
544.0,0.009508409807915173
549.0,0.006814921624588776
556.0,0.00699671936207485
564.0,0.005892258714602289
571.0,0.0065912400140287885
576.0,-0.0011483245601499252
584.0,0.011481160940466596
593.0,0.0004277898604259367
599.0,-0.0008709488872363201
605.0,-0.005793181543390698
611.0,0.0030193079053731616
618.0,0.011669924572131994
623.0,0.0017752492517351295
635.0,-0.0056944922085982825
643.0,0.006514919939153879
654.0,0.0007853339953238809
662.0,0.0018654934183250929
668.0,0.0033225842432184492
674.0,0.008318534113223837
682.0,0.011380927369459967
689.0,0.002630782015530897
695.0,-0.003448119533058855
704.0,-0.004078431363029036
712.0,0.0095851641271749
718.0,-0.002480237761163383
723.0,0.0049168537052104964
730.0,0.004681385826642873
742.0,0.0025548948033775744
754.0,0.005588094268098906
760.0,0.004367467428207448
766.0,-0.00025684777989589015
777.0,-0.001129101110656226
784.0,0.006630342946854919
791.0,0.0051708241997490524
798.0,-0.009894753514883671
809.0,0.015184468250157037
817.0,-0.0014996007385448618
821.0,0.009227853706842233
833.0,-7.530163452878764e-05
841.0,0.00424480737823673
852.0,0.009014020489860889
860.0,0.0016228575328130774
872.0,0.0030627884670113154
886.0,0.003568382928506041
890.0,-0.005664873238140656
901.0,-0.00892734226916289
905.0,-0.0028622593721544117
911.0,0.005524396169905426
918.0,0.0051627789647628475
926.0,0.0034654373516178924
933.0,0.007170912282871007
940.0,-0.0018203573528480666
946.0,0.00710713011556395
952.0,0.012539010953516897
957.0,0.01764568285678711
966.0,0.009063751062330915
973.0,0.004033622237776517
980.0,0.01065438414382062
987.0,0.0038008961318314405
994.0,0.00961526875791833
1000.0,0.005932807988729048
1007.0,0.0035998414050993272
1019.0,0.0021465755552374276
1026.0,-0.0031405710706132314
1034.0,0.013751648892683516
1039.0,-0.015637276887348655
1046.0,0.006089064025908811
1050.0,0.006705482287750858
1056.0,-0.01008662469603964
1061.0,0.010116097855163493
1066.0,-0.010541672169882806
1077.0,-0.001523611665448073
1084.0,-0.005659564978436225
1092.0,0.007979848428707982
1098.0,0.0056235786262392624
1106.0,-0.001345140472435229
1113.0,0.004781059474680816
1120.0,0.0021983378545936106
1128.0,-0.001566466979441782
1132.0,0.008770351650286938
1138.0,0.0032096460826757972
1146.0,0.0037002801094354236
1153.0,0.004200778399657643
1162.0,-0.0036052440860624775
1166.0,0.00564054089506642
1178.0,-0.0035419606980492215
1189.0,-0.017644845761853302
1196.0,0.003090864393191291
1205.0,-0.011872212638574166
1212.0,0.0058046864895828
1219.0,0.008868876694492083
1226.0,-0.0001274513258370581
1233.0,0.008157590492366662
1240.0,-0.004536911585734977
1254.0,-0.0031441436864333024
1262.0,-0.011703721316497427
1268.0,0.0007095589975727589
1272.0,0.010209902056596533
1278.0,0.007704865119727222
1286.0,0.00035499253265457793
1292.0,0.011254446075899007
1298.0,-0.008349308715182467
1302.0,0.00795783696805752
1309.0,-0.0017521572782907568
1319.0,-0.0006901027657716461
1326.0,0.0033897075931123514
1337.0,0.007643294159506668
1344.0,0.009650650744350892
1349.0,0.0032982025408824426
1356.0,0.00916191727309569
1364.0,-0.006766375275503534
1375.0,-0.010693287226054447
1381.0,-0.0005627538907827998
1389.0,-0.001991444383801364
1397.0,0.0009047979518990707
1409.0,0.0042258158315301615
1416.0,0.009837694973343528
1424.0,0.0034520139795931083
1430.0,-0.0007524317982984794
1436.0,0.004462138697656803
1442.0,0.001987839428194487
1449.0,0.0037220310084545676
1456.0,0.012191718970782221
1463.0,-0.002199834079052437
1470.0,-0.0007564924447316211
1476.0,0.010730950288147292
1482.0,0.001892819335350725
1489.0,0.0015016061905511616
1503.0,-0.01457883174971332
1510.0,0.007723879323524761
1516.0,0.0019480182039340438
1525.0,0.010671294108702547
1532.0,-0.0015513913587052862
1539.0,0.004410422182810625
1546.0,0.0007477520870887797
1552.0,0.003854172598922033
1560.0,0.005734336002945836
1567.0,0.006144125298453571
1572.0,-0.011653854468343158
1582.0,0.00824360028737074
1589.0,0.01214116975437727
1594.0,-0.002714924211403898
1600.0,-0.0083516873429483
1606.0,0.002364017334118637
1613.0,-0.002622897319252606
1622.0,0.004842144708852067
1629.0,-0.0016891812160822076
1637.0,0.004214221396567056
1646.0,0.005526574414647144
1655.0,0.00609147864232275
1663.0,0.004519336407241101
1670.0,-0.001081153765156128
1678.0,-0.011757567587141042
1687.0,0.009091707289505728
1695.0,0.00041815567624465036
1702.0,0.0038631558652607438
1710.0,0.008553821067038081
1717.0,0.008280462763873904
1728.0,0.0016526252348636368
1734.0,-0.009221171999025474
1741.0,0.00842107613499896
1746.0,-0.0032329031547346297
1754.0,-0.00212485953410457
1761.0,0.006871819155539571
1766.0,0.008929083907982359
1771.0,-0.0012850318447217132
1777.0,0.007366244703922476
1785.0,-0.007764869963265256
1789.0,0.013036079308459288
1800.0,-0.0020975899219015538
1809.0,0.0055792429186724965
1816.0,-0.0001467233936544709
1823.0,0.007799783364522502
1831.0,0.002789137848806627
1838.0,0.00967023574235651
1844.0,0.005133863744114467
1850.0,0.0028097720865047793
1855.0,0.009945494150596052
1861.0,0.0022269901621618142
1867.0,0.005101796678382105
1873.0,0.0026784394094420813
1880.0,0.00957589149922752
1886.0,-0.00227743417925866
1898.0,0.002650957153431313
1906.0,0.002362608705260438
1916.0,-0.003683964928625285
1930.0,-0.0029167630654243484
1942.0,0.0016089238153646447
1953.0,0.005103135435768968
1964.0,0.0003925064165200873
1973.0,-0.0025704244724755534
1979.0,0.0005813375028081671
1983.0,0.005713561564162128
1990.0,0.004198832786917263
1996.0,0.00412707640764592
2003.0,0.009511416610209688
2012.0,-0.0007786588194281053
2019.0,0.0043535648717965714
2033.0,0.0015783450714942483
2041.0,0.0021889903177056344
2053.0,-0.008746136493521987
2062.0,0.0007939204936764412
2070.0,-0.0011121496071549817
2076.0,0.009176540300908384
2085.0,0.009552079298602145
2093.0,0.0015373575219158127
2098.0,0.016365373488027222
2104.0,0.00017419508001135646
2108.0,0.009259027239501684
2115.0,0.007876129471349065
2122.0,0.012693509577625462
2127.0,0.005294883600335848
2138.0,0.005446913525002691
2149.0,0.003596928862689279
2155.0,0.004582431396666902
2159.0,0.00012046764787157698
2165.0,-0.0031894916235345153
2169.0,0.0021210857602029743
2175.0,0.003207521441740537
2179.0,0.00048574005235818844
2186.0,-0.0023846989687577678
2192.0,-0.0027115729757646264
2204.0,0.007817433258086481
2210.0,0.006437659293812979
2218.0,0.006470364815494067
2225.0,0.0038330734064000167
2233.0,0.006638806417196271
2239.0,-0.00033895054036525284
2245.0,0.0017141100906443525
2253.0,0.0008047838350706028
2262.0,0.0017843668171699904
2267.0,0.011074434765672339
2276.0,0.00608507990042751
2284.0,0.012502544341403956
2289.0,-0.00285922049402181
2294.0,0.006360323761528983
2302.0,0.004350100401315236
2314.0,0.0032182522953362763
2326.0,-0.000924127850585815
2332.0,0.006556974201768472
2343.0,0.0061419170102578954
2354.0,-0.0009931661933202766
2368.0,0.004043154497988071
2376.0,0.0006306120275565662
2388.0,-0.01261027030208779
2395.0,-0.0065251995468927045
2406.0,0.00992926114000961
2413.0,0.004771065223687412
2424.0,0.002250079988764289
2428.0,0.010975863434379387
2434.0,-0.00484525169530093
2438.0,0.005325703421859855
2445.0,0.000269245345279487
2454.0,0.0025399962161036477
2462.0,0.006110388641545721
2471.0,0.004745233591035633
2479.0,0.003517587478821041
2488.0,0.008697344687886025
2499.0,0.013419296524411924
2504.0,0.008122758439696313
2512.0,0.0011340734714231245
2517.0,0.007181666213136663
2522.0,0.0025098289361079385
2529.0,0.00529854493383944
2536.0,0.006953983471082603
2543.0,0.005075568696113144
2549.0,0.003991003044607511
2557.0,0.002443671260274893
2568.0,0.008100465180805498
2575.0,0.006403306749232084
2582.0,0.00943989867653005
2588.0,0.009976178948504864
2594.0,-0.00394937669672225
2603.0,0.0017613737234945857
2614.0,0.0020782239514312304
2622.0,0.006519519307425035
2629.0,0.004770641484682067
2635.0,-0.007958799558631718
2639.0,0.0028228156376613597
2643.0,0.005301814095267069
2648.0,0.013875046469533355
2654.0,0.009044439469184498
2661.0,0.005340277649805507
2668.0,0.006808184328563343
2674.0,0.0048048710278818805
2685.0,-8.02318369458112e-05
2693.0,0.013897657637196607
2701.0,-0.0011131574590162322
2709.0,0.005592000239048732
2720.0,0.000500385144777716
2732.0,-0.011258907540056652
2739.0,0.006637896518295637
2748.0,0.00878119080862121
2756.0,-0.0005152221491415084
2764.0,0.005390836058184583
2772.0,0.003488340356233397
2779.0,-0.00044063856812626563
2788.0,0.003655267225322619
2802.0,0.0061386502208225936
2811.0,0.008293647420847424
2819.0,-0.00898428896543566
2827.0,0.001565844139800224
2831.0,0.009543316979076523
2837.0,0.0035965522563373435
2846.0,-0.0010156227459747003
2857.0,-0.011130318674707393
2868.0,0.002685480398194224
2876.0,0.0042798101554210625
2880.0,0.009564132135138865
2887.0,0.007469891872450032
2895.0,0.007204313102268453
2903.0,0.0027404116577133823
2909.0,0.0035709946601667868
2923.0,0.016685014418004525
2930.0,0.010199341594597138
2938.0,0.005117692782421157
2949.0,0.007929628544212175
2957.0,0.011563856995163534
2963.0,0.0030222794231599716
2972.0,0.01104858918234568
2980.0,-0.005422936410177221
2986.0,0.009311456818506671
2993.0,-0.00193696504949886
3005.0,0.0044667101857965895
3011.0,0.004767205695552735
3019.0,0.007236117486863999
3025.0,0.002511559482352294
3031.0,0.002263706421634717
3038.0,0.0028898081754104633
3046.0,0.0037345435903924887
3053.0,0.0020510302759924855
3061.0,0.012455024112492873
3068.0,0.011029984129821284
3077.0,0.00631774461728747
3085.0,0.0011453709846426614
3094.0,0.0008924032285276406
3106.0,-0.0014413779467173074
3115.0,0.010349935938327625
3126.0,-0.01004579684764901
3136.0,-1.389386367632219e-05
3144.0,-0.0006329707474861102
3150.0,-0.0009274431736025608
3162.0,0.002352300575985719
3169.0,0.005966833223472851
3175.0,0.00662100334521035
3184.0,0.013518809153531102
3189.0,0.003967020962216857
3196.0,0.007556411559412662
3206.0,0.018874400241832175
3215.0,0.0037996639200035855
3222.0,0.0028534493763048
3228.0,0.01065587105584349
3235.0,0.010449676825981035
3241.0,0.011273704750098545
3248.0,0.009229514770127518
3256.0,0.0064537165692914785
3263.0,-0.002310413613896925
3272.0,0.002971821138390435
3278.0,0.003078313061618247
3289.0,0.00258194946291851
3297.0,0.01147931651618984
3308.0,-0.0034529859661050393
