,5
2.0,-0.012821402632059824
11.0,-0.0009896851005657932
18.0,-0.0008356184441449677
29.0,0.0005440851836723689
37.0,0.004267858536695948
48.0,0.0006904604416772955
59.0,0.0013702874649730392
65.0,-0.003740581863589449
69.0,0.006973755462050068
74.0,0.001570525213440212
83.0,0.0023455684446424055
91.0,0.00417137692931592
96.0,0.000570562134937938
107.0,0.0013934195367161775
114.0,0.004037351303136479
118.0,0.005710268953456957
123.0,-0.00026419110726851557
129.0,-0.001616200046987292
136.0,-0.002691159756158099
145.0,-0.0005959845785676375
153.0,0.00018444710082039773
159.0,0.0010578850076020118
165.0,0.0014024506163260067
174.0,0.002381958661910498
179.0,0.003947715343768039
185.0,0.008200292002486226
189.0,0.008826586153964503
201.0,-0.0015009224360813447
208.0,0.002206462237427074
219.0,0.00175657675929445
226.0,0.002535190195455467
232.0,-0.0008718889297253632
244.0,0.006244329106810598
251.0,0.0008947934313038777
259.0,-0.0004470180488220801
269.0,0.0011274233608011483
283.0,0.001911739989226026
290.0,0.00011698667466928399
299.0,0.00040685942826439213
310.0,0.0007236350561828636
321.0,0.0014085656712651928
328.0,0.0036018285535636763
332.0,0.00737594144376126
343.0,0.0007359226455583058
347.0,0.0004796234872672698
355.0,-0.00015160527484939793
364.0,-0.0029244759476960177
378.0,0.0010773570719375988
386.0,-0.0008847895301537154
390.0,-0.0029017708386371204
402.0,-0.00010666517257797506
410.0,-0.0012316134717452693
418.0,-0.002107423429384957
425.0,0.0008037025711815728
431.0,-0.00011112049239111515
437.0,-0.004150187310295287
441.0,0.0024502478260115773
453.0,-0.0013057576457617525
459.0,-4.452095839907407e-05
467.0,0.001029604549224078
479.0,-0.001081776772054506
487.0,0.0001424729490701593
498.0,-0.0011592540960188946
507.0,-0.004354200004726095
518.0,0.0013082896497680337
527.0,-0.0053155169684401425
535.0,-0.00021154251370075086
544.0,0.003414150281365521
549.0,0.003826932781227748
556.0,0.0012863992191472495
564.0,0.005559578846293338
571.0,0.005961912793596309
576.0,0.0030279222521261127
584.0,-0.0007703655511781614
593.0,0.0004196555729403597
599.0,0.0021911978905989286
605.0,-0.000886967660688347
611.0,0.001015440140082877
618.0,-0.0008406141182122877
623.0,0.0018354080535815617
635.0,0.0006771008181906919
643.0,4.079122097704148e-05
654.0,0.0008528418188245601
662.0,-0.0015315121639196008
668.0,0.004268935928232547
674.0,0.0008307481337559687
682.0,0.005662068233738717
689.0,0.0006085569320938505
695.0,-0.0001762358868738711
704.0,-0.0009785962900314702
712.0,0.0020857210526621307
718.0,-0.00045565067598208063
723.0,-0.0020418874432579868
730.0,-0.0013049718300838938
742.0,-0.0006147441940399543
754.0,0.00038096107133339104
760.0,0.0010037366507144236
766.0,2.8366821854899723e-05
777.0,0.005288869771412115
784.0,0.002410832928390435
791.0,0.001456895326201003
798.0,0.003977275834465235
809.0,0.005413996869546612
817.0,-0.00515575537979751
821.0,0.0018538929853499845
833.0,0.0004553817644428753
841.0,0.0010463728465067328
852.0,-0.002479742204059769
860.0,0.0005702647790181531
872.0,-0.00027776032291878654
886.0,-0.0012791552412838086
890.0,-0.0049341811471669125
901.0,-0.001527900091074116
905.0,0.00011569887923203595
911.0,0.00022907992099173072
918.0,0.0013334401687309866
926.0,0.0037261592384758057
933.0,0.006419653789008927
940.0,0.007074595546095779
946.0,-0.01342930316942106
952.0,7.353845502837953e-05
957.0,-0.0046095926451557795
966.0,0.0013088751691509022
973.0,-0.006011643447929497
980.0,0.00024890372145521
987.0,-0.000626547536524308
994.0,0.0036017740683612558
1000.0,0.002213275897556318
1007.0,-0.00033501845177757707
1019.0,0.0024630161969345895
1026.0,0.004484027357078699
1034.0,0.004254799137948823
1039.0,-0.011920996056853825
1046.0,-0.006827650049737878
1050.0,-0.018788190101801015
1056.0,-0.018762333902387563
1061.0,0.036388780424891416
1066.0,0.006947512075025546
1077.0,0.01706047523285659
1084.0,0.001651741779538012
1092.0,-0.005579671009763007
1098.0,0.005308105745714554
1106.0,0.0041826096907075175
1113.0,-0.0011669932394128507
1120.0,0.00046008406477118465
1128.0,0.00015179615578616104
1132.0,0.0017914441315395372
1138.0,-0.00016522347824337973
1146.0,0.003111810695289598
1153.0,-0.001710804412223978
1162.0,0.0028937160502725185
1166.0,-0.0018881709157588826
1178.0,0.0013102932894475908
1189.0,-0.00542655221910368
1196.0,0.005868865883832529
1205.0,0.004240996592195526
1212.0,0.0035885042149279957
1219.0,0.007712725923692477
1226.0,-0.0016761101799543298
1233.0,0.001371865893323795
1240.0,-0.00017579705860280493
1254.0,-0.0009971824844075018
1262.0,-0.007923699804711125
1268.0,5.672790593396537e-07
1272.0,0.004503363620095665
1278.0,0.0009333906356943089
1286.0,0.006389290254239321
1292.0,-0.0075976015105246155
1298.0,0.006117736697061333
1302.0,0.0005802524582237222
1309.0,0.0024699018398566287
1319.0,-0.0036214457865883735
1326.0,-0.002307960535793555
1337.0,-0.003453233934939473
1344.0,-0.0028117849433014473
1349.0,0.002690318669258253
1356.0,-0.001209120836388161
1364.0,-0.005175887044067723
1375.0,-0.013881210152667835
1381.0,0.003771080220883759
1389.0,0.0011094373125279452
1397.0,6.822681246513236e-05
1409.0,0.00342197922035219
1416.0,0.0009613290420417179
1424.0,0.0025828677397155574
1430.0,0.001055379172398708
1436.0,0.0025235809678584935
1442.0,0.000580502288249569
1449.0,0.0011290363697162792
1456.0,0.0010367909524677808
1463.0,0.00033506459095925564
1470.0,-0.004065930778412954
1476.0,0.000542430454315471
1482.0,-0.0036564609334581717
1489.0,-0.0016107823316816759
1503.0,-0.005906504028564787
1510.0,-0.0005916790374112395
1516.0,-0.003016536813598645
1525.0,0.00966230158006511
1532.0,0.0042278865447303695
1539.0,0.0017539868716162207
1546.0,-0.00034269726280855345
1552.0,-0.000794563432684411
1560.0,0.0011805721313203118
1567.0,0.0024908392847429617
1572.0,-0.0009257124035371981
1582.0,-0.0003834356481506964
1589.0,0.002049811911360898
1594.0,-5.298005507985489e-05
1600.0,-0.003002409861210622
1606.0,0.005336582468215772
1613.0,0.004862285175862894
1622.0,0.006580890669404701
1629.0,0.0008434368578484927
1637.0,0.0012292176373425278
1646.0,-0.0007549900692542529
1655.0,0.002279546955077602
1663.0,-0.004338629754820082
1670.0,-0.01080041712225725
1678.0,0.012462673654135552
1687.0,-0.000721424580886713
1695.0,0.002159400026277631
1702.0,-0.0007034019273594904
1710.0,0.0042580578888647795
1717.0,0.0003952601145562003
1728.0,0.00557780947942319
1734.0,-0.017601567655008248
1741.0,-0.01131360833783526
1746.0,0.0050143063905760095
1754.0,0.0012536518850300396
1761.0,0.005406455464414868
1766.0,0.0017960281144051796
1771.0,-0.0003221335001387919
1777.0,-0.0009381272656038454
1785.0,0.002034639771770924
1789.0,0.005343196449448736
1800.0,-0.0023062991658728
1809.0,0.001297861547961108
1816.0,0.0007691932054900781
1823.0,0.0036069363414503374
1831.0,0.0018042470842843928
1838.0,0.0012064735450817798
1844.0,0.0029699053333781178
1850.0,0.0031082849222273576
1855.0,-0.0025534591537706955
1861.0,0.0020949857561942814
1867.0,0.00523187529630726
1873.0,0.0010660536080770169
1880.0,-0.0012732670154228796
1886.0,0.0009349640186398217
1898.0,0.0016970853285753667
1906.0,-0.0030609664551119347
1916.0,0.0012743160287800172
1930.0,-0.0007291204862268536
1942.0,0.0018465618522128353
1953.0,-0.0021956801097898246
1964.0,0.0055732344453574304
1973.0,0.0038357879860247894
1979.0,0.0019375918256725607
1983.0,0.01385291850146566
1990.0,0.003173377854322064
1996.0,-0.003815681709130446
2003.0,-0.0024614529624560682
2012.0,-0.0004541764802409865
2019.0,0.0031607348639080255
2033.0,0.0059288121234092606
2041.0,-0.0003262666846780804
2053.0,0.0002617046596161879
2062.0,-0.004175377814553276
2070.0,-0.0037951147873366013
2076.0,0.0009496005991507458
2085.0,0.0007284159034548599
2093.0,0.003650973502148641
2098.0,0.010935812376445865
2104.0,0.012633875448630469
2108.0,0.0057536758960219396
2115.0,-0.007691786045510802
2122.0,-0.003244900564388069
2127.0,-0.002781426851717887
2138.0,-0.00014020260054486695
2149.0,0.003990694454832908
2155.0,-0.0008489957994032767
2159.0,0.005567835383011268
2165.0,0.000624470917908487
2169.0,-0.0001109117178367609
2175.0,-0.0005138032375085231
2179.0,-0.0008649730633766194
2186.0,-0.001315752983908193
2192.0,0.0009288810412759682
2204.0,0.0002674895484177775
2210.0,0.0008825144579357344
2218.0,0.0008911556271812901
2225.0,0.002966044315932244
2233.0,8.756718661950729e-05
2239.0,0.006166321560431691
2245.0,-0.0005790368894139405
2253.0,-0.00027441367576792647
2262.0,-0.0023619760322139273
2267.0,-0.000264490129209537
2276.0,-0.000977616987303551
2284.0,0.004802801979239185
2289.0,0.002715345186241411
2294.0,-0.001112697629769522
2302.0,-0.00027985624994797214
2314.0,-0.0023783713923974377
2326.0,-0.0005781205244941813
2332.0,0.0001681563207054028
2343.0,-0.0008772989027119814
2354.0,0.0015813412045000913
2368.0,-0.0006619113768808827
2376.0,-0.0005869266975146071
2388.0,0.0011099986873596424
2395.0,-0.001000002232564691
2406.0,0.00016005223972839525
2413.0,-0.0006527083143091235
2424.0,-0.0013333522103518227
2428.0,-0.00539164227907808
2434.0,-0.0020250777942773424
2438.0,0.0005377591628151452
2445.0,0.00018797755460970363
2454.0,-9.66571424882491e-05
2462.0,0.000237618141582742
2471.0,0.002260051412826048
2479.0,-0.0020807378309687864
2488.0,0.005608570671401001
2499.0,0.008693323019654737
2504.0,0.0010883282808579052
2512.0,-0.006480442660171223
2517.0,-0.005046180203694471
2522.0,0.0003174366488273523
2529.0,0.0018194407645823138
2536.0,0.0016617013713425125
2543.0,0.0039291632199792694
2549.0,-0.0024011737466546955
2557.0,-0.0020209067949725984
2568.0,0.00337660414795515
2575.0,0.0009245582659252241
2582.0,0.000852464881410774
2588.0,-0.0018324470432648644
2594.0,0.002860622773056768
2603.0,-0.0003836142785454465
2614.0,0.0004467937004742149
2622.0,0.0031450708267185675
2629.0,-0.0005418357015095258
2635.0,-0.0018341894722496575
2639.0,0.003883012858120871
2643.0,0.0005222919012801557
2648.0,0.0009248167614834068
2654.0,0.000280803808476893
2661.0,0.0008167853325444492
2668.0,-0.0012614961654464892
2674.0,-0.0014690121027534462
2685.0,-0.001942987174541309
2693.0,0.0006362639502586866
2701.0,0.00196801308594791
2709.0,-0.0007169106858196449
2720.0,-0.0008172614773038669
2732.0,-0.008044722701720892
2739.0,-0.0036475910396784913
2748.0,0.003615359518445146
2756.0,-0.0015584796935033075
2764.0,0.005280460613361877
2772.0,0.0037064281670192586
2779.0,0.0021737723976071083
2788.0,-0.004201238691505284
2802.0,0.0025602102545941564
2811.0,0.00094685941058381
2819.0,-0.005461532237941563
2827.0,0.0018883152087966603
2831.0,0.008768153927895978
2837.0,-0.0021635410095826044
2846.0,-0.006269466821998333
2857.0,-0.006204849539451485
2868.0,0.012393743495864641
2876.0,-0.002322410711562792
2880.0,0.0020932148088498477
2887.0,0.0006064657549861708
2895.0,0.002309739659421763
2903.0,-0.0019076998530099232
2909.0,0.0004108612467465422
2923.0,0.0018972763322857597
2930.0,0.00013835793655145719
2938.0,0.0026412627807690034
2949.0,0.0017311636797914605
2957.0,-0.014503273796217532
2963.0,-0.0010454095194581384
2972.0,-0.0006121645749904634
2980.0,0.0010661733257680962
2986.0,-7.467102997644823e-05
2993.0,-7.10143881868038e-05
3005.0,0.00014759861095980895
3011.0,-0.0014519721318113478
3019.0,-0.0011481040881781903
3025.0,0.002032490808354887
3031.0,0.0038031950842442918
3038.0,0.00012223164691470872
3046.0,0.0013106978700898656
3053.0,0.0057470768089326425
3061.0,0.0023006020626609087
3068.0,-0.0006105167541947083
3077.0,1.851951014317128e-06
3085.0,0.0009285296036234802
3094.0,0.0015514564468016687
3106.0,-0.000685951946454407
3115.0,0.0012637405257896787
3126.0,-0.001434438518725731
3136.0,-0.0011041696176426403
3144.0,-0.0005311564630002336
3150.0,0.0024339612316649577
3162.0,-0.00160774413868372
3169.0,-0.0014514373713094635
3175.0,-0.0008675431346675035
3184.0,0.002725674139570943
3189.0,-0.00023659755774511876
3196.0,0.006961822554506429
3206.0,0.008821799897336243
3215.0,-0.0020573533575431154
3222.0,0.006870390721895978
3228.0,-0.010866358308901014
3235.0,-0.0006695058696067123
3241.0,0.003390978483203894
3248.0,-0.0002706784844762383
3256.0,0.004078852805707424
3263.0,0.007784160658840921
3272.0,-5.224025509877873e-06
3278.0,0.004463274822103007
3289.0,-0.00023732275724635944
3297.0,0.004583401885534675
3308.0,-0.005537004717579205
