,8
0,0.0016594601531736855
1,0.0006974974192499103
2,0.00041843596572289254
3,0.0009884425263049063
4,-0.00011674772501068361
5,0.0005534639394310133
6,0.0014164812136048357
7,-0.003366523629423436
8,-0.0006202827251038473
9,-0.00030014946761567273
10,-0.0002464020215674835
11,0.0005200240887932723
12,0.0006814657871603784
13,0.0006618938826661283
14,0.005467887009685165
15,0.004632301344241689
16,0.00021625445166773902
17,-0.001807995984300733
18,0.0009365591433053629
19,0.0005527552649569647
20,0.0009649328440922485
21,0.00033092914584475054
22,-0.0008048596517258572
23,0.0002569465817862446
24,0.0028902813525875444
25,0.004072917862049013
26,-0.0013693448190651382
27,-0.0007959285765408629
28,-0.00016870120008974243
29,0.0004886558296102802
30,0.0031357141894908136
31,0.0004324735837273921
32,-0.0004943390602518772
33,-0.0002096204508805654
34,0.00018887628367043356
35,8.698379982996245e-05
36,9.807978033208669e-05
37,0.00037641602666682963
38,0.00044223719852158036
39,0.0008163531850110262
40,0.001554914270698428
41,0.008687410859391684
42,0.004457327264494973
43,0.0030395154649704623
44,-0.0001343437609333369
45,0.0001275936400495265
46,9.77902949339425e-05
47,0.0004634759602793842
48,0.00042284108466266937
49,0.00013421593999498287
50,0.000490685569595637
51,0.00015145381906393125
52,-0.0006255149647083558
53,-0.00014290438988279978
54,0.00036423403092203605
55,0.0009808376064541166
56,0.0025594406189441772
57,0.0006237268596304777
58,-0.00014634838120178246
59,-0.0007471887166555066
60,-0.0008622283396507845
61,-0.0012024616860340594
62,-0.0003325853166779614
63,-0.0006229939698368528
64,0.0018151536867803768
65,0.004576571294374241
66,0.0010579237394774408
67,-0.00010056734246009124
68,0.0019589287140442824
69,-9.677677713812285e-05
70,-0.00018637953488924195
71,0.00014028316884386752
72,-0.0004799662071506593
73,-0.0025816266350438596
74,-9.887487720250711e-05
75,-0.0008115893731176736
76,0.0003489208323972902
77,-0.00022004769045979968
78,0.0002532479237176593
79,0.0011482180423514454
80,0.00012389424058252644
81,0.00023816964616645787
82,0.0005974451223866847
83,0.001963396574258191
84,0.0014957143194597588
85,0.0010291430513726027
86,2.4706197582614736e-05
87,-0.0017670201285001812
88,-0.0009896582087402823
89,-0.0003551530542465434
90,0.00037326671584208106
91,-0.00046357388492761036
92,0.0006259782355184496
93,0.00010033717547078514
94,0.0001849377394715294
95,9.455307098240175e-05
96,0.00020786906244187406
97,1.7629411118443606e-05
98,0.00018737160836474644
99,0.0006840383764859786
100,-0.002305863476837481
101,0.0031242272072620155
102,0.0012570162051873275
103,-0.000798016220113897
104,-0.0007651521576735572
105,-0.0002201002834918103
106,0.0003777498801319394
107,0.0008958918618314327
108,-2.1032617903641598e-05
109,0.00035710783079133656
110,-9.390194732064473e-05
111,-0.00016449943630110305
112,-0.0003171163512406209
113,8.158908239725984e-05
114,-4.9697458109716484e-05
115,0.0008733619809674945
116,0.0010719727230566925
117,3.558088811013532e-05
118,0.0005422288270292082
119,-0.004093287081123913
120,0.0003232398812743885
121,-0.0007446639124065405
122,-0.0008238365244734589
123,-0.0011463437050446832
124,-3.1313637834970106e-05
125,-0.0003946397078973585
126,0.0008017751962871531
127,0.0005935887385946576
128,0.0005594632967697222
129,-0.00016189537884438382
130,0.00019739450703090184
131,0.0008973331316288771
132,-0.0012419664594699531
133,0.0013029963724074162
134,-0.009369736817095872
135,-0.0076041948100441965
136,0.013227501834212611
137,0.002622416285316014
138,-0.0011488135232437205
139,0.005873737423914512
140,0.0060584912725276125
141,-0.0013268756274791666
142,0.0007022110882526944
143,0.0004597926194663343
144,-0.00033764273625296786
145,-0.00013058321402062924
146,0.00027979855474514017
147,0.00039182702174504183
148,3.157975294683511e-05
149,-5.4582695279462666e-05
150,0.00046777315157645895
151,-7.804657647192943e-07
152,0.00016290935749084797
153,0.00017355002500141678
154,-0.00017520330432680084
155,0.0001811806396288585
156,-0.0009621355916647321
157,0.0017099763599626736
158,0.001529377990998674
159,-0.002362621316620108
160,0.0005624280373478745
161,-0.00017620363497899738
162,-0.003236365197011662
163,-0.0015490951787230228
164,0.0007407613044387035
165,-0.0002726628630015858
166,0.0005084767909520594
167,-0.001205177360273092
168,0.003396681034382309
169,9.915159290713784e-05
170,0.0003787963156629285
171,0.00022130690808763194
172,0.0007427058583998438
173,0.00034911664514772155
174,0.0009181820360329438
175,-0.0009019296460462712
176,0.0010532621456017387
177,-0.00044666327845090115
178,-0.0011201776495079253
179,0.002754754546878173
180,0.00024965264423805624
181,9.675111465529698e-05
182,0.00041854514733609226
183,3.59114726206959e-05
184,0.00011893194869772749
185,-6.29648931047801e-05
186,-0.0001650248266554616
187,0.00041355681342771736
188,0.0007729733642602844
189,0.0023406817990810603
190,-0.0012702929625611702
191,-0.00021438062332445367
192,0.002232727406134347
193,0.00016898555970680794
194,-0.00012966557475824124
195,0.0004933210268238962
196,0.0013812472108747293
197,-0.0007392833343832404
198,-0.0004784729592802214
199,2.5325514477807486e-05
200,0.0004805569857764313
201,0.0002972933712414032
202,0.00015436490027787605
203,0.0007219142146997468
204,0.0014550883226138226
205,0.0005191422646300938
206,0.002837558492254218
207,0.0008842987557717442
208,0.00019325945218198924
209,0.001742806782365542
210,0.00020606230716689911
211,0.0028750199010078624
212,0.0026793885826643014
213,0.0025493665842635377
214,0.00016250433411344237
215,0.00023445286979957913
216,0.00010360844138673948
217,0.0011028490604640883
218,0.0014935897739466108
219,0.0022755215160649533
220,0.001615700240100602
221,0.0029291467891612573
222,0.0011875771483957059
223,0.002198317850312193
224,-0.00012122541281717562
225,-0.0009794012769440109
226,-0.0007875020063430081
227,-0.005584548154729624
228,-0.0015501249592442803
229,0.0003029320858354208
230,0.001253548274098039
231,8.206443612826183e-05
232,-0.0005972310201609646
233,0.0006171634568373944
234,0.0023906350056094408
235,0.00043320285776477364
236,-0.00043157387036942165
237,0.0014946110384207885
238,0.0030063774555654527
239,0.0006588606521384343
240,0.0007070329137837607
241,0.0002339180761852531
242,2.40835943844862e-05
243,0.0003571392628515838
244,0.0012189018282384432
245,0.003969019002081005
246,0.0006537772162619324
247,-0.0007872970425743529
248,0.0018300520972798816
249,-0.0006584632756673917
250,0.00028441366417777426
251,-0.00014746004708977647
252,-0.00021505137399720607
253,0.00019678487298664332
254,-0.0002471979251313528
255,1.9128231336203615e-06
256,-0.0013591229292952184
257,0.0035133908753718184
258,0.01282521411020561
259,0.0050469336398472914
260,0.0010375698468182008
261,0.0003872371129985817
262,-1.801207589630384e-05
263,0.00016976649899539612
264,0.00019864085022783918
265,0.00043292822651568746
266,0.00015223242403864768
267,-0.0007682487559197759
268,-0.0002599527077340468
269,0.0011496466221542192
270,-0.0002988360776172314
271,0.0008572232205061815
272,0.002230228671415655
273,0.0053197175310587125
274,-0.001685885617506782
275,4.658247011647562e-06
276,0.0003472302279690845
277,-0.00043547998247386475
278,0.00043939854604784303
279,-0.00042919048123403594
280,0.000702665384848005
281,-5.8444143809386455e-05
282,-0.0011008185222714866
283,0.0004161508369836088
284,-0.00047458784996376956
285,0.0020253850528997547
286,-0.0005920618417858082
287,0.0002200968993747534
288,0.00025898583240358615
289,0.0014517163122005688
290,0.0006054764374632944
291,0.0020194487504439636
292,0.00044008162567045006
293,0.0004526026738395437
294,0.0004146257399786648
295,0.0004141949432410002
296,0.000616675432608526
297,0.0008614844965742965
298,0.00021028510730008383
299,0.0002447575970011533
300,3.684734939662261e-05
301,-0.0018195460648209943
302,-0.00017787032226654462
303,9.836565363105836e-05
304,0.00014091551430241796
305,5.277504658622114e-07
306,9.497731276464237e-05
307,0.0001856933739167587
308,-0.00015744089642055918
309,0.00034366520542219287
310,0.0021095230880046616
311,-0.001172762183437756
312,9.646307563002687e-05
313,0.000616093352191245
314,-4.7539251179367826e-05
315,0.000271275530429933
316,0.00046957658006190273
317,0.0007989661722714327
318,7.484862388217346e-05
319,-0.00012531130501704436
320,0.0002375972346730757
321,0.000603092065016755
322,6.381762833986893e-05
323,-2.569257904046757e-05
324,-0.0031433808381515793
325,-0.002065956155620433
326,-0.002398890736005386
327,-0.0017530093206886994
328,-0.0006449236135317527
329,-6.690009323797862e-05
330,0.0009085342162818881
331,-0.0008119684721028966
332,7.25569930229282e-05
333,0.00019907543825593485
334,0.0005459169942511851
335,0.0007951048170259231
336,-0.0007483818643154327
337,0.00078006139250096
338,0.0017849558610319846
339,0.0010687679795656458
340,0.0006635785453895523
341,0.00029871038911391323
342,0.001268291994418518
343,0.001740914249228512
344,0.0010200310394443966
345,0.0004177902407032988
346,0.00055987344248678
347,-0.00030013681286994204
348,0.00019569156081388457
349,0.00022230764367455697
350,-0.00018619696312406343
351,-0.0002953815142609618
352,0.0004161477666402844
353,0.00027333004660699324
354,0.000879717640889683
355,3.3269201595165965e-05
356,-7.623178761291194e-05
357,-3.07926482081782e-05
358,-0.00012855783769466484
359,-0.0005456789061877269
360,-0.00024305320662970517
361,0.0016554557050509075
362,0.001068508848059628
363,-0.0012943524858384397
364,0.00019219437224986388
365,0.0005800379629859584
366,0.00029900996843937045
367,0.0011782674931752456
368,0.0006365214405616412
369,0.0025956767064224144
370,0.0005156696300421662
371,-0.001362252820573582
372,-0.004406764813381541
373,-0.0005576481605232971
374,-0.00013644120347567148
375,0.0012740016445163462
376,0.0028711288062910896
377,0.0007779963644256019
378,-0.0004456295454613034
379,0.0005535732258163992
380,0.0021961917038661044
381,0.0012889420987246799
382,0.00030905669472483646
383,0.0004961157858619794
384,-0.0027528691176066573
385,-0.0011575348658477368
386,-0.0009797125429729363
387,0.001033584995132682
388,0.00045806196816016917
389,0.00038255252824196057
390,0.00043921483741561754
391,0.0002842422010813231
392,-8.315259296857973e-05
393,0.0001951556245087472
394,0.0004806613463167887
395,0.001014330956586637
396,0.00048034871270555805
397,0.0010043259087728152
398,0.0012942797196981615
399,2.7843961428842715e-05
400,0.0012950102102789773
401,0.00036362247397566934
402,-0.00032523134710046934
403,0.00029331269202287526
404,0.0002094813525754851
405,-0.001107701564824301
406,-0.000493070356870305
407,0.00012910890861826508
408,0.00045065689647257317
409,0.0008607121767856752
410,0.00011537913376598629
411,-4.837979497408465e-05
412,-7.945167394855082e-07
413,0.0010114606192871444
414,-0.001073254281158592
415,-0.001628623024354861
416,0.004141587692324922
417,-0.0023183711883847844
418,0.0001057532625702591
419,0.0006926071313834466
420,0.0011267130055616702
421,0.0010269549585892645
422,0.000965363698282763
423,0.0017669936821243658
424,0.0006891715807834636
425,-0.0011372827333823957
426,0.0006351977611066913
427,0.0001841843863119344
428,-0.0010609869911845432
