,5
1390.0,-0.0021560843103055603
1395.0,-7.062599292822565e-05
1403.0,0.004671745224459977
1410.0,0.003589831602658908
1419.0,0.002292188559137833
1424.0,0.002340923295361665
1432.0,0.0037743980269841007
1438.0,0.0009144874498427054
1446.0,0.0015119805069876682
1460.0,-0.0005539813726966622
1468.0,0.002679945912316606
1477.0,-0.0009555754743534948
1481.0,0.0011467745593561507
1488.0,0.0009513099462956038
1496.0,0.00016118502474995311
1501.0,0.00146714583102264
1506.0,0.0002346468891174503
1514.0,-0.0021983286751128452
1523.0,-7.100552396280008e-05
1532.0,0.0030519339123516735
1540.0,0.0013216674929818245
1554.0,-0.0021116947943331634
1563.0,0.0012408426621049982
1567.0,1.1187177055019551e-05
1572.0,0.0005511458833759632
1580.0,0.0020421732996620387
1588.0,0.001252658131828442
1593.0,-0.0010564013671308264
1604.0,-0.00017056862327584308
1610.0,0.004713109138269229
1615.0,0.0011608858739308877
1622.0,-0.007394845750730622
1631.0,-0.007062468049951878
1639.0,-0.0022034247122153985
1646.0,0.006733727446783154
1656.0,6.740366603937792e-05
1662.0,0.0007324084883323126
1673.0,0.003055470357137987
1681.0,0.0007766901708591422
1687.0,0.0008035818060289457
1698.0,0.0008011939022773864
1706.0,0.0004633357012704232
1714.0,-0.0005197219378346954
1718.0,0.00020812820229965006
1724.0,0.0016260773052147316
1732.0,0.00023175636774091816
1744.0,0.0007491112511537827
1751.0,-0.0011118335373716615
1759.0,-0.0008058511843401943
1767.0,5.4842916498650966e-05
1776.0,0.003605023890880358
1784.0,0.0030460619713503292
1792.0,0.0014810716921999573
1799.0,0.0004455609237737619
1808.0,-0.00023803942627425274
1813.0,0.001232849959332282
1822.0,0.002222483372469175
1831.0,0.0018892649000773587
1836.0,0.0008578705881701869
1847.0,0.0002100655094353094
1854.0,0.00306224260906911
1865.0,-0.0002503215747592225
1871.0,0.002347254457186409
1879.0,0.0012555101096730647
1887.0,-0.002444329213978735
1898.0,0.000612591890659235
1906.0,0.0003089098547037366
1915.0,-0.005659378142961087
1925.0,0.00207111795429174
1933.0,0.0015151376343204661
1938.0,0.00010905127377465575
1945.0,0.0010127640335826733
1950.0,-0.00026627823405761937
1962.0,0.00027081713933713023
1973.0,0.000627052606572369
1982.0,-0.00027861662402385297
1993.0,0.000427347627452089
1997.0,0.0016045834971873906
2005.0,0.0007737191754937741
2013.0,4.219459884970919e-05
2025.0,0.0007982687832153395
2037.0,-0.00032557975634326335
2046.0,0.0027181383117939406
2053.0,-0.0027211387028393285
2062.0,0.00903086596120547
2071.0,0.005228051272122502
2083.0,-0.0014854093977500966
2091.0,0.0007070750132829694
2099.0,0.0002071149165229296
2104.0,0.0017109435283238104
2112.0,0.0022083457432329865
2121.0,0.0003632623136287915
2129.0,0.0014667623999025496
2137.0,0.0007678314613488839
2146.0,0.001810930864636184
2155.0,-0.0005699456046283103
2160.0,-6.162700418618184e-05
2168.0,0.0023528944488782097
2176.0,-0.0006480246812545431
2185.0,-0.0016240082185722368
2193.0,-0.005893908655601292
2204.0,0.0009006810972256485
2208.0,-0.0005694065924193349
2216.0,-0.0009409193582612196
2225.0,0.002118241599030184
2233.0,0.0007870976390930796
2241.0,-0.005605761838658814
2249.0,-0.0006574608537950515
2261.0,-0.0005992570945610595
2270.0,-0.004136905038194439
2278.0,-0.0027351240353287597
2286.0,-0.0031255856089881006
2290.0,-0.002450834430530843
2298.0,-0.004862463221926651
2307.0,0.0024318159799483654
2318.0,0.0014831757278961318
2327.0,0.00010648576750106544
2335.0,0.0017967550470958413
2346.0,0.006209582070200853
2351.0,-0.0011565409431460952
2357.0,0.0012769876461398353
2366.0,0.0017727179093859468
2373.0,0.000518382018502927
2381.0,0.00039903303370566643
2393.0,0.0011887739800507202
2401.0,0.0003926100461821363
2409.0,0.0007938419690791633
2414.0,0.000729974551977175
2425.0,5.39736685004627e-06
2433.0,0.0007159629105487091
2445.0,2.5517075027311905e-05
2450.0,0.0006189537907736823
2459.0,-0.0002529025570942865
2468.0,0.002815851684074029
2477.0,0.005251577588563791
2486.0,0.008408058094524017
2500.0,-0.0021729462426628913
2509.0,0.0006219461578098224
2518.0,-0.0009529748549631682
2523.0,0.0006084189529208197
2532.0,0.0014701564531987713
2541.0,0.0005902859445309512
2550.0,0.00023169985818037456
2558.0,0.003103280370161375
2563.0,0.001595777626412446
2571.0,0.0008232990163753902
2576.0,0.0010648291792062737
2583.0,-0.0027753210535607156
2589.0,-0.001114585305566155
2597.0,0.0027516225569932645
2606.0,0.004253595119297601
2612.0,0.0025273109487729687
2621.0,0.0027269690685951847
2628.0,0.008856018025054714
2639.0,-0.00030500982934953205
2649.0,0.004355733569638009
2655.0,-0.00030081744253945017
2664.0,0.001840358764021448
2672.0,0.0013639304152101672
2680.0,0.0019790740349872496
2689.0,0.0016093641092142282
2694.0,0.00034950597033351694
2702.0,0.0015029030005913916
2711.0,0.0022401504562708026
2717.0,0.002752819279328722
2724.0,-0.0003406503046512471
2738.0,-0.0029583864776114963
2747.0,0.0010750669501631035
2756.0,0.001408253345930459
2765.0,0.004084083652004593
2773.0,0.0008032163163502975
2785.0,-0.0017068089523563372
2794.0,0.005073746351462664
2801.0,0.0037788765148483307
2808.0,0.006664677035416109
2815.0,-0.0024595001717936625
2823.0,-0.010877063145731426
2830.0,-0.006402265281607207
2837.0,0.0009407835548138167
2841.0,0.015852780639321672
2850.0,0.003264088591069895
2858.0,0.0005210562489002942
2869.0,-0.0006731633150568536
2880.0,0.0006952615875197232
2887.0,-0.0063496149815511355
