,5
2.0,0.012911486445377278
9.0,0.0026695353481102913
18.0,0.0027042048906115892
23.0,0.005980820012297869
31.0,0.0013925137142056056
40.0,0.0013683331684773547
46.0,0.000986958382940255
53.0,0.0025524890348868545
60.0,0.005978633053344951
67.0,-0.0034629367631396272
71.0,-0.0003579731485757556
79.0,-0.006102765256073194
83.0,-0.009887541672045653
88.0,0.0007100887604473819
95.0,-0.001705388608574843
99.0,0.0030230126968570363
108.0,-0.0003799229176235979
115.0,0.0006670916842095619
121.0,0.0007735654957145186
129.0,-0.00013042928463101306
137.0,0.0017770721258494708
145.0,0.0005695411810781711
151.0,0.0009769504378240336
163.0,-0.0006956598198849725
170.0,0.0011901390411140243
177.0,-0.0012660668665085727
185.0,0.007682784062048692
190.0,-0.009683990322984734
201.0,-0.0034657567203526564
208.0,0.006528283264370678
212.0,-0.011652057360360622
221.0,0.0036217671553593635
233.0,-0.0041422533929924635
241.0,0.00033534843828488366
248.0,-0.0027587908506096653
255.0,-0.004116243586884128
262.0,-0.001516010847858664
273.0,0.0024385540991838763
281.0,-0.0007929994404142013
289.0,-0.0005696652598025827
301.0,0.007955873074181122
307.0,0.012417768648072116
312.0,0.0028182720308437405
320.0,-0.00101911838074827
327.0,0.0004034609271170701
335.0,0.011096947242455546
342.0,0.003952050705813906
350.0,-0.0027777531916804844
354.0,-0.0007106125082829825
363.0,-7.606484264460753e-05
370.0,0.0035361538319396424
377.0,0.0004215209283141941
385.0,-0.0019084983965631224
393.0,-0.00137541872015634
397.0,0.002150748250650016
405.0,0.0025393577163898722
419.0,0.0011262859796009504
427.0,-0.0012809468365115899
434.0,-0.0008826978580811852
439.0,-0.00036817828738176144
443.0,0.0019602391325527634
451.0,0.0012994364963197997
460.0,-0.007126893212291577
468.0,-0.0039141973071598005
480.0,0.004752197265374213
488.0,-0.0036258271992732722
499.0,0.0036045110854593557
507.0,-0.00048433250884443346
518.0,0.0005516250508490113
525.0,0.0036470018845452612
533.0,0.0005471381122156949
539.0,0.0022120936349431398
551.0,-0.007804848356581646
558.0,-0.00016349884950998846
567.0,-0.00023102150936093034
574.0,-0.001639732637334556
582.0,0.001390307431173606
589.0,0.0004238917710009575
600.0,0.000159796100913351
608.0,-0.00032141232908990597
616.0,0.0017612635934843976
622.0,0.0008672475145690324
633.0,0.0009756538258576708
639.0,-0.0028997421323560114
647.0,-0.002114545594135248
654.0,0.0010859607622338643
660.0,0.004843571779106154
667.0,0.00500379060241921
672.0,-0.00018035984351587992
678.0,0.0018667826225088092
689.0,0.001494975461442617
698.0,0.0008337272204628336
706.0,0.0005564167913675512
713.0,-0.0012399003899481746
724.0,0.004054157933592137
729.0,-0.0021600709025113535
738.0,0.0015660669485746876
752.0,-0.00016050462959510295
764.0,-0.0022719166740675072
771.0,0.0025275841634096047
780.0,0.002653785783644789
787.0,0.002041302694288417
798.0,0.0025400949574220914
808.0,-0.004952176230905712
818.0,0.0003639924866447147
824.0,-0.0002266740459700998
831.0,-0.003768979912156413
839.0,-0.003075453433684473
846.0,-0.0012742452454722502
853.0,-0.0009841438646863755
861.0,0.0004116499034536215
869.0,0.0002487945212496635
877.0,0.003599951835712025
884.0,-0.00021516150044084716
888.0,0.0007922694620315253
895.0,0.003925422772893893
904.0,2.864198065835889e-05
912.0,0.00029442022961866186
920.0,0.0033201477647147822
928.0,0.00018363052817392729
939.0,-0.00022997124169783268
947.0,0.0025103657451624926
955.0,-0.001679610991534031
964.0,0.0010005872436720654
972.0,0.0026847316795550304
979.0,0.0013845202599319032
987.0,0.0007889670683582184
996.0,-0.0007379483484244383
1005.0,-2.9671100467786018e-05
1013.0,0.002172689198080589
1022.0,-0.001117094672608119
1031.0,-0.0027524042716498593
1040.0,-0.0008702605666041154
1049.0,-0.0008965356398197297
1057.0,0.0015168473050841237
1064.0,0.0028646306639938898
1071.0,0.0026987628652890773
1079.0,-0.0004561970634420727
1086.0,0.0021949893436282505
1098.0,-9.1868147108461e-05
1105.0,0.00012079383701799473
1114.0,-0.00047704006305042027
1118.0,0.0013782894860603645
1126.0,0.001058740701332107
1131.0,0.001899577830933869
1139.0,0.00045661908774202405
1144.0,0.0004471306153850641
1153.0,7.22045741412606e-05
1162.0,0.0005692793027629049
1170.0,-0.00783464432997171
1174.0,-0.0034151731310980674
1179.0,-0.0015439622181848305
1186.0,0.004409794124235248
1195.0,0.00305642468596463
1207.0,0.0029650538479672707
1215.0,0.003425332571792624
1224.0,4.3560389194915583e-05
1230.0,-0.0007901700311456508
1236.0,-0.00017955341105008462
1241.0,-0.0017563663804186296
1249.0,0.0008842049861507035
1256.0,-0.001496992814380972
1265.0,0.004278640520667768
1276.0,0.00011814419655269002
1280.0,0.004930717655401171
1288.0,-0.0011477475190928954
1297.0,0.0030980969352720268
1304.0,-0.0031639183486546715
1311.0,0.0006518977432183987
1322.0,0.000276681843407765
1330.0,0.001181172410005333
1339.0,0.0008567169302434622
1344.0,0.002234981233492113
1352.0,0.002836160430220336
1363.0,0.004155434226211156
1368.0,0.0018286801731106
1375.0,-0.001350292584536349
1383.0,-0.002627511818424642
