,4
1390.0,0.0076223330153398616
1395.0,0.015392215018862737
1403.0,0.00375689542215012
1410.0,0.00692868884273946
1419.0,0.013341749889612503
1424.0,0.005564215686271249
1432.0,0.005752642708170005
1438.0,0.0037314477867137377
1446.0,0.005161188020130822
1460.0,0.004347882213305667
1468.0,0.004220222954822211
1477.0,-0.0001256111612440586
1481.0,0.007670358061107057
1488.0,0.006424051553272845
1496.0,0.005496399479218198
1501.0,0.00703526516930579
1506.0,0.008399476821275375
1514.0,0.005029840479345905
1523.0,-0.008933336663972318
1532.0,-0.006027983084667966
1540.0,0.008304068505143687
1554.0,0.010206352815892853
1563.0,0.0046621716847601484
1567.0,0.002680696454492958
1572.0,0.007097078852904298
1580.0,0.007301701501920836
1588.0,0.006493313232459419
1593.0,0.005599170409103504
1604.0,0.012602954207777366
1610.0,0.007541157362006547
1615.0,0.006647181470785881
1622.0,-0.003908922664929626
1631.0,-0.005145658805140998
1639.0,0.0004467548869961641
1646.0,0.011551195369973745
1656.0,0.009365129196883017
1662.0,0.0071036632383112384
1673.0,0.0060371508582734565
1681.0,0.007027097211325127
1687.0,0.004968972383764415
1698.0,0.009008785687833878
1706.0,0.006826576550908893
1714.0,0.0010326286998402815
1718.0,0.00913884781903359
1724.0,0.005583564407839434
1732.0,0.004790225431802566
1744.0,0.002538011721626789
1751.0,0.0013281103166022073
1759.0,0.0008933287160913809
1767.0,0.002150140055826535
1776.0,-0.004890946135445434
1784.0,0.010566514954079032
1792.0,0.005528051437567766
1799.0,0.0025332845854570576
1808.0,0.005797231155689661
1813.0,0.003438713198781399
1822.0,0.0060362756064794845
1831.0,0.008333681726631846
1836.0,0.004868466163167913
1847.0,0.001903616859752279
1854.0,0.007520537891728049
1865.0,0.0060835080930998695
1871.0,0.003961945363690794
1879.0,0.006341582105187694
1887.0,0.0018582752687026347
1898.0,-0.006095255029218724
1906.0,0.0070488938726566515
1915.0,-0.008515739211435249
1925.0,-0.004386233952016037
1933.0,1.9997466893869e-05
1938.0,0.0023135143066831047
1945.0,0.004025015767419259
1950.0,0.003121448006529827
1962.0,0.005048977852122377
1973.0,0.005420492690570617
1982.0,0.003157100233334143
1993.0,0.006882826253416777
1997.0,0.0008226488752230963
2005.0,0.004557389210993797
2013.0,0.00278603855615632
2025.0,0.005927406992249619
2037.0,0.011844844301219307
2046.0,0.000869224461424532
2053.0,-0.007805897176454726
2062.0,0.0023180328297308776
2071.0,0.0025504430468176274
2083.0,0.01547937102620359
2091.0,0.007699523443691445
2099.0,0.005029555142287884
2104.0,0.006789446560895421
2112.0,0.010518643499116503
2121.0,0.006130537357662518
2129.0,0.007949343857316462
2137.0,0.017258060967910896
2146.0,0.0031669122918653084
2155.0,0.007374315876479752
2160.0,0.0054962420893207116
2168.0,0.007271567564541176
2176.0,0.001075289248798475
2185.0,0.005266004746911393
2193.0,-0.016391685539662342
2204.0,-0.0016514872736230841
2208.0,0.0056542583367519385
2216.0,0.0040268941766137606
2225.0,-0.0005267240529830406
2233.0,-0.000704302183752488
2241.0,0.0012365991547779382
2249.0,-0.002385990726426021
2261.0,0.0014582358725295673
2270.0,0.008688582966446602
2278.0,7.074613517183961e-05
2286.0,-0.0014527664192754898
2290.0,0.0007490650690339674
2298.0,0.009811209793218591
2307.0,0.006966220904756436
2318.0,0.006180891586566579
2327.0,-0.001496621825330133
2335.0,0.0063242638868607585
2346.0,0.008550128527084927
2351.0,0.008205723928557472
2357.0,0.0031712832222835345
2366.0,0.0022614935094953546
2373.0,0.005048660096671485
2381.0,0.006585533113411174
2393.0,0.01087945347488724
2401.0,0.007557539245558054
2409.0,0.006732418681779638
2414.0,0.00430195365188628
2425.0,-0.00013335443772507146
2433.0,0.005746749186785231
2445.0,0.008942954875551972
2450.0,0.005684285132012455
2459.0,0.009528126612528248
2468.0,0.005172010501802155
2477.0,0.004386111711802358
2486.0,0.004641305332352414
2500.0,0.012750108716489373
2509.0,0.003180919740132396
2518.0,0.0033865116899003244
2523.0,0.009844037210757868
2532.0,0.00589079815872338
2541.0,0.0010042956382743707
2550.0,0.002486685566446591
2558.0,0.008342568294779529
2563.0,0.004542908663514825
2571.0,0.0005328055766355857
2576.0,0.0041523553884841545
2583.0,0.003158053017867813
2589.0,-0.013126240068463729
2597.0,0.00826259516737566
2606.0,-0.005238515543096495
2612.0,0.01233083056217252
2621.0,0.009186375357356764
2628.0,0.01732312562180481
2639.0,0.011174846183958637
2649.0,0.009984135942152753
2655.0,0.01924324758060257
2664.0,0.0006045469606471828
2672.0,0.009001508248259692
2680.0,0.004399023046131583
2689.0,0.005127697716548733
2694.0,0.0021384309690182664
2702.0,0.00252636559732167
2711.0,0.008419292766570092
2717.0,0.008226979231347338
2724.0,0.008207594075473829
2738.0,-0.006643637803889251
2747.0,-0.0008867206296339898
2756.0,0.006819927414815742
2765.0,0.018745389740165243
2773.0,0.0042321410006047775
2785.0,0.007898616273775666
2794.0,0.006787442178753723
2801.0,0.013257459287821911
2808.0,0.009268475684089162
2815.0,0.01168728307910112
2823.0,0.00580042798460429
2830.0,0.01224123138093245
2837.0,0.00980367226942355
2841.0,0.008115890015114596
2850.0,0.004790351316081141
2858.0,0.00799342161750314
2869.0,0.02023759366784755
2880.0,-0.0005675694855846327
2887.0,0.0038112533387114674
