,4
2.0,0.013024176451300398
9.0,0.007128480620877243
18.0,0.002019582801976209
23.0,0.004731931266990197
31.0,0.005513431721163078
40.0,0.004782589722046243
46.0,0.00635293592293824
53.0,0.0031716861562444323
60.0,0.0013801572733135742
67.0,-0.0039354071418661075
71.0,0.011199140215873088
79.0,0.0005018177525135476
83.0,-0.0074763973046467315
88.0,0.014016417705716063
95.0,0.009046307778760768
99.0,0.014590426510882921
108.0,0.006153591832449063
115.0,0.0013655329460326717
121.0,0.0005087489292188714
129.0,0.0063975404472580875
137.0,0.006607690540543643
145.0,0.0034029740333407434
151.0,0.0046453840885826835
163.0,0.003166613068687729
170.0,-0.004233159828559167
177.0,-0.007451011140284475
185.0,0.008658943461137821
190.0,-0.0038890696240955107
201.0,0.0021409713936747688
208.0,-0.018179196233645036
212.0,0.006431506106343294
221.0,-0.0029646762961807
233.0,-0.004084612147714924
241.0,0.0061837801513043335
248.0,0.010001192872861456
255.0,-0.0059082075602146155
262.0,0.0007271540085103185
273.0,-6.544559684349366e-05
281.0,0.0008134535576284224
289.0,-0.001984961429711828
301.0,0.00564255102414595
307.0,-0.00090488232974577
312.0,0.0021985269440941923
320.0,-0.0007183460831896362
327.0,-0.00112781561943579
335.0,0.004066546154023571
342.0,-0.013979472649343246
350.0,0.0005093451613562087
354.0,-4.694058649590956e-05
363.0,0.003932194839043462
370.0,0.009378324726896184
377.0,-6.444794337980026e-05
385.0,0.0008198183020690954
393.0,0.016303685051187736
397.0,0.00311805937338554
405.0,0.01190043186975117
419.0,0.004882672711300876
427.0,0.01665233328358895
434.0,0.010113898037507021
439.0,0.006080948473951671
443.0,0.013325437587358336
451.0,0.0073830519308110245
460.0,0.018935592954794384
468.0,-0.0010871709950450066
480.0,0.006510824143465436
488.0,0.007762348614227283
499.0,0.004751949472474884
507.0,0.010129334508928554
518.0,0.006797732556577092
525.0,0.006031181634013663
533.0,0.004856365020962772
539.0,0.002606539328522499
551.0,0.0017901783088140975
558.0,-0.015570298486013217
567.0,0.010482513185095368
574.0,0.002712368781761177
582.0,-0.0003665299251398855
589.0,0.004656716704808217
600.0,0.0031412174939367174
608.0,0.002892484792628411
616.0,0.0081473079352277
622.0,0.005961527802505953
633.0,0.0036261652256071295
639.0,0.01280638552324165
647.0,0.0015858917773200422
654.0,-0.0068251295970366875
660.0,0.008154112572151621
667.0,0.011338451045096905
672.0,-0.0024987828348195665
678.0,0.0038322571566861
689.0,0.0024629070689105663
698.0,0.006591751942726419
706.0,0.004151013026620859
713.0,0.001397303677287249
724.0,0.0083818371884215
729.0,-0.004834643727788749
738.0,0.006065696285103271
752.0,0.0029663992962226
764.0,0.0025602825328879205
771.0,0.005041555509707274
780.0,0.007005758662999507
787.0,0.00952128727938986
798.0,0.004947065405717973
808.0,0.007601892989308656
818.0,-0.0015771150718357516
824.0,4.3866183558053485e-05
831.0,-0.0031922844089768525
839.0,0.010560513715709582
846.0,0.0036867309978119564
853.0,0.004489618162050905
861.0,0.007186530348628004
869.0,0.0048361811499564285
877.0,0.00630993038872515
884.0,0.004260078308202158
888.0,0.0078082056978917855
895.0,0.0008160392525583375
904.0,0.0060246036432937775
912.0,0.0026328522329157112
920.0,0.00219834198902082
928.0,0.0037789552767731184
939.0,0.003389996942308968
947.0,0.0017306314942351878
955.0,0.00038894161914013897
964.0,0.013576631385926395
972.0,0.0010677340650828105
979.0,0.006863389612519165
987.0,0.0024919533596473517
996.0,0.008991680747989048
1005.0,0.006450147234969758
1013.0,0.0037537848186049464
1022.0,0.009196767742700862
1031.0,-0.005047805478474949
1040.0,-0.0016602393092717699
1049.0,0.0036019400438858707
1057.0,0.013097620174686122
1064.0,0.0019567125143652663
1071.0,0.005908655466075026
1079.0,0.013396055970977736
1086.0,0.006837842910286343
1098.0,0.005696747322368802
1105.0,0.005707742524687932
1114.0,-0.002067505088987528
1118.0,0.006690461729577822
1126.0,-0.0037106549829397095
1131.0,0.006182766408271195
1139.0,0.0010531245031681399
1144.0,0.012019925346176344
1153.0,0.005977554812382713
1162.0,0.005933689536327384
1170.0,-0.008088271567096456
1174.0,0.007947491526414559
1179.0,0.009086382648881173
1186.0,-0.00045755331072630756
1195.0,0.0030735855226625163
1207.0,-0.0026086095095751434
1215.0,0.006559237607434376
1224.0,0.005369127199680343
1230.0,-0.005530134832342614
1236.0,0.009341746474687706
1241.0,0.0012170004027654815
1249.0,0.010132413664444194
1256.0,0.004955487264949265
1265.0,0.005943536806115715
1276.0,0.005354388536698551
1280.0,0.00793101461235578
1288.0,0.014937107570169805
1297.0,0.00288057618866029
1304.0,-0.0018790760659812447
1311.0,0.002653202514090633
1322.0,0.00504607162794723
1330.0,0.005556226097236721
1339.0,0.0005311191799315916
1344.0,0.003065742234855551
1352.0,0.009269727188192928
1363.0,0.014461939163461803
1368.0,-0.003825608103292086
1375.0,0.011818428675451863
1383.0,-0.0034697791937689285
