,8
0,0.0041272670365557615
1,0.0039392800921196885
2,0.0015538333644906418
3,-8.888354494839265e-05
4,0.0002097862307371737
5,0.00010913094252060472
6,4.094081338729674e-05
7,0.00032436412307681393
8,0.00015608460342650472
9,8.859669086699701e-05
10,-0.00025770346187965705
11,-0.0011276606825201911
12,0.0020953630393145584
13,6.74692600645218e-05
14,0.0013670724588638195
15,0.0013311895763554612
16,0.0004300493102651087
17,-0.0002037172382757062
18,0.0005040678080852495
19,0.00037558026063120995
20,0.0018984743960185598
21,-0.00012047484281647861
22,-5.145676292569335e-05
23,-0.0018459597825552807
24,0.000274503581188937
25,-0.000886466747996794
26,-0.00347762604303247
27,0.001356409985464716
28,-0.0017594383903376746
29,0.00014475028296897203
30,-0.001774796825505317
31,0.004524683344780404
32,0.00961703555541136
33,2.9227676142209936e-05
34,-0.0015115319701953568
35,-0.00036339707996878556
36,0.0022243857946595944
37,0.002189624063029428
38,-0.0013039213709739245
39,0.0003488333270192359
40,0.0036062754810213342
41,0.0007729801824064629
42,0.0024097645945011553
43,0.0014798348724885395
44,0.002984435511660023
45,0.00019632246518037737
46,0.004874169472785845
47,0.004644455646277017
48,2.2037666698931836e-05
49,0.0001980614782581698
50,0.00041062959716534905
51,0.001064060295824557
52,0.0005106144045640579
53,0.0007199154423761554
54,0.00025134015885883105
55,-0.0001333506395579649
56,0.0003803866623401736
57,-0.00011698955547968662
58,-0.00019562613762908422
59,-0.0007500484553112422
60,-0.0005858140709870278
61,-0.00046783279386398405
62,0.0008680844520736443
63,-0.0007685915232424189
64,0.0006159752219154008
65,-0.001074043574462338
66,0.0007658042479913368
67,0.0008536994816068786
68,0.0025533352339620866
69,0.0012519846747841377
70,-0.0007867090851278707
71,-0.00029042999864365993
72,0.0013030304865985528
73,-0.0013447665706068366
74,-0.0006573619082857834
75,-0.0009690802584655173
76,-0.0003870985386326087
77,0.0007538318843691662
78,0.0006284566523523147
79,0.00021210231607997302
80,0.00014603582261937326
81,6.934286786363118e-05
82,0.0005005066215046606
83,7.560545858355914e-05
84,-0.00039041738083709125
85,-0.00024219623272004432
86,-0.0013469357260318757
87,0.0008397388072903917
88,0.00045246475680631046
89,0.0001466725084372273
90,0.00030110045196749506
91,0.0012580843319460603
92,0.000242785357541234
93,0.0002885447782288833
94,0.003962563642327919
95,0.001132330921485701
96,0.000439370063791586
97,0.0010293683562103146
98,0.004065364379450446
99,0.001395058196287881
100,0.0005794603162893396
101,-0.000573611992918291
102,0.000697139888123883
103,0.0005421808111593189
104,-0.0019169365317186096
105,-0.004916616768254479
106,-0.007184137365105563
107,-0.0018350227360628831
108,0.002080179470784314
109,0.0006796667200556547
110,0.00015970355836775324
111,6.6878543506726e-06
112,0.0002671049288105905
113,0.0002878956736916663
114,0.0003133548426403388
115,0.0007221828191139492
116,-9.040388735151583e-05
117,-0.0016751007472746058
118,0.0008722971936645499
119,-5.892216911246344e-05
120,0.0026591273557102554
121,0.0014397963032917978
122,0.0029320978715511197
123,0.002867554720625597
124,0.0003415658632054272
125,0.001576450160826295
126,0.002312168074409492
127,0.0032254929335072615
128,-0.0009810636730931408
129,0.001463055486698496
130,0.0009137380861013357
131,4.629689951245387e-05
132,0.0015520177684342478
133,-0.0013829447655501004
134,-0.002185946496529349
135,-9.04544691222488e-05
136,-0.0002478529223168314
137,0.0001936366275190165
138,0.000301766899076227
139,0.00017494764119028143
140,8.813723943145392e-05
141,0.000146171565277813
142,0.0016039481825878559
143,0.0014992812140273168
144,0.0004504590128791316
145,-6.925007361684598e-06
146,0.00046393212691051944
147,0.0012464300952087204
148,0.00018850792396385581
149,-0.0016857917147628438
150,-0.0002745412433291424
151,-0.0019205890241152644
152,0.00021862866223811993
153,0.0010303695949540463
154,-0.0007305374925876035
155,-0.0001460968052365994
156,2.8001443560704315e-05
157,0.0006100973926036461
158,-0.00016949139608327408
159,0.0009800830031604034
160,0.0008531097497707227
161,0.0011035027399755241
162,0.00025677844729145527
163,-0.0015202852626185958
164,0.0005636503427865106
165,0.002242598325868083
166,0.000152252942811846
167,-9.70201133938487e-05
168,0.0007772839251304808
169,0.0010243093024084068
170,4.574791896076898e-05
171,0.0007938178172109582
172,0.0003677208404269222
173,0.0003654866463530302
174,-0.0007000957705389872
175,-1.3939134089378152e-06
176,0.0004087303340736906
177,0.00012277306555326064
