,6
1867.0,0.006660774834663303
1878.0,-0.0031604855822710484
1885.0,0.0021633465791305435
1893.0,0.0011267088431156627
1904.0,0.0005111913870156114
1910.0,0.0012909440600783616
1918.0,0.006990295841809346
1927.0,-0.0035005596473846245
1934.0,-0.002983390962781744
1941.0,-0.0035965372095373995
1953.0,0.001732711481757957
1960.0,0.0011470174633941837
1964.0,-0.006915893613573622
1971.0,0.003943214303167023
1977.0,9.887163013431835e-05
1986.0,0.004873241721066237
1991.0,0.002585631025563977
2002.0,0.0013898651540952634
2010.0,0.0014259297734559898
2018.0,0.001180820892931404
2029.0,-0.00012576157292258422
2041.0,0.0004679319276596191
2052.0,-0.0011592179372922893
2064.0,-0.0011796651361039654
2072.0,0.0003696639066555679
2077.0,-0.005654646006339245
2086.0,-0.005499441253866127
2091.0,-0.0011720310295859745
2095.0,0.0012344473465949674
2103.0,0.001679864062830715
2109.0,0.0031689383168756234
2118.0,0.002408044551512582
2125.0,0.001548957122705404
2136.0,0.0016346329004523505
2143.0,-0.0004855927388297433
2155.0,0.0005260316033636358
2159.0,0.0029558897592068555
2163.0,0.00247444258282171
2169.0,-0.004376413414602777
2180.0,-0.003053225928217107
2185.0,-0.00833882622777585
2194.0,0.0011550909423182708
2205.0,-0.0011027777980969395
2213.0,-0.0014762634808619963
2221.0,-0.001869234366584052
2232.0,-0.003054461818991721
2241.0,-0.0018197619198379446
2247.0,-0.00047121518517718666
2252.0,0.003938966503589215
2261.0,0.0002951099447542937
2269.0,0.00050919233226212
2275.0,0.003013322705068058
2283.0,0.006781597497795765
2294.0,-0.00022392576342757063
2301.0,-0.0013237891355862186
2307.0,-0.0015642289414691908
