,8
0,0.00033796625892707296
1,-0.0007035444525551569
2,0.0008620359631028231
3,0.0009735628673917659
4,-0.00024741940807698624
5,0.0005926416644783718
6,0.0017778729072855787
7,-0.0038388240588564993
8,-0.0009493273565990443
9,-0.0009098469630222174
10,-0.0009706272667139544
11,-0.0006392436209444304
12,0.0005371693362477874
13,0.001857042861480386
14,0.004066086243641541
15,0.007009200194098511
16,0.004885162808864675
17,0.00249055973039901
18,0.0027576647301469854
19,-0.00016360886267762333
20,-0.00013070185031515376
21,8.506836252244667e-05
22,0.00022791473899645833
23,-1.9898864580820824e-05
24,0.000850939885258503
25,0.00020050654130695253
26,-0.0025275249356828833
27,0.000934052277040089
28,0.00024586140432080665
29,-0.00011902799910778855
30,0.0009903865813371056
31,0.0014487830924430735
32,0.0007477803557662295
33,8.922656002179829e-05
34,-3.625548691209781e-05
35,0.0025802894975436343
36,0.0009036177561599286
37,0.002227898690377391
38,-0.0006442698466579851
39,-0.0006347010411086295
40,0.001531282437022886
41,0.003251522820296749
42,-0.0002827212920053928
43,1.6603291684256514e-05
44,-3.340284882599249e-05
45,-0.00019960470454353382
46,-0.00010526357626843716
47,-0.0007875192913400876
48,0.0001867023356677247
49,0.0010015036651180981
50,3.867075009359039e-05
51,0.0002938982530546795
52,0.0006988273508657683
53,-0.0009470461434322859
54,-0.00030566273359955236
55,0.00013017509011926137
