,6
2.0,0.000518288910991184
9.0,-0.002211372483573364
16.0,-0.0024541716599257185
20.0,0.00315525189334224
24.0,0.001571991585555008
31.0,0.0001928554516309776
39.0,-0.00032622542394075227
44.0,-0.0043847746428394415
52.0,-0.00843246389270372
61.0,0.005504929729494348
65.0,0.0038307874757987385
74.0,0.0003721028701351935
88.0,0.00043564133129777883
95.0,0.0009231808647586548
109.0,0.0013276478950248374
118.0,0.0005187265599020963
125.0,-0.0001733086771970711
131.0,0.00015539357004224074
139.0,0.000179287121741729
149.0,0.002040749490594753
154.0,0.003480129243020016
162.0,0.0053705048249003285
166.0,-0.005075374665242618
175.0,0.0038763998189343704
179.0,0.001078034092209246
189.0,-0.0006902501883965198
197.0,-0.001185256893986258
203.0,0.0006584578789412392
207.0,6.803554842333666e-05
212.0,-0.0009083922936135169
218.0,-2.7762786552358916e-05
226.0,-0.0010269960203521317
234.0,-0.004433902951375605
240.0,7.190589985636915e-07
247.0,0.0003020348622300746
255.0,0.000274198274044255
269.0,0.0006647618315908696
277.0,-0.00012021111245941692
284.0,0.00012229186221257788
290.0,0.00018198397537741784
295.0,0.00023661594526590653
300.0,0.001670892027348656
310.0,-0.0026054333456188737
316.0,0.0007513677077355544
328.0,0.003504081846973965
336.0,-7.086860070455661e-05
344.0,0.004305444425419958
352.0,0.0013802633255878057
363.0,0.0029169733752869736
367.0,0.0009260157397772078
378.0,0.0013128228025944657
389.0,0.00019586213176189522
401.0,-0.002225797236744316
407.0,-0.0003484100929231731
415.0,-0.0015149683898553685
422.0,0.00048483960759519663
429.0,0.00033930405216856603
438.0,0.000585635465444995
452.0,7.948639818489775e-06
459.0,-0.001217986981582069
464.0,0.0018940792549613978
475.0,-0.00012402602296057225
483.0,0.0003861691431058514
487.0,0.0011665359743216655
495.0,-0.002019097374925212
505.0,0.002092537687597519
513.0,0.00015475855453084966
522.0,0.0027838216827528865
528.0,0.0018499106477116742
537.0,0.002753200364268688
548.0,0.0007678086753195964
554.0,0.0007732943736326007
559.0,-0.0063811877047267995
566.0,-0.0024950180801246473
570.0,0.0025589307171433634
577.0,0.00013827699503503283
586.0,0.001963950196630969
595.0,0.001580257505901991
606.0,0.0015715723811235945
617.0,0.001079229630658732
625.0,0.001903095424869256
634.0,0.0008332090825683572
645.0,0.0019589791960276477
653.0,0.002340517952815379
661.0,0.0023683974004103645
667.0,-0.0017655997472409554
677.0,-0.007427360045205213
684.0,-0.002367441635322192
695.0,0.00143018928952355
706.0,-0.0015190472599694094
714.0,0.0010568339523873555
722.0,0.0035448266536474106
733.0,0.0025809059891875
740.0,0.0009807101725101922
751.0,-0.0031125887975766964
759.0,-7.728691164439137e-05
771.0,0.0025259095259183226
779.0,4.2295552271918864e-05
787.0,8.083501383367849e-05
792.0,0.0005296074526600947
800.0,-0.0011687458504528899
808.0,0.0006205939908469458
817.0,0.0012077728290193412
825.0,0.0028608971227553344
834.0,-0.003051935254270343
843.0,-0.0010150029478587304
850.0,-0.00035907558109249556
855.0,3.379649159599766e-05
864.0,-0.00045258800610878104
876.0,0.0013223330445266462
882.0,-0.00018661233869777708
888.0,-0.0002626036077959156
896.0,0.000503206901303587
903.0,-0.00035800935979366953
914.0,-0.0005946220372158615
921.0,-0.0023970219913472582
929.0,-0.0030613479680568086
935.0,-0.0018790260909548396
943.0,-0.0016630483060866323
950.0,-0.0065470156219819406
958.0,-0.00402499847581379
963.0,0.012246569767295323
969.0,0.002790010127286825
979.0,0.0016160851641120184
986.0,0.0008896541914220582
997.0,-0.0025511893874726435
1004.0,-0.0033728460919400915
1009.0,0.002422891837584502
1013.0,0.002081257369633189
1022.0,0.0012422184495864204
1027.0,-0.00041819230693343256
1035.0,-0.0008882425805544022
1049.0,-0.0011348167072632645
1056.0,-0.0008676297052398852
1063.0,-0.002627308680412641
1067.0,-0.00017556329852025978
1081.0,0.0008910374463876099
1085.0,-0.0009136115633118152
1095.0,0.002786883210893277
1102.0,0.0011468380745235833
1111.0,0.0008693848255144972
1123.0,-0.015763773813553664
1127.0,0.0051216689809534316
1131.0,-0.01012992606618807
1138.0,0.00017816801807889123
1142.0,0.0011206186202132318
1147.0,0.0008036805818591911
1155.0,0.0009732825627185652
1163.0,-1.863710254071845e-05
1171.0,0.0010739759301294982
1180.0,0.00014845543266441024
1189.0,-9.385902828509762e-05
1193.0,0.000773338657511589
1202.0,0.00042461644029241684
1210.0,-0.0002168087014618372
1221.0,0.0006746454848306253
1228.0,-0.001861610346842304
1236.0,-0.002781513574799546
1244.0,0.0009909275820531205
1253.0,0.0012728147349459903
1260.0,0.003015360363680372
1267.0,0.000897368961207416
1273.0,0.0007749347290516828
1282.0,0.00692467713452397
1290.0,0.0014512870720693686
1298.0,-0.0005827012920337369
1306.0,-0.0020200799565519905
1313.0,-0.0010718213571925448
1322.0,0.002665868793684883
1331.0,-8.981343757673242e-05
1339.0,0.001122606372857854
1346.0,0.0012188512460140019
1353.0,0.0014090889935116167
1364.0,0.001402837503380673
1372.0,0.0007779922559781194
1380.0,0.0005619314825238288
1386.0,0.00010961929214798887
1393.0,-0.0004715806796850324
1397.0,-0.0010852325749196928
1408.0,0.0021772889326418885
1416.0,0.0010035968040608626
1422.0,-0.0008418334113773949
1426.0,0.000346661213959893
1430.0,0.001974762531208838
1437.0,0.0005598937212460324
1445.0,-0.00044258436422584517
1451.0,-0.0005565184265847036
1457.0,0.002025966447884809
1466.0,0.004979602408894617
1470.0,0.0014753703575688503
1478.0,-0.0006553463307482424
1484.0,0.0006803447093246943
1488.0,-4.6994556509173756e-05
1492.0,-0.0001388638097114318
1499.0,-0.001864984740623032
1507.0,-0.0001131657916837745
1513.0,-1.533739499569786e-05
1519.0,-0.0006097192074110165
1526.0,0.0011020280979000872
1535.0,0.001754748894608183
1540.0,-0.0010092029453216522
1548.0,-0.0026090620540930344
1552.0,0.000529164230003131
1563.0,9.120074351288428e-05
1571.0,5.36289467413688e-05
1582.0,-8.053636066963512e-05
1591.0,-0.001303963727393818
1596.0,-7.935565170698154e-06
1600.0,-0.00021883800999381844
1607.0,0.001074280806936042
1614.0,-0.00015090527563745937
1620.0,-0.001060964008417582
1634.0,-0.003953440823594096
1638.0,0.0005570096605416343
1646.0,-0.0006916492054003855
1650.0,0.0010690890536119528
1656.0,0.0016115774377529729
1661.0,-0.001662384134710929
1670.0,-0.003640285855486097
1681.0,0.00027108908463529364
1689.0,0.0018671317691291314
1698.0,-0.0010720071540492996
1705.0,1.1128738998692469e-07
1709.0,-0.00021508356882778707
1716.0,0.000568138138069715
1728.0,0.0017979369485578401
1735.0,0.0016528599017524117
1746.0,-0.001829502657590275
1754.0,0.0001884886566543813
1761.0,-0.000223515724458185
1769.0,0.0012539242497481542
1780.0,0.0015841194406953868
1791.0,0.003433080723056182
1799.0,0.0004846518626729552
1813.0,0.0015775742259914825
1821.0,0.0004779347501734234
1830.0,0.0013807560271437143
1839.0,0.0005419580942326889
1847.0,-0.0015397177590833002
1854.0,-0.0028354216704258453
1858.0,0.0031450674586438066
