,4
2.0,0.0065864692116426185
9.0,0.005487828260666322
16.0,0.006050273540707068
20.0,0.006414101712702648
24.0,0.006905253699249746
31.0,0.00993561682912927
39.0,0.0036354735784047735
44.0,0.006033988016154766
52.0,-0.00282777305990627
61.0,-0.0024383405885974457
65.0,0.013319537835572055
74.0,-0.010510780684660714
88.0,0.007600758587785426
95.0,-0.003329418501854982
109.0,0.0008310564106194041
118.0,0.0021838825523087108
125.0,0.001295668742704066
131.0,0.0019534562662669847
139.0,0.002820369589773536
149.0,0.005475600751068879
154.0,0.0005950031411209624
162.0,-0.0030786069971856897
166.0,-0.002798462200276454
175.0,0.001210007647241714
179.0,-7.067453458043913e-05
189.0,-0.005367800456632429
197.0,0.0028456694497308067
203.0,0.008318774451612719
207.0,0.004116616858342555
212.0,0.006978136313188933
218.0,-0.001586786272567064
226.0,0.013674323067754835
234.0,0.0007284179663922067
240.0,0.0015119196700926294
247.0,-0.011124678319290175
255.0,-0.00015656161049972344
269.0,0.0016289999484081462
277.0,0.007760267080509871
284.0,-0.006009063986922728
290.0,0.002329760483333178
295.0,-0.005441779201926543
300.0,-0.002105457051415071
310.0,0.004270035777023681
316.0,-0.002955219701504131
328.0,0.0002791760969719295
336.0,0.006313822128467698
344.0,0.0042929343508157115
352.0,-0.023832186936062275
363.0,-0.0019854991153950546
367.0,0.006412985837707874
378.0,-0.001957351282567075
389.0,-0.00139044085602095
401.0,2.2400886647674e-05
407.0,-0.001857059642233867
415.0,0.009066978390409371
422.0,0.003923359833090574
429.0,-0.00517752197971984
438.0,0.0007410390341043924
452.0,0.004538413036739167
459.0,-0.0006419151460389908
464.0,0.005928841732519792
475.0,0.008913138017006392
483.0,-0.004865024489269715
487.0,0.0059222450415496375
495.0,-0.00019865404136218496
505.0,-0.0026624776887114645
513.0,-0.0003583787065222876
522.0,0.003683487078614893
528.0,0.0017632270493950519
537.0,0.011633993015094308
548.0,0.003136209867972014
554.0,0.008276292378624957
559.0,0.0077619832555002755
566.0,0.0058732672936808806
570.0,0.0057631305883520615
577.0,0.015825523613610927
586.0,0.0005545805862302056
595.0,0.00525539267225745
606.0,0.00912572279632971
617.0,0.007199177107993727
625.0,0.011111634342567869
634.0,-0.00265371759428712
645.0,0.004288125616776936
653.0,-0.002811398559239515
661.0,0.005528277712919162
667.0,0.00679536038459389
677.0,-0.0022527104196196092
684.0,-0.008737793229694162
695.0,0.00304887671631753
706.0,-0.0063506150519011635
714.0,0.006580441377877994
722.0,-0.0005899797873059585
733.0,0.008827747691752678
740.0,0.0004355460574728623
751.0,0.008094890020338247
759.0,-0.01042803278364498
771.0,-0.00039118404242950787
779.0,-0.0010683807629700804
787.0,0.002256624833877886
792.0,0.003455027900331489
800.0,0.0042913367336695615
808.0,0.00286610723379099
817.0,0.010251384857775091
825.0,-0.008000770925414163
834.0,0.015500220116307402
843.0,0.0006595469778840283
850.0,0.012621672998206506
855.0,-0.0032513938586076004
864.0,0.009046546897529253
876.0,0.009769480111770099
882.0,0.0076001295550554675
888.0,0.005605560142205349
896.0,0.004130054546303252
903.0,0.006064487486856329
914.0,-0.0019936705586457203
921.0,0.00828203790531342
929.0,0.008464787870817841
935.0,0.01493544451132629
943.0,0.0031755027203972477
950.0,0.010145656685537918
958.0,0.007498618743554501
963.0,0.00981114630443944
969.0,0.0074553173702299295
979.0,0.005186752005780096
986.0,-0.007712964963671186
997.0,0.0015841142032599865
1004.0,0.004551498743548392
1009.0,-0.006346003097757547
1013.0,0.00355308023907686
1022.0,-0.0021360325563942514
1027.0,0.0008288493879223621
1035.0,0.002207336785363437
1049.0,0.004097838658111018
1056.0,0.0028729020126764078
1063.0,-0.0019832697685908157
1067.0,0.0002815785489589448
1081.0,0.002961599658054958
1085.0,0.002914224770259318
1095.0,0.002485077352133819
1102.0,-0.0031205324178411
1111.0,0.007032983455680029
1123.0,-0.0028019820664725416
1127.0,0.008685250421399535
1131.0,-0.0007034949004048134
1138.0,-0.004527256186636002
1142.0,0.002709586857480425
1147.0,0.015284359670747883
1155.0,0.0031862932325893104
1163.0,0.002259787275594228
1171.0,0.003208238899833425
1180.0,0.0006713841420914674
1189.0,0.005828204621125225
1193.0,-0.0016947647730803656
1202.0,0.00041275594757278955
1210.0,0.00043172787123696443
1221.0,0.009141809503048206
1228.0,0.004173931037748251
1236.0,0.0004463298021013525
1244.0,0.013011454132318015
1253.0,-0.00048525881038238643
1260.0,0.0021823053963270357
1267.0,0.003958107019817936
1273.0,7.208834951407365e-05
1282.0,0.0022871243988420494
1290.0,0.006122343622069791
1298.0,-0.005395187242859189
1306.0,-0.0034356606518534546
1313.0,-0.02236175134340995
1322.0,-0.0009570201022207354
1331.0,0.011764223949423275
1339.0,0.013880888625788393
1346.0,0.010851852743813945
1353.0,0.004375339917876509
1364.0,0.005822670900615874
1372.0,0.004130449540916131
1380.0,0.013161073892941215
1386.0,0.0023820556192316704
1393.0,0.0027480853712578864
1397.0,-0.0008888615938739368
1408.0,0.01734158371039798
1416.0,-0.0068917094005753535
1422.0,-0.009944967355539217
1426.0,0.008689799834076094
1430.0,0.0027385247155755845
1437.0,0.004974797169448546
1445.0,0.0028011205575818572
1451.0,-0.0017914735426280862
1457.0,0.016833609700583188
1466.0,-0.005503988709653713
1470.0,0.006418737682431809
1478.0,0.0014142589018447422
1484.0,-0.0019022328446987272
1488.0,-0.0052569089626337655
1492.0,0.0012573012371965742
1499.0,0.0060858637499761154
1507.0,0.011449945813214183
1513.0,0.0032026975361752917
1519.0,0.006285916682968741
1526.0,0.0015227628649568455
1535.0,0.011618298930837689
1540.0,0.007337586796857391
1548.0,-0.000493382912573229
1552.0,0.009095934571076032
1563.0,0.010509408502890345
1571.0,0.0005444876810604491
1582.0,0.0035680872875246115
1591.0,-0.02016571538206291
1596.0,-0.006259445674380544
1600.0,0.002415741620223338
1607.0,0.004202167443854478
1614.0,-0.003404878011553192
1620.0,0.006221756396074949
1634.0,-0.00723804040903477
1638.0,-0.00737050629541043
1646.0,0.014410464411675913
1650.0,0.005399741973562663
1656.0,-0.012086321642414025
1661.0,0.016148822698394932
1670.0,0.007094982567828653
1681.0,-0.0025078908624799477
1689.0,-0.0059939692672535665
1698.0,0.0013522094526540053
1705.0,-0.0026070551751561353
1709.0,0.004091281512461576
1716.0,-0.003093227247880328
1728.0,0.006661784843488399
1735.0,0.014344023158812055
1746.0,0.0034797514254122325
1754.0,0.0042426904192360395
1761.0,0.015505049287392795
1769.0,-0.008224250747109576
1780.0,0.007733670128739763
1791.0,0.012818362680713496
1799.0,0.006111920865937377
1813.0,0.004738895920065582
1821.0,0.005470050601057951
1830.0,0.00660412501999617
1839.0,2.9907481901068703e-06
1847.0,-0.0021493765741951503
1854.0,-0.001019418741973602
1858.0,0.009700081072896079
