,5
1867.0,0.010986988013442944
1878.0,-0.004565899411879928
1885.0,-0.009547877722723523
1893.0,0.0035248170392366057
1904.0,8.427481250662822e-05
1910.0,-0.0029029974361227747
1918.0,0.0035905891769847423
1927.0,-0.010793106512691499
1934.0,-0.00483300701651108
1941.0,-0.0006003418854557784
1953.0,-0.0008001033829093555
1960.0,-0.0007735417108166788
1964.0,-0.004047562378437444
1971.0,-0.00023230089430435307
1977.0,0.0015317604332326662
1986.0,0.007490853934740152
1991.0,-8.798851763384684e-05
2002.0,0.005225457222193256
2010.0,0.004464086089448821
2018.0,0.0001886837578197101
2029.0,0.0010240518407227017
2041.0,0.00028150495333077095
2052.0,-0.0007825953544088788
2064.0,-0.00013676191686794802
2072.0,-0.0005630462470525809
2077.0,-0.00674671432053325
2086.0,0.0034568488330181243
2091.0,-0.002662666564327779
2095.0,0.0018586201801232066
2103.0,0.0018268977251201786
2109.0,-0.0006969850838516335
2118.0,0.0035443102849093276
2125.0,-0.0021706490492299597
2136.0,0.004212714459800846
2143.0,0.00033296335988899174
2155.0,-0.0007725253772584232
2159.0,-0.0005069451190037229
2163.0,-0.0004501502569286034
2169.0,-0.0052418719346299025
2180.0,-0.006498444033327874
2185.0,-0.0026720786596965062
2194.0,-0.002930390651334949
2205.0,-0.004917096241095139
2213.0,-0.0011794334825854437
2221.0,-0.0016670570240153644
2232.0,-0.009229094229173417
2241.0,0.0012404584513251305
2247.0,-0.0014009471874627268
2252.0,0.002157452962041604
2261.0,0.0003122216179783464
2269.0,9.409702880556329e-05
2275.0,0.0017961864245157142
2283.0,0.003245563153713423
2294.0,-0.0014078260455571668
2301.0,0.003120292235044356
2307.0,0.002064845427599305
