,3
2.0,0.0035857736820152568
9.0,-0.0023414535349039847
16.0,0.012649593642678543
20.0,-0.02312083558542767
24.0,0.007191763470083569
31.0,0.013787245665795474
39.0,0.008688091329882172
44.0,0.005201097487810927
52.0,-0.0011720534892705559
61.0,0.011943698100841782
65.0,0.017895084438831595
74.0,-0.012797757051316982
88.0,0.00039744109618790015
95.0,0.00772748561789618
109.0,0.015626996603522878
118.0,-0.010328140083114246
125.0,-0.016884093934668436
131.0,-0.0027080863931963173
139.0,-0.004032779084058085
149.0,-0.023662878896541128
154.0,0.001799275801839499
162.0,0.011087085006730604
166.0,-0.005664337776792855
175.0,0.013865972459083381
179.0,0.0030768658124805596
189.0,-0.010885754465474639
197.0,-0.007574216475241134
203.0,-0.03251117752255078
207.0,-0.012047484456138288
212.0,-0.003782323535230732
218.0,-0.015009703473049111
226.0,0.016621445047730863
234.0,0.0007985785757342042
240.0,0.007624130007205678
247.0,-0.0036832332418244053
255.0,-0.008887665373886888
269.0,-0.005512409626776643
277.0,-0.01833343152273184
284.0,-0.0019174819749523844
290.0,0.007405706086937917
295.0,-0.023524205497087478
300.0,-0.003868636106159203
310.0,0.020288298851166234
316.0,-0.007448977801258672
328.0,-0.0092212752081797
336.0,0.01623489361722481
344.0,-0.00021531989347581122
352.0,-0.03464530848425889
363.0,0.011362900970560053
367.0,-0.003202516466755184
378.0,2.1652824347766317e-05
389.0,0.023996779819806503
401.0,0.004524571566178267
407.0,0.0005534997076667469
415.0,-6.923787214444061e-05
422.0,0.017909563261492043
429.0,0.012432024371487906
438.0,-0.007415353611253857
452.0,-0.010337421206546096
459.0,-0.01770528493139483
464.0,-0.014349097165764478
475.0,0.011843757956476868
483.0,0.006280156709961472
487.0,0.010505868865149324
495.0,-0.01478106248705563
505.0,-0.011289382865368156
513.0,0.020880876509478303
522.0,0.012079777641736514
528.0,-0.006773598514242155
537.0,0.0054047484265365925
548.0,0.009339916803414495
554.0,-0.004355186548573623
559.0,0.003320622206084479
566.0,-0.023405536484557826
570.0,-0.005941033507559321
577.0,0.009038506287960798
586.0,-0.01420934129166484
595.0,-0.014138441227130042
606.0,0.01544630949053791
617.0,-0.007570287681769631
625.0,0.010716542301580407
634.0,-0.0018500200345410028
645.0,-0.0035313016268863303
653.0,-0.020771572947622
661.0,0.01590434547801181
667.0,0.013805549348467366
677.0,0.00190410659885558
684.0,-0.005892964593078974
695.0,0.014175226186267065
706.0,-0.022373990135405048
714.0,0.001090300961003794
722.0,-0.010054897980248795
733.0,0.01729405990776841
740.0,0.0001824381388541798
751.0,0.01979066133083744
759.0,-0.010850157869041088
771.0,-0.013471159432402508
779.0,-0.0024245339118860606
787.0,-0.01617080118087354
792.0,-0.010946968838382434
800.0,-0.015478073374475121
808.0,-0.007259454778392482
817.0,0.01364210785062276
825.0,-0.01800002696450516
834.0,0.012113011002227957
843.0,0.008498502870493373
850.0,0.0019359111158454001
855.0,-0.01582735332772451
864.0,0.02163218826973423
876.0,0.011753269077293783
882.0,-0.00895435752523602
888.0,0.016358103609215406
896.0,-0.02051020735433232
903.0,9.72835021906814e-05
914.0,-0.008074936038168237
921.0,0.012114003613549794
929.0,-0.0012502986391070684
935.0,0.014094307782655023
943.0,-0.0032816782425547915
950.0,0.017095559700049254
958.0,-0.002739439962357054
963.0,0.015887818763328652
969.0,0.015930988928835554
979.0,-0.005864906494804032
986.0,-0.007884604100530416
997.0,-0.0032450783327048318
1004.0,0.0017970630381853921
1009.0,0.021557258822632274
1013.0,-0.007393879806602614
1022.0,-0.0019854193794348325
1027.0,0.005918972890693537
1035.0,-0.005960937129647769
1049.0,0.0024839384364491557
1056.0,5.008050453956318e-05
1063.0,0.012058134356949864
1067.0,0.008048446032102637
1081.0,-0.006923493425970002
1085.0,0.018045306646238598
1095.0,0.019423829445684326
1102.0,0.004846792735766697
1111.0,0.007714193068421037
1123.0,0.020490650354227598
1127.0,-0.02614062686981548
1131.0,0.008220748638324735
1138.0,-0.0117873445987129
1142.0,-0.0192066609641756
1147.0,0.017873822653342527
1155.0,-0.009712678484911511
1163.0,-0.012992640489920975
1171.0,0.01828088111361196
1180.0,-0.0005176346037685743
1189.0,-0.03364106939449725
1193.0,-0.013905409532612498
1202.0,0.0096433802616651
1210.0,-0.0035104438614340073
1221.0,0.01642437158491445
1228.0,-0.006665316609597293
1236.0,0.007166094062422163
1244.0,0.0106378982720649
1253.0,0.007501458454204699
1260.0,0.008471861644895681
1267.0,-0.00473085551605099
1273.0,0.010197891674590436
1282.0,0.019400186487798562
1290.0,0.020609445055441995
1298.0,-0.006640168501450176
1306.0,0.003031866936020458
1313.0,-0.020874668502387065
1322.0,-0.011619595370806184
1331.0,0.010728275434771154
1339.0,0.005671297301209877
1346.0,0.006692340432263671
1353.0,0.021708987856063865
1364.0,0.0029110475725419123
1372.0,-0.012547375201232391
1380.0,0.007847688123129559
1386.0,-0.010930365614748886
1393.0,0.03477384307277869
1397.0,-0.009426082874002853
1408.0,0.019200531297188253
1416.0,0.015604403610287842
1422.0,0.007328539586039508
1426.0,0.022869733993250766
1430.0,-0.004855929139444005
1437.0,0.002500310412886106
1445.0,0.006097785112707816
1451.0,-0.0072202275873417794
1457.0,0.009309301160865207
1466.0,0.02427482134746193
1470.0,0.014455482851841053
1478.0,0.012015099852489745
1484.0,0.016626531423468843
1488.0,0.012395005690718773
1492.0,-0.00983966264098538
1499.0,0.0024533324561647313
1507.0,-0.007058097315915962
1513.0,-0.016367919303647862
1519.0,0.001081680491031708
1526.0,0.007860609148232235
1535.0,0.010375325775896501
1540.0,0.0005983278537141203
1548.0,0.024504605748946914
1552.0,0.0032529324779644597
1563.0,0.0068060364150222385
1571.0,-0.0042465784487519176
1582.0,-0.003307192056918244
1591.0,-0.004324351822550541
1596.0,0.013684325266039155
1600.0,-0.00806273716695954
1607.0,0.009425142867459078
1614.0,-0.02420449388861173
1620.0,0.009422171758811902
1634.0,0.011708858590448056
1638.0,-0.013619837650815179
1646.0,0.01657985912751242
1650.0,-0.018091340385705573
1656.0,0.000410624930988347
1661.0,0.01312061644689983
1670.0,0.011592501555366954
1681.0,-0.005748718866274871
1689.0,-0.0101351950065171
1698.0,-0.0013458447295843325
1705.0,-0.008776511715146275
1709.0,-0.008943153108633809
1716.0,-0.006107667846894519
1728.0,-0.0021243478273573458
1735.0,0.014950039369625922
1746.0,0.00815783199330988
1754.0,0.0008239118284175011
1761.0,0.011073152797487043
1769.0,0.0045203883334693495
1780.0,-0.0030734530132570776
1791.0,0.021785251971642834
1799.0,0.01058953107291838
1813.0,0.0019145416621846986
1821.0,0.0037371911754090735
1830.0,0.023223262969906674
1839.0,-0.009558127098099521
1847.0,-0.002329769603495754
1854.0,0.02906996214535484
1858.0,0.0058276741028143045
