,4
2.0,0.004270795346642618
7.0,0.0009346614239052777
14.0,-0.00023563672206602243
21.0,-0.003179916142128504
32.0,-0.003162961274294513
40.0,0.008258833474042486
48.0,0.0038131960273413415
54.0,0.0012528260940553686
62.0,0.013746622362487304
68.0,-0.0018490505521891797
79.0,0.0032979503831153923
86.0,0.00974594766642334
94.0,0.0073596070199875045
103.0,0.007507036431707985
114.0,0.006190718966314523
126.0,0.007867648059181158
134.0,0.013509272343664799
142.0,0.006467207191306155
151.0,0.004317921584577874
156.0,0.002240895590441398
165.0,0.008425311287869773
174.0,0.004059455824966024
179.0,-0.0008500214890220973
188.0,0.0002650000913560817
197.0,0.0035424615961708113
205.0,-0.0018341497043110866
212.0,0.006500717998140763
219.0,-0.010466186127781215
223.0,-0.00027767629223544193
229.0,-0.010943579267876827
234.0,-0.009083168856034551
243.0,0.0022925034090382646
253.0,-0.0055215612554015345
259.0,0.010066882799568614
265.0,0.007783175276477946
273.0,-0.019148496416303416
281.0,0.003315351299751188
290.0,0.010695043065594866
299.0,0.00738682883460954
307.0,0.004165836475624483
314.0,0.005998885632444136
321.0,-0.006696056814697717
328.0,0.0027830869984081324
336.0,0.004362660193106878
343.0,0.0024228119636532366
352.0,-0.0005057114704147453
359.0,-0.003817508140608568
367.0,0.006639970099703026
378.0,-0.0003130079578316286
390.0,0.006644845385543092
395.0,0.0017225356306737227
409.0,0.01272978205040963
418.0,0.0039171961688072585
429.0,0.009778922364833664
437.0,0.004036599536006132
446.0,-0.0004907939323122209
453.0,-0.008684976348664046
457.0,0.004952754766255335
466.0,0.00915454072332139
475.0,0.003972631644448667
480.0,-0.004637478417477559
487.0,0.0070348534384772985
496.0,0.002707209953392926
503.0,0.007403124968281408
517.0,0.011821840361736283
526.0,-0.004381336691812718
530.0,0.0008906946345315701
538.0,0.008238456189008298
543.0,0.005756563308552688
551.0,0.005554871594627814
559.0,0.0014819911955006484
565.0,0.007258233399280538
574.0,0.00587391708535975
579.0,0.005097247290973105
586.0,0.0055789191113766
594.0,0.003721757775249872
605.0,0.011734357762486648
609.0,0.005485148626991817
618.0,0.0022235393377569653
623.0,0.0054404902956993965
631.0,0.007625931366169941
639.0,0.003980818018766733
646.0,0.005952393712119174
655.0,-0.0012603787701717202
661.0,0.004992660724089052
667.0,0.0040685632364032545
676.0,-0.007126213491013874
683.0,0.004229332890311067
697.0,0.01833280214644838
706.0,0.0036763171919540587
713.0,0.014940905594086819
721.0,0.012393566861231135
730.0,0.0031613531602447745
738.0,0.004214666841012925
748.0,0.000510336977274881
755.0,0.007333376636931749
763.0,0.0061831161510102475
772.0,0.0019310524314705706
777.0,0.009376117775339414
784.0,-0.0016701291012353116
790.0,0.00800931632447609
794.0,0.012183100336125565
802.0,0.005405555885087755
813.0,0.0032125404233558125
819.0,0.0021835449640399173
827.0,0.0002735128157059101
834.0,0.0019502992547495302
841.0,0.00811467730947214
849.0,0.015047888659942077
857.0,0.002549123379696763
868.0,0.002176929217359455
873.0,0.009923181789630512
881.0,-0.004715099132413476
885.0,0.0069920210441905785
890.0,0.003888276387985697
899.0,0.0010499955833340549
908.0,0.012456597142769211
917.0,0.006150947494698959
922.0,0.006520066059561059
930.0,0.0029664155490398926
936.0,0.013327610350045798
944.0,-0.00396043653091507
950.0,0.0064357545627863125
958.0,0.0048935581545194
963.0,0.011063316037472674
968.0,0.013187320936341356
974.0,0.01237627640218861
979.0,-0.0011229154254352848
984.0,0.008115792866963649
991.0,-0.008922943630195896
999.0,-0.003810516570474222
1010.0,0.0051319198652591295
1017.0,0.00941601916787807
1025.0,0.0076921848497882375
1032.0,-0.006481853396334652
1037.0,0.005583577625502767
1045.0,0.006753601209938228
1052.0,0.006766535651303654
1063.0,0.0003563647245397819
1074.0,0.011034746955403421
1083.0,0.005197064915051462
1091.0,0.002754781777768178
1102.0,0.0024771157236998004
1113.0,0.005257366621323781
1120.0,0.004976765561674588
1132.0,0.002226143767033232
1138.0,0.0018182126189735027
1146.0,0.002621623957121728
1157.0,2.034763321497916e-05
1165.0,0.0025905726562686932
1176.0,0.002333208262531709
1180.0,0.0014531000043416199
1189.0,0.004034265790402587
1197.0,0.007110983335649675
1206.0,0.006751372817878874
1214.0,0.0008334659875830782
1226.0,0.006077150107137735
1233.0,0.011165044348883737
1237.0,-0.0029133735348699456
1246.0,0.012871439593672762
1251.0,0.0016113806687499117
1257.0,0.004805197167010797
1268.0,-0.0059895731530789946
1275.0,-0.025036887642038236
1279.0,0.002800270501794907
1287.0,-0.0031481096416413287
