,8
0,-0.0012995799954654034
1,-0.001543565107850985
2,-0.001583030088073624
3,0.0012754285329909024
4,0.0020946152096057986
5,0.0002687099297024757
6,-0.0009776423394309078
7,0.0019940606660179506
8,0.0013165655142810318
9,0.0003072942207863865
10,0.0008064605353465968
11,0.0006291652778479415
12,0.0011789922716271422
13,0.001600340643459068
14,0.00034649175424120106
15,0.0009564681734728022
16,0.0029010805417084575
17,-0.00015339537558313414
18,8.97834814451617e-05
19,0.0009487177155237346
20,0.001461736150876365
21,-0.00010154795920832066
22,0.0003505143289949933
23,5.322267429290563e-05
24,-0.00010162172069117539
25,4.591447233965906e-05
26,0.0024875599335315406
27,0.0030397561222622253
28,0.00034264643997717985
29,0.000612107604460119
30,0.0003875784998858771
31,-0.001496553060905168
32,0.0005579900778963754
33,0.0012500128090537003
34,0.000546136857974988
35,-0.001803411959325144
36,-0.00041305272231050987
37,0.0006392628318677149
38,0.0009481482848818174
39,0.0011142598062965033
40,-0.0006780995311201148
41,-0.0008998915090094521
42,-0.002128012169192098
43,-0.0020514090843969652
44,-0.0014903213671055072
45,0.00015176335028728845
46,0.0005612534794235555
47,0.0011479826133065818
48,-0.0005935145229859177
49,0.001954287540394645
50,0.0021833424829117943
51,0.002899650385448398
52,0.0010340618955605105
53,-0.0019342906571853883
54,-0.0055249946052846706
55,-0.0008445984740725849
56,-0.0007299141019994051
57,0.00016434419678282078
58,0.0006943141224738526
59,0.0006458124010111586
60,-5.247278098483543e-05
61,0.0004970716911891815
62,-0.0002528195214153857
63,-7.873655698844912e-05
64,0.003100015477341659
65,7.780835722710594e-05
66,-6.217120759422303e-05
67,0.0020460181271876616
68,-0.0012589589233608987
69,-0.00015560327577442438
70,0.000805046783832883
71,0.0019190927018603707
72,1.4630472721227394e-05
73,3.462401927527972e-05
74,0.0006335095237709374
75,0.00034999484710482423
76,0.00028266929505605954
77,0.00016684820316607943
78,0.0025825880938171795
79,-0.0015595383172071291
80,-9.99870618608027e-05
81,0.0003165047531603688
82,0.006333512237388377
83,0.0028457237893271654
84,-0.013046271554417987
85,-0.0038875426787978477
86,-0.0006563939155694133
87,0.0008681429449331463
88,0.006869086040234711
89,0.004424252986750548
90,0.0008880500428979955
91,-0.00021606894785217422
92,0.002577757687539654
93,-0.0003986333661741514
94,0.00033285559016371327
95,0.003770519134798401
96,0.00044808824063090146
97,-0.00013331166809742113
98,4.215739345698692e-06
99,0.0025863333017113856
100,-0.00019422032041824353
101,-0.0005087101348668565
102,0.0026796359379823204
103,0.002161856212761254
104,0.0005706037557892974
105,0.000801326106504923
106,0.002264450357402591
107,-0.0014185370315357793
108,0.0006299872257670859
109,-0.00014317692740086865
110,0.002363476731750645
111,0.0015798763534775053
112,0.0018066056592918288
113,0.00018079491927769977
114,-0.00032001290864208654
115,0.001093593036155485
116,0.000787043687833757
117,-0.0003299906707392775
118,0.002965966974312419
119,0.0021756004426351657
120,0.00023200790366241319
121,-0.0009442831828080421
122,0.0015399700953686996
123,0.01727705268212048
124,0.013412004908039904
125,0.021810794887999602
126,-0.027600787937713988
127,-0.02207721547504025
128,-0.0020135983176125106
129,-0.0019263206856051714
130,-0.007807247837789423
131,0.006446060328569703
132,0.0064037011509645095
133,0.0033263258914732158
134,0.000461477144843792
135,0.0003139431447619741
136,-0.0012280600454485239
137,0.00021532282775754363
138,-9.804686838262053e-05
139,-0.0008342192701174236
140,0.00040120692532681965
141,0.000214085122849071
142,-0.0001394139130077508
143,3.6361544773907124e-05
144,-0.0003486459850279058
145,-0.0002766238853317095
146,0.00024880427167198193
147,-4.022593490322522e-06
148,-0.00017893330324557212
149,0.00040695773443493637
150,-0.0003136695021075491
151,-9.588474497854392e-05
152,0.0001143931284535972
153,0.0010126249530658462
154,0.0017194387366834421
155,0.0002729712091943664
156,0.0017929253131762752
157,0.0023121352679433714
158,-0.0008685635722181625
159,0.0007234920768097538
160,0.001941660094042261
161,0.0035030746762193445
162,0.006353461774927779
163,0.009467662798280652
164,0.014786185214859138
165,0.025306865189459772
