,8
0,0.000790218969474419
1,-0.0015215396399777563
2,-0.0056611717797356575
3,-0.0023853553377292734
4,-0.00020041226469767932
5,0.001984197336763258
6,-0.00012446104168429927
7,0.0002841207325265113
8,0.0017503906178029326
9,0.0025613849194620433
10,-0.00020609868755429292
11,0.0017108057741097834
12,0.005735079237375124
13,0.0015847007419920037
14,-0.002248494174861223
15,-0.003173396152683444
16,0.00849873367952788
17,0.0015262030309491407
18,-0.00010203313761418897
19,0.0010124405750656675
20,0.00042564535111255385
21,2.377105930813437e-05
22,-0.00010685548956031447
23,-0.0007290005184955383
24,0.0003321818423424693
25,-0.0006751707835676286
26,-0.0002112754215571654
27,-0.00011352131484490107
28,0.000250712372848497
29,0.00029450591799798896
30,0.00022952875001383067
31,0.00021613900143653677
32,-0.00018600097301041448
33,1.3334167274819525e-05
34,0.0007506000708972431
35,0.0013313884278142634
36,-0.0007142808673141988
37,-0.0036968902035173943
38,0.014473475608629443
39,0.0021151532381240815
40,0.0009118017811343502
41,-0.002076234766084881
42,0.00015298432802467697
43,0.007194275072669163
44,0.0031720243736260653
45,0.0007422471811299114
46,0.0009366062280857367
47,0.0013474213637789491
48,-0.0006668799206180902
49,0.0005754486596501368
50,-0.0010256930365667152
51,0.0007151029205033336
52,0.0003672390793026031
53,0.003602789022439159
54,0.0001262683238253523
55,0.0005555539409153803
56,-0.0024985574689025303
57,-0.001627332185243004
58,-0.00028736492045890107
59,0.0018163952940084657
60,0.001042436536852176
61,0.0005950696920910697
62,0.001011064984529196
63,0.001428476646555168
64,0.0014293060034205358
65,0.003480857967912308
66,0.005098994092557849
67,0.008401742462714997
68,0.008551263677184662
69,-0.004230218400429402
70,-0.0032476372782206196
71,0.0010877603379715638
72,3.0438848662842857e-05
73,-6.899598732735583e-05
74,8.224715948333957e-05
75,0.0006719541909842759
76,0.0002922204857451327
77,-0.00020911043234935007
78,-0.0007851642566278505
79,-0.0011442413162029404
80,0.002118266511012921
81,6.956562137589205e-05
82,0.0004762747025475014
83,0.0006158247395446654
84,-0.000314016454915236
85,0.001253552684042142
86,-0.0014557334268530025
87,-0.0006927875330177054
88,0.000709246726582904
89,-3.888802561737324e-05
90,0.00021694741081023538
91,-0.0010452847548466048
92,-5.9159995664594027e-05
93,0.0022159673639558118
94,0.00021358153492577936
95,0.003176801708503037
96,0.0047457219307703675
97,0.0016533560185168059
98,0.0009554235680136149
99,0.005289443330330529
100,0.001285334650286397
101,0.0013278075659959158
102,0.001080153897547406
103,1.4607348712326922e-05
104,-0.0005945488293802035
105,-0.0005472349491834211
106,0.0007793794036388835
107,-0.0001576733400465138
108,0.0008449135338526482
109,0.00047917423402574054
110,0.0009643781217330389
111,2.2372900630948223e-05
112,0.0006817299359275549
113,0.0006721644180979665
114,0.0003106166975518709
115,0.00030261926174998726
116,-2.8575923172106078e-05
117,-0.00048711772618864114
118,0.002627078586217216
119,0.0007592035845259996
120,0.0013292688858250999
121,0.0006175663776097198
122,0.0014572476847025807
123,0.0013892489269702582
124,0.001917260400186393
125,0.0005634265907018075
126,0.007425269557154167
127,0.006448251125662847
128,-0.00030935356577399564
129,-0.0003547113140511619
130,0.000844616769199
131,0.0013228528828466827
132,0.000503101685324224
133,0.00062433852440302
134,-0.00019880007633782
135,-0.00013102934365117843
136,0.00043479750448745713
137,-0.0005346462786695073
138,-0.004923892862728169
139,-0.00046163916280501856
140,0.0011044048632360586
141,-0.0011882561730013233
142,-0.005109714167868284
143,0.0002269796308801883
144,0.0017319936170357853
145,-0.0005358121964172341
146,0.0001334344634535315
147,3.587009531786869e-05
148,-0.00010970621198794042
149,7.412261773843669e-05
150,0.00022096506613878932
151,-0.0001488267787413982
152,1.9244852373731358e-05
153,0.0007153476930818204
154,0.00043687743305324996
155,0.0012884861268050072
156,-0.0032377508725175753
157,-0.0016651336268819043
158,0.001947682195001369
159,-0.0005905676826086665
160,-0.0023008444972695925
161,0.0008345114489158979
162,0.0010768570502742401
163,-0.0007637491713189872
164,-0.0003969007911114254
165,0.00034960206735825533
166,-0.0007803516521198874
167,-0.000958356618955453
168,-0.0005391212134451678
169,0.0006705743132251873
170,0.00046024787573779223
171,-0.0008547684185261455
172,-0.0006813452293487418
173,0.0016936962779853903
174,0.0016320982773217216
175,-0.0004740081987385653
176,0.0009085886577644375
177,0.0018947782095733324
178,0.0013777030884986694
179,0.0022988292525496098
180,-3.7470322037791574e-05
181,-0.000402595692595187
182,0.00048482813444417007
183,0.0008916250260166921
184,0.00023342688774718434
185,0.0016074648945465406
186,0.00022249719453790767
187,0.0005804095620967489
188,-1.5988596733452097e-05
189,4.134176288437148e-05
190,-0.0001851638791366386
191,0.00013472373824957712
192,0.00039741107611889127
193,-3.2019174771832273e-05
194,0.0003360862407693282
195,0.0016197883397820088
196,0.0006938587900239521
197,-0.00026324635523033085
198,0.00021103769585510592
199,0.0004584967807652257
200,-0.00039405491243990593
201,-0.0002821075708211628
202,0.00023504664539427558
203,-0.00047455820409642225
204,0.0002751502881500403
205,0.0005750227815032859
206,-0.0006694608612106281
207,-0.00036599442958935456
208,0.0009833690575794896
209,-0.0004586482670962322
210,-0.0003140523942438815
211,0.00010766603090675331
212,-0.0017033729765370098
213,0.0027426903104136972
214,0.003810414356489368
215,-0.000277254865389009
216,-0.00038862286029506547
217,0.00018285398521525372
218,0.0011265523456837818
219,-0.0001687881219406308
220,-0.00025044259991743216
221,-0.0002801204581742931
222,0.0028476156998226624
223,0.0007408931952385227
224,0.0005543302093180131
225,0.003851568224569777
226,0.004583847830519912
227,0.0014097423532974812
228,-0.006891794555975301
229,0.0006807822107429587
230,-0.0002788000687435209
231,-0.00019467014974801429
232,0.0005526136626187905
233,0.000629292212931328
234,9.878216482140392e-05
235,-1.2184899246441061e-05
236,0.0002674989617413445
237,-0.00036967137905891925
238,0.0015113641102833517
239,-0.0002921900421150683
240,-0.0011205755458173574
241,-0.00011011831287897883
242,0.00022786251465574858
243,-7.372412863838703e-06
244,0.00025053587925327243
245,-0.00039862814731584696
246,-0.0001938620745472499
247,0.002710693874660278
248,0.00028702779402527866
249,-0.006632884284314138
250,0.0009465972448100771
251,-0.01943093489466674
252,0.0016574999148371392
253,0.002782997283685855
254,0.001014763716247917
255,6.119667042164611e-05
256,-0.0008177323721276043
257,0.0008030172752673241
258,0.00040095418659481823
259,0.0020646474514158524
260,0.0010381622672443144
261,-8.904935062128234e-05
262,0.00045670105157012887
263,-0.0009267329610563361
264,1.7057880896401544e-05
265,0.00120608376997569
266,0.0036832052250807524
267,0.001442377663399088
268,0.0009297743373807279
269,-0.0022701985121575782
270,-0.0013319031081503022
271,0.0013686001596803215
272,0.0010396037433056467
273,0.0006564804465831324
274,-0.00018448955649074409
275,0.0009880916251322274
276,0.002182028701037276
277,0.002521936698093503
278,0.002953793714369941
279,0.00042350534413761887
280,0.0017792174308522658
281,-0.004324562352550751
282,-0.008454185335164255
283,-0.0061523070267509574
284,-0.00012568640869088313
285,-4.414492815405747e-05
286,0.00010102592536918762
287,0.0001899898279943179
288,0.00038147441812494393
289,-0.000241433295594596
290,-0.0005415043328962279
291,-0.001126454860202789
292,-0.0008357701030062837
293,0.003133058244265995
294,0.0005449405739657134
295,0.000363898018898567
296,0.0006416690228250209
297,-8.76339966198614e-06
298,0.0008636644720216394
299,-0.00011603056784103447
300,0.00042335570118357967
301,0.0005929796948553108
302,2.0219043563846067e-05
303,-5.728071615464786e-05
304,-0.0006525663746854543
305,-7.551016420020174e-05
306,0.0024894363801108996
307,-0.0004357684780512288
308,0.0016674212625787464
309,-0.00010821399992304721
310,0.00021873532963666257
311,0.00291292857263423
312,0.006970904048472585
313,0.0015729408819285355
314,0.0011540645825915492
315,-0.00016110507738379006
316,0.00024009114465157514
317,-0.0003054677159019474
318,-0.00029600942473099686
319,-4.335431864136589e-07
320,0.00012323334800071285
321,0.0005463486224727408
322,0.001201624449638339
323,0.0007567042744084099
324,-1.373051631681126e-05
325,0.00038678315072857245
326,0.00032718588490214355
327,0.0003810596345775303
328,0.00018997939650122595
329,-8.576884412376487e-05
330,0.0002510409934954672
331,0.0003530709835292415
332,0.0007001578297822189
333,0.0016449271836299008
334,0.0007255547302736198
335,0.0010691037533501761
336,0.0034941926337798256
337,0.001053471961399547
338,0.011568650876005395
339,0.00914862372247563
340,0.005400329085330229
341,0.003806042655140719
342,-0.001422016346792076
343,0.0007157712407902407
344,-0.00018794092339933342
345,-8.924950569654829e-06
346,3.8443626150639684e-05
347,9.197719024778103e-05
348,-0.0006486185325815182
349,0.0002621025973393504
350,-0.000945303338621307
351,-0.0021339562926645903
352,-0.005763321433118577
353,-0.002678241777353874
354,-0.0005485606225065146
355,-0.0021618999003175723
356,0.0007059226986942754
357,0.00031179132308405876
358,-0.00017362578637528252
359,0.0002291125249634859
360,0.00013796204405539935
361,-0.00014546105549463116
362,-7.750147371362203e-05
363,0.0004441821570933512
364,0.000505833645399445
365,0.0005022152593467698
366,0.0015496923828440911
367,0.0017367949676192285
368,-0.0013907849111543717
369,-0.004761958158727738
370,0.012374693208029409
371,0.010788011837514802
372,0.004526348706450418
373,0.011641499329182996
374,0.004429636215321599
375,0.0029412427093431985
376,0.001433670785349605
377,0.001167367563370074
378,0.0012114523103626638
379,8.500126561323267e-05
380,0.0005842987536083725
381,-0.0008638813594312816
382,-0.0001600769826892379
383,0.0019720335692679763
384,0.000258106692234082
385,1.4041575199622133e-06
386,0.00017821140349376152
387,0.0005222272356576689
388,0.0004547221842466355
389,0.0006162631815046815
390,0.005083990979151993
391,-0.0009197365131705512
392,-0.00047401517413865607
393,0.0019629057060486367
394,0.0027764198925242043
395,0.0016017553908951874
396,0.001403218187155435
397,0.0002801173596455557
398,0.0008257273674947009
399,0.0006434191900338416
400,-7.365824212030971e-05
401,0.00016518906214739007
402,-2.2667294475777115e-05
403,-0.00011521914524967853
404,-4.163117880323216e-06
405,0.00013829910237572813
406,0.0008412555860225287
407,-0.00027863758595274144
408,0.00017771233727995622
409,0.0011745936466791504
410,-7.990516961658596e-05
411,0.000132965191979007
412,0.0009242178468412195
413,-0.00020823307990444964
414,-0.00028063769800639696
415,0.00043345082313043213
416,0.00023226054023055918
417,-0.00027557045272881314
418,-0.0003573635480107572
419,-0.0012823740389960993
420,0.00046613081694915946
421,0.0008432446255644382
422,0.0011467483760579215
423,-8.797222309046352e-05
424,-0.00024397794587843684
425,-0.0011715045626438895
