,6
2.0,-0.017624977997593667
7.0,0.002911340092596762
14.0,-0.003066210243191639
21.0,-0.0003038643987700215
32.0,0.0032749904219158267
40.0,-0.00010916815973634512
48.0,0.0004856598865666087
54.0,0.0033110856363797792
62.0,0.00047095676534383217
68.0,-0.0008546163345058757
79.0,0.004682873787664683
86.0,0.0028658717352721165
94.0,0.004033014542404836
103.0,0.0022602365663663376
114.0,0.0008418130252575454
126.0,0.0018866436869616466
134.0,0.0033659167144199265
142.0,0.0038963522348144466
151.0,0.0016907434755595386
156.0,0.003145469364731888
165.0,0.000746778591251212
174.0,0.0006561747203264241
179.0,0.0001996084305821146
188.0,0.0012502166720057568
197.0,-0.0010464625916600532
205.0,0.000408260778049956
212.0,0.008635558327700936
219.0,0.007186145592397461
223.0,0.0023473896099039347
229.0,-0.0007930722616375139
234.0,0.0010045012723246033
243.0,-0.0030472213172818637
253.0,0.0003982326527919341
259.0,0.0012475918833831398
265.0,-0.0016200761001167042
273.0,-0.007496582830637853
281.0,0.001806077479203865
290.0,0.0025341995676800002
299.0,0.0013517423329513713
307.0,0.0025316536817517237
314.0,0.0013185115494477957
321.0,-0.0018362211475374632
328.0,-0.0028648489642201505
336.0,0.0013119573635652136
343.0,-0.0031721971032787257
352.0,0.003997687411071027
359.0,-0.004632866608786099
367.0,0.002040656994899631
378.0,0.0009781419233470196
390.0,0.005035290940417969
395.0,0.0030927228541845373
409.0,0.003615738294500266
418.0,0.0034420910378840544
429.0,0.004855931418696258
437.0,-0.009093613583374625
446.0,0.00199434320431478
453.0,0.001962038820814124
457.0,0.0010641811888850523
466.0,0.00040617079190840606
475.0,3.927178494766467e-05
480.0,0.0008215838617041348
487.0,0.0021243339556556453
496.0,0.000301266969106291
503.0,0.0016541556403349568
517.0,0.00423535826812615
526.0,0.0006638886791958636
530.0,0.002096838630319468
538.0,0.006331254928242786
543.0,0.0012355484865769761
551.0,0.0023778029243263954
559.0,0.003253688275246131
565.0,0.004305873231228053
574.0,0.0013592323445453588
579.0,0.0033352509055687395
586.0,0.001610045345370393
594.0,0.0015591375384451647
605.0,0.0012604181296047032
609.0,0.0006384939243130912
618.0,0.0010302044188708385
623.0,0.0019000294344197577
631.0,0.002118820645083781
639.0,0.004011440459506157
646.0,0.005195877863618154
655.0,-0.005981670222179176
661.0,-0.0010983931896443638
667.0,-0.0031802445204424197
676.0,-0.0013705958409377693
683.0,0.004381003464565075
697.0,-0.0004674164562476154
706.0,0.0074574266174629415
713.0,0.002767179398298221
721.0,0.00288806926980053
730.0,0.0011577896101716816
738.0,0.0011864364779060074
748.0,0.0029998335982574
755.0,0.005167845625227375
763.0,0.002387765808661274
772.0,0.0015284229780609191
777.0,0.0022767723031412715
784.0,0.005223827430801057
790.0,0.0008347243271917431
794.0,0.0030955558751011836
802.0,0.004457718756208207
813.0,0.0016688294046398853
819.0,0.0025262026962408588
827.0,0.0037930742959554364
834.0,0.002878738850119106
841.0,0.0010600372399016125
849.0,0.001547222018596545
857.0,-0.00027279320089647926
868.0,0.00782778156837368
873.0,0.0012181704661046982
881.0,0.0007268569924014415
885.0,-0.00010456905102994277
890.0,-0.0005494336971815714
899.0,-9.586104942413186e-05
908.0,0.0025759705572445664
917.0,0.0017121750350064446
922.0,0.00864020297013652
930.0,0.006506478646858453
936.0,0.0013282974457935028
944.0,0.002909784100503105
950.0,0.011758405266138765
958.0,0.01375596357610437
963.0,-0.004827937006551223
968.0,0.012527062529080382
974.0,-0.000983224776343236
979.0,-0.014910793061370652
984.0,-0.008248475728088792
991.0,-0.011238478049119668
999.0,-0.007285008977353692
1010.0,0.007713577658644711
1017.0,0.0028340994909656415
1025.0,0.003404583248839372
1032.0,0.0011054383408001702
1037.0,0.0008510368904292872
1045.0,0.0015093581473430873
1052.0,0.0006222881066491885
1063.0,9.029759692525055e-05
1074.0,0.0004101891417143337
1083.0,0.0023491848573475157
1091.0,0.001418465634392668
1102.0,0.0016097757240127668
1113.0,0.0035720029924722887
1120.0,0.0010766478713259441
1132.0,0.0003158137676873886
1138.0,0.0005691656656643979
1146.0,0.0009094283862838108
1157.0,0.0027439816832557835
1165.0,0.001374987209929677
1176.0,0.0019790755225306844
1180.0,0.0006235951246779137
1189.0,0.0014986781216668034
1197.0,0.0020656272134781236
1206.0,0.001989232052253102
1214.0,0.00011108193097675827
1226.0,0.002388471130569778
1233.0,0.005822505221323046
1237.0,0.0028155759032396487
1246.0,0.0030217231394848443
1251.0,0.0035222061884842785
1257.0,0.004404159032001794
1268.0,0.009590487275929066
1275.0,0.0104798699806421
1279.0,0.012087445687246252
1287.0,0.005037931668798457
