,5
2.0,-0.009372900410272745
7.0,0.0046771198403681115
12.0,0.00043650836099766243
23.0,0.002328581039243779
30.0,0.0006367507334150893
35.0,-0.00022659659666223118
43.0,-0.0016249939746765824
55.0,0.0003340947070591564
63.0,-0.0007605360292944842
75.0,-0.0010380176923568943
84.0,0.0015299711326990614
89.0,0.0011693247281110556
97.0,0.0009183764606365783
104.0,-0.004246533192301971
109.0,-0.0027242806104625997
117.0,0.0006830428519038711
125.0,8.617165063654867e-05
133.0,-0.0010097932317735608
139.0,0.0009719086751038584
150.0,-0.0007589474996570643
160.0,-0.0002218997365662566
169.0,0.0007658661665311278
173.0,0.0015399100740660007
182.0,-0.00027998603280315264
187.0,-0.00016657990229424887
198.0,0.0002086287108365188
207.0,0.0038054187426708108
215.0,0.0010746909479974487
220.0,0.0048479252827988645
228.0,0.002025475666946152
234.0,0.0022022831453584724
239.0,0.0044482587812444425
248.0,-0.009835605936101981
252.0,0.005066071871719644
260.0,-0.004735014013699876
274.0,0.0011814528656404833
288.0,-0.005297969977868316
293.0,0.0011230033827189624
298.0,4.123379305543778e-07
306.0,0.0006704772033783364
312.0,-0.0033250562374929423
317.0,-0.001383049064152832
324.0,-0.001449430286432826
331.0,0.003737934043029423
335.0,0.007070769341418774
340.0,0.0024330663364034275
347.0,-0.0021705479997488806
351.0,-0.00032779261613458414
363.0,-0.0009374754713848248
371.0,-0.002821613757320314
378.0,-0.0017929764960044744
384.0,0.003496608341866229
392.0,-0.0004644080316203355
404.0,0.0009975622198707998
411.0,-0.0003312274478497259
416.0,-0.001858588189701855
423.0,0.0008471654941943964
