,5
431.0,-0.015904351087329665
442.0,-0.010451073240330042
449.0,-0.002897678452908332
458.0,-0.003676197945624347
465.0,-0.008940754657093162
472.0,0.002168867680237832
480.0,-0.0029512106860242766
491.0,-0.003723321402665493
498.0,-0.0003793021516400556
506.0,0.0005718304305475637
513.0,7.490323188948069e-05
525.0,0.0029475096138673147
534.0,0.0014411749787008356
539.0,-0.0003062768078763062
544.0,0.00030522823202044273
551.0,0.0019466379255823412
559.0,0.0015486269427868109
567.0,-0.0008644946150905873
573.0,0.0005900589162114096
583.0,0.00028150520001319696
594.0,0.00048044873866915895
602.0,0.001296219676300888
611.0,0.00012458804895997254
620.0,0.0069018081647662845
625.0,-0.004892285061571243
629.0,0.03312588389601849
633.0,0.0019211218036047735
641.0,-0.006291151693495085
650.0,0.0014788189251106146
654.0,-0.00022180392659058263
662.0,0.0034397163534637004
670.0,0.0015474936720918083
680.0,-0.005927261629328441
686.0,-0.0010828168394051462
695.0,-0.0008189094051528738
706.0,0.0029987177128967765
717.0,0.0006475063237964409
726.0,0.001878589382320649
734.0,0.0029672170055902477
742.0,0.0012007328380323565
750.0,0.0009176162408440634
758.0,0.00038458993356041063
766.0,-0.00026002169565357135
780.0,0.0016393023595633984
788.0,0.0003180358807768242
800.0,-0.0005702503781913398
810.0,0.0008630285965178763
817.0,-0.0025855760065036006
826.0,0.0007330560714657743
830.0,0.001159664187279218
842.0,-0.0017387358286229816
853.0,-0.0022930776341997627
860.0,0.004861463146468344
868.0,0.002231329003847327
882.0,-0.0027619972019253636
891.0,0.004660682390635896
899.0,0.0027613607767322038
911.0,0.0008338233968474756
918.0,-0.011101202384170792
925.0,0.005031642408974093
929.0,0.003454561945703897
936.0,-0.010507993187538887
940.0,-0.0016286944731117524
947.0,7.932598922762418e-05
958.0,-0.00017892342171978338
970.0,-0.000414100169777049
977.0,0.000971769539656028
985.0,0.0010423194916455048
992.0,-0.006564794658082539
1003.0,0.0003506537249958025
1007.0,-0.00222811410390541
1021.0,0.0005031628126494232
1027.0,0.0013389180549422484
1039.0,-7.995984158567406e-05
1048.0,-0.0003599898661125294
1056.0,0.002203708974319577
1063.0,0.00021629988366181116
1070.0,0.00020331084298063127
1077.0,-0.00346483271385711
1082.0,-0.00543161618207638
1091.0,0.0020532008264769297
1098.0,0.002226280056844015
1106.0,0.0008572722716254966
1115.0,0.001970413572496674
1129.0,-0.001521644392631914
1140.0,-0.0001230458346160304
1151.0,-0.0006735240218069352
1159.0,-0.0038672802175657066
1165.0,0.003579118537626862
1176.0,0.0013380172000793458
1184.0,-0.0003294490461052202
1189.0,-0.0034749582996232015
1200.0,-0.002100230268618714
1210.0,-0.0034767672560548192
1220.0,0.0006291203878419187
1227.0,-0.0006220996439976325
1232.0,-0.00048467560811068345
1243.0,0.0005834576573739604
1252.0,-0.0014197588213935252
1260.0,-0.0035191068081103093
1270.0,0.0018060921418317037
1277.0,-0.0004791374196985442
1286.0,-0.006402695204819085
1298.0,-0.011034666825706087
