,6
2.0,0.005187955983382227
7.0,-0.003723744613590531
12.0,-0.0007383617419459446
23.0,0.0014383895724081116
30.0,0.000239502522286297
35.0,0.0035758718581266704
43.0,-0.0008784890688830677
55.0,-0.0008821090491332897
63.0,9.040416520785767e-05
75.0,-0.000124567782831126
84.0,-0.002441965785871182
89.0,0.0003598445475626018
97.0,-0.004732331353897399
104.0,-0.002315174637763579
109.0,-3.505300329518889e-05
117.0,0.0019414151723483645
125.0,0.00034243715721614496
133.0,-0.0013668232911251282
139.0,-0.00011917808746974888
150.0,-0.0010453625981215946
160.0,-0.0015311241449704794
169.0,0.0018038663289060342
173.0,0.0015541646935559495
182.0,5.597898182272285e-05
187.0,0.0001509652733965988
198.0,0.0015607432711015035
207.0,-0.001033528430872914
215.0,0.00034168493737881344
220.0,0.005159303686274994
228.0,-0.003204235713558132
234.0,0.009736128901320182
239.0,0.003970642558077334
248.0,-0.0022965476630529896
252.0,0.0033610367068737067
260.0,-0.00259591713040907
274.0,0.0006445468154921263
288.0,-0.00032594669405801627
293.0,0.0006797177200516792
298.0,-0.001908824901396757
306.0,0.0012165167126669556
312.0,0.0003651833144570961
317.0,0.004162492194791209
324.0,-0.005557832721636765
331.0,-0.0017916562270871939
335.0,0.004620874540277509
340.0,0.002602322752847868
347.0,0.0014450401699605232
351.0,-0.001766074010928725
363.0,0.0014847927659654818
371.0,0.0008884058036669089
378.0,-0.0019026586518912844
384.0,0.002053606647093894
392.0,0.0007112655675440186
404.0,-0.00022657491694620668
411.0,0.0012344311655891672
416.0,-0.0008345093204063349
423.0,0.002333333076651452
