,8
0,-0.0015979611926563852
1,0.000892016755795336
2,-0.0008411701895392056
3,0.00012174032174924974
4,0.0005577721310131577
5,0.000863635277567646
6,8.0363406715297e-05
7,0.0009228188736314255
8,0.0021325378218285127
9,0.00260041770242915
10,-0.0007709027265787296
11,-0.001336780856079959
12,-0.0035451331156527953
13,-0.0009177391266799938
14,0.0009773035630438805
15,0.0008809906482561059
16,-0.00019174519614482955
17,0.0011646006541381271
18,0.0016180327301746522
19,0.00030703585418937607
20,-0.0009868490729437933
21,0.0014888851610209246
22,0.003977617779934243
23,0.0005453126798507082
24,0.00018012087610505792
25,0.00020242718895459506
26,-0.00046616937857726714
27,-0.0006339176447130088
28,0.0005695571015606708
29,0.0007675253640508276
30,0.000300662673291427
31,-0.00022610113839546038
32,0.00023845997865582438
33,-0.0008224332038179965
34,-0.0005305719583584279
35,0.0006782874459642311
36,0.0006333349710634344
37,-0.0012497737674433333
38,-0.0005048230988442446
39,0.002407249087242976
40,-0.003223518598270624
41,-0.0010109231323429618
42,0.0006723064583392445
43,-0.00023098683551131172
44,0.002140925484284937
45,-0.0008903285923435351
46,0.0005389641265603755
47,0.0005274193909065046
48,-0.0002015074080331151
49,0.0007444716753255066
50,0.0007606980920692641
51,-0.0005288981985516518
52,-0.000940570487153904
53,-0.00028956002531539915
54,0.0007408468794927598
55,-0.0034489169088533513
56,-0.0022781323936297607
57,0.0020342719899714367
58,0.0026201618017909554
59,0.003411602290164548
60,0.008945436154656783
61,-0.0003139400979128352
62,-0.0019356736649258771
63,0.002111911273587747
64,0.0024842626941965927
65,0.0014545953706823211
66,-0.0016458947590901585
67,0.00013468125778126237
68,-0.00014724775329965275
69,-0.0005388075695551137
70,0.0011652820689322528
71,0.002760254694003585
72,0.00209504538504662
73,0.0025052677005111346
74,-0.0006657192147194845
75,0.0001596828964496853
76,-1.1153844219247184e-05
77,0.0006334075503079305
78,-0.00017309290876322406
79,0.0001249719484551344
80,-0.00016602473173468122
81,0.001490589268259464
82,-0.0002824336501667821
83,0.000984066064400024
84,-0.00045469215371901997
85,-0.0011392492321681267
86,-0.0009536431006616403
87,0.0008184136008927237
88,0.0006413855000856678
89,0.0018418615084578964
90,-0.00048279316139619954
91,0.0009954807507217966
92,0.001490534123382473
93,0.0011373151660169377
94,0.0017731153328887318
95,-0.0006288451064598568
96,0.00022251437852444366
97,-0.006901979902497485
