,6
4777.0,-0.005452485425453451
4782.0,-0.002555623775648351
4789.0,0.0007372070487209122
4800.0,0.0007218991795830933
4809.0,0.0003117756190292746
4816.0,-0.0013417052997961795
4823.0,-0.0006528162157095189
4831.0,-0.001061720091271129
4839.0,0.000791347058101081
4847.0,-0.005603122666816263
4856.0,-0.0010357331918315693
4861.0,-0.002201915242859841
4870.0,-0.003792543253747073
4874.0,-0.003123515381845269
4881.0,-0.0005466260141013886
4890.0,0.00018430419369360073
4900.0,0.0008960993931024234
4909.0,0.0010752542212168082
4917.0,0.0013645018222223624
4926.0,0.0014078102528372835
4933.0,-0.0026362901082958336
4940.0,0.0013207025981833785
4948.0,0.008419858100512982
4956.0,0.0002364061773720812
4965.0,0.0006875572581767633
4977.0,0.0006514290554296766
4985.0,-0.0003513858373276465
4993.0,0.0014012484871165954
5001.0,0.0002331854743137031
5006.0,1.4531136578848041e-05
5011.0,0.0002741727124726669
5020.0,-0.00016680337426399635
5029.0,-0.003232995404499039
5038.0,-0.00991120673108572
5042.0,0.00010372955815061203
5054.0,0.0058644170734830576
5062.0,-0.004085159449193326
5070.0,0.00047828371470419673
5077.0,-0.0014880916659179581
5088.0,0.0016483375032489557
5094.0,-0.003934337086874817
5100.0,-0.003174775760274076
5111.0,0.004084203753462546
5116.0,0.00188418486152553
5120.0,0.005749821835338952
5125.0,-0.00014635923763480302
5131.0,-0.0014535007438085136
5137.0,0.0006669730790596258
5144.0,0.0019198813974826937
5150.0,-0.0010393768752761095
5155.0,-0.001142824550975253
5159.0,-0.00018346892447570088
5168.0,-0.0007125252438507689
5176.0,0.0007880174919262396
5183.0,-0.0005426546414123598
5189.0,-0.00467990578054604
5193.0,0.0005624985425087073
5200.0,0.0025220581453503548
5207.0,-0.0007441629584765795
5215.0,0.0023583827754080165
5224.0,0.015306069579615666
5230.0,0.003631924197161745
5238.0,-0.0022644292543302805
5247.0,0.00912589792924744
5253.0,-0.00014505123929674157
5264.0,0.00485427138295478
5272.0,-0.002422862436937924
5280.0,0.0007370112926989845
5288.0,0.003803130436502481
5296.0,0.0017127631429977414
5305.0,0.0034676032585259347
5313.0,0.005655255067404963
5322.0,0.0014998732906034871
5327.0,0.0028889871353861597
5331.0,0.0005354285537461171
5343.0,0.0014930908663976386
5350.0,-0.0003350149933666832
5358.0,-0.0012122032856586155
5365.0,-2.903083614509829e-05
5371.0,0.0006471612025048861
5378.0,-0.0004145106665223467
5383.0,0.000866648918606948
5395.0,0.0008420860662374987
5402.0,0.0015016366791929016
5409.0,-0.0038733561143449624
5415.0,-9.853463407762572e-06
5423.0,-0.00011751095679097786
5430.0,-0.001641485417246124
5437.0,0.0009178277881744296
5445.0,0.001097198282935622
5454.0,-0.0002863800543533261
5461.0,-0.0014537429582436208
5471.0,0.00219726998311659
5480.0,-0.0003227154183717497
5489.0,0.0008984748111003768
5498.0,0.005102680238407337
5506.0,-0.000658077683438451
5514.0,-0.015119589651155101
