,4
4777.0,0.0026780594063975423
4782.0,0.0032700910133837574
4789.0,-0.001019905048551895
4800.0,0.002149162474088829
4809.0,-0.0003809560075402031
4816.0,0.004003355438277613
4823.0,0.0065629567670466345
4831.0,0.0018961313818814639
4839.0,0.001980402474432766
4847.0,-0.008208630492768388
4856.0,0.005658866666097295
4861.0,0.015295604517772128
4870.0,0.010473199154089459
4874.0,0.013418125671308297
4881.0,-0.009344754449248318
4890.0,0.007555303437721151
4900.0,0.0003594357524601474
4909.0,0.007742104275344568
4917.0,-0.00019740633216557045
4926.0,-0.0037854861929970405
4933.0,-0.0017233418052552106
4940.0,0.00647402440517036
4948.0,0.014246052992494276
4956.0,-0.009739815268495607
4965.0,0.0020045840042804183
4977.0,0.005501225013338115
4985.0,0.0028466336967023255
4993.0,0.007963242151391207
5001.0,0.001974468892347881
5006.0,0.0008367838974609654
5011.0,-0.002457394572199109
5020.0,0.002565295167565692
5029.0,0.0035247485852177964
5038.0,0.006366774534272959
5042.0,-0.003071935699886416
5054.0,0.011041731571907009
5062.0,0.016223350795742535
5070.0,0.0032254580846884356
5077.0,0.0028016790954545827
5088.0,-0.001084617327626306
5094.0,0.008808827917888017
5100.0,-0.003133024616352678
5111.0,0.0010884703945198903
5116.0,-0.014021214216411098
5120.0,0.004585567354821058
5125.0,0.007311651426893047
5131.0,-0.004870604851971206
5137.0,-0.003641650091374785
5144.0,0.001928263954336403
5150.0,-0.002456704312806078
5155.0,0.01092667419110562
5159.0,0.00023128422568242883
5168.0,0.005358508542105586
5176.0,-0.00853615346564668
5183.0,0.0022544389184041193
5189.0,0.0012871410814617877
5193.0,-0.0032498311373293097
5200.0,0.005302176326064769
5207.0,-0.00016469437699088976
5215.0,-0.017057292076995783
5224.0,-0.003937555521310571
5230.0,-0.017763437386237632
5238.0,0.003404901208720035
5247.0,0.010092014844102722
5253.0,-0.015122572956561902
5264.0,0.0043086850581478
5272.0,0.005300357127690812
5280.0,-0.0021760690564737706
5288.0,0.0033434385835240258
5296.0,0.006393709843390638
5305.0,0.009996150999675945
5313.0,0.008930360344287392
5322.0,0.003561219627757924
5327.0,0.001231880221489032
5331.0,0.00797234340970337
5343.0,-0.0023882992187160717
5350.0,-0.0029638853786600598
5358.0,0.010310913320139361
5365.0,-0.003361056802981354
5371.0,0.002002106382876258
5378.0,0.004660758801197959
5383.0,0.011489240333730688
5395.0,0.009128102151718446
5402.0,0.005610508858571119
5409.0,0.0062356944740127
5415.0,0.0007649471522938884
5423.0,0.0006423114184714929
5430.0,0.0085788010452694
5437.0,-9.556234004284999e-05
5445.0,0.005806746324272479
5454.0,0.003805241126081706
5461.0,-0.020673849265036653
5471.0,0.003737409150695322
5480.0,0.0005426148416592703
5489.0,0.008889800607866894
5498.0,0.019763701374842232
5506.0,0.008755946459699099
5514.0,-0.0058228170824391025
