,5
2.0,0.0007580196511020922
9.0,0.000730495404248973
18.0,0.009556783739094583
23.0,0.01570067987151685
28.0,0.0026077234557793194
33.0,-0.005867202471870031
42.0,0.0018190191787422624
52.0,0.0105013455466871
57.0,-0.007670567588091549
65.0,-0.0015071775072639359
72.0,-0.0022473849932343193
79.0,0.0015705563776587628
86.0,-0.0007680615389412665
94.0,-0.0024919379386455255
102.0,-9.138004663254241e-05
114.0,0.0007567670942514602
125.0,0.0013418092226459622
132.0,0.0022165756669537164
140.0,0.0014513362567207626
145.0,-0.002718553185440304
152.0,-0.0060211605452296256
163.0,0.005875110001518009
171.0,0.00601176788374926
175.0,-0.0014782147423128748
184.0,-0.0016149863757293826
191.0,-0.0014313845768154194
199.0,0.004567551783153358
205.0,0.0024237786874000593
213.0,0.003710300695380735
222.0,-0.002495352255933091
229.0,0.00033048715836155924
237.0,0.0023971723482882823
244.0,-0.0048618495500634
253.0,-0.002860871178784819
262.0,-0.0016090197812795779
266.0,-0.00035933598396707493
270.0,0.0006035187500364879
278.0,0.00372719440814701
282.0,0.005479063285561618
290.0,-5.744946621543694e-06
297.0,0.0006236674827936498
306.0,-0.0008541970667929447
316.0,0.0002324978349189189
324.0,0.0005652865157226016
333.0,0.0010243546813235914
344.0,0.0010331997804454529
352.0,0.0005788443035739736
360.0,0.007148557709645937
367.0,-0.0047434241952584765
371.0,-0.001754599352878128
375.0,0.010861124382159413
383.0,-0.0021880915765059854
391.0,-0.0025710966120291666
400.0,0.0014762641135847056
412.0,-9.706321630033753e-05
420.0,-0.0024710890340851445
429.0,0.0029832822380651152
433.0,-0.002205690447092222
442.0,0.001588580599012924
448.0,0.0012155435211493619
456.0,-0.0005988880717105054
460.0,0.0053507827230998865
468.0,0.00012270743419980838
476.0,-0.00044476817679608933
483.0,0.00514155094757432
490.0,0.010480031608545182
494.0,-0.003907969723840709
501.0,0.006197826941162567
509.0,-0.012629843349910162
518.0,-0.009249159807886188
526.0,-0.0025621769696959184
530.0,0.009866898367004438
539.0,0.005827608924347552
546.0,-0.008322094929232486
555.0,-0.00022993947648115146
564.0,0.004971435874979238
572.0,-0.0032466829884318276
583.0,0.0022782367058228436
591.0,0.0025818311498179256
603.0,0.0024246022252673587
609.0,-0.002506507011393482
617.0,0.0004741233484290623
622.0,0.0006131087604066515
628.0,0.0019024330555143466
635.0,0.000426126751196589
646.0,-0.0011218999248146407
656.0,0.0027388298448164762
660.0,8.77977145684636e-05
668.0,-0.00390628273839017
676.0,-0.0014566510652451884
683.0,-0.001289174109447518
691.0,-0.00685054194213298
699.0,0.0009840610606318971
708.0,0.000912017053122721
715.0,-0.000263995529914096
723.0,-0.0006918198468511755
729.0,0.0036017895847030097
737.0,0.000934627441017161
743.0,0.007264795220092584
750.0,0.001197694456946665
761.0,-0.0017852546597163653
770.0,-0.00038392839528216915
778.0,0.0015422776350833055
787.0,0.005508450325074491
799.0,-0.0011054706175501353
808.0,-0.0005338664928493111
818.0,-0.014546939499315474
825.0,-0.005218830635949489
834.0,0.0025437099379876644
840.0,0.0030178182739916694
844.0,0.010044890862007943
849.0,0.0020004256132012785
854.0,-0.00011311322823453212
861.0,-0.002725459466906585
873.0,-0.0016164807242944348
877.0,-0.001551643997801486
884.0,4.942384659230758e-05
890.0,0.0021898211021961155
896.0,-0.0013762061764974773
903.0,0.0025277370810882537
915.0,0.0008968856765499787
923.0,0.0007089263194444966
930.0,-0.00016246578294849907
940.0,0.002484879373380336
948.0,0.0030807367172984578
957.0,0.005374594576640343
964.0,-0.0004623830648679947
968.0,0.006648876738978369
974.0,0.0010806030090423813
983.0,0.001393551994261194
990.0,-0.00072179636000327
999.0,0.0013917697050340268
1007.0,0.0029120414142169444
1014.0,0.0028960541417261763
1018.0,-0.004824613293505374
1025.0,0.002474775889416173
1032.0,0.0078043584446455035
1036.0,0.0016656310878412003
1045.0,-0.00867388857224717
1054.0,0.0006693170183059802
1062.0,0.010482031967225998
1070.0,-0.002824940322857282
1078.0,-0.011190615995357037
1085.0,-0.0020428163824015516
1093.0,-0.002258538955778694
1101.0,0.0021434871118810473
1108.0,0.0015816168196999113
1117.0,-0.004460825480260455
1122.0,0.0018804420462510455
1130.0,0.0011490762536456541
1137.0,0.0011044670307735992
1145.0,0.00029654886816808885
1153.0,-0.0019157193889886219
1161.0,0.0008808252616514795
1166.0,0.0004611384106113823
1173.0,-0.0038360406763394183
1177.0,0.0010191740232326002
1184.0,-0.0002983275216198488
1188.0,0.003670475519534672
1196.0,0.000622193557811935
1201.0,-0.002056188682136055
1208.0,0.0001398898067496917
1216.0,0.0007704145168947122
1227.0,-0.00034819508770255755
1234.0,-0.0007457728960376665
1246.0,0.0014015122162903478
1254.0,0.0007282845745494664
1268.0,0.00044036429331322175
1279.0,-0.0013558483083025907
1287.0,-0.0011464460237886112
1298.0,0.002673951822325842
1307.0,0.0005168561267379332
1315.0,-8.757428841214767e-05
1320.0,0.0012711804991341327
1329.0,0.000978692509247095
1340.0,0.00613568802792127
1345.0,0.004331441772619624
1350.0,-0.0014158145966034006
1358.0,0.0032672639080371384
1365.0,-0.00744458854653308
1374.0,-0.00022104012040920193
1386.0,0.0052650835071373385
1395.0,-0.000798396144423117
1406.0,-0.0008266228167063902
1415.0,-0.0018443561154794393
1419.0,0.0010270862933291468
1430.0,0.002034336483882912
1436.0,0.0007291184038581251
1450.0,-0.0013763079972547573
1458.0,0.0016321886878976133
1465.0,0.0021821275187775034
1476.0,0.0012319413475469349
1480.0,0.002012774596955521
1487.0,-0.004421056347762455
1494.0,0.0018932036401566555
1501.0,-0.0006799330471844038
1508.0,-0.0004203537212614784
1515.0,-0.0034364926703150766
1523.0,0.001967003862368902
1531.0,-0.0005827966958549955
1539.0,0.002333851592010992
1551.0,-0.0012495068337124164
1560.0,-0.005145771405711896
1569.0,-0.000288978415545012
1578.0,0.002347225603359333
1586.0,-0.0013790860908520705
1595.0,0.00029112352390611544
1604.0,0.003276842178268938
1612.0,-0.00034783806321186706
1621.0,-0.004142084449194123
1630.0,-0.005028890025616758
1639.0,-0.005632057101839067
1651.0,-0.013822758329004729
1658.0,-0.0010576601215626922
1666.0,0.0019135018711396294
1674.0,0.00023634494187444921
1685.0,-0.003440339317583251
1696.0,-0.0011055502787927396
1704.0,0.003206244020932984
1711.0,0.0010006356192588397
1723.0,3.289972531558974e-05
1728.0,0.0015060007151004582
1736.0,0.0018907348597917435
1742.0,-0.0012147718436617714
1753.0,-0.006286431639424108
1762.0,0.0004785055360105158
1771.0,0.003633144743283818
1780.0,0.0011328232225839942
1788.0,-0.006331747123182817
1795.0,-0.0019809606530024767
1804.0,-0.003348518201647134
1808.0,0.004946854457016342
1812.0,-0.002846309959601966
1823.0,0.000991556898088584
1831.0,0.0017977377456615002
1843.0,0.003228866503577151
1851.0,0.00016645902617604602
1860.0,0.0017835243426392612
1868.0,0.001820503041676017
1879.0,0.004803463859821661
1886.0,0.0015177126927423958
1891.0,-0.0007329429358584269
1900.0,-0.0015647866659159468
1910.0,0.006271262375816984
1915.0,-0.0034522963224148883
1923.0,5.0725482884890304e-05
1932.0,0.0001098939143364847
1940.0,0.00041930374693925876
1954.0,0.00016169787678474632
1963.0,0.0012728570763034042
1971.0,-0.0005752637735926709
1979.0,-0.000289736882947034
1988.0,0.0005914816793129123
1996.0,0.002871773190043344
2005.0,0.0059590098508198975
2014.0,-0.0022660808799408534
2021.0,0.0013158660251487361
2031.0,0.0003376620532199265
2038.0,0.0002795732888688058
2050.0,0.001142890780688008
2058.0,0.0017818214499438904
2064.0,-0.0004060529164868305
2068.0,8.990109830089335e-05
2076.0,-0.0038968266056412086
2087.0,0.013138641995121547
2091.0,0.007884185757038096
2099.0,0.0014718957877333126
2108.0,0.005816021693013318
2117.0,-0.00020629966203206452
2121.0,0.002866048013239491
2129.0,-0.0014297268235211895
2137.0,0.004076733741677463
2142.0,0.001258789435222704
2147.0,-0.00041958777733798214
2155.0,0.0021259174342610388
2161.0,0.003913509668462728
2166.0,0.00028101302972054963
2171.0,-0.001130548854776759
2176.0,0.0018814381576727406
2181.0,0.002396410761386175
2190.0,-0.0027356023264148
2199.0,-0.006599661111248696
2203.0,0.012536407299832094
2210.0,0.003062821217422072
2217.0,-0.0013909300424146181
2231.0,0.0017546230440563433
2237.0,0.0012501317711041994
2245.0,0.0011707068255552243
2257.0,-0.0009908789797010748
2266.0,0.0017005906295522917
2275.0,-7.122869812393407e-05
2283.0,0.0018775163337430558
2291.0,0.0003500294425505408
2300.0,0.0019072510975526055
2309.0,0.0034843643191234718
2314.0,-0.006348742516648333
2318.0,0.0006163764055816313
2329.0,-0.001987721441261674
2343.0,-0.0006046043031805142
2353.0,0.0032949183020350736
2360.0,0.00031732096024515607
2369.0,0.0021125020684988616
2376.0,-0.003236861319931956
