,3
2.0,0.01702687653290199
10.0,-0.018854390448623144
19.0,0.007336434244762555
30.0,0.0005627121006361611
42.0,0.0023760184331030436
53.0,0.017570095693626
61.0,-0.0199986778383726
69.0,0.011844165218921369
73.0,0.01652269581165244
82.0,0.012836412123743524
88.0,-0.01839393054472555
92.0,-0.00690354147190815
100.0,-0.005042977668110156
111.0,0.006752168451240873
118.0,1.436850702968065e-05
124.0,0.0032513926646959585
130.0,-0.008863291038972019
138.0,-0.03250100815917271
142.0,-0.01705619121412084
150.0,-0.023655247159421508
154.0,0.012062869407895336
161.0,0.0093130947435298
175.0,0.011937356656570506
182.0,-0.0018319368040792929
189.0,0.010293170895584357
200.0,0.008380208963654009
204.0,-0.0350611723015078
208.0,0.0050958848212792176
217.0,0.013539271145028049
225.0,0.013120846502384272
232.0,0.018463356050526163
240.0,0.015132796932681733
249.0,0.00604709943697078
257.0,-0.0028993156327145188
262.0,0.007312421133627028
271.0,0.004982641548222315
281.0,0.011013760934980098
289.0,0.01204478805305276
297.0,0.00994075549093761
304.0,0.020276092319808682
312.0,-0.0068936870138103954
317.0,0.005073188789730037
329.0,0.022394456561774884
337.0,0.01654130486982251
345.0,0.0198017149444728
349.0,0.004720415248652658
357.0,0.01323907984260745
365.0,-0.012685160162510485
373.0,-0.018141550550922238
384.0,-0.0044075553301649965
392.0,0.0030064966751366428
399.0,-0.010981880777034223
404.0,-0.003175752986966759
413.0,0.009330592219387953
420.0,0.014669173924837166
432.0,-0.004006270611173559
437.0,-0.005664196339233192
442.0,0.020786816926772096
446.0,0.01369772704780087
455.0,0.0010395672991103753
460.0,0.017095218314988978
469.0,0.009644494493110273
476.0,0.011668678690214896
483.0,0.0028420364617757574
491.0,-0.011153468642613412
495.0,0.01925269808080092
503.0,0.008416884894937223
511.0,0.008918918595099612
519.0,0.011237467240254534
528.0,0.0055264546701525976
537.0,0.017988199271101214
546.0,0.013245531783664695
550.0,0.017457618672426265
564.0,0.008352331430671616
575.0,0.02202448087203715
586.0,0.009937995792160063
592.0,0.01750825097623259
598.0,-0.0051751808360145654
606.0,-0.01734033376158213
613.0,-0.0014405991839186842
621.0,0.001538762670526099
628.0,0.004037921622460179
635.0,-0.004137899445861418
644.0,-0.006930430521749333
652.0,-5.451540613819885e-07
663.0,-0.009727757263382637
677.0,-0.027444988149818626
681.0,0.019647032444091026
685.0,0.014653449799609777
691.0,0.00690804681797567
696.0,0.00979577287450758
705.0,0.02095656386632766
712.0,0.011458256564869953
721.0,-0.002495572630890741
732.0,0.028673525263144456
736.0,-0.0002724577876541404
744.0,0.007001542176660056
750.0,0.006844323744048001
761.0,0.0035759827140777185
770.0,0.01071421372013217
780.0,0.009632362611846324
788.0,0.0069060844563230825
796.0,0.011737582604642886
805.0,-0.01919976268505176
809.0,0.018426335204028213
817.0,0.008282715332878693
826.0,0.00046283754433778986
831.0,0.01177503745240019
837.0,0.015706135457140488
845.0,0.004898747974770003
854.0,0.016851893959143847
865.0,0.023406724669585568
873.0,-0.012541775130340022
882.0,-0.005637992688870865
890.0,0.012361179937608801
899.0,-5.6386058344821296e-05
911.0,0.010863587699766343
918.0,0.012513138977681254
926.0,-0.015505668321152471
933.0,-0.0036765299025711086
940.0,-0.0006745191112031535
951.0,-0.016679615087243464
956.0,0.017833406191676834
964.0,-0.0026989029405651557
975.0,0.0052543945615326285
982.0,-0.015180665862947635
990.0,0.007379448959001415
997.0,0.016320257325037616
1005.0,-0.004309359686485093
1012.0,0.003972646656526452
1019.0,0.007109420359022647
1027.0,0.006180818181528636
1036.0,0.006318333250763468
1045.0,0.010742185954533611
1052.0,0.013374296438822379
1059.0,0.020436586034833126
1070.0,-0.002935039457404545
1075.0,0.01376505745016651
1083.0,0.012682366807007234
1090.0,-0.0021631636007483075
1100.0,0.011421056152538404
1107.0,0.008048142268249202
1115.0,0.024562663879076407
1123.0,0.019058445613381183
1132.0,0.01769433663984921
1136.0,0.01179909006395759
1144.0,-0.01461550783568939
1149.0,0.006405871568579748
1157.0,-0.013303844721395806
1169.0,0.006362291679032072
1183.0,-0.02657340539245954
1187.0,0.007305694226873406
1194.0,-0.015287538214413943
1200.0,-0.003607161639075005
1211.0,0.009460823914627556
1225.0,0.008633437614749145
1231.0,0.010858697944208167
1237.0,0.009762659131637898
1245.0,0.01636940536323961
1254.0,0.009307345674775662
1262.0,0.011438657335755937
1270.0,0.009897506529239444
1279.0,-0.00125107181190867
1284.0,0.003080169153958076
1296.0,0.004733429602583563
1302.0,0.01181040710612091
1309.0,-0.0038261410131573735
1314.0,0.018829364286033722
1325.0,0.011097042066140836
1334.0,0.0107438725077747
1345.0,-0.010375539972937192
1353.0,0.005789682631074409
1361.0,-0.004838965543444975
1369.0,0.007709337432203399
1376.0,0.0019127201084449682
1383.0,0.013233984848960498
1391.0,-0.0036749972106914735
1397.0,-0.011588178050251665
1406.0,-0.0040360458601089
1415.0,-0.018576464401855813
1420.0,0.0069637965356638635
1429.0,-0.01386305290787895
1441.0,0.000951139733704347
1451.0,0.023071827922547167
1459.0,0.007482586666921027
1470.0,-0.023450734369230668
1479.0,-0.005059057131250602
1490.0,0.0022458315078792666
1499.0,0.0047210933596190064
1508.0,0.01267313262572941
1515.0,0.015068468639000677
1524.0,-0.0023938811853213577
1531.0,0.0042539003570308785
1540.0,0.020727771112960147
1548.0,0.005414569889361795
1555.0,0.010592541471290384
1564.0,0.017804508981237636
1572.0,-0.00401697645694956
1583.0,0.015516568049454033
1593.0,-0.005688661910232017
1602.0,0.013864480755505433
1610.0,0.002488581466030198
1614.0,0.0059776556004634595
1621.0,-0.021477757985419434
1625.0,-0.026589417185174886
1630.0,-0.0165892959986837
1638.0,0.010395994899194742
1645.0,0.0007598815165844961
1659.0,-0.002628921596081136
1665.0,0.004956470252336115
1672.0,0.00893210752486534
1680.0,-0.002807464498983941
1685.0,-0.0029995038809088447
1691.0,0.025962540488140017
1695.0,0.011495200535900368
1703.0,0.017629629950396332
1710.0,0.006850271637180142
1716.0,0.0197394594541554
1720.0,0.014220396861716082
1729.0,0.010387345115997574
1741.0,0.0056414300728650345
1749.0,0.015811214938392368
1755.0,0.02764925984545054
1759.0,-0.006177150155923418
1767.0,0.00652732231446377
1774.0,0.002932528984484328
1781.0,0.0012832193765232585
1793.0,0.009058217697181948
1799.0,0.009726481187711104
1810.0,0.01044081395680204
1815.0,0.00920874073482642
1821.0,0.018456629306556407
1829.0,0.005629190465281749
1835.0,0.020414666457697565
1839.0,0.00028186962567134456
1851.0,0.016102704829615417
1860.0,-0.004551289581320957
1874.0,0.008623985961567068
1882.0,0.009203340991644968
1891.0,0.019053421408379515
1899.0,0.014345291920483927
1908.0,0.012093518740103979
1916.0,0.01819534086166925
1924.0,0.009723852032421293
1930.0,0.009875099815783848
1939.0,0.005891350251240514
1948.0,-0.010705253557335582
1952.0,0.01806504571821335
1963.0,0.01862570718459718
1974.0,0.010938538993211044
1983.0,0.014105304129861442
1992.0,0.00018565014280163194
1997.0,0.017656683668250447
2006.0,0.018108878202529707
2014.0,0.002727993558674069
2019.0,0.011926491767713593
2028.0,0.016083062258377925
2036.0,0.01211972048344835
2045.0,0.002107461849644889
2050.0,0.012606889382886576
2058.0,-0.006382514169364698
2063.0,-0.004881807909907618
2072.0,0.011641205640439448
2083.0,0.01838211192077118
2091.0,0.021649288380835185
2095.0,0.013161405944138213
2101.0,0.015741914163573636
2108.0,0.01903699741508614
2116.0,0.0046467835536248055
2123.0,0.013891487583530739
2132.0,0.0017453952140126427
2140.0,2.833085756620817e-05
2145.0,0.009887624714470718
2153.0,0.0012088397298577903
2158.0,0.0080576470110254
2172.0,0.02035776481764972
2178.0,0.017347359434498905
2186.0,-0.001432278241391578
2197.0,0.00162388589524119
2205.0,0.018089689446992355
2214.0,-0.005138259155286916
2218.0,-0.0034242918419458523
2225.0,0.008495261060448494
2231.0,-0.00839365424431504
2237.0,-0.010056320732965019
2244.0,-0.00019932049440907543
2252.0,0.019566394376525627
2260.0,-0.04074526079054692
2264.0,-0.015108802236579063
2269.0,0.012200200791879114
2275.0,-0.008597334519906397
2283.0,0.004127000972377007
2288.0,0.010254227710302617
2297.0,0.010461813391465116
2306.0,0.0014903017175777182
2314.0,0.017246296740452458
2322.0,0.0013747313746765148
2331.0,0.018573075404869473
2339.0,0.017103149272732387
2347.0,-0.007947327142906892
2351.0,0.00674939643641651
2356.0,0.014796213877968492
2364.0,0.010550741750328572
2373.0,0.016008157710352664
2380.0,0.007041082344324403
2388.0,0.001237884089955712
2395.0,0.015015485501500827
2404.0,-0.0005966720326652782
2412.0,0.009382809592809424
2418.0,-0.0005544462310370924
2424.0,-0.006106177003388816
2430.0,0.01046117510749236
2438.0,0.009160244963330623
2445.0,0.012510758167691982
2455.0,0.008513316596949825
2464.0,0.014577140459462594
2472.0,0.019986331762383163
2480.0,0.012746978186366274
2486.0,0.004857039361937221
2494.0,0.015129662541387078
2502.0,0.007672667583193184
2506.0,0.019300988569974083
2514.0,-0.005659215445874528
2523.0,-0.002064182679222063
2530.0,-0.00409472179952051
2542.0,-0.0207000273268742
