,6
2548.0,-0.0010687178675150722
2554.0,-0.0035607388823190923
2563.0,0.0024114226083370863
2574.0,0.004917564942624535
2581.0,0.0010547213411812243
2588.0,-0.0007043076939961267
2596.0,-0.0004848678530623681
2604.0,-0.0007219471066135265
2612.0,-0.0033180079762499806
2618.0,-0.0028845752052825365
2622.0,-0.000839957324445892
2630.0,0.0019874887967261494
2641.0,0.0010806742707750465
2652.0,0.004957368210064364
2661.0,0.0012443896103589652
2668.0,0.0017656573757666076
2677.0,7.644120437177126e-05
2685.0,0.0029114844170640224
2694.0,0.0005175745633700103
2701.0,0.0009064968332253137
2709.0,0.007304911754632544
2714.0,0.0024666666288006055
2723.0,-0.0029735056847904305
2734.0,0.002489956374645967
2741.0,0.002615378426063137
2749.0,0.0008063606180104917
2756.0,0.001424623853003758
2764.0,0.0009025764545386266
2772.0,-0.0003010731243989757
2776.0,0.0012116993935607492
2784.0,0.00015703491421392284
2791.0,0.003327870064375036
2800.0,0.001077352471471478
2809.0,-0.00024646494579985093
2820.0,0.004600858987064425
2828.0,0.002452926122785815
2839.0,-0.00031761542108314496
2851.0,0.0014112247100563405
2862.0,-0.0011232710837285615
2870.0,-0.002408032263317114
2877.0,-0.0024131771504633656
2885.0,-0.0028174562629437374
2896.0,-0.0022593468778953395
2904.0,8.132799287102879e-05
2913.0,-0.0012469029117914046
2925.0,-0.0011776230219082287
2936.0,0.0010279957621669666
2947.0,0.0005601476444092635
2955.0,0.0010470599668124523
2966.0,0.0002649468490711642
2974.0,-0.002945194219295566
2985.0,0.002821552067936448
2992.0,0.0017438297385542504
2998.0,0.0007306242717862082
3009.0,0.0023017141521476793
3017.0,0.004277770956989778
3022.0,-0.00015845492858207962
3030.0,0.004287709664259598
3038.0,0.0008947281112015336
3050.0,0.0009232972947777803
3062.0,0.000919390341695917
3074.0,4.4034244240868706e-06
3083.0,-0.002819793778668447
3089.0,-0.002689488879746927
3093.0,0.0010652917960082902
3097.0,-0.0006710279109647031
3108.0,0.00014730401866326336
3116.0,0.010565312114837197
3127.0,0.0016331530580768127
3138.0,-0.0033711380434995456
3145.0,-0.003032214813874649
3152.0,0.0032647260675930014
3160.0,0.0003537779618698124
3167.0,-0.004823138597890896
3174.0,-0.0009495651500107501
3182.0,0.003583275691346414
3190.0,0.0009216666253709327
3198.0,0.0013638093364953918
3209.0,0.00552714007394821
3215.0,0.0023823873905268614
3224.0,0.0017523853861005686
3233.0,0.002759617662675864
3241.0,0.006130359607709141
3250.0,-0.0005829387051692523
3261.0,0.001785175101203125
3273.0,0.0008227052378305687
3282.0,-0.00017858466004621958
3290.0,-0.000663036954706949
3294.0,-0.0033602141473075362
3303.0,0.0046356105391917365
3312.0,0.00751673408498957
