,4
2.0,0.008078165310062628
10.0,0.0025563946375422174
19.0,0.009731855657403235
30.0,0.003538597178178917
42.0,-0.003476313983136913
53.0,0.010440934870852481
61.0,-0.00034034639328032714
69.0,-0.004058918419366848
73.0,0.012614616919299748
82.0,0.004203261175669257
88.0,-0.009720198675507602
92.0,0.001763870924352722
100.0,0.007520811631863733
111.0,0.003377835009687059
118.0,0.0008126999254769565
124.0,0.002575942791765878
130.0,0.0010091016441157645
138.0,0.002120725569637352
142.0,-0.0011249241148215637
150.0,0.004025718881733696
154.0,-0.004362404828038082
161.0,0.007857396436267289
175.0,0.00521380510958655
182.0,0.009453532264413289
189.0,0.011861373657014031
200.0,-0.014457728794106842
204.0,-0.010619758997588793
208.0,0.00848585954544597
217.0,0.017882067174272136
225.0,0.018132570344948962
232.0,0.016332901542252375
240.0,0.005736383213870177
249.0,0.0059435336273380495
257.0,0.00567804416613388
262.0,0.0015826479495828888
271.0,0.007014653779746499
281.0,0.006612280387878484
289.0,0.006643081907729205
297.0,-0.002631403473252146
304.0,0.006705551232098629
312.0,0.005786236304932249
317.0,0.0013060067280598856
329.0,0.012407025871659597
337.0,0.0005514141271028494
345.0,-0.0003543148059948699
349.0,0.003313124700762784
357.0,0.007324319186826976
365.0,6.168345796287171e-05
373.0,-0.00048164195294960545
384.0,0.005447477045384549
392.0,0.0019312822021479372
399.0,0.0037079091493708786
404.0,-0.0017198635958470237
413.0,0.007112484236205011
420.0,0.008914519002974405
432.0,-0.010482158217882447
437.0,-0.008662854342631544
442.0,0.004119244380364175
446.0,0.010140595253748715
455.0,0.007847594863050337
460.0,0.007413477762622436
469.0,-0.002455272778770357
476.0,0.005870289937668175
483.0,0.004845683161097393
491.0,0.010095708697640864
495.0,0.006771978422749528
503.0,0.005804918245820958
511.0,0.00502220735383765
519.0,0.005834379752740951
528.0,0.0057337788972261
537.0,0.003156017350858732
546.0,-0.016814799865968132
550.0,0.015417510259062803
564.0,0.012232527241595821
575.0,0.005855367078071398
586.0,0.01115727489865946
592.0,0.0033218866302129543
598.0,0.0017925312595807271
606.0,0.0058087929497212774
613.0,0.0068134222158516364
621.0,0.006126856552956403
628.0,0.0024884251170454574
635.0,0.006130123711642765
644.0,0.006195319951217759
652.0,0.005017936345136845
663.0,-0.002911778663775854
677.0,-0.008111746462911332
681.0,-0.008763580300839199
685.0,0.003228580098994625
691.0,0.008205729425324706
696.0,0.01882936956520965
705.0,0.012621558290762017
712.0,0.00868318226471392
721.0,0.005381769437075219
732.0,-0.009492221189160321
736.0,-0.004198151984640173
744.0,-0.0018708653991404446
750.0,0.006198848559120169
761.0,0.0028692671745091116
770.0,0.008749015076724856
780.0,0.005742402972232212
788.0,0.00870380165096188
796.0,0.012316041422173303
805.0,0.014489129779223047
809.0,0.007782866716742629
817.0,0.004012752965345364
826.0,0.006612893437935228
831.0,0.0016320815613937185
837.0,0.004586157231907013
845.0,0.0025890733949461573
854.0,0.009021181297309309
865.0,0.0020104975969045926
873.0,-0.0013261027354058074
882.0,-0.00020473800524201536
890.0,0.011587190872906054
899.0,0.0030364979140224107
911.0,0.010368425472849887
918.0,0.0044858651607737965
926.0,-0.0005015553832439562
933.0,0.0005883310367046152
940.0,0.0023505822783593507
951.0,0.010066238396086495
956.0,0.007632300776632271
964.0,0.0018664356611750837
975.0,-0.006982839889698211
982.0,-0.01271696718443751
990.0,0.00827614084317067
997.0,0.006655529858225076
1005.0,0.002737441584845791
1012.0,0.007549297684306708
1019.0,0.015345503490066291
1027.0,0.006413517200828369
1036.0,0.005367102985960615
1045.0,0.0004093909060753981
1052.0,0.006274452351921662
1059.0,0.003791171360533311
1070.0,0.006761346878825326
1075.0,0.007169700304034598
1083.0,0.009231598224862756
1090.0,0.004091656346800657
1100.0,0.012963473955311985
1107.0,0.0028673832462644765
1115.0,0.007169218566873037
1123.0,-0.001236059292100854
1132.0,-0.004564346608138214
1136.0,0.0006252886659204811
1144.0,0.0027510944041835845
1149.0,-0.0036917247681666626
1157.0,0.00022699922386816476
1169.0,0.0034125986847243638
1183.0,0.003671735364157731
1187.0,0.008841897179538503
1194.0,0.0036402309400523857
1200.0,0.010504743302318183
1211.0,0.006821181298243159
1225.0,0.009532724241379076
1231.0,0.007830404578083592
1237.0,0.0035570311376260356
1245.0,0.008485040270935947
1254.0,0.006464452017187467
1262.0,0.00610987644578876
1270.0,0.0065751477294900725
1279.0,0.006525421360745122
1284.0,0.004646390730177653
1296.0,0.006800362186753382
1302.0,0.002825637379481876
1309.0,0.00670915551362225
1314.0,0.004603883798974829
1325.0,0.0012806548463228412
1334.0,-0.0042753485288145815
1345.0,-0.005927228228883239
1353.0,0.0017998549828244959
1361.0,0.006664620197186323
1369.0,0.003208811480392193
1376.0,0.002869051126173732
1383.0,0.01147287259489304
1391.0,0.001569954832874088
1397.0,0.005043561289578961
1406.0,0.004655165812147356
1415.0,-0.008211710433514782
1420.0,0.0006256958630821166
1429.0,0.001046492554684226
1441.0,0.006256529652321552
1451.0,-0.002609612949520633
1459.0,-0.004695085171596857
1470.0,-0.007021914978575581
1479.0,-0.0011594166784376924
1490.0,-0.0012331314774442685
1499.0,0.0012816770056685702
1508.0,0.007499618981032998
1515.0,0.006653092795626064
1524.0,-0.002664099171941116
1531.0,0.0036970919417322074
1540.0,0.012172294903867845
1548.0,0.008966375522812904
1555.0,0.006299724529574535
1564.0,0.008038984656319746
1572.0,-0.0011344661987794465
1583.0,0.012109862224384649
1593.0,0.0027507091043417337
1602.0,0.007030810095357085
1610.0,0.0020727502957789846
1614.0,0.009753771693458183
1621.0,0.013696784206455743
1625.0,0.0067710858568467425
1630.0,0.0007039754201088444
1638.0,0.010187634716929028
1645.0,0.009302246433912822
1659.0,-0.0061950132362383736
1665.0,-0.00027913835312356816
1672.0,0.0019197520228596524
1680.0,-0.01793560599633038
1685.0,-0.011966073576172787
1691.0,-0.0026372477367067877
1695.0,0.008367465147906284
1703.0,0.00733103262325228
1710.0,0.00031265724040284903
1716.0,-0.006269608719216718
1720.0,0.01461201591209909
1729.0,-0.003117002326821527
1741.0,-0.0016796525389488261
1749.0,0.008009527455410994
1755.0,0.0013950983017465052
1759.0,0.002140059015820463
1767.0,0.009452770037852026
1774.0,-0.003390955149057476
1781.0,0.003574143934393748
1793.0,0.006118440309070051
1799.0,0.0037354713785093603
1810.0,0.004290374481421172
1815.0,0.003807696742915867
1821.0,0.0097329774608945
1829.0,0.008367157983385111
1835.0,0.004864293372570984
1839.0,-0.005267393608165594
1851.0,0.010627456732262432
1860.0,0.0002458963081185278
1874.0,0.004266678242855643
1882.0,0.00584795183981132
1891.0,0.0061305533866387665
1899.0,0.001318968497383658
1908.0,0.0059078973084815975
1916.0,0.008740823707941148
1924.0,0.012113927457686496
1930.0,0.010552535479039232
1939.0,0.003451066900591112
1948.0,0.0008390599550536737
1952.0,0.0007270397834238725
1963.0,0.008785018178909925
1974.0,0.005436734733204985
1983.0,0.0012012896617502535
1992.0,0.0077801012876927205
1997.0,0.009257695696223622
2006.0,0.007810449143827678
2014.0,0.003837078326057804
2019.0,0.007392843412514581
2028.0,0.007073594953901876
2036.0,0.0030752896223183034
2045.0,-0.008275251846596922
2050.0,0.006290365866911236
2058.0,0.007593669326665964
2063.0,0.003879134862117884
2072.0,0.006281316624074766
2083.0,0.0059942578214482005
2091.0,-0.010397537148858587
2095.0,0.006210637038547884
2101.0,0.01746766863488647
2108.0,0.013345500080806314
2116.0,0.011330932448921503
2123.0,0.005111441922763498
2132.0,0.0052015733852444415
2140.0,-0.0006482329991664082
2145.0,0.010683832285752525
2153.0,0.0047496132641434725
2158.0,0.0008305384310046788
2172.0,-0.0005291335548735737
2178.0,0.0033642027450619147
2186.0,0.0026504896478888383
2197.0,0.006993924456349021
2205.0,0.00865217946396212
2214.0,0.009048735576164903
2218.0,0.009078941552149108
2225.0,0.005814912632613056
2231.0,0.004810267241344972
2237.0,0.005623845109571768
2244.0,0.006275937023354743
2252.0,0.012065777967604843
2260.0,-0.007253759245423585
2264.0,0.007711932481398973
2269.0,-0.00305734916657688
2275.0,0.004769182860119944
2283.0,-0.00900018689342659
2288.0,0.00949994501000971
2297.0,0.00566677982100003
2306.0,0.006169671985466655
2314.0,0.0037029188113723156
2322.0,0.005328072597833095
2331.0,0.005785933840839225
2339.0,0.002292432097402815
2347.0,0.008278132118753657
2351.0,0.007640488633154205
2356.0,0.012144416932160585
2364.0,0.00425375172906429
2373.0,0.005198849415001328
2380.0,0.01365807037869002
2388.0,0.006674147337956784
2395.0,0.011522703614519262
2404.0,0.004876784856823721
2412.0,0.012053022930988873
2418.0,0.009654219797557326
2424.0,-0.0018440452998043258
2430.0,0.003717760529498327
2438.0,0.005083564521658109
2445.0,0.005529318594923985
2455.0,0.006090963297126485
2464.0,0.008414333590383365
2472.0,0.005778954132550763
2480.0,0.007952882098663428
2486.0,0.0022397865519218386
2494.0,0.003134875450201175
2502.0,-0.013128188249600764
2506.0,0.009628661626448076
2514.0,-0.0022550296711322942
2523.0,0.0026637224961631486
2530.0,0.003033082301987421
2542.0,-0.017618435032764855
