,8
0,-0.0026880558060266794
1,0.0008613036958497183
2,-0.0008353291609882904
3,0.0008672922662092235
4,0.00147864193482725
5,-0.0010278842163063905
6,0.0007138260727038295
7,0.0008580963848251923
8,0.0038297058780059788
9,-3.119671569287462e-05
10,-0.001870132241158198
11,-0.000262099606451052
12,0.0014266305446360105
13,0.00023644820173586637
14,5.390644625221856e-05
15,-0.0002818508997147761
16,0.0001989505758540476
17,0.00023491184540408701
18,5.9524639823951255e-05
19,0.0006872036089072512
20,-0.00014520072714579196
21,0.000647884633968628
22,-0.001911422661531518
23,-0.0004778830983554167
24,-0.0005189106271368405
25,-0.0018987186068425024
26,-0.0013152515032931822
27,0.0010839213382532274
28,-0.0019445668087327847
29,-0.002224831353455511
30,-0.0002865066274470273
31,0.0031302329577986543
32,0.0011946789397307104
33,0.0007898067397574372
34,0.0010119770906921652
35,0.0010200948680323813
36,0.00010520770475736471
37,0.000414595970192308
38,-0.00019460492822275045
39,0.0003327971566470745
40,8.128050212834516e-05
41,0.0003906404791308149
42,0.00017904700322498438
43,0.0003655678396674964
44,-0.000485959110244711
45,-0.0006972524809978805
46,-0.0006730952904005684
47,3.751641763514697e-05
48,0.000666977246277771
49,0.0001762552932999563
50,-0.00015909516187709053
51,0.00014303163310558806
52,1.3394218228489627e-05
53,-0.0017898363952413084
54,0.0001322352142434123
55,-0.0017657886020498474
56,-0.0025694427685520357
57,0.0002712680150458488
58,-0.00032268038466790457
59,0.00011043176817719481
60,0.00035883672526522116
61,0.00010953509574381031
62,0.00030010788108963195
63,0.0002044037063642433
64,0.00021520850853123995
65,0.0032869190954892204
66,0.0007956795550989338
67,0.000673960883229292
68,-8.244702164721345e-05
69,0.0020911121971276636
70,-0.000899305054968436
71,-0.004786851960279927
72,-0.0008611290176860364
73,0.00016742795618320322
74,-0.00046225820123441076
75,-0.003069961304224909
76,9.571877503873563e-05
77,0.0006931062450071302
78,0.00042089144875172714
79,0.0001903448961884513
80,0.0007591416820090566
81,-0.00035800350453613647
82,-0.00032410901957359117
83,0.0002882539846373908
84,0.0001500999239394159
85,-0.0003986218439765165
86,-0.0003747815224732245
87,-0.006220048297416619
88,0.0026505259546580253
89,0.0005220659732967912
90,0.0033603222312961053
91,0.002470094398468626
92,0.0003512412669284181
93,0.0011140004123103369
94,-0.0005366422264764875
95,4.042767661342595e-05
96,0.00037586684096393974
97,0.0004068906731748388
98,0.002073835172852243
99,0.00021362559623509488
100,0.00017991834955818594
101,0.000557603785469481
102,0.00054333215936051
103,0.0005250287806389955
104,0.0004201841944094296
105,0.0020717915347262116
106,0.0023022635094622104
107,0.00031315641511689234
108,0.00019874746182501558
109,0.0008088950244849836
110,0.0007895743488529647
111,0.00041186834196322414
112,8.131510965635239e-05
113,-0.0011752922553874717
114,-0.0010208700854877472
115,0.00028748506723599165
116,0.0003092073368734136
117,0.00014918370315303745
118,0.00011321284055340928
119,0.0003609165160306614
120,2.155833878707514e-05
121,0.00023319210101569932
122,0.00044366706240857903
123,-0.0003267736685936379
124,-0.002360899277695077
125,0.0002932573924250243
126,0.0026854726146062434
127,0.0053647175057818
128,-0.0051904079529759
129,0.00047124573450212407
130,0.0011279865701986002
131,-0.002116980531455833
132,-0.0015263627054313798
133,-3.154461488832385e-05
134,0.00022331219500602642
135,0.0013356209654172592
136,0.00042939092415287373
137,0.00013229874422017413
138,0.0006411694663625372
139,0.0009109356434260627
140,0.0008077604359379971
141,0.0004896442158722943
142,-0.000445661108740707
143,0.0008270003524721075
144,0.0010079468327048563
145,-0.00043178577926699855
146,0.00010792297627345153
147,0.0013974404875334492
148,1.288745379496178e-05
149,0.0006684012703712072
150,0.00014245998792813893
151,0.00014032540029342846
152,7.537680796744077e-05
153,-0.0014207999575748715
154,-0.0010015780306647127
155,1.3373334147652651e-05
156,0.000559040226161811
157,0.0009532264260480102
158,0.00028027786259005836
159,-3.453120106316495e-05
160,0.0008317270000787501
161,0.0020764358405080388
162,0.0003828065300663444
163,-0.00012508085293713882
164,0.0020682909728836785
165,0.00031693397431088033
166,-0.00022110446301945068
167,0.0004592092941912353
168,0.0016854839474959773
169,-0.0005995246651312469
170,0.0001416582857614358
171,-0.0010874411863333394
172,8.229570285217496e-05
173,-0.0004662677338931385
174,0.00044009287705219167
175,-0.0013704996660815867
176,0.0007415749227978221
177,3.104183975935068e-05
178,-0.00011276781146752959
179,0.0007435230067302385
180,0.0006720709127071046
181,-0.00019575633546401952
182,-3.1938232165737405e-05
183,-0.0003518331906592476
184,0.00033899590405558384
185,0.0008575977686493208
186,-0.00024823981717196007
187,-0.00012550935786543227
188,0.0011925604640058503
189,0.0004369380345302259
190,-0.000872542362965435
191,0.001074000978058283
192,0.002308629897040941
193,0.00035995077647287026
194,0.0006232188648984823
195,0.002924149837555116
196,0.0005844863851381455
197,0.001109342637747298
198,0.0006103138745384986
199,-8.428902744953346e-05
200,0.00034235897611822484
201,0.0009869253136885758
202,-0.0006424559028141567
203,8.098905317241358e-05
204,0.00013619333992660783
205,-3.2672035353445325e-05
206,5.169681009038875e-05
207,0.00020151439892627208
208,-0.0009334699828506505
209,0.00020844778509090334
210,0.0006566099691827588
211,-0.0010440649732171203
212,4.020748869807017e-05
213,0.0009012519513586829
214,0.0005692291979916013
215,2.5662664343331624e-05
216,-0.00014274597468257687
217,-0.0010660201511098126
218,0.0011376183990592962
219,0.00024511219501807826
220,-0.0020390192194046897
221,-0.007213824704395417
222,-0.002167398595928894
223,0.0010975561982314815
224,0.001788256570380036
225,0.0011210751806355215
226,0.004821939455939828
227,0.0012321778095583465
228,0.00040171712978732195
229,-0.0001771337913124405
230,0.0005923427155088526
231,0.001172430833038297
232,0.002298319820178802
233,0.004948494635819592
234,0.00077675328973558
235,-0.0012878743336422068
236,0.0010717358732578613
237,-0.00013460005147066686
238,0.00016051394751473354
239,0.0028142441454849895
240,0.0026294185106798787
241,-0.00015839163072310305
242,0.0021423009015305496
243,0.0029923751067647657
244,-0.0018209491592021058
245,0.0001297785980645107
246,0.00046008351188726166
247,0.001058171688887982
248,0.0013794455457301301
249,0.0004330017730000461
250,0.0007080741859853145
251,0.004169557584362282
252,-0.00028678944850415555
253,0.0005825790697702812
254,-6.3375852451511e-05
255,0.0005338186295886523
256,0.0007874314883802519
257,0.001234715405719799
258,0.0023540824699204758
259,0.0009109305911331679
260,-0.0005947410889108455
261,0.0008963230250058429
262,0.0011916385577596283
263,-0.0002319281961803053
264,3.669099314507077e-05
265,-0.0019453833574807123
266,-0.0009639285610383476
267,-0.0003271052075956847
268,6.202406656731709e-05
269,8.578259533771455e-05
270,0.00023107545581377875
271,0.0002068053332929279
272,0.00021819571984648135
273,0.0005752433198970379
274,0.00019595763382066768
275,-0.0001442847856248233
276,0.0006793852287929573
277,-0.002411364633062213
278,-0.0006018598629678086
279,0.00553331762575488
280,-0.0022356302874943215
281,-0.00025838822040449714
282,0.00026111742859341044
283,8.73016013626223e-05
284,0.00014426610174003392
285,-2.9811537064716907e-05
286,1.64673270025778e-05
287,-0.0002627580178325068
288,-0.0003421698221778037
289,-0.0010618434831936596
290,-0.0008640331935739224
291,0.00011008535995683576
292,0.001985202422925961
293,-0.0002120855908728414
294,-3.506435557073093e-05
295,0.0015724386736251557
296,0.0027067895866122464
297,0.0009559469694715837
298,0.0008129830956412372
299,0.0017108755592076
300,0.001051118713408482
301,0.0011717710033079226
302,0.0034268130795302235
303,0.0009603088940220689
304,0.0002708715339593518
305,0.0024098781479821524
306,0.0036803274628691377
307,-0.0005624877293804193
308,0.0024983369143062595
309,0.0038065085974429307
310,0.003422880617643799
311,0.0008227083216159017
312,0.0004078835656809024
313,0.00261379904913111
314,0.002068800383345267
315,0.0008060988649167707
316,-9.261163929642741e-05
317,0.0028389253129654044
318,0.0003395265679758267
319,-0.00034879632767483677
320,-0.0024592452425420195
321,-0.002183882995600258
322,-0.0011673266554599075
323,-0.0027470099262120224
324,-0.008239088656210307
325,-0.0013768163752188194
