,4
2202.0,0.001105430434351625
2210.0,0.003387675208088661
2217.0,0.006351393582327608
2221.0,-0.005009143132514122
2225.0,0.003561192429151465
2237.0,0.01171263952619188
2244.0,0.005668232560066091
2250.0,0.009939684595012904
2259.0,-0.0033894348886445965
2268.0,-0.02090042689625311
2276.0,0.010442589550849108
2282.0,-0.014632168889254364
2289.0,0.00651091623778387
2296.0,0.0005064286245480183
2308.0,0.0025082027088768454
2317.0,0.009419201925215238
2324.0,0.005553452648093297
2330.0,0.006659880577550685
2338.0,0.002214745276205508
2346.0,-0.013431890529018721
2352.0,-0.006727368431461268
2356.0,0.0022838841808983145
2368.0,-0.000801088348048751
2378.0,0.00025250156181081155
2389.0,0.0029214655064601167
2395.0,-0.0007555165377628423
2399.0,0.006131347321201607
2403.0,0.005802697787925815
2409.0,0.007172807853371374
2417.0,-8.528794463462673e-05
2425.0,0.006200911068804117
2433.0,0.004006684374353197
2441.0,-0.0052894434782226945
2450.0,0.0016671698324849345
2464.0,0.006768477501693119
2471.0,0.008629767342066458
2478.0,-0.010337649151828426
2484.0,0.01921632269939739
2489.0,-0.00011741372386932967
2494.0,0.0072575493856350815
2504.0,0.0014449258646688857
2510.0,0.008757413743577483
2522.0,0.0015455450963410221
2531.0,0.007162700709211894
2537.0,-0.005374485995766235
2548.0,0.0010222517344018957
2556.0,0.005346396167716009
2565.0,0.00878312238082153
2572.0,0.007599311609037725
2583.0,0.004306908246637736
2591.0,-0.01680518033992153
2595.0,-0.001735507436839691
2604.0,0.0029059040020938207
2614.0,-0.0009691693945529289
2622.0,0.0036386320818910145
2630.0,0.00399384881672963
2638.0,0.008728914700541875
2645.0,-0.002957763724661049
2653.0,0.006621208419361995
2662.0,0.006069315760212376
2666.0,0.0076935272783172125
2674.0,0.00854143510647211
2683.0,-0.010416266781578335
2692.0,0.006121153763300221
2703.0,-0.001667076053989514
2710.0,0.010217127564150132
2718.0,0.011238525217566967
2723.0,-0.001202546016627588
2728.0,-0.0035374640099745717
2737.0,0.004524457438682896
2745.0,-0.0002907174190820457
2753.0,0.0013419656442420701
2762.0,0.004841699961454918
2772.0,0.006530370618103507
2779.0,-0.0013178292241154655
2787.0,0.003840842390120393
2798.0,-0.006709114132923704
2806.0,0.004688331549839457
2817.0,0.0015612083031733798
2826.0,0.00481415961520769
2833.0,-0.005263209227882146
2841.0,0.012597199195279667
2849.0,-0.010422995728909486
2857.0,-0.004469060875717249
2865.0,-0.00034744768873734994
2873.0,0.0010566096384188608
2881.0,0.0005292183384816091
2889.0,0.002818985322703601
2897.0,0.006356091988311411
2906.0,0.011856037803729695
2914.0,0.0048213056723575886
2920.0,0.0023243496948922395
2926.0,0.005949125107358233
2933.0,0.012845186267320221
2940.0,0.006596204638100524
2949.0,0.010756099695760276
2957.0,0.010835531579528624
2965.0,0.003523807558767514
2970.0,0.0028280194780805888
2975.0,-0.00312116595488453
2982.0,0.005507678248506301
2987.0,0.011218702721178921
2994.0,0.003779065215052911
3001.0,0.012630430145340864
3006.0,0.016460449782055058
3014.0,0.010349905948925812
3021.0,0.002666325822976693
3027.0,0.0011354467313316574
3033.0,0.006684497183477808
3039.0,0.012979888015558052
3044.0,-3.243786250129615e-05
3051.0,0.01763970851948863
3056.0,-0.006223588772311832
3060.0,0.010299891095332692
3067.0,0.001992760385962261
3076.0,-0.0021968082740160474
3082.0,0.003946267267104823
3090.0,0.004443933556950608
3098.0,0.002447341363556181
3104.0,-0.005101777600800869
3108.0,-0.0004912640336464908
3122.0,0.003020802414425004
3126.0,0.005842479781986804
3134.0,-0.008824680937970236
3141.0,0.006150204334606295
3149.0,0.002311744917195539
3155.0,0.004278845559186961
3161.0,0.0011349914790799462
3165.0,0.0005304135542081465
3172.0,-0.004581831511171641
3180.0,0.010294718794187434
3189.0,-0.0004849550373795931
3196.0,0.0031050343266602657
3204.0,0.008248175576609269
3212.0,0.004114562685464775
3220.0,0.00296745166354259
3229.0,0.0027047363256282337
3235.0,0.0018074571330545827
3243.0,0.0028408348208827125
3251.0,0.0050475731985143765
3256.0,-0.0008123101925570288
3263.0,0.008763133953139534
3271.0,0.008522674639461809
3279.0,0.0027245968503609745
3286.0,0.00124116905967925
3295.0,0.007935444114782688
3300.0,0.00812664936335657
3308.0,0.005045005435714313
3314.0,0.0028987057482451565
3323.0,0.006638327613958313
3328.0,0.0085259634022279
3334.0,-0.006411213086517994
3346.0,-0.0005168509457899418
3353.0,-0.005948927057479369
3357.0,-0.0019685651461024615
3366.0,0.008619635043298678
3374.0,0.017998564373024387
3381.0,0.00672846007372544
3389.0,0.0031164926964125966
3397.0,0.006161990931829568
3405.0,-0.00023518102125935135
3412.0,0.009231273387353477
3418.0,0.0005935968488623078
3425.0,-0.0037655038732776294
3429.0,-0.0009945774681318486
3440.0,0.007264248318551349
3448.0,0.001113799862973321
3457.0,-0.010267062110639486
3461.0,-0.0060065444264246004
3465.0,0.0023711266298804606
3474.0,0.001969686199456337
3482.0,0.01448646711195465
3488.0,0.000991312074905506
3494.0,0.017321935771862248
3503.0,0.0038056680713877923
3507.0,0.006558698742139907
3515.0,-0.0008551257717341507
3521.0,-0.002539958974879255
3525.0,-0.011575073077514429
3529.0,0.006265696165033297
3536.0,-0.006234907808720819
3543.0,0.007965055870417015
3550.0,-0.0026032929346100115
3556.0,-0.01811083675699354
3564.0,0.010695473285023798
3568.0,0.004836594104222531
3577.0,-0.0030090509485089377
3585.0,-0.0006813392521749019
3594.0,0.001070581210207775
3598.0,-0.0030747564513253166
3606.0,-0.0002954775086533498
3613.0,-0.0075285596789336755
3619.0,0.0029471201873732863
3633.0,0.0006909216003601541
3637.0,-0.004194529620505893
3649.0,-0.006141222624188659
3653.0,0.005566864043898901
3659.0,-0.012046316234556681
3664.0,0.013281510544601995
3672.0,0.0055251390293642
3679.0,-0.010179784653590512
3687.0,-0.009523319595776816
3695.0,0.0035064055207154545
3702.0,0.00258808099099363
3706.0,0.0057179849704434
3713.0,0.0001693034590641923
3725.0,0.009574413069089896
3732.0,0.0051766332272633955
3741.0,0.007591689790638852
3748.0,-4.050339100385329e-05
3754.0,0.015533164095391048
3762.0,-0.00783031794084583
3774.0,0.006438121000443868
3781.0,0.011289187267153401
3789.0,0.006246269293274154
3803.0,0.005817473270696689
3811.0,0.012279242108203003
3816.0,0.00324977963822126
3824.0,0.004836940845388544
3831.0,0.010428339819187348
3839.0,0.002080815154237336
3844.0,0.0035053959194094025
3849.0,0.0012711909517946645
