,5
2.0,0.007972908989524104
7.0,0.010628229504264229
14.0,-0.0013513182557488537
23.0,-0.007549914156581221
30.0,-0.0035745807763961214
38.0,0.0015762661695623089
47.0,0.002464553024737402
52.0,-0.000858113344583192
60.0,0.0048249121339290196
65.0,0.010185433129921402
72.0,0.003003214278887769
84.0,-0.005745820540998423
91.0,0.0026596839469364957
100.0,-0.003445423977731553
105.0,0.002982290229556884
114.0,0.004736150018332253
119.0,-0.0009017495985794738
123.0,0.002095190543921581
131.0,0.00260556448982826
140.0,0.0003262454826929962
151.0,0.0010959360962328375
160.0,0.0034832844446757013
167.0,0.0009693836488525379
175.0,-0.0029834342816334254
184.0,0.0005251248058260695
192.0,-0.005282677045148882
199.0,0.00180302807109966
206.0,0.0016462444478685383
215.0,0.0030237435161573796
224.0,0.0029837119896907577
232.0,0.0043262263007424915
241.0,-0.0018279829638542476
247.0,0.0023466002011573173
254.0,0.0013547906246841259
262.0,0.002446040223390051
271.0,0.002859705390683069
278.0,-0.00014174485413948775
287.0,0.00029976092538165655
295.0,0.0016816563902410442
303.0,0.004096784398539565
311.0,0.0008608880870917748
315.0,-0.002517536677569221
324.0,0.0019938700309822853
331.0,0.00011536764449811164
339.0,0.0021092736414428433
348.0,0.003689643513278257
355.0,0.005790864169647289
363.0,0.006644470566153054
369.0,-0.004143132367004352
377.0,-0.0005924515363276883
385.0,0.0013429487174601534
395.0,-0.0006267096643201708
406.0,-0.0007429106686401845
414.0,0.0007943891589044943
418.0,-0.0009010739845861358
422.0,0.0007544692170298354
431.0,-0.002896718517075438
439.0,-0.0024038248167026883
448.0,0.0003585548975159354
456.0,0.0057627101677294075
465.0,0.0012102674384910105
472.0,-0.0019000092943257496
480.0,-0.009289283809393931
489.0,0.003224874815421486
493.0,-0.006572492623510678
507.0,0.0020093246104200763
511.0,0.006033057033413846
522.0,-0.0014419072880516835
529.0,0.00022501931827163666
541.0,0.00047387175202702844
553.0,0.003399002667152592
560.0,0.002173434219351283
571.0,-0.0029114439719106497
579.0,-0.004355087079646069
588.0,0.0011134320313493156
595.0,0.0032104990799827035
601.0,0.0002890478639681447
607.0,0.0030816386265207865
614.0,0.004693681417580357
621.0,0.004389418739776974
627.0,0.0004783094733519302
634.0,0.0039061070935384728
642.0,0.003919526438838541
650.0,0.010113556834846367
655.0,0.005190596923948177
661.0,-0.015231203412032051
668.0,-0.023739448777856137
673.0,-0.01276591874713727
677.0,0.02100039455977153
682.0,0.008087973864684454
691.0,0.002103835943179175
700.0,-0.002974635283212678
709.0,0.0012399304236798937
718.0,-0.0019249562845051118
729.0,0.0019581296465440664
736.0,0.005915689477495764
743.0,-0.005954187213226773
748.0,-0.005548352146371164
760.0,0.00031033121127774314
768.0,0.002301045054734787
772.0,0.004871434281921419
780.0,0.009490747277085085
785.0,-0.0025488960794826094
789.0,0.004692616715668451
797.0,0.005720703586174988
805.0,0.0005533592807188228
816.0,0.00013814406697621498
828.0,0.0030385882760699677
836.0,0.0006116859756379572
842.0,-0.0012754277798359406
851.0,-0.0028166815881080455
859.0,-0.0009179246458553946
866.0,0.005451626595569975
874.0,0.002157406873125714
881.0,5.519354360489403e-05
888.0,0.0019099691457900615
900.0,-0.00023826136951394345
907.0,0.00024277276489808979
914.0,-0.0024984594763929682
922.0,0.0002475175924319295
930.0,0.0030147585244191494
937.0,0.000991505840916805
945.0,0.001698645230393002
952.0,0.002342996452997678
961.0,0.001589746072800572
973.0,0.0015866964906895977
984.0,0.0041669998723282455
991.0,-0.0002754130440497273
1005.0,0.00015232117769726166
1014.0,-0.0036983206626108977
1019.0,-0.005918336924527954
1028.0,-0.00037763594011658557
1037.0,-0.003166853695520021
1046.0,0.0019653490640695447
1054.0,0.0015806067880850456
1062.0,0.0012914143610186525
1070.0,0.0021190494310924387
1075.0,-0.0009560680716493041
1082.0,0.0039860231590405516
1089.0,0.00039217186037426594
1102.0,0.007262052060344919
1107.0,0.009542042232815327
1114.0,-0.001115613903387632
1123.0,-0.008818364617290174
1130.0,-0.002662129083405584
1138.0,0.0018056444278557564
1147.0,0.0033081168562004125
1152.0,-0.001224724594829384
1160.0,0.004501813760561918
1165.0,0.00804544363712773
1172.0,0.0011689572895717097
1184.0,-0.005579808879904958
1191.0,0.0006318371685089273
1200.0,-0.005084622675931576
1205.0,0.0037321374063621973
1214.0,-0.003215198550371957
1219.0,-0.0005756690314147577
1223.0,0.002211075244960875
1231.0,-0.0015284527386558659
1240.0,0.0004170993903485008
1251.0,0.0011183493384845254
1260.0,0.0034059222143949072
1267.0,0.0009628517050262525
1275.0,-0.0015979655248940742
1284.0,0.00038866818963985476
1292.0,-0.004251998584804156
1299.0,0.0011779602786696761
1306.0,0.0021795284778917154
1315.0,0.0028602651907549043
1324.0,0.0037233144060213204
1332.0,0.004277820613151828
1341.0,-0.001972499532404061
1347.0,0.0024676735916155474
1354.0,0.0020700809800743994
1362.0,0.0010556588746189277
1371.0,0.005502801057524748
1378.0,0.00019480555902805054
1387.0,0.0006759425302731455
1395.0,0.0020514713932856627
1403.0,0.004060961805998566
1411.0,0.00045589906312195705
1415.0,-0.0029114537626583614
1424.0,0.0020356555366984968
1431.0,0.0033727390648740623
1439.0,0.004031559023085437
1448.0,0.0025231287120411126
1455.0,0.0017934101035524139
1463.0,0.004395008235728751
1469.0,-0.0013429568152520722
1477.0,0.0020363670690655426
1485.0,0.0013580298862105663
1495.0,0.000118847603946373
1506.0,-0.00018899399676931047
1514.0,0.0004526162540125771
1518.0,-0.0010542927982471074
1522.0,0.0005198408051016696
1531.0,-0.0010364248563425513
1539.0,-0.00033176456880627185
1548.0,0.0028781503267903247
1556.0,0.005739038796855712
1565.0,-0.0001427827264652615
1572.0,-0.0015077646758527568
1580.0,-0.009533810572213069
1589.0,0.003921368631212493
1593.0,-0.006823454803839472
1607.0,0.0023451280486246934
1611.0,0.007374023233775577
1622.0,0.0010406695192123746
1629.0,-0.0009060310998319655
1641.0,-0.0007340278876994705
1653.0,0.0029803814578817775
1660.0,0.0006716603739037231
1671.0,-0.001848800123623329
1679.0,-0.004260360131323899
1688.0,0.0012365252228307116
1695.0,0.0022366399022432943
1701.0,0.004087016146496684
1707.0,0.0024113338589232362
1714.0,0.000500979646703924
1721.0,0.0009173311337067328
1727.0,0.0009686508771563099
1734.0,0.006828712997838919
1742.0,0.008430122015104347
1750.0,0.008803146527920728
1755.0,0.003001854302202943
1761.0,-0.016638529838308578
1768.0,-0.016768417632497264
1773.0,-0.01286512519533135
1777.0,0.020983540200652535
1782.0,0.010532118200986377
1791.0,0.0012086005963423
1800.0,-0.002248837627381315
1809.0,0.00174872551347774
1818.0,0.000601537139181219
1829.0,0.0021349119713538534
1836.0,0.00479452545770455
1843.0,-0.00845831714087543
1848.0,-0.008045715664489878
1860.0,0.0007812495739140236
1868.0,0.005199899222635194
1872.0,0.0036675525308229005
1880.0,0.008545491777063936
1885.0,-0.004088436091788955
1889.0,0.004129923755881007
1897.0,0.005558820011966696
1905.0,-0.0021266338047468197
1916.0,-0.0008348697324690086
1928.0,0.0030745970846804485
1936.0,0.0005824009655369512
1942.0,-0.002203572525449638
1951.0,-0.0005511401235285051
1959.0,-0.00041000339934335616
1966.0,0.004991016160592536
1974.0,0.002053923065369863
1981.0,0.0014074930662153937
1988.0,0.0012985605314049366
2000.0,0.0011831698035871603
2007.0,-0.00048184849216022284
2014.0,-0.001868420917025177
2022.0,0.0004402353948039115
2030.0,0.0031305524371777723
2037.0,0.001164649186578098
2045.0,0.0035646488375133028
2052.0,0.0023811419651219128
2061.0,0.0021148940067832827
2073.0,-5.85906668836285e-05
2084.0,0.00292021781066223
2091.0,-0.0002611380412083476
2105.0,-0.0004187398650600144
2114.0,-0.002932580967986464
2119.0,-0.004843735675436685
2128.0,-0.0033382129127794173
2137.0,-0.00048212447535502054
2146.0,0.0032606111780642223
2154.0,-0.0014244646098175425
2162.0,0.001263319600348788
2170.0,0.001304995682493335
2175.0,-0.003488016519850635
2182.0,0.006223952610612837
2189.0,0.007299267975344376
