,3
2.0,0.0027186333245808377
7.0,0.00631121335289542
14.0,0.016701215006069966
23.0,0.004887874222780995
30.0,0.028698826090516667
38.0,0.01848539097245301
47.0,0.009178265339072154
52.0,-0.007240354646234085
60.0,-0.003400814735670137
65.0,0.001146232167861457
72.0,0.015022143595621944
84.0,0.0059157526892055145
91.0,0.011828772814506243
100.0,-0.00226168829416408
105.0,0.02230036361183229
114.0,-0.004181850680627687
119.0,0.023569784277755548
123.0,-0.0068540870910101075
131.0,-0.001480312097945224
140.0,-0.01608168452169528
151.0,-0.0006206157002798719
160.0,-0.011334657367065962
167.0,-0.00528593247324722
175.0,-0.02238352943496157
184.0,0.011981825436952299
192.0,0.007093198632907266
199.0,0.003359910254581147
206.0,-0.006528340912165662
215.0,-0.009277378103922665
224.0,-0.023820968243648714
232.0,0.0200166433915687
241.0,0.014100237696626666
247.0,0.01929226138368699
254.0,-0.011527859378390915
262.0,-0.010888745562194775
271.0,-0.0077385284350335246
278.0,-0.0113266431553223
287.0,0.004962515692936971
295.0,-0.017597959101407885
303.0,-0.003541689125917909
311.0,0.015612798407503297
315.0,0.003193385147424359
324.0,-0.0034754108748675187
331.0,-0.007206215134069561
339.0,-0.0037546611773134693
348.0,0.00623287121334036
355.0,0.013774698596521182
363.0,0.01512780768831413
369.0,0.021458833815739566
377.0,0.005520547636767322
385.0,-0.006297786395524834
395.0,-0.009139609435239743
406.0,0.01788020754627424
414.0,-0.03265536008443195
418.0,0.02316088875668883
422.0,-0.007249348524858218
431.0,-0.019404935896838522
439.0,0.0039053181637571095
448.0,0.00886215500467105
456.0,-0.00880364710950821
465.0,-0.00860894914806678
472.0,-0.01037955438367196
480.0,0.013644012712696163
489.0,0.011231501052894758
493.0,-0.006516084056525248
507.0,0.010820255931614772
511.0,0.01119583720224098
522.0,-0.006980177653360792
529.0,0.0021465861781568003
541.0,-0.0010224022160748387
553.0,-0.013733021251483374
560.0,-0.009516783442046381
571.0,0.012420707145446788
579.0,-0.012253173029534162
588.0,0.01127487909232213
595.0,0.0075358064335288265
601.0,0.016374046429793832
607.0,0.00899058113638509
614.0,0.009201922127154484
621.0,-0.0129671294420166
627.0,0.01471655578126026
634.0,-0.005172267361290405
642.0,0.01610168032985299
650.0,-0.013971153668275916
655.0,0.013044347392751147
661.0,-0.006226959761750242
668.0,0.005575255855653877
673.0,0.005686203940435155
677.0,-0.024988149739632544
682.0,0.020893620083086355
691.0,-0.011271260515801476
700.0,-0.006206502983123871
709.0,-0.009005261948580584
718.0,-0.018011705116379225
729.0,-0.002497025815331901
736.0,0.008263215187198827
743.0,-0.003415163392987367
748.0,-0.012384466299093452
760.0,0.007412885719609484
768.0,0.0206507464364805
772.0,0.019373050918966322
780.0,0.011366639081905472
785.0,-0.022750999345137704
789.0,-0.00830374585116938
797.0,-0.0015076624881552362
805.0,0.007512867540134826
816.0,-0.00974862273340878
828.0,-0.02111310714664805
836.0,0.011279593147476825
842.0,0.02312652427559078
851.0,-3.1467598489528575e-05
859.0,-0.0089596539385372
866.0,0.006196309858798409
874.0,-0.016650201576307033
881.0,-0.00493921638211149
888.0,-0.00977738061267209
900.0,0.009345003238448567
907.0,0.004117639163734226
914.0,0.011130858271061818
922.0,0.018326537131873294
930.0,-0.0005727552442716363
937.0,0.0012246174605516692
945.0,-0.005055698598959411
952.0,-0.007844656859034535
961.0,0.0015645429515320271
973.0,-0.009048729759673465
984.0,-0.0016166218985257843
991.0,0.003941444310799809
1005.0,-0.015290437686496468
1014.0,0.0016546438211103441
1019.0,0.006355806355220273
1028.0,0.012495605278270904
1037.0,0.005562165306965022
1046.0,-0.0028841155715369866
1054.0,0.002661856151355088
1062.0,-0.006119687337918433
1070.0,0.011685309643063569
1075.0,0.0003392340055795625
1082.0,4.769920733144239e-05
1089.0,0.006496005838142788
1102.0,0.0013733078998261075
1107.0,0.008246156349555804
1114.0,0.018901015881969886
1123.0,0.005017918172986374
1130.0,0.019861450314163982
1138.0,0.01899232868759026
1147.0,0.010950861375768256
1152.0,-0.009536217018790519
1160.0,-0.0018589816122111533
1165.0,0.00023883852000044744
1172.0,0.01414699920488497
1184.0,0.008556604834598674
1191.0,0.011567879389337683
1200.0,-0.00686699158049911
1205.0,0.019592025840119976
1214.0,0.0014596424138220631
1219.0,0.021110865362309477
1223.0,-0.0020110645086506185
1231.0,-0.0021247065163213534
1240.0,-0.015023721087684846
1251.0,-0.006890628106986347
1260.0,-0.009628307811079444
1267.0,-0.006587683274159837
1275.0,-0.02101445148506092
1284.0,0.009845257629045843
1292.0,0.006945388483706681
1299.0,0.006171294134388291
1306.0,-0.010818264614465825
1315.0,-0.008994327449700594
1324.0,-0.01905110944724989
1332.0,0.018635814811484287
1341.0,0.018209874141949616
1347.0,0.015308337198879796
1354.0,-0.007257560679172405
1362.0,-0.00917281600482218
1371.0,-0.007567320320719925
1378.0,-0.009593097425767033
1387.0,0.007610804678470701
1395.0,-0.016437050908278964
1403.0,-0.008525918261189246
1411.0,-0.005047393668077201
1415.0,-0.00424447932137044
1424.0,0.00398500161069582
1431.0,-0.01274419877871411
1439.0,0.0009629529434437783
1448.0,0.007874191735206352
1455.0,0.011346388979181539
1463.0,0.014241735334416819
1469.0,0.022378760308126244
1477.0,0.001261669765858043
1485.0,-0.007902202997239195
1495.0,-0.005670037399601842
1506.0,0.01859726226897482
1514.0,-0.02042935448146147
1518.0,0.025795115041523077
1522.0,-0.012385770062217144
1531.0,-0.015118010489223269
1539.0,0.0018385872511516394
1548.0,0.005607601814961715
1556.0,-0.008190352297331744
1565.0,-0.008821158475975192
1572.0,0.011156857741863221
1580.0,0.01738594118205747
1589.0,0.008147633739558974
1593.0,-0.0056300934402012765
1607.0,0.011884847559764235
1611.0,0.008451728887347302
1622.0,-0.003820397632390043
1629.0,0.0022093318555229478
1641.0,-0.008754554302984255
1653.0,-0.012954143786436638
1660.0,-0.018252106125751257
1671.0,0.014861846258368602
1679.0,-0.007486728456216104
1688.0,0.009693650541866598
1695.0,0.0017313058823624076
1701.0,0.02236776876294585
1707.0,0.006633734731065581
1714.0,0.007969618648172305
1721.0,-0.013669713222189319
1727.0,0.014734758626796724
1734.0,9.843962944204562e-05
1742.0,0.014135171453333734
1750.0,-0.010858918894109264
1755.0,0.012998261398890036
1761.0,-0.005378440393901455
1768.0,0.003438769647875245
1773.0,0.005067764613086779
1777.0,-0.023412735638792613
1782.0,0.02016821541524419
1791.0,-0.006908358677531155
1800.0,-0.004403876083644518
1809.0,-0.007428997934407707
1818.0,-0.008115342986835625
1829.0,-0.005363584594808439
1836.0,0.00294825932018635
1843.0,-0.0005455882302144166
1848.0,-0.021630285914839523
1860.0,0.015697529524542238
1868.0,0.025241979985236456
1872.0,0.02192756986792822
1880.0,0.01165634234016508
1885.0,-0.023295610259433504
1889.0,-0.012270227175763811
1897.0,-0.0020718250190622923
1905.0,0.00227399108475983
1916.0,-0.005157193355721462
1928.0,-0.0224859396762345
1936.0,0.012224472295805788
1942.0,0.02053964657340747
1951.0,0.0034631807663146855
1959.0,-0.0032021099820393755
1966.0,0.0014563872990054514
1974.0,-0.015438373107333746
1981.0,-0.009889635172123
1988.0,-0.01159703291187447
2000.0,0.008083127466971212
2007.0,0.005793265458670674
2014.0,0.0098543408005284
2022.0,0.01898177271363264
2030.0,-0.0022340199571871653
2037.0,0.006027780463238752
2045.0,-0.00794425260382348
2052.0,-0.007131396946137986
2061.0,0.0003468650738994683
2073.0,-0.007012080626636206
2084.0,-0.0019113865808561227
2091.0,-0.0026030913037818114
2105.0,-0.014994537979167402
2114.0,0.005098823257771374
2119.0,0.007601850108962392
2128.0,0.011653483735608226
2137.0,-0.0011287913580503217
2146.0,0.0025864058293359454
2154.0,0.0014873842464615643
2162.0,-0.008940190407630546
2170.0,0.008988137447586517
2175.0,-0.005244477271233521
2182.0,0.007729936024453023
2189.0,0.008134689286280444
