,5
2.0,-0.015635381910505317
10.0,0.0034327618112080004
14.0,0.0013954068924883663
22.0,-0.0006951891335274477
31.0,0.001202404846261525
38.0,0.002977768544292338
46.0,0.003030849208844968
55.0,-0.0016305352052433495
63.0,0.0013119523568821605
75.0,-0.0007922814598274002
83.0,-0.0022755230674522727
91.0,-0.005312294984522043
98.0,-0.0009144775914511662
107.0,0.0006228125476356404
119.0,0.0003640818654390105
130.0,-7.047444784558934e-05
134.0,-0.0002860399354794778
141.0,0.00246239540926583
149.0,-0.0012751384008372912
153.0,-0.0024372313790191995
161.0,0.0008698286851612616
165.0,0.004369602161052048
172.0,-0.015879664126028578
179.0,0.006752438984687842
184.0,-0.0010956098125943611
193.0,0.002297714305269087
201.0,0.00042982410801107674
212.0,0.0018401517026147825
219.0,0.003721566683687164
226.0,0.0015425529244166316
234.0,0.0005579119681391242
245.0,0.0005254120397664359
253.0,-0.0003004440733342148
260.0,0.0003887978615349476
264.0,0.0009293903683711598
270.0,-0.0018061616030617287
276.0,0.0004579320361851928
284.0,-0.0034465937106767028
292.0,0.0020277389373058617
306.0,0.0007789404533001944
313.0,0.0007162285676874969
320.0,-0.0003495114441674543
326.0,-0.00398754385750928
333.0,-0.005035909743119897
345.0,-0.0014097000123081825
351.0,0.0011923195617556384
357.0,-0.0019566201155484767
363.0,0.002512106578006561
371.0,-0.0006565671064210465
376.0,0.0014608170530755942
382.0,0.0008669899155496621
388.0,-0.001160431867873915
396.0,-0.0006599400239774027
406.0,0.0020133234382153
414.0,0.0013173383169719733
423.0,0.0020449953960480333
434.0,-0.0003897284137949867
442.0,0.001964634275225585
449.0,-0.0015882397386148045
457.0,-0.0014141651037524803
465.0,0.00476679020790403
471.0,-0.00535726248156513
477.0,0.0008867100494422445
484.0,-0.0005836088520944403
495.0,-0.002901534860299862
504.0,-0.0001941054751862136
509.0,0.00690800559485692
526.0,-0.011190450751892983
535.0,0.0014076040146373046
544.0,0.001972636851699403
552.0,0.004775047858835729
558.0,0.002613888399671321
566.0,0.0002176788753307208
573.0,-0.003653300225571048
585.0,-0.0240531714395473
589.0,-0.0008902645697679678
596.0,-0.003618478439550026
600.0,0.001011880893648962
606.0,0.0018111352316487904
614.0,-0.0007337739901136107
621.0,0.0014746308248589056
625.0,-0.0005598292784115013
633.0,0.002388867945504886
641.0,0.00021697255357310932
645.0,0.0001224469391993184
657.0,0.00015324422409476558
665.0,-0.0009331897776453455
672.0,0.005048665996262972
679.0,4.874769172781574e-05
688.0,-0.0011554191532424229
695.0,0.003421136379990555
699.0,-0.0014592244714054271
703.0,0.005492475706354108
711.0,0.0008138178338309612
717.0,0.00029507204064900533
725.0,-0.0009043141153195167
732.0,0.009126345487604619
740.0,-0.0006764804726021954
749.0,0.0006183336958799775
757.0,0.0008581680116202545
768.0,3.288480715001117e-05
772.0,0.0018683946852465021
780.0,-0.0015180990455593746
786.0,-0.0011227271006438242
795.0,0.0021030698905160337
802.0,-0.0011884641056761787
811.0,-0.015026941482374462
818.0,-0.001062595121004114
822.0,0.00300600897434873
828.0,-0.002996593454524274
839.0,-0.0003942459010060563
847.0,0.0001510597699963884
859.0,-0.007129327506335525
871.0,0.0028473169175476775
876.0,-0.005552338506003078
883.0,-2.0415388267831555e-05
894.0,-0.001476951059594357
902.0,-0.002709783757466913
906.0,0.0015717985233950449
914.0,0.00017961052741929484
922.0,-0.0004480872872731712
926.0,0.0019691902715272143
934.0,0.0014479220512307529
939.0,0.0017451317842729916
951.0,-0.0031523457950170665
958.0,-0.0037061833397374136
964.0,0.0036974761534443526
972.0,0.0014758871488565564
978.0,-0.0032190309978938664
983.0,0.0016942473744111816
989.0,0.0009655347638613469
993.0,-0.0001833774662488915
998.0,-0.006989487841355136
1005.0,0.0011608684987940772
1012.0,-0.005229249385820069
1019.0,0.0021281505601074696
1030.0,0.0009398139468608666
1038.0,0.00044406779658262053
1046.0,-0.00010575763788423691
1054.0,0.0015544307363816038
1068.0,-0.0014365927064039423
1076.0,-0.003978427330116627
1085.0,-0.006709424121154523
1089.0,0.003681956742720094
1097.0,0.0017189204519365852
1104.0,-0.006158596656311322
1110.0,-0.0034933898831230035
1119.0,-0.0012416846208864265
1127.0,0.00048694401644283
1135.0,0.0007703129970252999
1146.0,-0.0004551116463479584
1152.0,0.004389481181871628
1159.0,-0.00027348647418513867
1171.0,-0.0009079550737772229
1179.0,0.0009694277375789884
1185.0,-0.00022432041478261997
1191.0,0.0002254054983532897
1199.0,-0.0032137758558524834
1207.0,-0.001186818950720629
1215.0,-0.0010185337453068421
1221.0,-0.0020358748223045318
1225.0,0.0017353284535137794
1231.0,0.0014971554572462803
1238.0,0.0022344352563777
1245.0,0.0009996460215625762
1253.0,-0.0004135540253741222
1261.0,0.00026042757791143494
1265.0,0.0025690637084372766
1269.0,0.0035146293577442114
1277.0,-0.0016377881345932123
1285.0,0.0025325397059382687
1291.0,0.0034865256942081097
1297.0,-0.0007653793466785634
1309.0,0.002289170430071834
1321.0,0.003346142339945234
1328.0,0.0016044707202796115
1332.0,0.005377440976552193
1338.0,0.0021890567418895264
1346.0,-1.1166464230351291e-05
1354.0,-0.0011505254937811018
1368.0,0.003982162475958314
1375.0,-0.004644595292452762
1382.0,0.000906155838193926
1389.0,-0.0010045076930485781
1395.0,0.0004160286909231774
1402.0,0.0020761866539979177
1411.0,-0.0010628135076168807
1415.0,-0.004167288284471643
1427.0,-0.0034501573494188937
1441.0,3.687628261135846e-05
1450.0,0.0011347940169222435
1458.0,0.0031321023282646744
1465.0,-0.000762840998072964
1473.0,0.0013913351990626145
1481.0,0.0026243541340190703
1487.0,0.0009551431276951758
1495.0,0.006335561235645034
1502.0,-0.003220172758243872
1510.0,-0.005917355909024774
1518.0,-0.00020754001990260561
1522.0,0.003649917863072207
1531.0,0.0022696726465104514
1538.0,0.007328296698356982
1546.0,-0.0003327754802017148
1551.0,-0.003772595684497482
1557.0,-0.002759374937747005
1563.0,-0.0030210475127219714
1567.0,0.0048866325292448885
1571.0,0.0025412700953894272
1577.0,0.0032425728043479585
1586.0,-0.0005953013907435966
1591.0,-0.001363061760661441
1599.0,0.004974404439351795
1606.0,0.001899903038550485
1614.0,0.0008614988629436429
1621.0,0.001042834398012624
1625.0,0.00503772381250927
1632.0,-0.0014702322294197893
1638.0,0.0009027285203708198
1646.0,0.0010426758418642405
1654.0,-0.001297647631897639
1661.0,0.002700669439316775
1665.0,0.0016242760748551041
1672.0,0.001017391633744394
1679.0,-0.0006333874879908574
1685.0,0.00416621023482098
1690.0,0.003818486040530962
1698.0,0.0010258312942042103
1703.0,0.0015285613846656764
1711.0,0.004930670525059357
1719.0,0.0011896719334396173
1728.0,0.0016127589512159998
1734.0,0.0017480488437279114
1742.0,0.0002421376013406506
1750.0,-0.0034252036684859306
1754.0,-0.0009971522048066541
1759.0,0.002992555773144731
1765.0,-0.000147223666647133
1774.0,0.002494656907776577
1782.0,0.0003217830305935578
1788.0,-0.009575343691181733
1796.0,-0.005379092743872406
1800.0,-0.0033966353012852774
1809.0,0.0015601666495313577
1817.0,0.002084892251431718
1824.0,0.005055104832185934
1832.0,0.0007068285889105055
1838.0,-0.0036224371312135214
1844.0,0.004950272585001486
1850.0,0.003233299737508553
1856.0,-0.000779634954428146
1864.0,-0.0011368113327543878
1872.0,0.006733331726358034
1878.0,-0.0004322766192037972
1886.0,-0.005917289184623371
1893.0,0.0022563761942775815
1901.0,0.000373481278132404
1909.0,0.0017709626517398622
1916.0,0.0015322056139616077
1927.0,-0.0006155181590316155
1934.0,0.00023279650346986908
1942.0,-0.0002111707248326291
1950.0,-0.004652788669790727
1954.0,0.006483548577873794
1961.0,-0.00140319994112771
1970.0,0.0019466125165457516
1982.0,0.002059815852236516
1989.0,0.002376545331565565
1997.0,0.000463433654849181
2003.0,0.00023641647305561582
2010.0,0.0009828749088319087
2016.0,0.0027092958353238258
2021.0,0.0004426156659007457
2033.0,0.003982927256230108
2041.0,-0.00026719146153343263
2049.0,-0.0014548128920787056
2058.0,-0.010067764326045869
2066.0,0.001958634157222603
2074.0,0.002421728116277386
2082.0,0.010009148758802258
2088.0,0.0019120847920695609
2094.0,0.0036446809849843553
2101.0,0.00031888477494107807
2107.0,-0.002639429247211808
2111.0,0.0031558576449608098
2122.0,-0.0021160457063648247
2131.0,0.0057139983315346084
2135.0,0.0036807109338524535
2143.0,-0.0023437773504145134
2151.0,-0.0006405056270534924
2158.0,-0.000211035092358663
2165.0,0.0065317164548189385
2172.0,-0.006876843985039719
2178.0,0.0014674281229573205
2184.0,-0.014461864050731379
2188.0,0.001077590781677897
2197.0,-0.004466394266451051
2205.0,-0.00019370949377714146
2219.0,0.002347740047634705
2227.0,0.0007871936913790133
2235.0,0.00217140270237523
2239.0,0.0004148186368717371
2247.0,-0.004926616163694937
2254.0,-0.0015016646115037758
2265.0,0.0009897126085186595
2273.0,-0.00022716352500504338
2284.0,0.0007411330267737577
2293.0,0.002020868659226081
2305.0,-0.0028621155512991467
2317.0,0.0017946133990816148
2324.0,0.0004993977180487842
2331.0,-0.0003057335927634658
2342.0,-0.0013049498633589786
2350.0,-0.0002549906379060775
2361.0,-0.0020146542006268977
2366.0,-0.001041308523915574
2374.0,-0.0023025042152015943
2382.0,0.0020426965000947543
2391.0,0.0034238381604409186
2398.0,-0.0014232109583632393
2402.0,0.000636508929809872
2410.0,0.003216369557069017
2415.0,-0.0033852896655815383
2422.0,0.00047049305060924585
2429.0,-0.004585821607746486
