,6
2.0,-0.005190977836104647
10.0,0.003067913742575238
14.0,0.000561321068647509
22.0,-0.00011716090778285459
31.0,0.0025599369357482355
38.0,0.004299466462143092
46.0,-0.0007189563874202839
55.0,0.0002166949597797137
63.0,-9.816021362620141e-05
75.0,-0.0020038316100268066
83.0,-0.00041262057317545164
91.0,0.0003354143290587726
98.0,-0.001048588080047714
107.0,0.0014991296715593993
119.0,-0.001025107597139412
130.0,-0.0028594323277016326
134.0,0.000655191012450467
141.0,-0.00030226259453485974
149.0,-0.0005385040750401383
153.0,-0.0001812966572749312
161.0,-4.237136949135108e-05
165.0,0.0008292723687378853
172.0,-0.009680189676986282
179.0,-0.001339982578352134
184.0,0.000494616789151849
193.0,0.0007424283770955873
201.0,0.0014275883465117828
212.0,-0.0007538537077671193
219.0,-0.00011466412044430786
226.0,0.0004539331488983622
234.0,0.00120440099501297
245.0,0.0005137244723966211
253.0,-0.00015130605826272207
260.0,-0.0022723816159905294
264.0,0.0016764830357924592
270.0,-0.0015900364166341488
276.0,0.00018748094242722896
284.0,0.0016928520677186856
292.0,0.00027404441028757744
306.0,-0.0020833780096233723
313.0,0.0005356134112055707
320.0,-0.0008174539551069989
326.0,0.0011304850300338449
333.0,-0.005918567827226762
345.0,0.0015186529071029606
351.0,0.002295706836249892
357.0,0.00017655558063659523
363.0,0.001675477854480203
371.0,-6.638147597350359e-05
376.0,0.00026149194573729857
382.0,0.003687446092705749
388.0,-0.0011770463086115369
396.0,0.004029372343913229
406.0,0.0007434852458448567
414.0,0.0015320010247068788
423.0,0.0010444188857109175
434.0,0.002357975530400593
442.0,-0.0010110591614734133
449.0,0.003551116396376764
457.0,0.007461896674807381
465.0,0.001924803790380077
471.0,0.0018811108398597192
477.0,-0.0005772275614119967
484.0,-0.0007333158378205293
495.0,-0.0016867036026477493
504.0,0.005125961034201244
509.0,0.006978389156190812
526.0,0.0003078565287437997
535.0,0.002206696606616765
544.0,0.0054819424377154985
552.0,0.0016923405599283904
558.0,0.002766800542301703
566.0,-0.0008330988322899232
573.0,-0.005012300531350053
585.0,-0.01424658877358378
589.0,-0.005611544791930279
596.0,-0.0033341844063280108
600.0,-0.0007685186979023016
606.0,0.00039765907488297745
614.0,-0.0011854476964156349
621.0,0.0012018425610541494
625.0,-1.5278034718348004e-05
633.0,-0.0005593916060435497
641.0,-0.00033480504625233
645.0,-0.0021020292546071275
657.0,4.6813259266959824e-05
665.0,-0.0020216359314482175
672.0,0.000863042052813291
679.0,-0.0006383742714386824
688.0,-0.0012772848260836501
695.0,0.001509352099280603
699.0,0.0014276901821858978
703.0,-0.00028331904684065633
711.0,0.00020906276759855493
717.0,0.00023738073408595883
725.0,-0.0006683096948479572
732.0,0.003962260125791665
740.0,0.0016634968416322253
749.0,0.001328348752691131
757.0,0.0022947724655417385
768.0,-0.00025970930638391455
772.0,0.000943758355234839
780.0,0.0004746824082937592
786.0,-0.0010527465999347072
795.0,0.0007664079548195366
802.0,-0.0001847416210399641
811.0,-0.007774450306097948
818.0,-0.004699470739259258
822.0,0.00582269462995793
828.0,-0.004101933999432142
839.0,0.0032274420710498596
847.0,0.00014457889816484116
859.0,-0.0009715575106323731
871.0,0.0016291747640420934
876.0,-0.0025976026848301462
883.0,0.0004405340540928111
894.0,-0.0005308069883155801
902.0,0.0001694538370973826
906.0,-0.0001612767900230835
914.0,0.00017319564177544652
922.0,-0.0013268339832685926
926.0,0.0005452074356993909
934.0,-0.00010781788221570213
939.0,7.349925963975598e-05
951.0,-0.0001942295764275304
958.0,0.00904840932153497
964.0,0.0026323524284064775
972.0,0.0008820138994461538
978.0,0.0012529289260174168
983.0,-0.002107117984996503
989.0,-0.0020811548555115366
993.0,-0.0016831335262845531
998.0,-0.003236511721752694
1005.0,0.0045011087798237275
1012.0,0.0007572539338211418
1019.0,0.0018456614644471736
1030.0,0.002258556535141952
1038.0,0.0007822788804020966
1046.0,0.0008060339842584692
1054.0,0.00010943584464627745
1068.0,0.0015832335184577798
1076.0,-0.00338412154000355
1085.0,-0.005826207180936424
1089.0,0.0015773659248343745
1097.0,-0.00025371342942191597
1104.0,-0.000640973005940018
1110.0,-0.002892701533772344
1119.0,-0.00021188804822643703
1127.0,-0.0004296594290984099
1135.0,-0.00013579807255452295
1146.0,-0.0006094337081450293
1152.0,0.0008285217265673627
1159.0,0.0012717838586621367
1171.0,-0.00040612934990232665
1179.0,0.000752807781901123
1185.0,-0.0019711966792945383
1191.0,0.0014660710908878099
1199.0,-0.0021609071849227946
1207.0,0.002657865378494704
1215.0,0.011809861910344834
1221.0,0.003248499027876507
1225.0,0.0005199442247914548
1231.0,0.0012207022070376426
1238.0,0.0010614116399712472
1245.0,0.00046296786753673554
1253.0,-0.0003465496885295131
1261.0,-0.0012338193333246872
1265.0,0.002258906359115197
1269.0,0.0015071990243130373
1277.0,-0.0011006645880717832
1285.0,-0.000258170173011869
1291.0,0.004744298398548587
1297.0,0.001601817471772831
1309.0,0.0025120737781628823
1321.0,0.00044018617551287086
1328.0,-0.0017159535796107408
1332.0,-0.00014449336831975307
1338.0,0.0025396717896116264
1346.0,-0.00044885717669854977
1354.0,0.001973316719898924
1368.0,0.000994951911009107
1375.0,-0.0027179529826868794
1382.0,0.00043537245095089295
1389.0,0.0017061031964387572
1395.0,5.206939136050521e-05
1402.0,-0.000530781305944878
1411.0,-0.002150669198319256
1415.0,-0.0008067532884886738
1427.0,0.0006989495540612813
1441.0,-0.0006278012054663443
1450.0,0.0005178878177064426
1458.0,0.0017606828485247606
1465.0,-4.0773966747299705e-07
1473.0,0.0009840563125647539
1481.0,0.0017025259535146781
1487.0,-0.0005115317124917938
1495.0,0.00027938515466514457
1502.0,-0.0016729824269181815
1510.0,-0.0038282799613525834
1518.0,-0.0012575913804214814
1522.0,0.0011628735994307882
1531.0,0.0030926054051728384
1538.0,9.481046684795456e-05
1546.0,-0.0005375160627028011
1551.0,-0.0005708123877139182
1557.0,-0.00599612152636668
1563.0,0.010885788615973913
1567.0,0.0028957725067127915
1571.0,0.0029621963511138154
1577.0,-0.00036136069848301375
1586.0,-6.065215271010089e-05
1591.0,-0.00046403126498809397
1599.0,-0.00103009436654935
1606.0,0.000827831812105196
1614.0,-0.0017814295652451519
1621.0,0.0013322486304824365
1625.0,0.002583960846874227
1632.0,-0.00031602377622973876
1638.0,-0.0015975965513670106
1646.0,-0.0003879873791317873
1654.0,-0.0006741023407903951
1661.0,0.0005742755131366645
1665.0,0.0011224628701654207
1672.0,0.0019209383807863444
1679.0,0.009287539785414283
1685.0,0.0015666493072954387
1690.0,0.002655897868756131
1698.0,0.0027798739164644763
1703.0,0.0030984692792802226
1711.0,0.0017043036769402965
1719.0,0.0023954221879184177
1728.0,0.0035015826130280195
1734.0,0.0025247883202595524
1742.0,-0.00011953465344348629
1750.0,-0.0018142992079985282
1754.0,-0.002741840355027881
1759.0,0.0010826190456774945
1765.0,-0.0006070732093165588
1774.0,-0.0009934422193713338
1782.0,-0.0029865918872567817
1788.0,-0.009266907895385002
1796.0,-0.005762510375500736
1800.0,-0.004478192952932099
1809.0,-0.0021347748225719926
1817.0,0.00040849927313967965
1824.0,0.0029924666300280545
1832.0,0.00023739954950968532
1838.0,-0.0016040018718625991
1844.0,0.005007625572665207
1850.0,0.0019045381184824356
1856.0,0.0019430652135625872
1864.0,0.0013342702127892888
1872.0,-0.004702536190570234
1878.0,0.0031495202742963403
1886.0,-0.0052578644349165595
1893.0,-0.0005514745094155558
1901.0,0.0006307950593367581
1909.0,0.0015320869596833731
1916.0,0.0010271059409540186
1927.0,-0.0006096919382459524
1934.0,-0.001052617530105798
1942.0,-0.0031498319526203503
1950.0,-0.0006703864223573027
1954.0,0.001778736256322833
1961.0,-0.00032747554006480763
1970.0,0.0008465076612942815
1982.0,0.0020069351141894665
1989.0,0.0012477365575274681
1997.0,-0.0009663720852279814
2003.0,0.0004507217703894582
2010.0,0.0015279015436714136
2016.0,0.0018634332265526116
2021.0,-0.0005402713526877358
2033.0,0.0027478578117054652
2041.0,0.0024390725664739468
2049.0,0.0009674208206587287
2058.0,-0.004136103499702935
2066.0,0.0032772107883817384
2074.0,0.00838308789485981
2082.0,0.011465885084192586
2088.0,-0.0008517520711335814
2094.0,-0.0008476871291726959
2101.0,-0.0002900028921502992
2107.0,-0.0002556134016603138
2111.0,0.000915522966362127
2122.0,0.0009999811799398413
2131.0,0.002271504557476262
2135.0,0.0033581553777669473
2143.0,0.0009687275027402775
2151.0,-0.002693817515828795
2158.0,-0.002150175856972337
2165.0,-0.004175296544890495
2172.0,-0.004858702817779402
2178.0,-0.000697482306747831
2184.0,-0.004465096451029781
2188.0,-0.002317390670429011
2197.0,-0.0016299339124261868
2205.0,0.0010089901448614481
2219.0,0.0002637358739128596
2227.0,0.00035404039032081903
2235.0,0.0007450193070236234
2239.0,0.0005313902706274474
2247.0,0.0009269018004660619
2254.0,0.0008769337502253324
2265.0,0.0023534234169492593
2273.0,0.00015329094199841446
2284.0,0.0021216602481253077
2293.0,0.0011177742650188632
2305.0,-0.00221203913437368
2317.0,0.002439249275423965
2324.0,-8.375003068824509e-05
2331.0,0.00012558835581472864
2342.0,4.4130194370770455e-05
2350.0,0.0002972539561674029
2361.0,-0.0027322536658197978
2366.0,-0.00287967027805486
2374.0,-6.146261556948357e-06
2382.0,-0.0005503158740097928
2391.0,0.0005690341147775716
2398.0,0.000185338344799264
2402.0,-0.0018192998026913222
2410.0,0.0010176275718571958
2415.0,-1.6623989416007146e-05
2422.0,-0.002809180653960883
2429.0,0.003738443834148124
