,4
2.0,-0.0061905854080930205
10.0,-0.0007678672801126175
14.0,-0.00044379598286711726
22.0,0.0017059185063063784
31.0,0.009690033084713338
38.0,0.0026745179623730766
46.0,0.014358633686039946
55.0,-0.004081203454001556
63.0,-0.0032484101947426844
75.0,-0.0029612531336595297
83.0,-0.01020537123028896
91.0,0.00025479002841025756
98.0,-0.005747600665405501
107.0,-0.000888219047573148
119.0,0.005084523582339031
130.0,-0.0005826586512853749
134.0,0.005101600299456374
141.0,0.004975815117735153
149.0,0.005403426385375479
153.0,0.003027829131966564
161.0,-0.0015344135813890939
165.0,-0.0016458820920206279
172.0,0.0030946425156143215
179.0,0.000517154101682776
184.0,0.006364703102446275
193.0,0.008093055160341135
201.0,-0.0032757920197209827
212.0,0.00666269223110427
219.0,0.003937001370273537
226.0,0.008932843090091368
234.0,0.002893700030885524
245.0,-0.001250463372398216
253.0,0.0026352250747055
260.0,0.010796194417775328
264.0,0.006038109647258372
270.0,0.006249158105277928
276.0,0.006004542469231748
284.0,0.0007895307945510573
292.0,0.004746089565377277
306.0,0.009487307419603984
313.0,0.005106406894016807
320.0,0.0068914493854800385
326.0,0.013299787824971062
333.0,-0.0023027328590100203
345.0,-0.0001875661680931591
351.0,0.005174521612382746
357.0,0.017228100068866315
363.0,0.00480399511533706
371.0,0.01014154239922635
376.0,0.0029245068345478227
382.0,0.005862847476590075
388.0,0.005096141594757647
396.0,-0.0006974798549718418
406.0,0.013695247965854838
414.0,0.004772167899067401
423.0,0.0029954112153558615
434.0,-0.0002699978968685178
442.0,-0.0026096621883025845
449.0,0.009782780067536067
457.0,0.004317489334325665
465.0,0.003933179301827728
471.0,0.013630379759281958
477.0,0.005949018035676464
484.0,0.008135316868730294
495.0,-0.002873366471683157
504.0,-0.0077084352170972295
509.0,0.004455865982638254
526.0,-0.004792676373828641
535.0,0.010712239579473253
544.0,-0.00040935276992739314
552.0,0.000922688838005366
558.0,0.002228125158225698
566.0,-0.00012053116859791992
573.0,0.0011581170519204497
585.0,0.008464387586741619
589.0,0.008226902245758344
596.0,-0.0003756592668357818
600.0,0.0006217863740709983
606.0,0.01068469181816158
614.0,0.006604323854391346
621.0,-0.0035246164336308872
625.0,0.0004776803366431801
633.0,0.002720980077664327
641.0,0.004260672392651834
645.0,0.002796736358017286
657.0,-0.011349728613294523
665.0,0.011507660862617534
672.0,0.008258119293941633
679.0,0.0013542087488651882
688.0,0.0011690207518079898
695.0,-0.004757943848255295
699.0,-0.005514420156204038
703.0,0.00356638251309866
711.0,0.0005348588388405037
717.0,-0.004804391433834312
725.0,0.006479399738301802
732.0,-0.0005865440177432662
740.0,0.00042414688647580956
749.0,0.0023932836823330377
757.0,0.0004852934707711287
768.0,0.013896297438545093
772.0,0.006764884628295874
780.0,0.00660182414666894
786.0,0.0010053702121873348
795.0,0.0032960830785591605
802.0,-0.001321328937306453
811.0,0.0006762028791743754
818.0,0.008415044358315391
822.0,0.009170800405415168
828.0,0.006293076727397986
839.0,0.009235338727440277
847.0,0.002835620938299932
859.0,0.0002484745005649204
871.0,0.006321486580664819
876.0,0.003703996086758572
883.0,0.0037518621524147283
894.0,-0.002187892631269064
902.0,-0.0003818207123107006
906.0,0.001374233422033052
914.0,-0.0017569536425858488
922.0,0.0022695991239965884
926.0,-0.0030116142189672945
934.0,-0.008649901782427496
939.0,0.00829135372526598
951.0,0.00816922675989714
958.0,0.00913893762871958
964.0,0.005339976181357364
972.0,0.0037867707960934434
978.0,0.00977142547423842
983.0,-0.008163597345780422
989.0,-0.008693793903714135
993.0,0.007906538732599229
998.0,0.006633114147681054
1005.0,0.010703238544571324
1012.0,0.0011706673444606827
1019.0,0.012152236242487213
1030.0,0.004357560280525661
1038.0,0.009191220363465783
1046.0,0.00748966347916797
1054.0,0.01275742410360859
1068.0,0.006344942036442943
1076.0,0.0060336703130472215
1085.0,-0.009260610068505284
1089.0,0.010489828859040843
1097.0,0.008891645155793097
1104.0,0.005661333332607817
1110.0,0.005418903025384376
1119.0,-0.005531751449681402
1127.0,0.004566067150729933
1135.0,0.004087017514215863
1146.0,0.01055186940584707
1152.0,0.008871171967635637
1159.0,0.004467901238088537
1171.0,0.001964374348049506
1179.0,0.0008509352610721548
1185.0,-0.0007679435940405256
1191.0,-0.005939027536031601
1199.0,-0.004904290465476371
1207.0,0.008127308695837863
1215.0,0.014844194743941778
1221.0,0.0048085806404265215
1225.0,-0.0014077311831041381
1231.0,-0.0017978629174839405
1238.0,0.006111805391370787
1245.0,0.001445382202012173
1253.0,0.00708974688158655
1261.0,-0.006642772999607205
1265.0,-0.0041828629522971126
1269.0,0.003254513982550571
1277.0,0.0017602777263732233
1285.0,-0.0012627486390635089
1291.0,0.0028848230249294885
1297.0,-0.000989547062752858
1309.0,0.0019300604871993299
1321.0,0.013807334772124298
1328.0,-0.007961630613513066
1332.0,0.008928995276388685
1338.0,0.009723253187940274
1346.0,0.009202943935530063
1354.0,0.0016720840832448718
1368.0,0.007045481915689355
1375.0,0.004532464824153918
1382.0,0.009706223893557357
1389.0,0.0045690011837626774
1395.0,-0.0023839124204582123
1402.0,0.011215330953799757
1411.0,0.005794952492289922
1415.0,0.0069706535182039895
1427.0,-0.015728039191751354
1441.0,0.009327454483798573
1450.0,0.006072580845918534
1458.0,0.005343042085407416
1465.0,0.00024098981496219402
1473.0,0.009819810060118228
1481.0,0.006543554028952304
1487.0,-0.00017505926035619142
1495.0,0.0069821613431035705
1502.0,0.005023282801739237
1510.0,-0.013989131359726681
1518.0,-0.0037680757549914267
1522.0,0.010127071471582429
1531.0,-0.0015550485056165244
1538.0,0.007422905888496446
1546.0,0.0023752590432670885
1551.0,-0.003928000221571469
1557.0,0.007663496186113502
1563.0,-0.0006966159178965795
1567.0,-0.0038520593086050553
1571.0,-0.004128400752442246
1577.0,0.0039037365907862733
1586.0,0.005106206418515218
1591.0,0.007436238490281544
1599.0,0.003968755089214245
1606.0,-0.005966356987347726
1614.0,0.005804595575353896
1621.0,0.006078803936845898
1625.0,0.007253799015367891
1632.0,-0.008949794581594776
1638.0,0.007252758387884539
1646.0,0.0020192395333858797
1654.0,0.0035380490095010277
1661.0,0.0006443594332838508
1665.0,-1.0595384437021348e-05
1672.0,0.005127311533081954
1679.0,0.011975696860621322
1685.0,-0.0022903112029771552
1690.0,0.00044444270784249244
1698.0,0.016010752870546912
1703.0,0.003343752615160873
1711.0,-0.0018656318120324705
1719.0,-0.00022297013662343301
1728.0,0.005901824701054401
1734.0,0.005582269517046
1742.0,0.003757208011583109
1750.0,0.004331260922433649
1754.0,-0.0007212501299202999
1759.0,0.0041281835887485435
1765.0,0.007753812306205011
1774.0,0.016427979170513713
1782.0,0.003218786606104751
1788.0,-0.0015081579644119173
1796.0,-0.005029327240912638
1800.0,-0.0069894292053750764
1809.0,-0.002155358654065232
1817.0,0.00277481081917972
1824.0,-6.722076552049357e-06
1832.0,0.0005089656600045405
1838.0,0.005574327024235088
1844.0,0.011630814274240963
1850.0,0.0005490386569483356
1856.0,0.007758246175021959
1864.0,0.0006924142882413196
1872.0,-0.0015189296743972737
1878.0,0.00820067299581737
1886.0,0.0023475421150233656
1893.0,0.011076999972933191
1901.0,0.00912658401296819
1909.0,0.007137716409350619
1916.0,0.008197097832995714
1927.0,0.008831343415166054
1934.0,-0.0005181891536950292
1942.0,-0.004416964258373805
1950.0,-0.015672618764294283
1954.0,-0.0009809632979670517
1961.0,0.009000373695346463
1970.0,0.0033349258898543385
1982.0,0.0019443563998055536
1989.0,-0.004335291517495812
1997.0,0.004000350331541754
2003.0,-0.0028934220713660967
2010.0,-0.0021820127615355465
2016.0,-0.0015594112667631365
2021.0,0.0114446258265846
2033.0,0.004386583514666439
2041.0,0.005889906672602015
2049.0,-0.004557046868290413
2058.0,-0.001729682851985382
2066.0,-0.0005444312876170805
2074.0,0.0030578227381570506
2082.0,0.003601159224990668
2088.0,0.002821221914164047
2094.0,0.0022840643817091033
2101.0,0.008581463694749873
2107.0,0.013560038911818478
2111.0,0.003192470884013079
2122.0,-0.002374281898340475
2131.0,-0.002980995938652655
2135.0,-0.00512344726260085
2143.0,0.005916777819970421
2151.0,-0.011741471570320178
2158.0,-0.002458974179847203
2165.0,-0.003207626246368999
2172.0,0.005506652142047026
2178.0,-0.004487695620763851
2184.0,0.0008049095873208372
2188.0,-0.00038454392723133863
2197.0,0.00227467808988365
2205.0,0.005925956411902914
2219.0,0.004441001645318486
2227.0,0.0047512304801691834
2235.0,0.00047495921083547473
2239.0,0.004134867588157597
2247.0,0.003298244605309787
2254.0,-0.0010409255754730625
2265.0,0.003827037865818095
2273.0,0.007190638607849061
2284.0,-0.00344725192880095
2293.0,0.00016713334400513184
2305.0,0.0026130028719876957
2317.0,0.0026990178982696225
2324.0,0.006360271026300956
2331.0,0.0021636002514610186
2342.0,-0.0020738621345837236
2350.0,-0.006170130126342674
2361.0,-0.00514376248859178
2366.0,0.010236454757526214
2374.0,-0.0082558641099688
2382.0,0.005876506463374359
2391.0,0.007717345405400964
2398.0,0.0020464606522099427
2402.0,-0.0006973035683864828
2410.0,0.007941419178038076
2415.0,-0.002932710666706614
2422.0,0.005909115912168886
2429.0,-0.005054895465546986
