,8
0,-0.00246088822160485
1,0.005436345965613581
2,-0.002864119843705154
3,-0.0011768328033103627
4,0.0008360556787020602
5,0.0006658537905705066
6,0.000431155663033893
7,0.0011521241779834292
8,0.00106389420687891
9,0.0008418432403919637
10,0.00016753125373662422
11,0.0007271481077058098
12,-0.0004797690890372326
13,-0.0003768373644936709
14,-0.0002726007774596398
15,0.004068233090316832
16,-0.001944154595886876
17,0.000752896161862934
18,-8.475096715340643e-05
19,0.00010170480201207864
20,0.00054051516692529
21,-1.49869232691278e-05
22,-0.001128741589069129
23,-0.0013728710341888116
24,-0.0006688015442891605
25,-0.0003979039868915499
26,-0.0005964427277595079
27,0.0009634987855856113
28,-0.0027705706589550537
29,-0.0011689951978606187
30,-0.0012037219333758578
31,-0.0019233986400939678
32,0.0028227424315122244
33,0.0029853334615459293
34,0.000854288295134249
35,0.003756872628962015
36,0.0010015572708268541
37,-4.481549368273501e-05
38,0.001060333135218027
39,0.0029099695896563993
40,-0.0007134906927362218
41,-0.0007148688903006411
42,0.004623643810071048
43,-0.00029015985283545337
44,0.0007424742490003576
45,0.003465181944444045
46,0.0023642074237641797
47,0.0002523512644436874
48,0.0010798063678567585
49,0.0015779903594988554
50,0.00019950536691224464
51,-0.0006313410965287863
52,-0.00020860938666823054
53,0.00024824221138249113
54,-0.0025940031591393424
55,0.0005480196488260261
56,0.0047414457119648165
57,0.003112766730862169
58,-0.0010100411939014354
59,0.0010281590985323605
60,0.0016042342067782826
61,0.0013368303626130529
62,0.000518746891916788
63,0.002299925967540127
64,-0.0006164118745200524
65,0.0005973909874026795
66,0.0029612824274075898
67,0.0015838704180331968
68,-0.0012206126360997304
69,0.00014174810451271746
70,0.0013253716656553643
71,0.00030719582721275025
72,-7.48313728427138e-05
73,0.00016509330914538082
74,-3.658583312390118e-05
75,-0.00011631331439101356
76,-0.00013762902401248184
77,-0.002029021823543797
78,9.257199339517668e-05
79,-0.00018297714374052414
80,-0.00038452440204568984
81,-0.000466034249986739
82,-0.0015376731847411554
83,0.00035893308326777253
84,0.0005030129334741835
85,0.00014924275189068926
86,0.0007291326998314359
87,-0.001252095071224709
88,-3.9991839905034225e-05
89,-0.000954119779837638
90,0.0010569719411938831
91,0.001153926773003179
92,0.002415887358577393
93,-0.00020645943436838554
94,0.001827918579616123
95,2.6889804493171895e-05
96,0.0014393917546144622
97,-0.001780654505077296
98,0.0007745471673460691
99,0.000608039924792435
100,0.002556387825868803
101,0.003456325461442165
102,0.002422126936794704
103,0.0010978331394909543
104,0.0036596470403380426
105,0.003391143330390295
106,-0.0007186801395495128
107,5.760764351615859e-05
108,0.0029168023294364096
109,0.0019111704180256488
110,-6.181295951269267e-05
111,0.004425253136277804
112,0.003032534129067293
113,-0.0006097486754130906
114,0.0013145481488770208
115,0.0019510939393967452
116,0.0003277695967895361
117,0.0003098686574779494
118,0.0021298350383674104
119,0.004312475331275525
120,8.251740089239081e-05
121,-0.007654855594041947
122,0.014078757698468313
123,0.0009647392341558083
124,-0.0056904269646091
125,0.0010249046445995748
126,-0.001635988771487678
127,-0.001968944133395009
128,-0.003221936035255944
129,-0.004620308670535772
130,-0.00892558391802797
131,0.00012519375433852015
132,-0.0009393907360550649
133,-0.00020433194110069624
134,0.000572025051324874
135,-0.0006578608458856997
136,0.0013765658371882783
137,-0.0001738847182841888
