,3
5977.0,0.004904078311693581
5982.0,0.0026022018678571327
5991.0,0.0019529048795334544
6000.0,-0.00811040788387023
6008.0,-0.010094104291950498
6016.0,-0.004626587060453389
6024.0,-0.02017971923881901
6031.0,-0.006129622497992306
6039.0,0.00374655338120876
6047.0,-0.004825395166452512
6056.0,-0.011098659234525311
6062.0,-0.004931809490055215
6066.0,0.002537725152932362
6074.0,0.01268111405310911
6085.0,0.012343221040160855
6093.0,-0.009333726684400688
6101.0,0.015052055500969233
6109.0,-0.006659645684640025
6117.0,0.01521258981921282
6126.0,0.0014962932093329417
6133.0,0.016383486043880624
6144.0,0.02054911892128628
6152.0,-0.005800194712508939
6161.0,0.0008510434071156411
6170.0,0.015316996120576016
6174.0,-0.011266028953726805
6186.0,-0.0063639209347286264
6195.0,0.0025971730637424388
6202.0,-0.00942552020608023
6213.0,0.01672001456485343
6222.0,0.003484836779102024
6227.0,-0.003319150082179049
6232.0,0.01509214940476547
6240.0,-0.013927232301307052
6244.0,0.021511073697286765
6252.0,0.009314331879504057
6261.0,-0.006320205759965515
6266.0,0.011090923210144862
6274.0,0.01536544661791747
6282.0,0.007770673087232597
6290.0,0.0061817957908370125
6297.0,0.010498679752319483
6304.0,-0.0023819426859061845
6313.0,0.010106533880621351
6322.0,-0.004785244899874468
6333.0,0.0016590604778120922
6340.0,0.005667175110085853
6348.0,-0.0024271895206139297
6356.0,-0.006835162972613076
6363.0,-0.013081136109527679
6371.0,-0.01612268557120814
6379.0,0.011808645765464112
6387.0,0.018817541922659664
6395.0,-0.02585203027543506
6404.0,-0.0017691777447487388
6412.0,0.0018723828096184933
6419.0,0.02441356650976592
6423.0,-0.0017316335005766628
6431.0,-0.015067232114121185
6439.0,-0.008116161558504075
6443.0,0.011684742424122775
6451.0,-0.000303697857101379
6460.0,0.014267536556230224
6468.0,0.013209421724570843
6476.0,0.004521375197097161
6485.0,-0.00029841208448568246
6496.0,0.01823015233296241
6504.0,0.016090447836637486
6513.0,0.019023543458038614
6520.0,0.003419740889711306
6528.0,-0.01019314931149952
6536.0,0.0073118173349050065
6541.0,0.007505629051843828
6549.0,-0.0045927074291110155
6557.0,-0.015603152179220318
6568.0,-0.008114468098809386
6575.0,-0.0097223868373194
6583.0,0.005705517182411033
6591.0,-0.0034237679777502634
6599.0,0.00798112385023436
6606.0,-0.00824683422232814
6611.0,-0.004353056558269023
6623.0,0.0260918649308308
6627.0,-0.0010498350962687576
6636.0,0.01652938054697898
6644.0,0.017228787816912068
6652.0,0.00847159730172874
6660.0,0.00603261886886094
6668.0,-0.010738585780433064
6677.0,0.01178895936588828
6686.0,-0.01268254582117797
6692.0,0.019331212153589874
6701.0,0.019619810655929822
6710.0,0.0069407217928421925
6718.0,0.02843489343395664
6722.0,0.001229349674844898
6727.0,0.003902182946402164
6735.0,1.6420803375911672e-06
6742.0,0.00840731732867228
6752.0,-0.014562232191672837
6763.0,-0.00754331117969653
6768.0,0.017792655824478264
6777.0,-0.008851371694725501
6784.0,0.002032623788515643
6795.0,0.009354912875933352
6803.0,0.006974088301736126
6811.0,-0.012057639053429317
6819.0,0.004792335734985519
6828.0,0.006770461077182569
6836.0,0.0029116967217947625
6847.0,0.012073046784747079
6855.0,0.008098948684723975
6860.0,0.016003866328457014
6867.0,0.005169838684681846
6876.0,0.009904283260300675
6885.0,0.0035554426741630225
6897.0,-0.02275091290081126
6905.0,0.005038076350678596
6912.0,-0.009671414902122798
