,5
2.0,0.013506238477209375
7.0,0.005723546233795116
13.0,-0.006071850173948497
21.0,7.07011008923969e-05
28.0,0.004824332073908248
33.0,0.0008162653815697271
41.0,0.0035234954245737353
48.0,0.001127624615390503
56.0,0.0015220584980981096
65.0,0.0005752617565608878
73.0,0.0030512496639253516
81.0,0.0027201777694758
91.0,0.0011732491851004243
99.0,0.000913127777174758
107.0,-0.0007866189434371164
111.0,-6.135672309109952e-05
121.0,-0.0010930543854259839
127.0,0.0023708316604992615
138.0,0.0009110506300294523
148.0,0.0008306837384339259
156.0,0.0005640423696466891
170.0,0.0005455420882140983
178.0,8.702386090730796e-05
186.0,0.002553111544469591
195.0,0.00043991473970846166
203.0,0.002013382954137143
212.0,0.0013008172558607483
220.0,0.001456901759164095
228.0,0.0009819770739030258
237.0,0.003144161674277389
241.0,0.002606782504902605
249.0,0.0015356306191927028
257.0,-0.0016923042045197722
263.0,-6.967642408226792e-05
271.0,2.1639217572717208e-05
280.0,0.003992244024455662
289.0,0.005796483298382365
301.0,-7.155032290453622e-05
309.0,0.003817765083924671
320.0,0.0036618750500868884
327.0,0.0015346795259209417
338.0,0.0010110267175522068
347.0,0.0004519758351540293
355.0,0.0031382949479819115
363.0,0.0005415205060548922
372.0,0.00174131406833595
381.0,0.0031887487107702395
389.0,0.0027358983673567857
396.0,0.0015870574834068118
404.0,0.0029640814519175177
412.0,0.002739058048365196
417.0,0.004102482178612034
426.0,0.0011824186398551912
436.0,0.00034706076310871603
445.0,-0.0007037053066508374
451.0,0.0022283706308766755
460.0,0.0004444785878937698
468.0,0.0007354756968481838
474.0,-0.002766934421020342
482.0,0.0021010602682458622
490.0,-0.0014416953379238137
499.0,-0.0016507106345147468
506.0,0.002227447990237851
513.0,-0.0012617035287960485
523.0,0.0011669254561965405
531.0,-0.0004443112308355804
536.0,-0.00021845519265277014
547.0,-0.0006669068896235804
555.0,0.0007166953007790618
566.0,-0.0010445692543169136
574.0,0.0006260486753714629
581.0,-0.0021147202824047984
592.0,-0.00701060027008098
600.0,-0.003378055654350389
614.0,0.002460047634455902
623.0,0.013095479492959748
630.0,-0.0018956643242827342
640.0,-0.003867986126898724
652.0,0.0004991148207982618
660.0,0.004859453473708223
667.0,0.00272807806508953
675.0,0.00045847861675427066
684.0,0.0005191225757755199
696.0,0.003285399254387424
705.0,0.002543181028439224
712.0,-0.00014566892097171922
720.0,0.001516485649066952
724.0,0.00026149208600438433
733.0,0.00965065754355631
741.0,0.0047668971458607904
750.0,-0.00016216498734474808
758.0,0.0027890912609092834
766.0,0.002123016590064867
772.0,-0.0038897786471970923
777.0,0.00014927594485716523
789.0,0.006485622720793908
797.0,-0.0005774339826841437
806.0,0.0017135890643240259
815.0,0.0006082049972188258
823.0,-0.0008658338721357415
828.0,-0.0007869971954573742
837.0,-0.0003455658441181384
845.0,0.000625007736159808
853.0,0.0019027322392683535
864.0,0.0019249544142577477
869.0,0.0004604548140338069
877.0,0.0026428210141132224
888.0,0.0009014684149711988
898.0,-0.00010033195095300198
906.0,0.0010694935445594751
917.0,0.0006616106766040178
925.0,0.0003808602531860957
934.0,0.0030548823468056698
939.0,-0.0008065040547085512
946.0,0.00031757958793036386
952.0,-0.003502745169280007
963.0,0.0010378977532171374
972.0,0.0014647267055193502
978.0,-0.008213175719897582
987.0,0.0004980605224479005
995.0,0.0009971708876731107
1005.0,-0.00013225741869380168
1013.0,0.0006870084476385239
1020.0,0.0015333056566070855
1027.0,0.0016969869446745883
1033.0,0.001104158669030875
1041.0,-0.0008785298702270323
1050.0,0.0012339525388842245
1057.0,0.0010634699066095347
1065.0,-0.0006558611669136067
1075.0,-0.007304826484372163
1082.0,-0.0018468329867380238
1090.0,0.00021930748335051678
1101.0,-0.0023504960458097285
1110.0,0.0006242992126879784
1118.0,0.002965009557855062
1126.0,0.0035516865898426713
1134.0,0.0024301943116580016
1146.0,0.0025527226879758992
1154.0,0.0005599983403943015
1162.0,-0.0023777327196245384
1173.0,0.003396762183227163
1183.0,0.0015036088211472418
1187.0,0.0043733076779606085
1192.0,0.002374580563840677
1203.0,0.00789179664281194
1208.0,-0.004519992660430236
1216.0,0.00017892543067458126
1223.0,-0.004324413950647922
1229.0,0.0003389446225096807
1234.0,-0.004266904006896057
1245.0,0.009435482443218127
1253.0,0.003915246052576757
1261.0,0.0012470608529135856
1269.0,-0.0002709741974154144
1280.0,-0.0024958620068804296
1289.0,-0.005402619557939731
1297.0,0.003972899033229132
1301.0,0.0017390236821911275
1313.0,0.006618923911015952
1322.0,0.002244815793270556
1330.0,0.0033360754437051702
1337.0,-0.0006594681798197614
1345.0,8.04648392586979e-05
1353.0,9.007267443173077e-05
1361.0,0.003150974593161246
1372.0,0.0012328832009076399
1383.0,0.0021862163475832646
1392.0,-0.003492801572716296
1400.0,0.005055398258743131
1407.0,-0.008542846856186491
1413.0,0.003534169044263142
1423.0,0.000817896885268207
1432.0,0.0026677343329115557
1438.0,-0.00027955529399419554
1446.0,0.0008618569226343828
1454.0,1.7479027024724675e-05
1463.0,0.00026016893393978295
1471.0,-0.0007889130545609694
1475.0,0.005349806171288893
1483.0,-0.007189404668610209
1492.0,0.009899002657153164
1500.0,0.0050212409512302185
1508.0,0.0004512239055012418
1514.0,-0.003765790662528594
1522.0,-0.0042264228854258816
1529.0,0.012676339825128724
1534.0,0.0015787106173287674
1542.0,-0.00014113862850010612
1549.0,0.000361270077607716
1557.0,0.0004437660637515353
1566.0,0.0021616238993166954
1574.0,0.0007031929045819953
1582.0,0.0021685582594748705
1592.0,0.0009560774006054735
1600.0,0.001696613191549191
1608.0,-0.000629764765967024
1612.0,-0.0008700481592865905
1622.0,-0.001169684032777959
1628.0,0.0008153562256039262
1639.0,0.0007842694615156896
1649.0,0.00030563869247537566
1657.0,-0.000181091150341236
1671.0,0.0007487149618158888
1679.0,0.0033504459194940973
1687.0,0.00287853734481404
1696.0,0.000888258522309868
1704.0,0.0013051203679666312
1713.0,-0.00030024672755277757
1721.0,0.0009837974346358059
1729.0,0.0015387077879451742
1738.0,0.005181619253232534
1742.0,0.0015293900707491056
1750.0,0.0014925366449348074
1758.0,-0.0028386825946112916
1764.0,5.003552776311281e-05
1772.0,0.003376312481225126
1781.0,0.004067289997464505
1790.0,0.003166994782690662
1802.0,0.001556978954510094
1810.0,0.004374673711852714
1821.0,0.001807152934619155
1828.0,0.0031979545904769844
1839.0,0.0027335536968429125
1848.0,-0.0003543817765079695
1856.0,0.0023262818812940776
1864.0,0.00021695247850618356
1873.0,0.002880972289526164
1882.0,0.0006969670432875485
1890.0,0.002727511154515298
1897.0,0.00040195602596844823
1905.0,0.001395012123100061
1913.0,0.004112451821014317
1918.0,0.0013258885553562804
1927.0,0.0006212070495404732
1937.0,6.28284373165413e-05
1946.0,-0.0007605421809214275
1952.0,-0.0002107262382088159
1961.0,-0.0005468311854446671
1969.0,8.132067256027006e-05
1975.0,0.0013851003660937194
1983.0,0.0017480161184387083
1991.0,-0.0023878472092905712
2000.0,0.0017609106230073478
2007.0,0.003793943456854267
2014.0,-0.000353411825842722
2024.0,0.0012464531869822585
2032.0,0.0022697862072207226
2037.0,0.0004093761672786748
2048.0,0.001187787724349473
2056.0,0.0015376172549496922
2067.0,-0.00092838468705923
2075.0,-0.000963868040405181
2082.0,-0.003304082765793795
2093.0,-0.004763372477926706
2101.0,-0.003373307246851614
2115.0,0.0012259407389402426
2124.0,0.013205331074519235
2131.0,-0.004343928746251935
2141.0,-0.004192035980221574
2153.0,0.0005455993996249581
2161.0,0.004750939248945766
2168.0,0.0032512339676444954
2176.0,-0.005703583110436562
2185.0,0.004030210675329055
2197.0,0.001424945468917503
2206.0,0.0024352739130483513
2213.0,0.0006208234620438169
2221.0,-0.004540396944715508
2225.0,0.007822833168989154
2234.0,0.0067837936313395585
2242.0,0.006255211680761565
2251.0,0.0006992290304040143
2259.0,0.004056798741012342
2267.0,0.00379183748542749
2273.0,-0.0005093258104301036
2278.0,0.0016360863602872166
2290.0,0.0037255812487785468
2298.0,-0.0016644005711244736
2307.0,0.003988597428417685
2316.0,0.0014989368816457965
2324.0,-0.0013077409317358588
2329.0,0.0010398383836853807
2338.0,-0.0012738620974608538
2346.0,0.003329020976018048
2354.0,0.001304939882881992
2365.0,0.002038440970919842
2374.0,0.0008223832414010254
2382.0,-0.0006648836489522411
2393.0,-6.287891051529523e-06
2403.0,0.0016889392606064537
2411.0,0.0009343920787914223
2422.0,-0.0015279012678241725
2430.0,-0.002471763224189735
2439.0,0.0019358161412510529
2444.0,-0.0009531632827335828
2451.0,-0.000649224946602101
2457.0,-0.002423912943730409
2468.0,0.0010564992032694486
2477.0,0.0015226363213553505
2483.0,-0.00715620306411814
2492.0,-0.0005746864413327511
2500.0,-0.000997548088039204
2510.0,-0.0010217589662812473
2518.0,0.0006889992269356653
2525.0,0.0029477686445849704
2532.0,0.0007378232432256954
2538.0,0.0014539936936112936
2546.0,0.002151455190513837
2555.0,-0.0005324920965300848
2562.0,0.0019489216279545236
2570.0,-0.0005123640070192823
2580.0,0.00045364535737561984
2587.0,0.007304306761507037
2595.0,0.00338917628107403
2606.0,0.0032848554213235326
2615.0,0.003374118172171333
2623.0,0.0010197330846192867
2631.0,-0.0003722876059540315
2639.0,0.002960161583753325
2651.0,0.002888490205420884
2659.0,0.0013836960614003633
2667.0,-0.0015298180526050753
2678.0,0.00010730765542844
2688.0,-0.0015176540374382446
2692.0,0.0041893716744842
2697.0,0.0018005486989732277
2708.0,0.01069353821014846
2713.0,-0.003476525464048798
2721.0,0.004596938150206499
2728.0,-0.004094210644289592
2734.0,0.0015771247953019392
2739.0,-0.0011792701495006073
2750.0,0.00757113307130227
2758.0,0.00433276829253784
2766.0,0.0019095148212186985
2774.0,0.004111654477943735
2785.0,0.0006268507754958871
2794.0,-0.005117404375499703
2802.0,-0.001339991347491937
2806.0,0.011499409542114774
2818.0,0.004778240030275799
2827.0,0.00571175667329993
2835.0,0.00928734547781563
2842.0,-0.001687650797571494
2850.0,0.004000752194946403
2858.0,-0.0002386515341354022
2866.0,0.005272101375305577
2877.0,0.002456510230976557
2888.0,-0.000963200704608273
2897.0,0.0013223978995292574
2905.0,-0.00021983349533918873
2912.0,-0.006200253744718946
2918.0,0.0012944492237558698
2928.0,0.000636483981791909
2937.0,0.0005958468454335082
2943.0,0.0015081455562484854
2951.0,-0.001371741610456628
2959.0,0.00013973589797048217
2968.0,0.0007573856480982029
2976.0,-0.0003131035574604959
2980.0,0.002637604303613905
2988.0,0.0035522498304897255
