,4
5977.0,0.0002035538325308495
5982.0,0.00950216407202724
5991.0,0.0077971284695791615
6000.0,0.0013739339128808232
6008.0,0.0033418791349255276
6016.0,0.004532920815235648
6024.0,0.004320764852499966
6031.0,-0.0012699544810284853
6039.0,0.003041566129828373
6047.0,0.006271643254550162
6056.0,-0.002133378711787519
6062.0,0.01331041464342387
6066.0,0.004604835929431261
6074.0,0.007514996311180759
6085.0,0.008424683210736625
6093.0,0.0011366839995662706
6101.0,0.01268372337824385
6109.0,-0.00044755440569182857
6117.0,0.0036465022670040858
6126.0,0.003961675563977167
6133.0,0.003448037067408253
6144.0,0.005384676923206536
6152.0,-0.00042927515225805633
6161.0,-0.005916810610478044
6170.0,-0.009705826055078071
6174.0,-0.0021478837393307366
6186.0,0.0022204567192201778
6195.0,0.009464376625692977
6202.0,-0.0006951517946267228
6213.0,0.01079461874848095
6222.0,0.011080265013170934
6227.0,-0.012449265781895027
6232.0,0.011279219052610964
6240.0,0.02049367324035455
6244.0,0.013894451996566892
6252.0,0.005080022942139615
6261.0,0.008748187480916958
6266.0,0.009372554462227135
6274.0,-0.00043285333055070803
6282.0,0.003642337686694985
6290.0,-0.0007901487538588402
6297.0,0.004293857968568205
6304.0,0.005250305470413714
6313.0,-0.012235579459012252
6322.0,-0.01091034908950885
6333.0,0.003340382505296417
6340.0,0.0051605993455614875
6348.0,0.006213074273502419
6356.0,0.009908313699056185
6363.0,0.004474129726878898
6371.0,-0.0002857834809500912
6379.0,8.778192725648026e-05
6387.0,0.00850950416951155
6395.0,-0.018850758395412604
6404.0,0.006063458194074551
6412.0,0.00822339429753267
6419.0,0.010021407825504362
6423.0,0.009164992427995112
6431.0,-0.01022583288518314
6439.0,-0.003123931718470786
6443.0,-0.0013817448774778112
6451.0,0.0006999641259203262
6460.0,-0.006953563969399504
6468.0,0.004245275503943488
6476.0,0.005479629716087905
6485.0,0.008350242867243188
6496.0,0.0049773312149842125
6504.0,-6.888484863981905e-05
6513.0,0.009111453136910653
6520.0,0.0059022250821687055
6528.0,-0.0011459536556845207
6536.0,0.0038734888746891683
6541.0,0.007887487133761693
6549.0,0.002117530012991184
6557.0,0.005912173571901478
6568.0,0.005000036099175196
6575.0,0.00586969176823214
6583.0,0.005232113523819057
6591.0,0.00836375994670544
6599.0,0.014888528598477413
6606.0,0.00910945260382954
6611.0,0.0019713994986984332
6623.0,0.012064743227452088
6627.0,0.005027812513015052
6636.0,0.004757119572441721
6644.0,0.012966891242690787
6652.0,0.004413185095667368
6660.0,0.0020147685659385075
6668.0,0.005262317411192158
6677.0,0.0006109093014146102
6686.0,0.00012431771846284392
6692.0,0.008869877923101323
6701.0,0.005126744631714922
6710.0,0.0010881841794512504
6718.0,0.01152863914980128
6722.0,0.0103836855227913
6727.0,0.0027069239874378628
6735.0,0.0006267988622407401
6742.0,-0.002400375317415547
6752.0,-0.010163335501126374
6763.0,0.0007793338523313877
6768.0,0.0068286131832350685
6777.0,-0.01340573810300132
6784.0,0.007512377344756595
6795.0,0.008074884942891587
6803.0,0.010801347994904459
6811.0,-0.004804651171853579
6819.0,0.00157107435056253
6828.0,-0.0021847123258555267
6836.0,-0.0028701332863189633
6847.0,0.004133360170605733
6855.0,-0.008400595360367628
6860.0,0.003814515116073034
6867.0,0.006240271533628782
6876.0,0.00467277561360846
6885.0,-0.004823798435529727
6897.0,-0.00884012719752868
6905.0,0.0005362808444450831
6912.0,0.013373801610306681
