,8
0,0.0020501527446290554
1,0.0007687397092476558
2,-0.00017759639670879694
3,0.00013195246057742864
4,3.227781794616696e-05
5,0.00042450292334181717
6,0.00032976853443821485
7,-4.84556853954973e-05
8,-0.0004885794165711032
9,-0.0012215667255344857
10,-0.00014914251737394336
11,-0.001655017729973033
12,-0.0003440507818540645
13,0.0005329750943758026
14,0.0027200433194297636
15,0.0011212506662948301
16,-0.0001548664885959866
17,0.0005210687488961367
18,0.0032731923347618258
19,2.9195472565715188e-05
20,-3.405241336563325e-05
21,0.0008479120334112706
22,0.0011868602742636208
23,-0.00029874328709489264
24,-0.0028726597879773054
25,0.00025924117267260983
26,0.001257747684474392
27,9.962052650444387e-05
28,-3.0478034286435323e-05
29,0.0007572301695112724
30,-0.00019538645475977818
31,-0.0011556750217849247
32,-0.0006792573287205337
33,0.0003575579378506779
34,0.0016949925397098033
35,-0.0003502241641187668
36,0.0002972216868731548
37,-1.1082316982796016e-05
38,0.00580472930040089
39,0.0007872880263769449
40,0.0005812264170421733
41,0.00030287282231539203
42,0.002829354464000622
43,-0.0007621638976663779
44,0.000469268282204221
45,0.00022436857183869385
46,-0.0009767629718477782
47,-0.00026662935955760683
48,0.000794493365769852
49,0.0006596343464763262
50,0.00013918838761046206
51,0.0003490299937488897
52,-0.0002123288342897165
53,-0.00022264038226154276
54,0.002465900934973958
55,0.0002736875587489226
56,-0.0005800905484294056
57,-0.0025527317198891135
58,-0.00027529143481367773
59,-0.0005154602989750374
60,1.5298933812370154e-05
61,0.0015875128206926405
62,0.0010964438631507745
63,0.00027988295000568004
64,0.0009294080428500377
65,0.0026613188408238023
66,0.000647595200458405
67,9.391614817232909e-05
68,0.0015008261665829844
69,-0.00016528525091772568
70,-0.00013759698617436475
71,0.001193413722468064
72,-0.0005944730209669673
73,-0.0008397017535975496
74,0.00016584531531368098
75,0.0004368038630353948
76,0.00032218605382345917
77,0.00032780759858667795
78,-0.00040440682882000243
79,0.00043832749697267717
80,0.000266460689326448
81,-0.002692866414022664
82,0.002001953822316415
83,-0.00022612734445318685
84,0.0035289548201997336
85,0.004803592802763123
86,0.0011965510791251883
87,-3.2739188294937726e-05
88,0.002318458724245386
89,0.0032051698364230297
90,0.0006134063185163266
91,-0.0017195678400644824
92,0.001042755942009293
93,0.0014450326897386308
94,-0.0024873785654501764
95,-0.0011321712444849958
96,0.0004602026806530238
97,-0.00016053851629002527
98,0.0007187911767875007
99,0.0002681625122725785
100,0.0006342257287632784
101,-0.00014139342297017204
102,-0.0032561984326796474
103,0.00019136583250085095
104,0.0012990659985299296
105,0.000103446965741052
106,0.0018559660695624603
107,0.0009179930901821282
108,0.0007102984729200581
109,0.00019319561030305184
110,0.0015981268691657037
111,0.0006017007246622426
112,0.0008767589670668636
113,7.302282976236558e-05
114,0.00030841151096551987
115,-0.0010603422144528107
116,-0.002883662843361082
117,-0.0046540356655700695
118,-0.0011399187908932005
