,5
5977.0,-0.0024655253495843455
5982.0,0.003246031417107243
5991.0,-0.0005481967273885627
6000.0,0.005499392321987047
6008.0,-9.551013914774508e-05
6016.0,0.0007879954770804255
6024.0,-0.0005127004297146271
6031.0,0.0009360436927439302
6039.0,-0.0033552574229953097
6047.0,-0.0013667583320151467
6056.0,-0.0005172930126784978
6062.0,0.003435617855673326
6066.0,0.004040725210645133
6074.0,0.00195245352023416
6085.0,0.0009738064249629435
6093.0,0.0017624476217916272
6101.0,0.0006150849908247435
6109.0,-0.0006756280574625593
6117.0,0.0013407732102048036
6126.0,0.0032372565706722065
6133.0,0.002467873800698369
6144.0,0.00024681595086737106
6152.0,0.0002749656791587196
6161.0,0.0016361768206722574
6170.0,-0.007142111740361399
6174.0,0.0010356401492109901
6186.0,0.0008352840264035876
6195.0,0.00041415784245541105
6202.0,-0.0014876726810435085
6213.0,0.0018696539495052416
6222.0,0.003184730261094894
6227.0,-0.004623610683829418
6232.0,0.006404841872211951
6240.0,0.0024470265756303326
6244.0,0.0019172680651092053
6252.0,0.0016590659543457612
6261.0,0.0038151414509089033
6266.0,0.0014229823562005787
6274.0,0.0022692462913404088
6282.0,0.003042287396441871
6290.0,0.00029684438500731514
6297.0,-0.000141702618945478
6304.0,0.0010469968803258226
6313.0,-0.00021989057190849434
6322.0,-0.007062469824886979
6333.0,0.00340783797583853
6340.0,-0.0018161410136023218
6348.0,0.0029293258520199103
6356.0,0.0023431903136719415
6363.0,0.000830765527444849
6371.0,-0.0014031224854323336
6379.0,0.0004415141929030468
6387.0,-0.0025856217205989314
6395.0,-0.0017049314695519447
6404.0,0.0012795934951029778
6412.0,-0.0047186191970078435
6419.0,0.005131379392489501
6423.0,0.011209559154719436
6431.0,0.00032939448559766516
6439.0,-0.00022722495583814696
6443.0,-0.0002990812408272999
6451.0,0.0014286675103694854
6460.0,0.0024224017575760984
6468.0,0.0005766244012596383
6476.0,0.0008760146595380575
6485.0,0.0021178808414428043
6496.0,0.0015644333017037484
6504.0,0.0008566869995124352
6513.0,0.0035519103027264994
6520.0,-0.0039973633781074215
6528.0,0.0012049370746483078
6536.0,0.002900374290775717
6541.0,0.0032553357972413244
6549.0,0.0014460601347059553
6557.0,-0.0008916775195647629
6568.0,0.004021739583296286
6575.0,-0.00037639812292949456
6583.0,0.001393725313662944
6591.0,0.00016383510477374963
6599.0,0.003398696704677118
6606.0,-0.0021065013299743467
6611.0,-0.009675721813289375
6623.0,0.003375262736363474
6627.0,0.008868523855289355
6636.0,0.006229480457180482
6644.0,-0.0020621719683629643
6652.0,0.0033686502393577115
6660.0,0.0006571523761875134
6668.0,0.0013669221139486348
6677.0,0.0014536180513292501
6686.0,0.0017897206078750455
6692.0,0.0008949569122968591
6701.0,0.004118522777577993
6710.0,-0.00041033410119641815
6718.0,0.001333158451298776
6722.0,0.00028160785892314606
6727.0,-0.000390979534778337
6735.0,0.009129931001091992
6742.0,0.0007445079493706139
6752.0,0.0006186649570250122
6763.0,0.004473701856383719
6768.0,-0.0029788901267914017
6777.0,-0.0029034732008568933
6784.0,0.004668072836061585
6795.0,-0.004493717912469474
6803.0,-0.0022413125747744334
6811.0,-0.00026273783921096355
6819.0,0.0010920327488745285
6828.0,0.0009448168484092116
6836.0,-0.00011773951256610782
6847.0,0.00012805140027579
6855.0,0.0018659817689306846
6860.0,0.0025288084133415225
6867.0,0.0006774769777787686
6876.0,0.0017021861734682641
6885.0,-0.002333990939620249
6897.0,-0.0031340146732041466
6905.0,0.0019107642167464076
6912.0,-0.0019312376083919886
