,6
2.0,-0.0004854873335089357
7.0,0.0028720720392844206
13.0,-0.0019475009510764624
21.0,0.0006841798188259196
28.0,0.005183856002049902
33.0,0.0018222496205787184
41.0,0.0012177411972947314
48.0,0.003379187040981814
56.0,0.0025068804925096806
65.0,0.0016541523710354945
73.0,0.005810226431864792
81.0,0.0045270200946638745
91.0,0.003243597516796781
99.0,0.0032930126678013955
107.0,0.0034529505942064763
111.0,0.0013585702274883785
121.0,0.0012650803132623072
127.0,0.0026828859168324124
138.0,0.003387275650878202
148.0,0.0012178551775806914
156.0,-1.5212780828116575e-05
170.0,0.001133838857364249
178.0,0.003988756749038587
186.0,0.0016095907693403967
195.0,0.00264926123684051
203.0,0.003778448984228448
212.0,0.004585192465982908
220.0,0.0021730580660124592
228.0,0.0028537605903314034
237.0,0.006108816307261618
241.0,0.0011147170572356588
249.0,0.0005113177078304583
257.0,0.0021253126561545685
263.0,0.0011430638849787489
271.0,0.001112693695460105
280.0,-0.0013240096191104657
289.0,0.004165792317385938
301.0,0.0025438645489585265
309.0,0.0018274482353407347
320.0,0.0016530583916184094
327.0,0.004922673938767043
338.0,0.002177958615881635
347.0,0.0016877939011658788
355.0,0.0031062552884929834
363.0,0.004005538630548594
372.0,0.0033142030909470263
381.0,0.002457664464499072
389.0,0.004240685884863398
396.0,0.003020553227532963
404.0,0.006451747252464729
412.0,0.003044723057768167
417.0,0.0028974412280210883
426.0,0.0010380667834761232
436.0,0.0004180526919574459
445.0,0.002011534640289514
451.0,0.0003121735663984608
460.0,0.0017642382183409929
468.0,1.087680214917184e-06
474.0,0.0028165266663367004
482.0,0.0011233465371526476
490.0,0.0023305464689844764
499.0,-0.0016891732444164961
506.0,0.000622858149675222
513.0,0.0009269050995996095
523.0,0.0006802627631787843
531.0,-0.0003057331998345388
536.0,0.0015054101980863821
547.0,0.005180474920947646
555.0,-0.00031170863973731104
566.0,0.0001983155046099543
574.0,0.000883574399239272
581.0,0.000697535528475267
592.0,-0.0026367737950409196
600.0,0.0009528524976961145
614.0,0.004411334283940722
623.0,-0.00106824783377366
630.0,-0.0032571685776622544
640.0,-0.0007719761975848487
652.0,0.0010922253637833312
660.0,-0.002543476728185451
667.0,0.0001894757477300689
675.0,0.0008887304048021384
684.0,0.0007473689923268073
696.0,-0.0009987809660335733
705.0,0.002407013734003385
712.0,-0.0017496141824666388
720.0,0.0012044086515734015
724.0,-0.0038197965047644016
733.0,0.00012942031121337063
741.0,0.0006172147284477811
750.0,-0.0009390959141285463
758.0,0.0002670888050055156
766.0,0.0018366374770625038
772.0,0.003253282050821154
777.0,0.0032389495753520855
789.0,0.0008808471306030221
797.0,0.0016544748570100217
806.0,0.002611927557279892
815.0,0.002108943757458964
823.0,0.0007139964337067447
828.0,0.0014708042088519514
837.0,0.001455174762955582
845.0,0.001651723809283584
853.0,0.0007479782525875863
864.0,-0.00041203906891496125
869.0,0.0017247482155460354
877.0,0.003143010042717168
888.0,0.0010225489916639717
898.0,0.0014360425076216517
906.0,0.002073517181285275
917.0,0.0026150624518629134
925.0,0.0043637673370470875
934.0,0.0015490182030103673
939.0,0.00019965158929552784
946.0,0.0028103831443294716
952.0,-0.005681950852171776
963.0,0.004363486143629891
972.0,-0.0046932580199170685
978.0,-0.004262096600889881
987.0,0.0026005901435520555
995.0,-0.00017038938394085346
1005.0,-0.0006233768724079219
1013.0,0.000937638875924214
1020.0,0.00022061426778821903
1027.0,-0.0004293316419821444
1033.0,-0.0003355353956696188
1041.0,0.00031609608129769425
1050.0,0.0005474443222743803
1057.0,-0.0005185586400808446
1065.0,-0.00605057184406967
1075.0,-0.005474061549998553
1082.0,-0.0016600010350630654
1090.0,-0.0008515094776449903
1101.0,6.284555042708881e-05
1110.0,0.0006117403063302189
1118.0,-0.00010406156899227045
1126.0,-5.728489068927173e-06
1134.0,0.0013467309973246753
1146.0,-0.0020733919204135695
1154.0,-0.0003971298496392393
1162.0,-0.00017850235077129393
1173.0,0.000410347097665683
1183.0,0.0012023843577824494
1187.0,0.0023557195956074753
1192.0,0.0013589049617229556
1203.0,0.006604118864567474
1208.0,-0.0038745338995110836
1216.0,-5.096711877293032e-05
1223.0,-0.00028684830830794463
1229.0,-0.0016684609958163192
1234.0,0.0009907988816458253
1245.0,0.009309356796804063
1253.0,0.005915705207667054
1261.0,0.0036205659307020385
1269.0,0.002394686887394638
1280.0,-0.002406550731826617
1289.0,-0.0040349302336937145
1297.0,0.004931335299536778
1301.0,0.002345094251973575
1313.0,0.005045527261070504
1322.0,0.004224174231032548
1330.0,-0.004567929201924428
1337.0,7.128970231700033e-05
1345.0,0.0005342867579111556
1353.0,0.0004012239498674741
1361.0,0.0019930235297561834
1372.0,0.00013719300532954778
1383.0,0.0012556825127678084
1392.0,0.001169860115139923
1400.0,0.0031177214860428995
1407.0,0.0006456288709586201
1413.0,0.0008341236621908617
1423.0,-0.0012571580141552024
1432.0,0.00043306059273380646
1438.0,-0.00038168004930509567
1446.0,-0.00022339337408326969
1454.0,3.6741024791660606e-05
1463.0,-0.0007176939416211314
1471.0,-0.0009011351384502717
1475.0,-0.00031013782477022666
1483.0,-0.0048451710845397455
1492.0,0.010982489784832104
1500.0,0.0032864581891352508
1508.0,0.001640072380628013
1514.0,-0.0021311349827386897
1522.0,0.0016780736896778938
1529.0,0.005654532594778317
1534.0,0.0028289137425531463
1542.0,0.0008395162506286392
1549.0,0.004539464620348056
1557.0,0.004018305356093104
1566.0,0.002440372485468573
1574.0,0.003984316812903912
1582.0,0.0034730283716393447
1592.0,0.003879111592529547
1600.0,0.004614894405376549
1608.0,0.0037886394673458446
1612.0,0.0012412424062219647
1622.0,0.001115170050432977
1628.0,0.0016717146996345993
1639.0,0.0019157578691682215
1649.0,0.0021154176172827363
1657.0,8.390671460406194e-05
1671.0,0.0034228915663797616
1679.0,0.0069033098533903365
1687.0,0.0016975824679106297
1696.0,0.0033485925118591
1704.0,0.0036524164642932843
1713.0,0.004109417740387659
1721.0,0.002533711684865122
1729.0,0.002253765413508901
1738.0,0.003968597068595173
1742.0,0.0012833569913012432
1750.0,0.0009996573987898546
1758.0,0.0017452480783733178
1764.0,0.004428425239857525
1772.0,0.0030954068243866186
1781.0,-0.0015042333981565635
1790.0,-0.0005055845087363189
1802.0,0.00039259598485508955
1810.0,0.0003793191599864324
1821.0,0.0012060214908362818
1828.0,0.00458088942921086
1839.0,0.0002107300250736357
1848.0,0.0007931151140270293
1856.0,0.002828079187794677
1864.0,0.0038806779011582317
1873.0,0.0026582046801539804
1882.0,0.0018268565054823268
1890.0,0.00285559137115237
1897.0,0.002087878734947568
1905.0,0.004930927752890403
1913.0,0.0019699936330622382
1918.0,0.000265514708221718
1927.0,-0.0001036386333377043
1937.0,-0.00017161573412184422
1946.0,0.0015380631669033762
1952.0,0.0011874144270039473
1961.0,0.0008666255114814448
1969.0,0.001652129282372684
1975.0,0.0025797199623594108
1983.0,0.002184205283613343
1991.0,0.0029233174033754545
2000.0,-0.0015188250904835626
2007.0,0.0002788216270031971
2014.0,0.0015001773783579605
2024.0,0.0013332008314744623
2032.0,-0.0004916482088573348
2037.0,0.0022912551779399877
2048.0,0.004959257017218291
2056.0,-0.00027666848299991815
2067.0,0.0012017926705063956
2075.0,-0.0006018402413908145
2082.0,-0.00025699586578565393
2093.0,-0.001400200341732065
2101.0,-0.0003370965262754101
2115.0,0.0006166887369272631
2124.0,0.003486705082122872
2131.0,-0.0020390515818035928
2141.0,-0.00237020564633449
2153.0,0.0004971995115518891
2161.0,-9.384604846125227e-05
2168.0,5.6994586259878266e-05
2176.0,-5.590856018187482e-05
2185.0,0.0018027950573642289
2197.0,-0.0010970988575271501
2206.0,4.347286864139802e-05
2213.0,-0.0010991343582608584
2221.0,-0.0004643444778961038
2225.0,0.002164677252977696
2234.0,0.0029740563003870816
2242.0,-0.001069426445547671
2251.0,0.00022554262095044267
2259.0,-0.0007144352136510702
2267.0,0.0015434156505073197
2273.0,-0.0017832618905062848
2278.0,0.0027488121042932093
2290.0,0.0014911553590892996
2298.0,0.0003310000583117943
2307.0,0.0033359755183594844
2316.0,0.0006458146232918735
2324.0,0.00092262559091139
2329.0,0.002714072717469452
2338.0,0.0015817062911270784
2346.0,0.002188427215006856
2354.0,0.003296810999722376
2365.0,0.0030097354247693754
2374.0,0.0014367040786091734
2382.0,0.0017578111399398201
2393.0,0.003066164789404512
2403.0,0.0007244836917423438
2411.0,0.0016139427830105958
2422.0,0.0012769918016116175
2430.0,0.0023853033341652598
2439.0,0.0012464481395092284
2444.0,-0.0001299493539376344
2451.0,0.0030062745317098578
2457.0,-0.002579850194382959
2468.0,0.006751883857490767
2477.0,-0.003397706711155008
2483.0,-0.0014052935260117252
2492.0,0.0002860321316423713
2500.0,-0.001465041603841403
2510.0,-0.0001770761440124108
2518.0,0.0004989416899836101
2525.0,0.00042972853187084277
2532.0,-0.0016379221721600696
2538.0,-0.001737423497621961
2546.0,0.0017362784685819187
2555.0,-2.8316678701645216e-05
2562.0,-0.0003583154718616888
2570.0,0.00047272967831791976
2580.0,0.0064614277091605415
2587.0,0.004155981936500847
2595.0,0.0010150545741665182
2606.0,-0.00033395122945563123
2615.0,0.0007711854127319388
2623.0,0.00041337341567283196
2631.0,7.306570191225857e-05
2639.0,0.0016738721011913804
2651.0,-0.0009327933706141876
2659.0,-0.0022088130738003803
2667.0,0.0003588417777882972
2678.0,-0.00015040800007290738
2688.0,-0.0010665827888567724
2692.0,0.0016045117008798408
2697.0,0.002528909932666188
2708.0,0.007687340734380572
2713.0,-0.002550694365003155
2721.0,0.0009757134044798767
2728.0,-0.0001386698668442502
2734.0,0.0025115984570160416
2739.0,0.0011832930320986278
2750.0,0.005345263703934098
2758.0,0.0058185025621197515
2766.0,0.004530497891735337
2774.0,0.0030623470518645547
2785.0,0.002446179136094934
2794.0,-0.002825676308033022
2802.0,-0.0003132003938381999
2806.0,0.0011815883162610776
2818.0,0.008797953707156421
2827.0,0.008068763297414804
2835.0,0.004025276236204148
2842.0,0.0012355427652545378
2850.0,0.0037296084686097197
2858.0,0.0011470482324318913
2866.0,0.002760530828224767
2877.0,0.001046715833041306
2888.0,-0.00022769163447254506
2897.0,0.003992066698632051
2905.0,0.0003343994484305846
2912.0,-0.004993575153932188
2918.0,0.0022847739552493843
2928.0,-0.0007801070603909112
2937.0,-0.0004007265860450844
2943.0,-0.0003279164327857932
2951.0,0.00016138270624035665
2959.0,-0.0005225466527482901
2968.0,-3.504242973154219e-06
2976.0,-0.001490912610140185
2980.0,0.0016619503448822442
2988.0,0.0012688458358224145
