,8
0,0.00843414833014969
1,0.0017838603549436007
2,0.0015443416118951692
3,0.001578700308025977
4,0.002440125373639393
5,-0.0020412412368405125
6,-0.0009510988522437847
7,3.668604125334769e-05
8,0.0006535939156250691
9,-1.5012225922600004e-05
10,0.0007316810135454913
11,0.00023049367844110575
12,-0.00070610203521544
13,0.0013640114434310653
14,-0.0002477751777310162
15,-0.0006729640514956723
16,-0.0002537749909734315
17,-0.00013490202132891325
18,0.0007714035618665122
19,0.0007291595246035031
20,0.00024412190592015706
21,9.942856010190297e-05
22,-0.0005944055804123796
23,0.0007574525779242932
24,-0.0005816267414920134
25,-0.0015344786885355447
26,-0.00025940767029213497
27,0.0005974190003490881
28,-0.00013717032845385641
29,0.00024355675678380787
30,0.00014910869661815542
31,-9.709389293421406e-05
32,0.0003366420296038423
33,0.00013746727081497562
34,0.0005340002933067425
35,-0.0006142450754275944
36,-0.0009102235195774903
37,-0.001698158270191694
38,0.00022994173150193357
39,0.0008245178985207166
40,0.0013470915504478975
41,0.0020273084585037474
42,0.0010546548627900722
43,-4.03677240291476e-05
44,-0.00031935802178855317
45,-0.00018926499977728716
46,0.001850024299240975
47,0.0007823141967469343
48,0.0009729156510286381
49,0.001092632250547905
50,-0.00047694019314188066
51,0.0004440837358904451
52,0.004275680254691241
53,0.00669015656573507
54,-0.0029460138567888395
55,-0.0016757138165564163
56,0.002988136724997608
57,0.00654198634597151
58,0.0013638652311782288
59,0.0016266820366587812
60,0.0009544347110753155
61,-0.00035067443400329574
62,0.0006885916560949279
63,0.0003898554249886299
64,0.0005359591396416366
65,0.001650072673355511
66,0.0013878480950573148
67,-0.00022349398979911171
68,3.9254139414717666e-05
69,0.0028477111594552933
70,-4.253351425879377e-05
71,-0.0005070278638681808
72,0.0013291774522076112
73,0.000663507410823254
74,0.00013156163866295988
75,0.00024293333888926607
76,-0.00019682601222901702
77,0.0012810734044799983
78,-0.000555617366662173
79,0.0013438650032367866
80,0.0002529105323372636
81,0.000635885207914727
82,-0.0007968852023953529
83,0.0012339237638217381
84,0.0038081075437643008
85,0.0005251200033073335
86,0.00023217651883007567
87,3.5852847623400784e-05
88,0.000789570146309943
89,0.0006453338091083554
90,-0.000876380121030598
91,0.0012539046236449312
92,0.0004209031612212731
93,3.662873639520375e-05
94,0.00027255230301129803
95,0.00033946000682457474
96,0.0001011702554224946
97,0.00015390865000542282
98,0.0009943904247211248
99,0.00036813874543658654
100,-0.0021830804968687692
101,0.0007141505477889813
102,0.00018426388003304724
103,0.00046236431926827723
104,0.00013080759766254205
105,-0.0005279225243371458
106,0.00022468377900727225
107,-1.8307960619827437e-05
108,0.0004516098133238935
109,0.0005150600074390755
110,-4.3943621461420705e-05
111,0.0005484217790190118
112,-0.0005449341550160353
113,0.0019701157499281323
114,0.0012526220914801324
115,-0.0011371543818841563
116,0.000837843849663365
117,-0.0014462803575358832
118,-0.0030755085716876406
119,0.0010702615556219986
120,0.002939417084136448
121,0.0030405442568098807
122,-2.7875973545604748e-05
123,-0.00040290251329370063
124,-0.001221286216606018
125,0.000591783607875914
126,-8.586769172186904e-05
127,0.0008070332070492569
128,0.0026525038722193263
129,0.0015946114177440357
130,-0.0002443930643321981
131,0.0004677123504861023
132,0.0015283763719110119
133,-0.00028539018481618856
134,0.00011628660159677785
135,0.00012738054817396208
136,0.001224587180315127
137,0.002877870126000706
138,0.00020821087948263718
139,3.157310556466467e-05
140,-0.001181015212282457
141,0.002217906939448611
142,0.00021648806610319532
143,-0.00035465982020185495
144,0.0013658847110474342
145,0.0009092320789200083
146,-0.0005697369654284755
147,-0.00011174599027282382
148,-0.00026447592053955606
149,6.299296298140685e-05
150,0.0004961059149245669
151,-0.0009767373092279834
152,0.00035530870322291705
153,-0.0009515291242281202
154,0.0013661331546966752
155,0.0016201387419732024
156,7.863800580646471e-05
157,0.00011750960309248031
158,0.003964921595876218
159,0.0008623383052465618
160,1.998874703795877e-05
161,0.0006771860983137226
162,0.000392011204772689
163,0.000237343339984829
164,0.00035899993975357187
165,0.0024457498829949663
166,0.0002927755757243999
167,0.0003700867644279925
168,0.0007137330112425692
169,0.0005186692394582162
170,0.00035712803086884824
171,0.0006504703417176885
172,-9.962185744409313e-05
173,-5.845677687380572e-05
174,0.00028645363674613346
175,-0.0002084442505652231
176,-0.0007428422693245712
177,-0.00046121785523965496
178,0.001153311797391618
179,-0.0006576530769189519
180,-0.0006371195112653498
181,-6.168151077718015e-05
182,-0.001492896087391607
183,0.0008968660646076073
184,0.0009544056962480423
185,0.00039944677044127563
186,0.00031357374801822883
187,0.002258086843263141
188,0.0022340811030381914
189,8.197578430174849e-05
190,0.0022503273887063495
191,0.002294705848477491
192,0.00046854770620243614
193,0.0015909019535494304
194,0.0032137893426619
195,0.0022239250378444466
196,-0.0006436910380224023
197,0.0013389723265375157
198,0.0006978691315938557
199,0.00041043729388659354
200,-0.0006544985926570355
201,-0.0010519702937080758
202,0.00015374807866636364
203,-0.0003944593224444203
204,-0.0006035813423161207
205,-0.0006015981633830345
206,0.0011590151289375835
207,0.0006742652909822013
208,0.0006005247645526555
209,-0.0005969591093468011
210,-0.0015440212198179779
211,-0.0005811851494253394
212,-0.001804148794988019
213,-0.0010468421422144486
214,0.000151871053168247
215,0.0008640812486355982
216,0.0003301391624110165
217,0.001856449967277493
218,0.0007518593910012812
219,0.0006981064892928932
220,0.000500891226533736
221,-3.3048987457170894e-05
222,0.0006256975549440807
223,0.0003862492002427401
224,0.00040353254314943673
225,0.0004924795730459326
226,-0.0008315831087945635
227,2.3383260487179684e-05
228,0.000478223303136234
229,0.0007591031635936997
230,-0.0005243009504946478
231,0.0007428918375758086
232,0.0009654584713450896
233,0.0008547523216752796
234,0.0005891550867021732
235,-0.0005436894733557495
236,-0.0007345488762477586
237,0.0003636890799384686
238,0.0002168050932170448
239,9.441422825837629e-05
240,-6.445805416517301e-05
241,-0.0012663599021070606
242,0.001185968711564181
243,-0.001165680604637568
244,0.0010689281459280804
245,0.001611124590685144
246,0.0005198728915889242
247,0.0027138080858088547
248,-0.0006308521692833991
249,-0.001863239911079146
250,0.0007543953841219522
251,-0.00027355375818518895
252,0.00037307110019831193
253,0.004680941753639299
254,0.00048738720756396275
255,0.0011213397153385428
256,0.0014522952449024051
257,0.0020685818187247324
258,0.0024399335589832135
259,-0.0031152948690332245
260,-0.0027201479258442225
261,-0.00032937429267978737
262,0.00031552325331287497
263,0.0006700025888325716
264,-0.0005807415559990352
265,0.0018852775716566683
266,-0.001066202617629996
267,-0.006404212496248846
268,-0.01059534320346571
269,-0.0044625668193743195
270,-0.00017361644962075618
271,0.00025441521680450346
272,0.00017199173187561803
273,0.00018922286883683444
274,-0.0002079406043251743
275,0.0006528366791737157
276,0.0009520667877643927
277,-0.00016056450159221628
278,-8.288931730595172e-05
279,0.00016744953318920943
280,-4.754012553001351e-05
281,-0.00012582626107133447
282,6.02093714532933e-05
283,-0.00013272476094164165
284,-9.341642935491631e-05
285,-0.0006027253335811124
286,0.00033846151988709374
287,-0.000982208050620813
288,0.0006768366374635946
289,0.001428723204234584
290,-9.899579394816525e-05
291,-0.002071923117621774
292,-0.0015160022125429104
293,-0.0009214396380167228
294,0.0012520661330730236
295,-0.00013346701754610076
296,0.0006604917884298639
297,-0.00041895512771283536
298,0.0004964047863707108
299,0.004021730593878194
300,0.00015809031563300194
301,0.0003805917723557584
302,0.0006061247659591277
303,-9.313780320545903e-05
304,6.54366521328687e-05
305,-0.00036639306748983746
306,0.0010352645022458716
307,6.935790733601656e-05
308,0.00018646881031091783
309,0.0003315686934548466
310,0.0018804124772501321
311,0.001361288387083706
312,0.001135607843816973
313,0.003936872856488055
314,0.005589050975720253
315,0.0035410791678225834
316,0.004974690308696425
317,0.00443703630360039
318,0.005724937343553526
319,0.003613380382738497
