,3
4850.0,0.015276594302596296
4856.0,0.0111772952007832
4864.0,-0.010420771519219192
4873.0,0.014146240293141418
4881.0,-0.014405976139500454
4889.0,0.005812320075992577
4899.0,0.012409377051641213
4907.0,0.006593501513517343
4914.0,0.023565087636601242
4922.0,0.0016710739595347814
4930.0,0.001121927015083073
4936.0,-0.01394036845357523
4947.0,0.009047262392760193
4955.0,0.007824819990857162
4962.0,0.009572256935093868
4970.0,-0.0023834595469087476
4977.0,0.017021702868031716
4985.0,-0.0026654066928666967
4994.0,-0.011149819284888085
4999.0,-0.008350360375585874
5007.0,0.026538357279270914
5011.0,-0.010414998788324263
5016.0,-0.010886056443345938
5024.0,0.010362962639521965
5032.0,-0.01592773036574905
5039.0,-0.023857543504324268
5047.0,0.0038327278159700634
5058.0,0.012366495456367694
5072.0,-0.014262251281761184
5077.0,0.01946873401773714
5086.0,0.01157535486914559
5100.0,-0.018452852282550003
5106.0,-0.03314117911783848
5110.0,-0.0006555180171347298
5117.0,0.0026828169810315583
5123.0,0.010922476607126173
5132.0,0.0185482169011367
5140.0,0.013329412611724331
5148.0,-0.009829854224445829
5153.0,0.003784866925806079
5160.0,0.011601694041573863
5168.0,0.015595041752402958
5176.0,0.01728200178905248
5184.0,0.020536181164960112
5193.0,0.006386625340943954
5201.0,-0.0016943222707953233
5206.0,0.010968295015595505
5214.0,0.015376063681047887
5223.0,0.0037288530745115114
5235.0,-0.018319579111235846
5244.0,0.024994577870359642
5248.0,-0.008155347325684082
5257.0,-0.00567242151704014
5265.0,-0.020269547815057434
5272.0,0.004449355609391903
5279.0,-0.027093987554266855
5284.0,0.018549347240941993
5293.0,-0.017180176471381453
5301.0,-0.011580300572158793
5309.0,0.01725112378347016
5317.0,0.01661603231468697
5325.0,0.011772678891177425
5334.0,-0.014284403417448304
5342.0,-0.00926448033320773
5349.0,-0.0038009252781606617
5353.0,-0.0028040642305108654
5360.0,-0.011353896456468338
5365.0,0.00179710429542677
5372.0,0.008642079702709334
5381.0,0.007360590064717524
5393.0,0.014826215431952833
5397.0,-0.010718987809356808
5405.0,-0.0023782711169025817
5416.0,-0.01116777050925422
5420.0,-0.0016082016847644533
5428.0,-0.005867935299000466
5435.0,-0.010592606273863695
5442.0,-0.0017998951864602692
5450.0,-0.01004552971086233
5458.0,-0.019385328782454657
5466.0,0.014112096528088322
5477.0,-0.019147995294173846
5486.0,-0.0009680467570835602
5494.0,-0.0010086371471628064
5498.0,-0.012276299146483026
5507.0,0.0012365867314733036
5514.0,-0.008378340226184115
5519.0,-0.009987854224353797
5524.0,-0.0015965184362286729
5531.0,-0.009411222972355106
5540.0,-0.0016521411131509703
5547.0,0.014194890408831023
5551.0,0.010960439245421977
5556.0,-0.007146319085164698
5564.0,0.007844145181275868
5570.0,0.012456260409253904
5579.0,-0.018923452070257352
5583.0,0.016306380581984692
5592.0,0.0052555747477579864
5600.0,0.019619322363700026
5609.0,0.00823870402166748
5618.0,0.0010497467469270212
5629.0,0.011130216545683646
5637.0,0.019525374395486312
5645.0,-0.0043021420897004885
5650.0,-0.010867754137021622
5658.0,0.017539930007854428
5666.0,0.00719609424638189
