,5
4850.0,0.0021822035585154632
4856.0,-0.0018837198883023978
4864.0,0.006362752826206131
4873.0,-0.0007941950839844039
4881.0,0.000643273989213358
4889.0,-0.0060674900273756625
4899.0,-0.004561958832076484
4907.0,0.00019473091067881364
4914.0,-0.0003625851602736418
4922.0,-0.0029297373645208362
4930.0,0.0022980746261142128
4936.0,-0.0001729496842645021
4947.0,-0.001973759624137269
4955.0,0.001436089386234246
4962.0,-0.0014274879033883397
4970.0,-0.00033301559510405174
4977.0,0.001932681951715538
4985.0,-0.00047721999244390416
4994.0,0.010838794539453066
4999.0,0.0023311051966645466
5007.0,-0.008725067826130271
5011.0,1.602885794330649e-05
5016.0,0.0009702079200111385
5024.0,0.00011807617974062635
5032.0,0.00338451581465503
5039.0,0.0011788910042022872
5047.0,-0.0010557401178913739
5058.0,-0.0007148966231156762
5072.0,-0.0007567885098481949
5077.0,4.072996282425779e-05
5086.0,0.007334982207236288
5100.0,-0.0024989241508017097
5106.0,0.006968246338467309
5110.0,0.0036870848550870352
5117.0,-0.0010183116824302992
5123.0,0.0003589908138278124
5132.0,0.0013903731378093215
5140.0,0.003060111352118695
5148.0,0.002246807820736873
5153.0,0.0035194069069850384
5160.0,0.0008861037735467981
5168.0,0.0007511341488567598
5176.0,-0.00020817644362097307
5184.0,0.001018467510106595
5193.0,0.0023587938639060813
5201.0,0.00045855583005301035
5206.0,-0.0011035368694672205
5214.0,-0.003503044608054251
5223.0,0.002824778100588215
5235.0,-0.0012806960841412664
5244.0,0.0034966183415822936
5248.0,-0.004156633879328304
5257.0,-0.0003778628151817871
5265.0,0.0019972472962574983
5272.0,0.0015304338030053917
5279.0,0.0012212445843234351
5284.0,0.00279400839215863
5293.0,-0.0018225493258174554
5301.0,-0.00016802167033690588
5309.0,-0.0005133556363833002
5317.0,-0.0026888024657262576
5325.0,-0.0008807260702745102
5334.0,0.0008563946594329568
5342.0,-0.0015539173488632195
5349.0,0.006932618107845306
5353.0,0.005569997681405088
5360.0,0.0007579027659592428
5365.0,0.003757959546008549
5372.0,-0.001460742451160337
5381.0,-0.0041324934641623024
5393.0,-0.0015604757694246247
5397.0,0.0063716167910704054
5405.0,0.016620691371655245
5416.0,0.012676403798995001
5420.0,-0.0023400866260478445
5428.0,0.00037001683176450886
5435.0,0.0016626228424496806
5442.0,-0.0010915122896310748
5450.0,0.0013433305171697157
5458.0,-0.0013432061758993391
5466.0,-0.0007941980503736023
5477.0,-0.004697643521737501
5486.0,-0.00578409780134044
5494.0,-0.0009889114263089548
5498.0,0.004143705828539157
5507.0,-0.0008558877184844424
5514.0,0.0018054082910911983
5519.0,0.003742685433306503
5524.0,0.005729479907540199
5531.0,-0.0029965239144444677
5540.0,0.00263990031893419
5547.0,-0.0005619597246522096
5551.0,-0.0018620524790736296
5556.0,0.004096792598995097
5564.0,0.002010400724025954
5570.0,-0.0016518163652892487
5579.0,-0.0009971967827159796
5583.0,0.00023331171926358146
5592.0,0.0003965535230665923
5600.0,0.0008527700720667533
5609.0,0.0022190761303739295
5618.0,0.0010757070973304859
5629.0,0.00024334558655370544
5637.0,-3.592359766895343e-05
5645.0,-0.0035289753787202446
5650.0,-0.0031878899354310817
5658.0,0.001753445555658646
5666.0,0.010611962858248223
