,4
4850.0,-0.0017162340419359355
4856.0,0.0028603308659154196
4864.0,-0.0048892486332048285
4873.0,0.005450028966319889
4881.0,0.00024453709331771485
4889.0,-0.0025744124633806827
4899.0,0.0018426440503987141
4907.0,0.004926669032860631
4914.0,0.008774911453473453
4922.0,0.002331186166811484
4930.0,0.0022125818463910665
4936.0,-0.0019428968771961303
4947.0,0.003114325159909582
4955.0,-0.002720068024494554
4962.0,0.0053693058819090115
4970.0,-0.0021898755446110333
4977.0,0.002228424881379903
4985.0,-0.011328611999754263
4994.0,-0.003513237506213883
4999.0,-0.004824446851632652
5007.0,0.005223442223734949
5011.0,0.0056849674434683445
5016.0,-0.0035019720131553578
5024.0,0.00916812260470169
5032.0,0.004825758793125919
5039.0,-0.007340397948842731
5047.0,0.00874383370133063
5058.0,0.003373951302503871
5072.0,-0.0017684461730142077
5077.0,0.009645216271265774
5086.0,0.0076720850965691515
5100.0,-0.0030142259061728253
5106.0,0.002609613131551776
5110.0,-0.0009045668650670052
5117.0,-0.004469861077774189
5123.0,0.009420945544712874
5132.0,-0.0006841187770688429
5140.0,0.0023994065621973566
5148.0,0.006899017917764136
5153.0,0.00772537918497108
5160.0,0.006216421464323346
5168.0,0.003183147576690862
5176.0,0.007007930808061072
5184.0,0.009725366374342152
5193.0,0.0007644083058244952
5201.0,0.008024887700543088
5206.0,0.0022424176210313817
5214.0,0.009796869932948194
5223.0,0.0014794634344399672
5235.0,0.0011328697397940228
5244.0,0.01847688151711953
5248.0,-0.006142638537867369
5257.0,0.0028038410289740923
5265.0,-0.008784766665817347
5272.0,0.006754314498512119
5279.0,0.005087482256552514
5284.0,0.007672139374296839
5293.0,-0.0033261007864481946
5301.0,-0.0049659422432527895
5309.0,0.0020380847176170013
5317.0,0.002576964602133572
5325.0,-0.0009521913683307739
5334.0,-0.004411329284688898
5342.0,-0.001541373213823355
5349.0,0.009260923114633422
5353.0,-0.0011554329390423108
5360.0,0.007277132967430852
5365.0,0.007473528546503068
5372.0,0.006939417089903961
5381.0,-0.0074513581300855785
5393.0,-0.015210539074017416
5397.0,0.0022882822816780056
5405.0,-0.000339034037678143
5416.0,-0.0018126611224111523
5420.0,-0.007749328029972761
5428.0,-0.006258987733851927
5435.0,0.0040678132339886765
5442.0,0.00310178649011968
5450.0,0.003111968069949801
5458.0,-0.0002559146630771478
5466.0,0.003303756191442731
5477.0,0.0001944029944524678
5486.0,-0.0018969478541297608
5494.0,-0.009060070208920388
5498.0,-0.002718665988752365
5507.0,-0.00259435035547936
5514.0,-0.0016609425945260964
5519.0,0.002978455034064822
5524.0,0.005803030532775324
5531.0,-0.005401238555379367
5540.0,0.0070236125863575565
5547.0,-0.004715163635613194
5551.0,0.011152260209155272
5556.0,0.0022249116332103626
5564.0,0.01027972414175148
5570.0,0.00984654399972909
5579.0,0.0032489569581262722
5583.0,0.0010335257538665273
5592.0,0.006385328292690459
5600.0,0.005833123465730091
5609.0,0.0034979067380378308
5618.0,0.004926813434611874
5629.0,0.013234711257602763
5637.0,0.013247625886612425
5645.0,0.005547777717087135
5650.0,-0.0012206980724416884
5658.0,0.00604230137574942
5666.0,0.010308338279606826
