,3
2786.0,0.0036217184046573505
2793.0,0.014149541311975376
2800.0,-0.017697521007031366
2805.0,0.0077072486989751615
2810.0,0.005993241346813359
2822.0,-0.016479196965025377
2830.0,0.006889389901024833
2838.0,-0.013101746152146869
2845.0,0.004037063311989947
2859.0,-0.014691762015471482
2868.0,-0.009204211752642036
2874.0,-0.010614519928851786
2881.0,-0.0240071013639569
2889.0,-0.002162860406407717
2900.0,-0.006553015211399596
2909.0,-0.015434140541410282
2916.0,-0.008494981604477274
2924.0,-0.0056316388608707415
2932.0,-0.0037796286297397505
2941.0,0.00833989482939797
2955.0,0.004161935988951113
2964.0,-0.0014697988813638938
2971.0,0.014699526336728707
2980.0,-0.0050436440677439345
2987.0,-0.01610933138067768
2994.0,-0.01619580034495437
3002.0,-0.004618669719451726
3011.0,0.010608906197539576
3018.0,-0.006444980822551491
3030.0,-0.002629950960404755
3037.0,0.0007600361905538593
3044.0,-0.006433649435077933
3053.0,-0.0001874429697339133
3061.0,0.009365137337233636
3067.0,0.016936486690545833
3074.0,0.014408347160177807
3083.0,0.005246954731052417
3089.0,-0.01959630838303448
3093.0,0.021290427707278122
3101.0,0.00627678656377077
3115.0,-0.013772376480053562
3124.0,0.006776766426624047
3130.0,-0.014016963052579283
3139.0,-0.014713178480231069
3145.0,0.00637716970874348
3156.0,-0.0003774269995453531
3168.0,0.011461418881557968
3175.0,0.01887603071256834
3182.0,0.02694207491526011
3190.0,0.010661652952430642
3197.0,0.008293425408768205
3206.0,-0.012847850147608362
3212.0,0.007584589833808856
3220.0,-0.0047700582068752285
3228.0,0.006834588347752528
3235.0,0.027567802034833517
3243.0,0.005265125064311566
3252.0,0.017613534502542348
3260.0,0.02218513990278536
3267.0,0.020858107959376735
3276.0,-0.025829275566265006
3284.0,0.017745507481955226
3291.0,0.012635633443260545
3300.0,0.026604199204266234
3309.0,-0.004551171332944946
3316.0,0.002561973646276429
3328.0,-0.011154022002568086
3336.0,-0.006593300642862615
3341.0,-0.0007690754633923153
3352.0,-0.010033976855613178
3359.0,0.0028148665230995806
3370.0,-0.006224828231972361
3376.0,-0.006300109998595346
3388.0,0.00037905904540234405
3395.0,0.0013361396945863178
3400.0,0.008031885707515708
3404.0,0.01129176122952332
3413.0,0.008825749773179375
3420.0,0.0032509323311544487
3428.0,0.004971550461821476
3440.0,-0.01000214055109052
3449.0,0.015396926806429796
3457.0,0.009601414821253224
3463.0,0.006567353128504895
3470.0,0.016336907209988684
3479.0,-0.014471483326046959
3490.0,-0.00669747397045745
3497.0,-0.0005310060925121131
3504.0,0.005885784943296824
3516.0,0.018565592625323077
3524.0,-0.0033727492353918345
3533.0,0.0059920692331844145
3540.0,0.016467975632983304
3548.0,0.005823537918478466
3556.0,-0.010862544258758253
3560.0,0.002850645806486602
3569.0,0.005916782505927294
3576.0,-0.014716403261108808
3583.0,0.006113695209805265
3591.0,0.011010685154490876
3600.0,0.010376554781745088
3606.0,-0.004103451691903472
3617.0,-0.008332173249618682
3626.0,0.0012756715164970417
3635.0,0.006899734568365547
3644.0,0.004548041017695074
3651.0,-0.015752851623955795
3659.0,-0.003954613426110734
3666.0,-0.009968541318074823
3673.0,-0.004074840106052343
3680.0,0.014773290220127485
3689.0,-0.011929138568360512
3697.0,0.018073179331584234
3706.0,0.01437213326202669
3717.0,0.009448214299786617
3724.0,0.023374185454554126
3732.0,0.00430040405852078
3739.0,-0.0009304283636623636
3750.0,-0.012321429046396047
3761.0,-0.019661675477379393
3769.0,-0.022461156770689175
3777.0,-0.01242989910185831
3784.0,0.014661272721818722
3795.0,0.007251369917470985
3803.0,0.01111038056079178
3809.0,0.013664726659027841
3817.0,0.0124908019862554
3828.0,0.014215275169761349
3836.0,0.010844895570156618
3843.0,0.011741801391200037
3854.0,0.0018573282011625787
3858.0,0.012914129294902143
3867.0,0.02323089754860496
3875.0,-0.006273052372118458
3883.0,0.001801787953111238
3891.0,-0.006007978401424914
3903.0,-0.015212487540299566
3910.0,0.005694172594380666
3918.0,-0.0073781951221352894
3930.0,-0.009485747449764879
3942.0,0.008087425735905835
3956.0,0.01226995223672021
3960.0,-0.01388695482364854
3969.0,-0.0011303622753306459
3978.0,-0.003666469335435333
3985.0,-0.015770541174093697
3990.0,-0.0068949253346645475
3999.0,-0.003087079458528644
4006.0,0.02231097477327194
4014.0,0.01099010436335942
4021.0,0.007441213278953827
4029.0,-0.002868168892804827
4038.0,-0.011456999212764765
4049.0,-0.025844670169535195
4057.0,0.014442947513751043
4065.0,-0.0002131531596153477
4073.0,0.02013186980604881
4080.0,0.017945382749055723
4092.0,-0.010325283364414316
4098.0,-0.008357857132586348
4109.0,-0.005402002223941654
4115.0,0.0016794862254487404
4122.0,-0.01548462602853712
4131.0,-0.0023398105293271085
4136.0,-0.01632356852099843
4143.0,-0.014245245954974511
4151.0,0.002828003662492578
4158.0,0.01438537500871457
4164.0,0.019526071611627845
4175.0,0.00878064159558569
4182.0,-0.0011282480101513445
4189.0,-0.02053055597714684
4197.0,0.020892404344921983
4208.0,-0.0139705231246284
4217.0,0.010355436806119523
4223.0,0.02058108394576219
4230.0,0.007907766820581618
4238.0,0.015368670364616858
4244.0,-0.00012959643180319896
4251.0,0.017333973098428553
4258.0,-0.011381185158181453
4267.0,-0.01070828183531357
4273.0,0.018809537269857773
