,8
0,-0.0006594447423105952
1,-0.0002833788550399983
2,-0.0006290909166916767
3,0.0010573508648669722
4,0.0004577348163968993
5,0.000601492435095055
6,-0.0002576295748274998
7,-0.002934213166299526
8,-0.0014840855227031965
9,0.00048281180881879437
10,-0.00033424455415267333
11,-0.00016626426766512412
12,-0.0003070200963331464
13,0.00010117880620084081
14,-0.00013444302919181762
15,-0.0004961634904869771
16,2.1683122401268954e-07
17,0.0006101190456563161
18,0.0006817850359123953
19,-0.0006512862531395347
20,-0.0004516373075570379
21,0.0014914637554514973
22,0.0048355786454222695
23,0.0021825152110387944
24,0.0014697135293651783
25,0.00011418578146884781
26,8.513082532821746e-06
27,0.0002963330872679158
28,0.0003288257724037719
29,-0.0003792346232241565
30,0.00012991088796941315
31,-0.0010015396396555235
32,-0.0008327653280582552
33,-0.000601106555145359
34,-0.00021277231608314887
35,0.0002530661645234587
36,0.0003318573922510838
37,0.00023201013346363936
38,9.633277367854687e-05
39,0.0005146421272214126
40,-0.0008548721998851149
41,-0.0014028910761551294
42,0.000866401131285474
43,-0.0017305725186672976
44,0.0054621341379711376
45,-9.332242829460634e-06
46,0.001181423584486563
47,0.002599675489106778
48,0.0008294839118104521
49,-0.0004760291389207017
50,0.0005957616023684791
51,0.00046444613915105996
52,0.001385239875233192
53,0.0005685413372277648
54,0.0010875655865199099
55,-0.00020111294963722225
56,0.00026906463695176185
57,-0.0003485273288107825
58,-7.718709856342723e-05
59,0.0008963661786880311
60,-0.0012419235204396723
61,0.0010785583447993448
62,0.0014464757410090152
63,-0.0009204491363318962
64,0.001882299470194889
65,0.002444774078805316
66,0.001558745550899362
67,0.000251157089384039
68,0.0025397261374673374
69,0.003377983947865432
70,0.00037544469576349343
71,-5.446023221100579e-05
72,0.0005711395011802703
73,8.295282386349924e-06
74,0.0004081665239585809
75,0.0004085416634081397
76,9.055808947554708e-06
77,-0.0003097888335824679
78,0.00026370958874945613
79,0.0013064621421087505
80,-9.135367365229618e-05
81,-0.00033872686763432964
82,-0.0022769243518679337
83,0.0017149107142624283
84,0.002110719876050854
85,0.0016597855415215795
86,0.0003043838845582925
87,-0.0007104516774427093
88,0.0001675775710379293
89,2.1683562586093843e-05
90,-2.6947775092391313e-05
91,0.00022153466627178328
92,-0.0004955470225539623
93,0.00040896069939141326
94,0.0003813195366489539
95,0.0005660605855467532
96,0.00021384759287051635
97,-0.0014678697017507045
98,-0.00025742742301922703
99,-0.00030523485964746046
100,-0.0014247295265215237
101,0.000966305641213473
102,-0.002151166042081679
103,0.000904188529932077
104,0.00014977504130470138
105,-8.971234501211783e-05
106,0.00022240863473458618
107,-0.00018169630815841108
108,-0.0002033860314391433
109,0.0003913390604711793
110,0.0003965964275059223
111,0.000247121865119859
112,-0.0009891495722616824
113,0.00010053375029745921
114,-0.0006322963071758333
115,6.219403455166448e-05
116,0.0004166593504674513
117,0.0016737121912799378
118,-1.894389409654015e-05
119,0.0003462791916153996
120,0.0004985808654382445
121,0.00034229182448496494
122,0.0039357960250396545
123,0.0008684457912220327
124,0.0010255931248510843
125,0.00032407751800620356
126,-7.184842495121672e-05
127,-0.0003794761557612589
128,3.263580010415973e-05
129,8.897701087165876e-05
130,2.646212339290768e-05
131,4.0419882412404526e-05
132,-8.192680163002915e-05
133,0.00013626098907252877
134,-0.0006844343187988956
135,0.0004774919870793874
136,0.0006838460056041025
137,-0.0025592320617886053
138,0.0007187136711903115
139,0.0009008478191045859
140,0.0004134948517284867
141,-0.001275084171906282
142,0.00027506569035968837
143,0.0007311244458979128
144,0.0002680619396068823
145,7.609838791650795e-05
146,0.0004544504286850622
147,-0.00020730779417505067
148,0.0019931120607594036
149,0.0002269110508553799
150,0.0012327372917422257
151,-0.0003185632680823726
152,-0.0008361880535605085
153,-0.00010406097569680174
154,-0.0003969277057422888
155,0.001935615668662935
156,0.0006275469077007793
157,0.000381963995973864
158,0.0020507475054188625
159,8.999296396802573e-06
160,0.0006989383643254923
161,-3.471155597018325e-05
162,-0.000419515590425074
163,0.004032885784132043
164,0.0028313912018019093
165,-0.0014431806496786074
166,0.0010413406551040333
167,0.0014818631306543852
168,-0.00021690580084920746
169,-0.0005737374233497
170,-0.0002796315417780498
171,0.00023342906317648109
172,0.000620432222905079
173,-6.723199828681439e-05
174,0.0006774045705358543
175,0.00012952204226640714
176,0.0005110117814120358
177,0.00014687395533404543
178,0.0003070991815294696
179,-0.0013208107441094908
180,0.0010224232965220584
181,-0.00040792564212579975
182,-0.00018510405352113813
183,-0.00013254042499152196
184,-0.00012638683762389367
185,-0.000553148408120768
186,-0.0002040107774360723
187,0.0005473395466811545
188,0.0015459994343034482
189,0.00013814362029576725
190,-0.00010061153504310658
191,0.0002706101370416743
192,-7.03497556415502e-06
193,0.00022580028688108628
194,0.0007873775049070295
195,0.0006356140450248306
196,0.0009669775629977283
197,-0.0002869128676872163
198,-0.000636306091447974
199,-0.0009649943918550537
200,6.837712290493158e-05
201,0.0001855969375133522
202,-0.0005139457292945971
203,0.00027861035056860593
204,0.0001418679793574614
205,-9.97503021463819e-05
206,0.0002441224188209474
207,0.00011980018714275442
208,-0.0007671632031739146
209,-0.0002869179660957453
210,0.00046257461755987004
211,0.000972112477671451
212,0.00292385876229547
213,0.0007153446039157452
214,-0.0016578379884118978
215,-0.004593136162293013
216,-0.00021134523589668927
217,-6.077251180388429e-05
218,-5.668011115265926e-05
219,3.2887683939496934e-05
220,0.00017005393994922529
221,0.00010919319583986884
222,0.0002903101001414705
223,0.0005554891010529426
224,-6.957160488879494e-05
225,-0.0006807365993123982
226,-0.0005277894939478809
227,0.0007802741062536453
228,-0.0001685081004535787
229,0.0011707865231179327
230,0.0018505871232404375
231,1.7005703061624524e-05
232,0.0014077832869253007
233,0.00038261642637792316
234,0.0006355351235878022
235,0.00026652801788416
236,0.0015200077148927705
237,0.0031302123716949073
238,-0.009363756947491284
239,-0.002219677958513313
240,-0.002457026966529001
241,0.001155928659077527
242,-0.0033684082609388593
243,-0.0005266943122819529
244,-0.001702339116551327
245,0.00029129118975354534
246,0.0007665894759293416
247,1.4048950186676728e-05
248,-0.0020415845912976887
249,-0.0011118190540016116
250,-4.5591149443429377e-05
251,-0.0024245160248219095
252,0.0008835108138400096
253,0.00027789695570191406
254,0.0005499228160822275
255,0.0013216977454938335
256,0.0009209735737647724
257,0.0021144581745186357
258,0.0001627228384558388
259,-0.0004938995673543325
260,-0.0009679755053008627
261,0.0003303512004984682
262,0.004560783813389829
263,0.003044984566041299
264,0.0005388024243894442
265,0.00047545149534261556
266,0.00280102365123167
267,0.0019251328234408784
268,0.006430273767611336
269,-0.0005549341377370188
270,0.0007392731984727562
271,0.0015933481156371046
272,0.001083657794742735
273,0.0002902133197517363
274,-8.261209824446373e-05
275,-0.0016147933340221775
276,0.0003740309019167182
277,-1.4374640226069335e-05
278,0.0012647285560449845
279,0.0011932843130235513
280,0.002135483418221733
281,0.003400924296662598
282,0.0018050406445769699
283,0.00047958115989720407
284,0.001312187193406095
285,-9.985137732693732e-05
286,0.0008041505503858313
287,0.0008188751741684502
288,0.0001246390687569541
289,0.0016733265351939418
290,-0.0013328891210871033
291,7.982291794528896e-05
292,0.0002528216039906746
293,0.0007185772075211659
294,0.0022712350182820308
295,0.0013777003160623947
296,0.0005317902116178362
297,0.0004326305068265568
298,9.995502736706406e-05
299,0.00159522254145726
300,0.00041423586571929496
301,0.003968240944480807
302,0.0036865559179517717
303,0.005735928641005576
304,0.003330577694949527
305,-0.0005084814001646262
306,-0.00014257141732180824
307,0.0016245886935061726
308,0.001660712515213119
309,-0.0005077261151406489
310,1.3126856462381988e-05
311,0.00025453477265125016
312,0.0003376873509264024
313,-2.7244667405246725e-05
314,0.0003839769439920038
315,-0.0001023397989676349
316,-3.3357362168362634e-05
317,0.0001546838164125027
318,0.00043762087778109087
319,-0.0006500840264794846
320,-0.0026478165140937687
321,-0.003381931693438269
322,-0.0015517347474804483
323,-0.0026753908755149376
324,0.00027105923355682404
325,0.00035241446033167025
326,-0.0008430978883356741
327,0.00029221209040772804
328,0.0003056272658956329
329,-0.0007290988307005035
330,0.00029837276021073457
331,5.760799359486526e-05
332,-0.00201114361954616
333,-0.00047980314673642726
334,-0.0001230250865660852
335,0.0015465987647114263
336,0.0003143358628892199
337,0.00022861094564509312
338,7.13815902715549e-05
339,0.0020292057207422043
340,0.0010000846443207546
341,0.0002673628099068244
342,7.638517981932562e-05
343,0.0008425088719153944
344,0.00023395583343333078
345,-0.0012172304640537298
346,-0.005332082844546884
347,-0.00597831621129329
348,-0.001809009299852645
349,-3.951938717829328e-05
350,0.000545148783600049
351,1.648140253037702e-07
352,-3.5990072570265644e-06
353,0.0005871719420095875
354,0.0009343044936371207
355,-0.0003979987043959933
356,0.0029064156368865364
357,0.003314592504491812
358,-0.00322081227257259
