,6
830.0,-0.0002618632192967946
838.0,-0.002116662578726378
845.0,-0.0012291481085797556
849.0,0.0047653847861661635
853.0,0.0008214694957153952
862.0,-0.00037839832226421223
869.0,-0.0007571594513607823
875.0,-0.004500065443386643
882.0,-0.008700966448387136
891.0,-0.0013078625821020672
895.0,0.003978080488318396
904.0,0.0012503891644059634
910.0,0.0029594675415179775
917.0,0.0004978542150585091
931.0,0.00027069294858462226
940.0,0.0007508226514050611
947.0,0.0005566320600958721
955.0,-0.00023582744419455451
963.0,-0.0003553961089564897
971.0,-0.0017754630830344594
978.0,-0.0022271302762183116
986.0,0.009265613419949694
990.0,0.00718424199411339
995.0,0.0007510579412344879
1004.0,0.0024669987443993327
1012.0,-0.001113650058569943
1018.0,0.0006943694179021687
1022.0,-0.00017448298383653828
1026.0,-0.00046681337911273085
1033.0,0.0005242279976066182
1041.0,0.0002637550899865982
1049.0,-0.0024757400260709177
1057.0,-0.0013023252689078283
1064.0,-0.00017220107898193444
1072.0,0.0003725304615264947
1086.0,-0.0009241512944697703
1093.0,3.059541235891833e-05
1100.0,0.0002781410557482284
1106.0,0.0011074431722643313
1111.0,0.001034969767325526
1116.0,-0.0021117790653699176
1126.0,-0.002866621215010672
1132.0,0.002506069071126292
1143.0,0.006589714047685053
1151.0,0.0072733801305275144
1160.0,0.0029124177866369796
1168.0,0.002882053542675004
1177.0,0.00040379824063027945
1185.0,0.0028923695213889104
1199.0,-0.0042906117798403205
1210.0,-0.0002855479392708718
1218.0,0.0006675460730814416
1226.0,-0.0018111759546966756
1234.0,0.0005410466315265802
1239.0,-6.637656928809972e-05
1246.0,-0.00068227500777915
1254.0,-0.0013617509510811775
1258.0,0.0030638174546944014
1267.0,-0.001571863159178217
1277.0,0.0004675830012349729
1285.0,-0.0012527949415335844
1293.0,0.003531370536616444
1299.0,0.0019813649533399007
1308.0,0.0014961171816849249
1318.0,0.0033950958360115632
1326.0,0.0025469683257513596
1330.0,0.0026596146452101898
1338.0,-0.0008956010532594973
1347.0,0.0022162461372618267
1356.0,0.002398764791255374
1362.0,-0.0013440141040593615
1373.0,-0.0012828736356071142
1384.0,-0.0012796362983620974
1391.0,0.0022040035517807625
1396.0,0.001712420551398424
1405.0,-0.000495255546689121
1412.0,-0.00048229926016679197
1420.0,-0.0004094739330124197
1428.0,0.000508889519170495
1435.0,-7.120487424001357e-05
1441.0,0.0036733592476044684
1448.0,0.0016730410994204251
1460.0,-0.001203435925967674
1467.0,-0.0015671323003985105
1474.0,0.002684831875587543
1478.0,0.0011621482332442189
1485.0,0.0012010366138274602
1492.0,-0.008098618030909912
1500.0,0.0013670796108947415
1510.0,0.0012563967276696885
1518.0,0.00036872775921173846
1526.0,0.00010674388993292633
1531.0,5.9727071987091424e-05
1539.0,-0.00039530383226740924
1547.0,-0.0006656503527099596
1558.0,0.00022677364861762293
1566.0,0.002645360021745438
1576.0,-0.0027849879369474142
1585.0,-0.0010160520722295042
1592.0,-0.0025418478662032518
1599.0,-0.00026763237908126303
1606.0,0.0019029835317991995
1614.0,-0.0022385482390569113
1621.0,-0.0031347795464245786
1629.0,-0.00021385709867830315
1639.0,0.0018512898900355462
1646.0,-0.0001046906980111417
1653.0,-0.00022223631356618894
1660.0,-0.0005026582951206552
1668.0,-0.00016100581246419928
1674.0,-0.0014886221084648614
1682.0,0.0007231609430318172
1689.0,-0.002319533927874236
1698.0,-0.0009263290503785446
1709.0,-0.001227673493986763
1716.0,0.0004449916730842903
1727.0,0.0007917494871619284
1733.0,0.0017169480891917532
1742.0,-0.0012513159198675537
1753.0,3.5207680057624346e-05
1760.0,0.001198676644346068
1768.0,0.002010412754571615
1773.0,0.0030741196814430194
1784.0,0.006098262512026544
1791.0,-0.0007001320288642351
1802.0,0.0016426255101783826
1813.0,-7.874380254066496e-05
1819.0,0.001005078219166246
1827.0,-0.0008081044773573681
1834.0,-0.0008553265604097631
1840.0,-0.0013692300098267526
1844.0,-0.00059161455125124
1858.0,0.00019764392717094658
1862.0,0.0003562094184974783
1871.0,0.00015595752265981484
1879.0,-2.8058006654020354e-05
1887.0,0.0011154480641485875
1895.0,0.0011044941955214973
1906.0,-3.3080755503405125e-05
1910.0,-0.005863922258048066
1915.0,-0.0010864127879843203
1922.0,0.0010158064395827896
1927.0,0.0009347602934901991
1935.0,0.0005700010392665737
1944.0,0.0007033914204536573
1952.0,0.0006973072948674453
1960.0,-0.00010856433778184843
1967.0,0.0001694156133318587
1975.0,0.0009229573406715586
1983.0,0.0020802233742350292
1990.0,0.0011977427892390562
1997.0,-0.00047804207540971317
2008.0,0.0006778647636132165
2016.0,0.0011696575857484313
2024.0,0.001626484847305707
2031.0,0.002138054716053979
2040.0,0.0014243816732428486
2048.0,0.0004954937897709563
2054.0,0.00481308762999517
2062.0,0.003881078607101135
2071.0,0.0010792303653574659
2080.0,0.001694432871195156
2086.0,0.0010834915548150919
2097.0,-0.00015796407769548998
2106.0,0.011933986927480877
2112.0,-0.0002910171563322012
2119.0,-0.002811357732030732
2127.0,0.0017346658360489335
2135.0,0.002371996989351871
2142.0,-4.172990189328292e-05
2151.0,0.0008470464674779495
2163.0,0.0008817022228009868
2171.0,-0.0009538775866163102
2182.0,0.0004509619677963964
2188.0,-0.00036134760935940347
2193.0,-0.000907509504179299
2197.0,0.0003904763013612309
2209.0,0.0007955820219099611
2215.0,0.005366715862866908
2223.0,-0.0031199771648995926
2227.0,0.004535927431214342
2233.0,-0.0003222214956862914
2242.0,0.0006356731778729839
2250.0,9.405145819003126e-05
2256.0,0.0017677366575459266
2262.0,0.000714990360474745
2271.0,0.0013234452628792578
2275.0,0.0026587547303794836
2283.0,-0.0014924895251037633
2289.0,0.0004975216607571623
2293.0,-0.0009580381966277459
2297.0,0.0007558742243168978
2304.0,-0.0018627262825926339
2314.0,0.0005564403108980607
2319.0,3.63978649838865e-05
2326.0,7.551574139820607e-06
2336.0,0.003082248401219087
2348.0,0.007041137963243307
2359.0,-0.007800612886083412
2363.0,-0.0009045284657539472
2370.0,-0.0006224649878919833
2384.0,0.0004187998242286856
2396.0,0.0010342512679396754
2404.0,-0.00046788354195299387
2411.0,2.7674490840656917e-05
2415.0,-0.0010788721990595237
2423.0,0.00027714982833752094
2430.0,0.0006400595163180394
2436.0,-0.0004502486225435189
2450.0,-0.0012846381716950434
2454.0,0.00024710045050277245
2463.0,0.007234952845593182
2467.0,0.004339854097885443
2473.0,0.001571786921461116
2478.0,-0.0018791320031761182
2485.0,-0.00413720083567972
2492.0,-0.0013683359548799395
2496.0,0.0020523342742942816
2506.0,0.0010173659449477868
2517.0,-7.580538570981554e-05
2521.0,-0.0002818128794388466
2528.0,0.0006906710142689179
2540.0,-0.0013218827859765405
2547.0,0.0009618908098575705
2558.0,0.0007374885208624826
2565.0,0.002232008162717116
2571.0,0.0009999916848141201
2580.0,0.002200669069349333
2592.0,0.0010596603340994866
2600.0,0.0011046121917222859
2609.0,-0.00034562871650076974
2623.0,0.0020140672152805053
2631.0,0.0013391802335388932
2640.0,0.0025887265095146422
2649.0,0.003430398794454049
2657.0,0.0005633980338883123
2665.0,0.004330910606697441
2676.0,0.015082665923511951
2682.0,-0.004976631136925457
2691.0,-0.0019663218972436024
2698.0,-0.003333287150572198
2709.0,0.006990640564059057
2716.0,-0.0030828271658882513
2720.0,-0.0018328725695821494
2727.0,-0.0005761709493575474
2735.0,0.001350858165350863
2743.0,0.00010300221740642434
2754.0,0.0007776818845203197
2759.0,-0.003271398774593425
2766.0,-0.001072575571751502
2777.0,-0.0014792381763377974
2.0,-0.003969987183904867
13.0,0.0015356448149103352
20.0,0.0015255601175785845
29.0,0.0032248727042618777
37.0,0.0010371378468660443
48.0,0.0002520295974463597
62.0,0.0038842435780501376
70.0,0.0021377411191788325
76.0,0.0021551415566458815
88.0,0.003504139639279245
94.0,0.00024136625550382967
102.0,-0.003737463824581433
106.0,-0.0014699802236659031
114.0,-0.0010353059511718308
123.0,-0.0007641119642923579
129.0,0.010993253850235144
134.0,0.0042116072183874
140.0,0.004503606550188617
146.0,-0.00280757416635233
153.0,0.001205685012503747
159.0,-8.637984889062745e-05
168.0,0.0030333862696733456
176.0,-0.00939663842971092
180.0,4.001275948035564e-05
184.0,-0.0017658795694056467
190.0,1.6054505550052897e-05
196.0,-0.0002479511377262462
205.0,-0.0019307490062404342
213.0,0.00011798643547142272
222.0,0.0002669922020554211
230.0,0.0024076637626316228
239.0,0.001903560462274603
245.0,0.00013030859546239203
257.0,0.0002877790310458288
265.0,-0.00023215238222949573
271.0,0.0027205697840081496
282.0,0.0009489028356803218
288.0,-0.002321920387331083
296.0,0.0006799467658516926
303.0,0.00033743281055647456
308.0,0.001190240036435894
319.0,0.00018683168728664498
328.0,0.001018745155038169
332.0,-0.004465461663665722
343.0,0.0016564167509705702
351.0,0.00035541952651305255
357.0,-0.001531584003957093
366.0,0.0019731028898612394
373.0,0.00046450565575258124
383.0,-0.0013110967974212693
392.0,0.0002920566435028248
400.0,0.0035897884620629695
408.0,0.006760950427267639
417.0,0.0009370161834984241
425.0,0.0003370177796472878
433.0,0.0003559766990784587
439.0,-0.0005173189398839039
446.0,-0.0008259091065357806
454.0,7.987186346478982e-06
463.0,0.000841004528720293
471.0,-0.0018739144767989163
475.0,-0.00742223331137059
479.0,0.0005582401021806591
485.0,0.0008587695137168443
494.0,-0.0007829767923815169
503.0,-0.00027683342943273176
515.0,-0.00014478368461611515
521.0,-0.0002910235685052789
527.0,0.0006028542135274146
535.0,-0.0023401152181666616
545.0,-0.004659146768652418
552.0,0.003956833839573449
556.0,-0.0007397822046880664
563.0,0.004387848115322811
572.0,3.563935351755894e-05
583.0,-0.00022866549656299834
589.0,-0.0010585059020702672
595.0,0.0019669294917977606
606.0,-0.0019202599996004115
612.0,-0.0005292226080139471
622.0,0.01047706592293535
631.0,-0.0007444620274391321
635.0,0.00042854954469614715
647.0,-0.00017198710155595125
653.0,0.0007866602302981984
661.0,-0.001084198275372725
669.0,-0.00870156047958528
674.0,0.00507888430413386
682.0,0.0009314648350598071
686.0,-0.0002840512057307309
693.0,0.0007114130334438962
699.0,0.00039542669545371024
705.0,0.003439775234021927
712.0,-0.0010499053143587463
719.0,0.0015415847164630622
726.0,-0.006337290477417248
733.0,-0.008614668435770613
742.0,-0.0027377374080252313
754.0,0.0032511367718334834
761.0,0.0012144352478151638
767.0,0.00048347926047605575
771.0,0.0008563645230480054
780.0,0.0003038393233477889
788.0,-0.0021273852948391243
795.0,0.004144944016252126
803.0,0.0029095972084673912
811.0,0.005354742947950071
820.0,-0.012285357059846446
