,4
830.0,0.005954056861400918
838.0,0.0014680889336067702
845.0,-0.0006816422156812346
849.0,-0.010694481337493863
853.0,-0.0023561112393904117
862.0,0.0037693069516698615
869.0,0.005878875160096519
875.0,0.005126952133699192
882.0,0.0030192645566019466
891.0,0.002092771287964763
895.0,0.0037938172196945903
904.0,-0.012008725108075618
910.0,0.0055582106618321785
917.0,-0.0005040136484320533
931.0,0.006899734132906197
940.0,0.0059109236303310905
947.0,0.0023347034723110787
955.0,0.005657130780691602
963.0,0.002802216560574186
971.0,0.002260419204044309
978.0,-0.009992827366575306
986.0,0.0013564681222060415
990.0,0.00810670010357193
995.0,-0.0018581753487505995
1004.0,-0.0015569089881169009
1012.0,0.0008859618816674128
1018.0,0.003553584381140568
1022.0,0.002908374670143217
1026.0,0.0076934397687309685
1033.0,0.0012052896732517601
1041.0,0.005457242137606362
1049.0,0.010074880653699958
1057.0,0.014790296010079149
1064.0,0.007611168430113234
1072.0,-0.0019850281494242393
1086.0,0.005815584509302014
1093.0,0.01092415281266051
1100.0,-0.004012615308540152
1106.0,0.0012283077394677096
1111.0,0.002943545149180763
1116.0,0.0048105417997953495
1126.0,0.003935119870940026
1132.0,0.001256829610769423
1143.0,0.0036019728119709264
1151.0,-0.02118676555485998
1160.0,0.009733546220683275
1168.0,-0.008258556705938057
1177.0,-0.006260595890858518
1185.0,0.0016207251112422343
1199.0,0.004956105192426954
1210.0,0.006255613140483237
1218.0,-0.0025759629366306843
1226.0,0.0032917382802636523
1234.0,0.00849931634695239
1239.0,0.007505264160244998
1246.0,0.00012226296751193614
1254.0,-0.004277838629724729
1258.0,0.0069426836748428455
1267.0,1.6768272115512567e-05
1277.0,-0.002873438544028355
1285.0,0.009655433412618833
1293.0,0.005782028158975619
1299.0,0.005630417066118418
1308.0,-0.0025126013830670257
1318.0,0.008401123505260245
1326.0,0.003060370495352127
1330.0,0.009587218877475356
1338.0,0.002977748084317453
1347.0,0.000691826725002504
1356.0,0.008417713540720557
1362.0,0.0008501982433822758
1373.0,0.0057040128914574205
1384.0,0.011732114705553161
1391.0,-0.00445038915380825
1396.0,-0.00010208474833103037
1405.0,0.007539311698218387
1412.0,0.0034977971708104274
1420.0,0.0023803000525011745
1428.0,-0.0007725072079423975
1435.0,0.0042837181614336865
1441.0,0.005713177289686423
1448.0,0.001523179129100756
1460.0,-0.0012205656043809043
1467.0,-0.004931237389851836
1474.0,0.008002783482655226
1478.0,0.006661873460497017
1485.0,0.007561235391507819
1492.0,0.006719390475890259
1500.0,-0.011094315670003947
1510.0,-0.0059745652256255445
1518.0,-0.0003931438885982628
1526.0,0.005405826663302212
1531.0,0.0035561534136885047
1539.0,0.007494338090112925
1547.0,0.006258447864433896
1558.0,0.009743949012654468
1566.0,0.005560376083878403
1576.0,0.007139022335182263
1585.0,0.003978227394904143
1592.0,-0.0008781894237820767
1599.0,0.008035936430214836
1606.0,0.009933413125442304
1614.0,0.009344958070123876
1621.0,0.005405628971353634
1629.0,-0.0028154797692668022
1639.0,0.004310832547370349
1646.0,0.0027705218209761275
1653.0,0.0010970994726631242
1660.0,0.004712096817094044
1668.0,0.01262358410154749
1674.0,0.00038983800103755913
1682.0,-0.0033891946892074176
1689.0,0.015599654133387899
1698.0,0.007037274642231573
1709.0,0.011705923858493965
1716.0,0.000991663188002873
1727.0,0.004893069033268351
1733.0,0.006498512021460126
1742.0,0.006649844641036858
1753.0,-0.004418186352139215
1760.0,0.01004982446984849
1768.0,0.005454669130894451
1773.0,-0.003962541379635114
1784.0,0.008145192192396532
1791.0,0.008486460161333233
1802.0,0.002996830353580698
1813.0,0.0023176833130660796
1819.0,0.0054683328893826684
1827.0,0.004807016210949437
1834.0,0.003520361747563257
1840.0,-0.0056427344216660215
1844.0,-0.00654973145896127
1858.0,0.007091207247080986
1862.0,0.003776625904801166
1871.0,0.006283134886794269
1879.0,-0.00038703859361305317
1887.0,0.005407861486384617
1895.0,-0.00457292361207184
1906.0,0.01589730477919293
1910.0,0.013212274044397019
1915.0,0.000714838403363401
1922.0,0.010987445892439466
1927.0,0.012481829246523524
1935.0,0.0060230002122129665
1944.0,0.0028821539890666863
1952.0,-0.0008195072196195644
1960.0,0.003436692562247762
1967.0,0.0014540126215217308
1975.0,0.0007863963283984784
1983.0,0.008973218268951132
1990.0,0.0010320096856111793
1997.0,0.012291646483974454
2008.0,0.0005627494273565824
2016.0,0.014361321199134195
2024.0,0.010158498112993127
2031.0,0.006671599206703013
2040.0,0.004118882634430279
2048.0,0.0037719497328059176
2054.0,0.006033658237399381
2062.0,0.002723198801886924
2071.0,0.008260305859685756
2080.0,0.006257017416324304
2086.0,0.015474205462537877
2097.0,0.014453910984290134
2106.0,0.00706268983920142
2112.0,0.0005221962110161824
2119.0,0.017840075094371383
2127.0,0.0058495927992553015
2135.0,0.010707550519374038
2142.0,-0.005756369661498947
2151.0,0.003102076162479785
2163.0,0.003254739125293785
2171.0,0.004695702846462559
2182.0,0.010810569301899923
2188.0,0.007144638853643618
2193.0,-0.005192649158226096
2197.0,-0.00012870658438419237
2209.0,-0.002096545923566038
2215.0,0.014112625397386615
2223.0,-0.008878549451809613
2227.0,-0.0003125249040500617
2233.0,0.0059685048281435515
2242.0,-0.006863903291016191
2250.0,0.007034666061806233
2256.0,-0.0030209950655394405
2262.0,0.009193583307632236
2271.0,0.005313621320257514
2275.0,0.007191893989540239
2283.0,-0.000373755402104999
2289.0,-0.0025447420477669224
2293.0,0.002234195210118167
2297.0,0.004850476355221906
2304.0,-0.0010646324736762066
2314.0,0.005689985738947323
2319.0,-2.564770106463077e-05
2326.0,0.001664320489373354
2336.0,0.007330579220448791
2348.0,-0.01829820572099666
2359.0,0.00499772072726811
2363.0,0.00816105181046619
2370.0,-0.0014967205655360065
2384.0,-0.0010390932065477787
2396.0,0.0019458232295232198
2404.0,-0.00010491960364558574
2411.0,-0.003465738698116378
2415.0,0.0016279713300870378
2423.0,-0.001166908205676113
2430.0,-0.001743192757217823
2436.0,0.006471789285953422
2450.0,-0.0054356749784735
2454.0,-0.003733523168220158
2463.0,-0.008107978445598513
2467.0,0.011670809060488856
2473.0,-0.021145542085763965
2478.0,0.010876417185041523
2485.0,0.011536984967809492
2492.0,0.012233006269641947
2496.0,-0.00039602759164560915
2506.0,-0.0032144702605285016
2517.0,0.0018987516137471167
2521.0,0.005148634850302711
2528.0,0.0009885756085279257
2540.0,0.012215167527713825
2547.0,-0.0018268044772897932
2558.0,0.01453746033904188
2565.0,0.003324475986008534
2571.0,-0.004137047489256851
2580.0,-0.002229264099012779
2592.0,0.006189946214043918
2600.0,0.0018845325522053105
2609.0,0.004690688545573974
2623.0,0.006733778175302851
2631.0,-0.0001567699768058348
2640.0,0.0007093047939177369
2649.0,0.007256108172974528
2657.0,-0.004253346348759891
2665.0,0.0029735256901257186
2676.0,0.00539005211956879
2682.0,0.02078019671831281
2691.0,0.009543228991143482
2698.0,0.0035882992146830353
2709.0,0.0007080972337001956
2716.0,-0.009009996104681004
2720.0,0.00015021981406947963
2727.0,-0.0008325780814420896
2735.0,0.006135504014288585
2743.0,-8.373177569198462e-05
2754.0,0.011289812445776664
2759.0,-0.003898296206504156
2766.0,-0.0003521491876574263
2777.0,-0.009098417204077103
2.0,0.012746965010030904
13.0,0.004326379227674569
20.0,0.012671109056851829
29.0,-0.001202884580264369
37.0,0.004125375947711409
48.0,0.0004065655993297912
62.0,0.004043825246856183
70.0,0.002119868553471067
76.0,0.006468177171044611
88.0,0.001980680082386843
94.0,0.01236958046824763
102.0,0.002321622510137769
106.0,-0.002801323022823104
114.0,0.012955497597724172
123.0,-0.004986648029997292
129.0,0.012138253535101326
134.0,0.012851326456610359
140.0,-0.008236051647350166
146.0,-0.00038161718229369837
153.0,0.009801905216586266
159.0,0.01736174384920712
168.0,-0.021879061806740804
176.0,0.011536644033313172
180.0,0.0004905238688532747
184.0,0.008040470307985282
190.0,0.003697721741374391
196.0,-0.0009343538565096992
205.0,0.005244871494209298
213.0,-0.005997143540611092
222.0,-0.002071160244049658
230.0,-0.0004296531765063274
239.0,-0.009576643801724842
245.0,0.004258000475638713
257.0,0.005293215598344248
265.0,0.0019934852626484843
271.0,0.003866783306516896
282.0,0.006845940034513076
288.0,0.017912754922392055
296.0,0.009252733782319377
303.0,0.003895181982400554
308.0,0.0003036446587901153
319.0,0.003788231561695821
328.0,0.0015941976229405623
332.0,0.00790610753462222
343.0,-0.0028964688257169225
351.0,-0.0012013438889201008
357.0,-0.0021699795037500567
366.0,0.005769090266585087
373.0,0.0059445890886759695
383.0,0.008162710340594664
392.0,0.001443019073160726
400.0,0.006193233458805827
408.0,-0.005826391744060523
417.0,-0.008301337537827386
425.0,0.007422545744764301
433.0,0.006590163333075566
439.0,0.014009820163785672
446.0,-0.00410424228777998
454.0,-0.019589043618543155
463.0,-0.00038134052362406157
471.0,-0.012459351242785308
475.0,-0.010376373094390285
479.0,0.005191813361963537
485.0,-0.0023974621113112674
494.0,-0.010502059954434102
503.0,0.009394679053896264
515.0,-0.0006934748892106809
521.0,0.0029108897653317657
527.0,0.013766128709763825
535.0,-0.006575067143569658
545.0,0.008670916789288429
552.0,-0.005423964407817832
556.0,0.001244379621043475
563.0,0.015692132481481793
572.0,0.009226202368863439
583.0,0.00802775795964724
589.0,0.0016682564985097664
595.0,-0.004489484250594005
606.0,0.00124500350821051
612.0,0.004635689035867211
622.0,0.007586387611825627
631.0,0.007713337774910902
635.0,-0.0006447953083787045
647.0,0.006484508438074533
653.0,0.008318385675410251
661.0,0.0073494184907200695
669.0,0.008815971476379704
674.0,0.004083748907876055
682.0,-0.010625604740953186
686.0,-0.004697078277980236
693.0,0.003878966463646656
699.0,-0.0003770364361544163
705.0,0.0020691623341098316
712.0,0.000723683528217862
719.0,0.002874067699817866
726.0,0.010761732189432376
733.0,0.008224238352221535
742.0,-0.0017588607856453794
754.0,-0.0005957515002489021
761.0,0.0032674547489486305
767.0,0.0026770186094056394
771.0,0.0018815213853176286
780.0,-0.00056989453418316
788.0,0.00837897491614517
795.0,0.006873284959788727
803.0,0.008538200345075431
811.0,0.009365902907181974
820.0,-0.011865314627566488
