,5
357.0,-0.007520915063859307
364.0,0.008603940840835019
370.0,-0.0003099723146459572
377.0,0.0005751146995348896
388.0,-0.00016663425781313125
396.0,-0.0007673800696519676
407.0,0.0012740261294934279
414.0,0.0009300230320197996
421.0,-0.006257807024452806
430.0,-0.0008701096606746847
437.0,0.0009131733602830582
446.0,3.955933477321387e-06
454.0,-0.0011990515345251607
461.0,-0.0022770946005759548
469.0,0.0010550294040860444
477.0,-0.0013799085185594673
485.0,-0.0027329524925473196
491.0,-0.0019133777571763648
502.0,-0.0010224191473352609
509.0,-0.0008530577475606739
516.0,0.0010670529569614903
525.0,0.00043238768965335683
532.0,0.0017625213796672542
539.0,7.787328431482382e-05
545.0,-0.0015079283598046413
552.0,-0.00011354775830111476
559.0,0.004344012233530868
566.0,-0.0008169773034546053
574.0,-0.004975180565249261
581.0,-0.003213325323054543
587.0,-0.002151520812268066
597.0,0.0010130846329769621
606.0,-0.0011389511878750335
614.0,-0.000612631421461878
621.0,-0.0009983298405386839
630.0,0.003173073414447527
637.0,-0.001246471969063971
646.0,-0.0008160909004160666
657.0,0.0011010970227181278
665.0,-0.002602449933314822
679.0,0.001019593485761638
691.0,0.00032124497508538043
698.0,-0.0045198846217241115
706.0,-0.005190564422432413
710.0,0.004175606052899044
717.0,-0.0008761580881807287
726.0,-0.0047451168202676105
733.0,-0.0029500061852595007
743.0,0.001341494539052282
751.0,0.0007619411565159119
756.0,0.0017953733317662285
765.0,-0.0014473079849390078
772.0,0.0007440688053878227
781.0,0.00038106360309872526
788.0,0.0011441112091918199
799.0,0.00509513253831865
808.0,-8.916456486056082e-05
817.0,-0.002311308984088185
826.0,0.005940680857254643
838.0,0.0017411137231686906
846.0,0.0028591969299075243
852.0,0.0008163287339519414
859.0,-0.0012546422607227089
871.0,0.00012090425507763044
882.0,0.006537811352664591
889.0,0.0037712869581081
896.0,-0.0001291377554792366
902.0,0.00449823486997363
909.0,0.0002462963071448147
917.0,0.0004700159335874982
924.0,0.0011767976983745117
931.0,-0.0013214006159848657
939.0,-0.001184361913919832
949.0,0.0011591844767161101
958.0,0.0017948532321676515
966.0,0.000875237720740834
980.0,-0.00011526621249055705
988.0,-0.001437235310463573
996.0,-0.006215011417959624
1000.0,-0.005013801556393615
1009.0,-0.0007264399792891011
1018.0,0.004184628541046717
1030.0,-0.003253844458029891
1039.0,1.527857783767717e-05
1045.0,0.00011770192681845535
1054.0,0.0034785311362887927
1061.0,0.005814199686669973
1067.0,-0.001978819100339409
1075.0,0.004335042667268005
1084.0,0.016558883330410615
1089.0,0.0027650046963960213
1097.0,-0.012014570580333065
1104.0,-0.001577816607232864
1109.0,0.0007672515541098904
1116.0,-0.0013961476735803605
1124.0,-6.514322846958786e-05
1133.0,0.0017993020453368296
1142.0,0.002295469517440196
1149.0,0.004032365492412468
1157.0,-0.0013180303008416224
1163.0,0.003345283212961645
1172.0,-0.004204364448926076
1177.0,-0.005257636228065184
1186.0,0.006689467357243657
1190.0,0.0005354875735814967
1199.0,0.000887900469133211
1206.0,-0.0016616236552684913
1217.0,0.0001727874599504756
1226.0,0.0003450460350312461
1233.0,0.0012652097830367645
1242.0,0.0011847364141832112
1249.0,0.0019567709878323914
1261.0,-0.0011284327961308882
1268.0,-0.0001603107398713041
1276.0,0.0015989954616369621
1283.0,-0.0003595845970142452
1290.0,0.003958777268362198
1296.0,0.0024229556979139806
1307.0,0.00022829089248440818
1316.0,0.002535091578742047
1325.0,0.004829638905989446
1333.0,0.00566345312926086
1340.0,-0.00442271483533039
1349.0,-0.0023385795546510013
1357.0,-5.818706767516272e-05
1366.0,0.005491793901945178
1373.0,0.0026980689966549943
1379.0,0.0015622604200123517
1387.0,0.0008029568452700647
1394.0,0.0020514059396040695
1400.0,-0.00041008345336566955
1408.0,0.00020619889646879708
1415.0,0.0004619046242169751
1424.0,0.002236799074068031
1428.0,-0.00047247420335417385
1439.0,0.001530249854858291
1451.0,-0.00478357533641396
1458.0,0.0006945727599028833
1464.0,0.004189755421877825
1472.0,0.00043846089489501806
1480.0,0.004804940214565904
1485.0,0.001453179809430578
1492.0,-0.0018047074434584664
1501.0,-0.0005030269088300181
1515.0,0.0015861993745089798
1524.0,-6.306946151418696e-05
1530.0,-0.005837440534786415
1538.0,0.0007343282550151363
1542.0,-0.0009234747145340245
1551.0,0.0008823063200873368
1558.0,0.0013749681016221535
1567.0,-0.008425090575139177
1575.0,0.0009013038747281313
1583.0,0.00352432181547589
1595.0,0.008121799935182162
1604.0,-0.0033555580696012378
1611.0,-0.00019359725599279141
1618.0,-0.0010333521639355459
1625.0,0.0026275486954967435
1632.0,0.002104555710230027
1639.0,0.00029864135109297955
1647.0,0.0004002441589574889
1655.0,0.009905952497735987
1661.0,0.0027311776857418535
1669.0,-0.008169110109440261
1673.0,-0.00032073688393711335
1679.0,-0.0006795284080443895
1690.0,0.00019203274664629527
1701.0,0.0010385731292562935
1709.0,-0.0002006737477718217
1721.0,-9.378447330821716e-07
1727.0,0.0018817258882290661
1736.0,-0.0004690567784160489
1744.0,0.0025525532246864976
1751.0,0.0057951925383695115
1758.0,0.0003688487102660989
1766.0,-0.0004833252143019096
1775.0,0.003557581236844484
1781.0,0.0013657751738155983
1792.0,0.0029305306361616704
1806.0,0.0007668513166643129
1815.0,-0.0025148954277231387
1824.0,-0.005252548519284636
1828.0,-0.00014247172726547982
1836.0,-0.0005045725889524769
1843.0,0.00036644408913621615
1854.0,0.000728491702558555
1860.0,-0.0014397019183842465
1866.0,-0.0006469024504023673
1872.0,-5.166563846830438e-05
1879.0,0.0002900800434845761
1887.0,0.0023101819278521164
1897.0,-0.0006166138562932932
1906.0,-9.360563407062888e-06
1911.0,-5.5050469225740114e-05
1919.0,0.00205179622769239
1929.0,0.003079664752083868
1937.0,-0.0038331121412047723
1947.0,-3.489411928993567e-05
1959.0,0.0013247179300543562
1966.0,0.0004340352996655822
1975.0,-0.0012461684703199904
1984.0,0.0029270622789494545
1990.0,9.120820323061224e-05
1998.0,0.0005881597322015872
2004.0,-0.004280816205109085
