,4
357.0,-0.00689764763938662
364.0,0.0001634960451647551
370.0,0.004087820947936909
377.0,0.005194653446791047
388.0,-0.0024968708640091463
396.0,0.00514120761714535
407.0,0.0018793561874202974
414.0,0.0009945827923181995
421.0,0.010272225021536232
430.0,0.0020614533290622176
437.0,-0.0038146841442761553
446.0,-0.0004652499137388396
454.0,0.0010095037898903891
461.0,0.0015939289913047838
469.0,0.011172452323183578
477.0,-0.0015653456658368265
485.0,0.013071455404340526
491.0,0.00226147313978692
502.0,-0.002178711409255238
509.0,0.008209715113794383
516.0,0.004309279371068335
525.0,0.008163838981837876
532.0,0.005022406521339626
539.0,0.0018051651690994452
545.0,0.006201341814879852
552.0,0.004541626982555559
559.0,-0.00508308015544589
566.0,-0.0056602736428202835
574.0,0.006801424858741625
581.0,-0.004906877311157216
587.0,0.0041161652843935215
597.0,0.009436788596702527
606.0,-0.017216547531181663
614.0,-0.005632080197767502
621.0,-0.0043045934956259715
630.0,-0.004011911153632956
637.0,-0.0040591888759218256
646.0,0.007509162443210042
657.0,0.00046465332807426674
665.0,-0.005535959060415972
679.0,0.0018615137304473963
691.0,0.0010032794143508242
698.0,-0.011935610481287209
706.0,-0.004213213669068587
710.0,0.005251371752260467
717.0,0.008474766078713485
726.0,0.004048907706862771
733.0,-0.014980568650353736
743.0,0.0037821707656688903
751.0,-0.013583140176341574
756.0,-0.0005069510236917806
765.0,0.007974013105129487
772.0,-0.01939831222410818
781.0,0.0005179987070773122
788.0,-0.0040844649914166175
799.0,0.014693961607954893
808.0,0.00516670272450331
817.0,-0.0059831730405394195
826.0,0.006325722879693595
838.0,-0.005054986601394716
846.0,0.00101372837279188
852.0,-0.0032973233618139195
859.0,0.0010619340236257492
871.0,-0.002448380308319651
882.0,0.0026518553569250805
889.0,0.002359799653392896
896.0,-0.0063109996142896385
902.0,0.0014162633200377932
909.0,0.004699463532082524
917.0,0.007849433314626036
924.0,0.007443660478632838
931.0,0.007230693469159286
939.0,0.005481171421243597
949.0,0.003155207976457806
958.0,0.010145955197265905
966.0,0.0024440258384914072
980.0,0.0018443525163589867
988.0,0.0016430603282601864
996.0,-0.007574189929014455
1000.0,0.0076508941960279474
1009.0,0.007781837070005218
1018.0,0.006415329229005875
1030.0,0.0016829696360555904
1039.0,0.008876540144585686
1045.0,0.002695236454587476
1054.0,0.007196025444634951
1061.0,-0.00476477093525774
1067.0,-0.005968122889671048
1075.0,-0.0043408272320323025
1084.0,0.012644551849906784
1089.0,-0.005352322724440728
1097.0,0.003584804216796295
1104.0,0.003899247933458426
1109.0,0.006101518799571253
1116.0,0.005730809047220907
1124.0,0.009781466747250327
1133.0,0.0022483957647927762
1142.0,0.005931778024054216
1149.0,0.0033113790758559874
1157.0,0.005980388882831361
1163.0,0.014116668409078409
1172.0,0.004454496867962453
1177.0,0.0050152670310564034
1186.0,0.0016897026813672853
1190.0,0.014827320775078368
1199.0,0.0009729519851191814
1206.0,0.0008968576270166138
1217.0,-0.0003242869891256263
1226.0,0.004235257294448785
1233.0,0.0015310479668559213
1242.0,0.0014038044849576758
1249.0,0.0002044608146984704
1261.0,0.003433308001798104
1268.0,0.0036315396883644167
1276.0,0.004187738266355791
1283.0,0.006589801295570907
1290.0,0.015086278974039188
1296.0,0.013504133137153075
1307.0,0.018633843656071264
1316.0,0.003485438412265996
1325.0,0.009099587590062077
1333.0,0.01233147881382767
1340.0,0.003173488775352063
1349.0,0.004147001160032906
1357.0,0.001800776847752161
1366.0,0.003901605657196552
1373.0,0.0019057456608546693
1379.0,0.004331760931708459
1387.0,0.002620450917643457
1394.0,0.012250432351710491
1400.0,0.0041746727125073334
1408.0,0.0015715792383493201
1415.0,0.00221979770296803
1424.0,0.003218273065754875
1428.0,0.0073233706670089455
1439.0,-0.0029003384481193473
1451.0,-0.019051014578993972
1458.0,0.0069830341365742
1464.0,0.010336175797510441
1472.0,0.0020689538137417577
1480.0,0.00568981988482519
1485.0,0.0066399983016490974
1492.0,-0.0031514795387929894
1501.0,-0.0031926657248429755
1515.0,0.0076156295208825615
1524.0,0.008343058617959856
1530.0,-0.009002895354570816
1538.0,0.0016650604447578392
1542.0,0.0036268379947769656
1551.0,-0.0021713032540826515
1558.0,-7.096016716367148e-05
1567.0,0.008462171028017516
1575.0,0.0016344782015668116
1583.0,0.006611795255521941
1595.0,0.00138149150717531
1604.0,0.00315800734380307
1611.0,0.010881838716708442
1618.0,0.008171429633155248
1625.0,0.004119212428754872
1632.0,0.004364272974848268
1639.0,0.0007300890217066648
1647.0,0.006356304197178301
1655.0,0.013441693734839038
1661.0,0.0050834599492143575
1669.0,-0.0023341125972946492
1673.0,0.00998969863499456
1679.0,0.000770784011100432
1690.0,0.004276599803647763
1701.0,0.007081743028474678
1709.0,-0.001966832943747107
1721.0,0.007570722983990412
1727.0,0.0012548243152494653
1736.0,0.0009669384846958148
1744.0,0.004391847761388247
1751.0,0.0080997575566042
1758.0,0.009856093988316425
1766.0,0.005549904133215832
1775.0,0.007589177042239349
1781.0,0.004840646794495712
1792.0,0.0040890355035579804
1806.0,0.002841674910242823
1815.0,0.01683476217716315
1824.0,-0.014786153848173198
1828.0,0.008232656584187103
1836.0,0.008569158228196297
1843.0,-0.0019077118835844691
1854.0,0.00674756922620073
1860.0,0.010241143699045632
1866.0,0.0007728832653517944
1872.0,0.008308945992065508
1879.0,0.007002626946622529
1887.0,0.0035112927009621547
1897.0,0.003393461663837151
1906.0,0.0010415687234932847
1911.0,0.0060313600433518156
1919.0,0.014514534027479634
1929.0,-0.009697630171587736
1937.0,0.000986507245975026
1947.0,0.0032915368809787954
1959.0,0.0001737479559879359
1966.0,-0.007277613504609633
1975.0,0.0007649799377806849
1984.0,0.0033176492890108393
1990.0,-0.0010043695895776553
1998.0,0.0075823767275282365
2004.0,0.00890575292717852
