,4
2.0,0.02279922320679597
13.0,0.012617451045558054
21.0,-0.000852515073445175
30.0,0.007024559736904766
39.0,0.006198012197117534
48.0,0.007707978421389816
57.0,0.006612730946427132
65.0,0.0016196104152564265
70.0,0.0038407345694287352
81.0,0.003449400269995913
93.0,0.0015019185550297308
102.0,0.006723617594294094
110.0,0.006205800261088514
118.0,0.0012479149816055249
128.0,0.008014478100066905
136.0,-0.0010260581650097262
143.0,0.0013822415674556831
151.0,-0.003072704004784322
159.0,-0.0029428464854406445
167.0,-0.0031010458337681866
176.0,0.01127720110581104
185.0,0.011891287345413445
194.0,-0.001224499186894129
205.0,0.008526095971742706
213.0,0.01930759526494114
217.0,0.004882239911603067
228.0,0.005501541006152793
236.0,0.007891076333209129
245.0,0.009297378976399175
251.0,0.006886864856173052
259.0,0.006090434750257844
268.0,0.00432922342297014
276.0,-0.010081454498877315
284.0,0.006168011625924491
291.0,0.0032836997099471308
297.0,0.009313836955288066
306.0,-0.0014813443558084518
312.0,0.003910121341184134
317.0,0.006336365708128084
325.0,-0.0026041568748679756
333.0,0.016016828365406757
341.0,-0.007812522035306108
346.0,0.002728673490022794
