,5
2.0,0.009733442345299027
13.0,0.0030598471591889464
21.0,0.006592156188275675
30.0,0.009264209773156392
39.0,0.0010503550802319918
48.0,0.0023944433484980017
57.0,0.002459971486307898
65.0,0.00040898607914687207
70.0,0.0012563425217852892
81.0,-0.0008235118771449714
93.0,0.0011382951308898362
102.0,0.0022526119990013468
110.0,-1.3934725069180122e-05
118.0,0.0021949911729055678
128.0,0.001179243152813096
136.0,-0.01471200804134629
143.0,0.006881752929890803
151.0,0.0010360165632837507
159.0,0.0017983300901483706
167.0,0.002198353782919601
176.0,0.0001751606433062044
185.0,0.0035030647681427575
194.0,-0.002128962060428802
205.0,0.004949856382820076
213.0,0.004449835369412342
217.0,0.0021626783600797576
228.0,0.0010397417796411505
236.0,0.0006741241338746756
245.0,0.00523147769346314
251.0,0.003600646760717529
259.0,0.00024727463193016875
268.0,0.0011571284838925075
276.0,-0.003702939085095474
284.0,0.0021625283077956695
291.0,-0.0023936032099502245
297.0,0.006418981298458874
306.0,0.005612100819267993
312.0,0.008084360836778883
317.0,0.006546531605072826
325.0,-0.00017602833880680423
333.0,0.003544996066998201
341.0,0.004756774399626534
346.0,-0.006565671965273009
