,6
2.0,0.02384410810782448
13.0,0.00209042230894271
21.0,0.013005724855837111
30.0,0.0053797549331455275
39.0,0.0005964480919518978
48.0,0.000538385803443358
57.0,0.00458076994664727
65.0,0.002100164106789766
70.0,0.00042040524747578834
81.0,0.0010080451405132403
93.0,0.002989412423657521
102.0,0.002068556400627246
110.0,0.0024714050212250806
118.0,0.0034840065205577276
128.0,0.0003063853845287999
136.0,-0.003613292638179288
143.0,0.0016013345331679907
151.0,0.0005827320037504529
159.0,0.0011224847992396363
167.0,0.002402480449259881
176.0,0.0032591252467878253
185.0,0.0015973431242949573
194.0,0.0013934133356173326
205.0,0.008236258306351607
213.0,0.011670015005973094
217.0,0.003993474554834307
228.0,0.0017482579813222331
236.0,0.0025046328716922493
245.0,0.00633762109758649
251.0,0.0015721768058339516
259.0,0.0030246902083771623
268.0,0.003321750240603816
276.0,-0.0018069291720869826
284.0,-0.0001711636028551592
291.0,0.0030359741827271107
297.0,0.0034208485966513587
306.0,-0.0005328015147291439
312.0,0.005141134061792357
317.0,0.009702054308300194
325.0,-0.0003712112130397233
333.0,-0.0008132936490640564
341.0,0.0033493695997650398
346.0,-0.004550925212601483
