,3
2.0,0.0234174431564809
13.0,0.018577955915322037
21.0,-0.0034675765550445173
30.0,0.012890415001950905
39.0,0.006473495120526449
48.0,0.010764719476573377
57.0,0.012595650190551182
65.0,0.0007155005009891018
70.0,0.001660277599756973
81.0,-0.00042951717746405276
93.0,0.0024006811159362623
102.0,0.017393932471266162
110.0,0.008336501299024223
118.0,0.016113985435605875
128.0,0.007219762645968548
136.0,-0.0028103967197997226
143.0,0.007545510212910558
151.0,-0.020377031779895954
159.0,-0.001666621970422535
167.0,-0.004306060114519787
176.0,0.008049034414277931
185.0,0.012090731545258115
194.0,0.0034342205230949783
205.0,0.02077136605868467
213.0,-0.01892156166848238
217.0,0.01834878546215904
228.0,0.01661739006979273
236.0,0.005804887501274801
245.0,0.013559815455754118
251.0,0.01510160704632869
259.0,0.01396899802961934
268.0,0.010451311693583168
276.0,-0.01911595818910797
284.0,-0.0032623120532687174
291.0,0.005653583564805949
297.0,0.022872794773510247
306.0,-0.008946056596426145
312.0,0.008803382574495606
317.0,0.011114448991019037
325.0,-0.006329899576769227
333.0,0.016324710805584498
341.0,-0.025551613220076177
346.0,-0.0025712040559734877
