,8
0,0.0019946130891018627
1,-0.002156669086360811
2,0.001256690268343105
3,0.0002470023081075145
4,-1.3143996081402267e-05
5,-0.0008233106315393723
6,-0.00013171557864685195
7,-0.00025559534601319087
8,0.0005558197699046158
9,0.00029439968073365617
10,0.0005933283182028396
11,-9.540636634772213e-06
12,8.232705627036117e-05
13,0.0016827161060689133
14,0.0019468534858215602
15,-3.256180417104262e-05
16,0.00021221807562264096
17,-0.0005723448455093885
18,-0.0015388389462535957
19,-8.587775526213206e-05
20,0.0022750575743054036
21,0.0025990108720291387
22,0.00046553309635166803
23,0.0034592547239031945
24,0.003824667704507883
25,-0.0001254840612286615
26,0.000518408415986555
27,0.003614131783586684
28,0.0012593299956987602
29,-0.0004640474739119681
30,0.0012052153548951922
31,0.0030536772885064595
32,-0.0003559153886388484
33,-0.0009209688498426587
34,0.0005847553254375903
35,0.0029431384117328072
36,3.0267339097661676e-05
37,-0.0024729762729707636
38,0.002226505478977325
39,-0.0006713538675179526
40,-0.0005388369063825304
41,3.1165304986310076e-05
42,-0.0008206855892304117
