,4
2.0,-0.012192941185672825
9.0,0.0016344969228896283
15.0,0.007552403561714164
22.0,-4.969097423669828e-05
33.0,0.006353264143267386
41.0,-0.0002908760791600232
52.0,0.009301689634318116
59.0,-0.00013089946737084612
66.0,0.004344868207909987
75.0,0.0026939744102690987
82.0,0.013147435213298912
91.0,-0.00034263005405098734
99.0,-0.0032634466626217866
106.0,0.01208097618075556
114.0,0.011204248784474416
122.0,0.004550064020610871
130.0,0.013442833866005125
136.0,0.002156799318076306
147.0,-0.005411161880823966
154.0,-0.00026904982920945315
161.0,0.0025176228986453593
170.0,0.009577686772783154
177.0,0.0038977935213334097
184.0,0.006332591691943347
190.0,0.011158155601302207
197.0,0.006210293882023075
204.0,0.0077072004344501295
211.0,0.0032436728980130805
219.0,0.0035388544963983653
226.0,0.0060118382562237066
232.0,-0.0039358993560819336
242.0,0.0036982608972166062
251.0,-0.01126618100774185
259.0,-0.00982346415897301
266.0,-0.014644232783711969
275.0,-0.005025200756523289
282.0,0.010949133367617795
291.0,0.004765347907416114
302.0,-0.00022164039967105737
310.0,-0.0019156933056022904
324.0,0.002343517163687834
336.0,0.007739865203776507
343.0,-0.0029951485200462127
351.0,0.007861277157768099
355.0,0.00575445990589554
362.0,0.0007679224851799447
371.0,0.0008101759179306105
378.0,0.011471760366611019
388.0,0.009631860583262684
396.0,0.0075282458625186505
401.0,-0.0033421415582517594
410.0,-0.004936241679641173
417.0,-0.0018709738441825214
426.0,-0.00741354840617595
433.0,0.003735474935014167
444.0,0.008034354223620057
453.0,-0.006068794853112678
462.0,0.006144978148433848
471.0,0.00043352450949993114
483.0,0.0013143392826193982
491.0,-0.003949457723508702
497.0,0.003542898814100275
504.0,0.00033417373020550826
516.0,-0.004834301268229981
527.0,0.00554500707660068
534.0,0.002317868986797977
541.0,0.0024804295207641307
547.0,-0.0026686276864350033
554.0,0.002753340007938983
562.0,0.009432746879000043
569.0,0.0002287621869922057
576.0,-0.00116415375635627
584.0,0.010238148865724592
594.0,0.01038140286314914
603.0,0.003684687711088299
611.0,0.011621310457967571
625.0,0.005496947796410582
633.0,-0.004655915166056706
641.0,-0.011342038144819717
645.0,0.005762399365938572
654.0,9.877983958020854e-05
663.0,0.005861174403663128
675.0,0.0036495014563819464
684.0,-0.0021574575690294024
690.0,0.0037823354534750773
699.0,0.006999348040042271
706.0,0.005910611343473698
712.0,0.006289560081400068
720.0,0.0079749560517489
729.0,0.004161513781928277
734.0,0.0051320591658708965
742.0,-0.0005242710445119586
749.0,0.004488956861593816
754.0,0.009734661357866109
761.0,0.008016580313121024
769.0,-0.004352583676982588
778.0,0.008194334695736643
787.0,0.00714375680500554
794.0,-0.0004658939356387358
802.0,0.00849215632855034
808.0,0.010250921186812055
817.0,0.0038765243253176007
822.0,0.005359253924890312
831.0,0.007381844962099307
835.0,0.012734759314662602
844.0,0.005535065630198368
851.0,0.0012731572889038178
862.0,0.0033190862301806776
871.0,-0.0007479862792390891
878.0,0.006689820757807103
887.0,-0.0012276437336395459
894.0,0.003848583982915211
906.0,0.006407420190260693
913.0,0.0032666489413178666
921.0,0.0013683854116067014
928.0,-0.00029062018966819766
935.0,0.00010060198574574896
941.0,0.012707250008280498
952.0,0.008056319144791397
961.0,-0.0013178323785062588
970.0,0.009802687282899408
978.0,0.011743272524443312
985.0,0.00015749469663438046
994.0,0.016554686630499083
1002.0,0.0022252010258950014
1011.0,0.007705638801302479
1018.0,0.013942272861699011
1024.0,0.00408195245045831
1032.0,0.0030953013023340232
1039.0,0.009200798813839936
1045.0,0.008302149200376812
1053.0,-3.66335780090842e-05
1060.0,-0.0007724220937557382
1069.0,0.005266664993646858
1073.0,0.00468836425187762
1084.0,0.0007018757182668072
1096.0,-0.011634153134770408
1103.0,0.01104184575683689
1109.0,0.004635402254622267
1117.0,-0.0007806375190498689
1125.0,-0.0004352330275665108
1130.0,0.005483002144627969
1137.0,-0.0002612031522886949
1146.0,-0.0007001035829579855
1160.0,0.0016963898633262935
1169.0,-0.0003947672200694058
1175.0,0.01035486695996231
1183.0,-0.00021399658645851393
1187.0,0.012149669563058374
1196.0,0.0005411208556981294
1203.0,0.004201740216893811
1212.0,-0.00489047072935868
1220.0,-0.010567090034443586
1228.0,0.0021283038761239427
1240.0,-0.000703414420053292
1249.0,-1.1938882739562866e-05
1256.0,0.0029152570307559612
1263.0,0.0035222068309814446
1270.0,6.004031778591449e-05
1277.0,0.003566370302866336
1284.0,-0.0008936512478861365
1292.0,0.0049733615739262485
1300.0,0.009293716252128418
1306.0,0.007552357062372051
1314.0,-0.007311383702615807
1318.0,0.0057521158143939875
1324.0,-0.0015315368469867837
1335.0,-0.0012414213432392072
1346.0,0.012535278396203216
1354.0,-6.762619008770938e-06
1366.0,-0.0024903385644268455
1372.0,0.0038476775730898333
1381.0,-0.0009768759724592695
1389.0,0.005871889789300802
1396.0,0.004271267752683858
1403.0,0.002896495492882656
1411.0,0.012358452383751654
1420.0,0.005977801970503219
1426.0,0.011928851601948927
1437.0,0.010371988592890968
1451.0,0.00559368683693372
1460.0,0.008310970860598527
1469.0,-0.016781470182986435
1473.0,0.007130225959765433
1481.0,0.0022261516070720463
1488.0,0.003065907326991079
1499.0,0.005799782291228643
1505.0,0.0032626709999813972
1511.0,0.003114852128773852
1517.0,0.0010208328910881542
1524.0,0.00375874844826601
1532.0,-0.0017390057221941986
1542.0,-0.00011932413851591853
1551.0,0.00768976417437416
1556.0,0.014201838894938151
1564.0,0.00020506657390627976
1574.0,-0.011805745752781538
1582.0,-0.010211406414603526
1592.0,0.0023893695457552805
1604.0,-0.004033462310825208
1611.0,-0.0007360411182952234
1620.0,0.006321732161302047
1629.0,0.0002723715796637436
1635.0,-0.0031025485682674206
1643.0,-0.0009798735859522945
1649.0,-0.0060801121691484074
2094.0,-0.012195705060173825
2101.0,0.0016354458965225137
2107.0,0.00755120958954267
2114.0,-4.8380752957339044e-05
2125.0,0.006356742675812812
2133.0,-0.0002917970874762881
2144.0,0.009302597297461999
2151.0,-0.00013039363523670636
2158.0,0.004354218852300861
2167.0,0.0026957280273198604
2174.0,0.01315446966979132
2183.0,-0.00034142836170626245
2191.0,-0.0032668573600115325
2198.0,0.012082816048027856
2206.0,0.01120062876933256
2214.0,0.004549887778084426
2222.0,0.013434844188812677
2228.0,0.0021507082411586676
2239.0,-0.005411030012194035
2246.0,-0.00026777753024994906
2253.0,0.002516995573210216
2262.0,0.009582724419985228
2269.0,0.0039009798804459546
2276.0,0.006328110640121585
2282.0,0.011157520079382253
2289.0,0.006207031135462361
2296.0,0.007710744576968303
2303.0,0.0032431961137660286
2311.0,0.0035408912660104806
2318.0,0.006024670623177461
2324.0,-0.0039344798157956735
2334.0,0.0036899174218349286
2343.0,-0.011271564117231712
2351.0,-0.00982179992532944
2358.0,-0.014633155365796482
2367.0,-0.005025008375709224
2374.0,0.01093695129371449
2383.0,0.004768343636328591
2394.0,-0.00022313158926448405
2402.0,-0.0019177534984050884
2416.0,0.0023399224443353865
2428.0,0.007738535194599255
2435.0,-0.0030009703533340855
2443.0,0.007867896871759799
2447.0,0.0057590714529908715
2454.0,0.0007708817579639679
2463.0,0.0008129649947430333
2470.0,0.011473569321069618
2480.0,0.00963110493245282
2488.0,0.007523834525039554
2493.0,-0.0033418794500930495
2502.0,-0.004925597989132777
2509.0,-0.0018669787057217445
2518.0,-0.007407264225887971
2525.0,0.0037319088774396833
2536.0,0.008042126374234664
2545.0,-0.006063840105598558
2554.0,0.0061440549246195506
2563.0,0.00042524979380602313
2575.0,0.001311463694605482
2583.0,-0.003947528000849759
2589.0,0.003545040463787346
2596.0,0.00033762304106945437
2608.0,-0.0048367615395535435
2619.0,0.005541652348847222
2626.0,0.0023159101484101206
2633.0,0.00248224307095524
2639.0,-0.0026686916542105234
2646.0,0.0027483121571078056
2654.0,0.00943407968865705
2661.0,0.0002317522460409384
2668.0,-0.0011594097192189567
2676.0,0.01024021166726822
2686.0,0.010369915691368725
2695.0,0.003676635908656252
2703.0,0.011615129561337749
2717.0,0.005495933376315527
2725.0,-0.004654757997441462
2733.0,-0.011341821028340374
2737.0,0.0057714236045773885
2746.0,0.00010003707418996024
2755.0,0.005866376205451502
2767.0,0.0036454768744421163
2776.0,-0.002157842770579896
2782.0,0.0037800796117285593
2791.0,0.007001075023498426
2798.0,0.0059168236877059285
2804.0,0.006293542180802699
2812.0,0.007975658446628387
2821.0,0.004160144999814388
2826.0,0.005128743425303161
2834.0,-0.0005283907079303268
2841.0,0.00447648631454229
2846.0,0.00973085563790378
2853.0,0.008024131547756004
2861.0,-0.004354733062051255
2870.0,0.008197173201058743
2879.0,0.00714566534471796
2886.0,-0.0004636623123679449
2894.0,0.008488038209424831
2900.0,0.010259109226923906
2909.0,0.003900089183603346
2914.0,0.005358217194764661
2923.0,0.007389129343246269
2927.0,0.012746187219386557
2936.0,0.0055447102894222566
2943.0,0.0012757661010898477
2954.0,0.0033166698270599474
2963.0,-0.0007490749169211517
2970.0,0.006685133753349762
2979.0,-0.001221344407960987
2986.0,0.0038444826853353386
2998.0,0.006394823712451679
3005.0,0.0032674957463706598
3013.0,0.0013697945168361333
3020.0,-0.000286311859971605
3027.0,0.00010164483963103635
3033.0,0.012705439390147663
3044.0,0.008050167486686466
3053.0,0.0010226802416535726
3062.0,0.009803595070029949
3070.0,0.01174457354751526
3077.0,0.00015764623823934
3086.0,0.016554124350454308
3094.0,0.002229118614620415
3103.0,0.007706120544459258
3110.0,0.013937024961022728
3116.0,0.004077674330808854
3124.0,0.006970450992555402
3131.0,0.009201008467170873
3137.0,0.00830319101659176
3145.0,-3.870736554792179e-05
3152.0,-0.0007789624328097263
3161.0,0.005253358198524039
3165.0,0.0046897475723471655
3176.0,0.0007060223007981731
3188.0,-0.011637989395052603
3195.0,0.01103790355930771
3201.0,0.004628487872864962
3209.0,-0.0007852434894332935
3217.0,-0.0004341116636058001
3222.0,0.005481340643625873
3229.0,-0.00026638184482494925
3238.0,-0.0007011293855734766
3252.0,0.0016980727234205439
3261.0,-0.00039785174082647277
3267.0,0.010352517439205634
3275.0,-0.00023167310340350936
3279.0,0.01215102088670798
3288.0,0.0005361547688826553
3295.0,0.004205992542172359
3304.0,-0.004888085003153912
3312.0,-0.010570867397691199
3320.0,0.002126743805634812
3332.0,-0.0007038034625433925
3341.0,-7.116800816305245e-06
3348.0,0.005468134774253794
3355.0,0.0035106419889644695
3362.0,5.8460899888632204e-05
3369.0,0.003567950701534852
3376.0,-0.0008944257775477813
3384.0,0.004980798664433917
3392.0,0.00927777926150652
3398.0,0.007565713600472309
3406.0,-0.007307743696037282
3410.0,0.005751456518127691
3416.0,-0.0015307429660518413
3427.0,-0.0012400530853191026
3438.0,0.012524541935188224
3446.0,-7.881923415931659e-06
3458.0,-0.0024828138019049317
3464.0,0.003852192068901513
3473.0,-0.0009733064273958382
3481.0,0.005873801489477029
3488.0,0.004260678040959416
3495.0,0.0028954239156856487
3503.0,0.012359805444554232
3512.0,0.005983683706845477
3518.0,0.011933274033814775
3529.0,0.01036916226185814
3543.0,0.0055898773402540845
3552.0,0.008312122510028662
3561.0,-0.016777320885495734
3565.0,0.007121064116724992
3573.0,0.0022234441523347618
3580.0,0.003066596494222641
3591.0,0.005807552923356428
3597.0,0.003272765515278459
3603.0,0.003116220840178765
3609.0,0.0010191090562023282
3616.0,0.0037604610550320927
3624.0,-0.0017329288558734397
3634.0,-0.00011851926058199448
3643.0,0.0076923151814459086
3648.0,0.014193729663050797
3656.0,0.00021009119921450254
3666.0,-0.011813178967986606
3674.0,-0.010208407075532147
3684.0,0.00239328628032497
3696.0,-0.004029290366007252
3703.0,-0.0007327621661655651
3712.0,0.006321820528106605
3721.0,0.0002663972360841024
3727.0,-0.003102942434005252
3735.0,-0.00097960889206911
3741.0,-0.006078080457808348
