,8
0,-0.003176869895644094
1,0.001213567873477941
2,0.0011589673082129971
3,-0.0002228490883139871
4,0.0006737753865169762
5,0.0007127335277083852
6,0.0013260902950830147
7,-0.001274561115931351
8,-0.0005476389959403671
9,0.00047924554030870527
10,-0.00040603191454388615
11,-0.000419803344747782
12,-8.798624779637011e-05
13,-0.0006862176031442504
14,0.0006968840188290125
15,-0.0009514964098741339
16,0.00144340282078163
17,-0.0007026507359240044
18,0.0006119457574898922
19,0.0003105885108049306
20,0.00021050958006278356
21,0.00047882638197350866
22,0.0008666214758820299
23,-3.4193862040649546e-05
24,1.7077427306742937e-05
25,-1.7109347716168584e-05
26,0.0006003864899489983
27,-0.0026855963888777813
28,1.9376246644728484e-05
29,0.0015394014740644428
30,0.0008216052881115909
31,-0.002304740195061068
32,-0.0028899267113756616
33,0.00031471355213901316
34,0.003210166736196972
35,0.0017671099003868384
36,0.0041879714282743044
37,0.0005317935110532145
38,-0.00030257848398879453
39,0.0005620510495252289
40,0.0008520504157448912
41,0.0023906817614777445
42,0.0019420276295613367
43,0.003963079965979219
44,0.004457691656447541
45,0.002327066182921514
46,0.0022473334028601127
47,-0.0012696199038854674
48,0.0034983948711761947
49,0.0001374629303373997
50,0.0008231137783812478
51,-0.00014070777399275274
52,4.072702009546637e-05
53,-3.8644747626889316e-05
54,-0.002936862648640889
55,-0.001507982420377445
56,-0.0008451803500952377
57,3.0346090967817606e-05
58,0.0007301722509433164
59,0.0010861051046547026
60,-0.0009266770274748056
61,-0.000715270046401169
62,0.00025497800381661526
63,0.0005871552538431528
64,0.00015143289283239762
65,-0.00014161351482217972
66,0.0007031276891751834
67,0.0009272056365474482
68,0.00034301641254770885
69,0.0001479668552479489
70,0.00026996849388638886
71,0.000907356274171356
72,-0.0009761735120411143
73,0.0011465497724328433
74,0.0010110985988664334
75,3.843251600005609e-05
76,-0.0009928732044705184
77,-0.0015997152453344457
78,0.0004863012839629195
79,-0.0004988320242738893
80,0.0005214934237929015
81,0.00023756221637309384
82,0.0004430099709787067
83,-0.00019718736635931082
84,0.00010274113893171934
85,-0.00012818453833123952
86,-6.233182472718658e-05
87,0.0010351367877319954
88,0.0010539114139735838
89,0.0015306718834041146
90,-0.0007794900479771575
91,-0.017589434074828943
92,-0.0023239564894281467
93,-0.00324226147913854
94,9.20262512058272e-05
95,0.0005129398797915912
96,-0.00024569944673209315
97,-0.0008090501301889211
98,-9.265044377653043e-05
99,0.000850835361889968
100,0.00011183759854378565
101,0.000390441167863859
102,-0.0026604092144408395
103,0.002031373904104168
104,-0.00015888655107967642
105,0.0010098012525081737
106,-4.473257402531441e-05
107,0.0016659072982900458
108,0.0006352766267009054
109,0.0005425322771665395
110,0.0004234840539760756
111,-0.00033730561840711684
112,0.0001484253177006737
113,0.0006464506572774062
114,0.00075206629228395
115,-0.0008185069713613028
116,-6.658265740627046e-05
117,2.0969881493890683e-05
118,6.553297223001036e-06
119,-0.00016719657846423852
120,0.00010129674160252086
121,0.002601162405721548
122,-0.001045880625688049
123,-0.0009700409179840445
124,0.00140129367325785
125,0.00043033372526283
126,-4.760897699601578e-05
127,0.00016648530763653917
128,8.388189169027875e-05
129,0.0003947432288363126
130,0.0001755691101096604
131,-0.00017183235332149678
132,-0.00011627560850278006
133,-0.0005435979827068046
134,0.00023168007639485708
135,-0.00038002868409224626
136,-0.00030855602637286345
137,0.0010818232784339144
138,0.00031672305896482985
139,-0.0008662499606957093
140,3.188644883166401e-05
141,0.0006924160186186224
142,-0.0006621775452166972
143,0.00018477161526101672
144,0.0005941332511041954
145,0.0008479287651028486
146,0.0016075871320015557
147,0.0023856964956930804
148,0.00021195725791478396
149,0.00014080813383907507
150,0.001243305255611087
151,0.0009957573852277365
152,-0.0008095580858098764
153,0.000462861585552076
154,0.001062276605503488
155,0.0005237310168992656
156,-0.00016405764758246503
157,-0.0014399069212590666
158,0.0003633027115579069
159,5.525182014275404e-05
160,-0.00019296424479533277
161,0.0005673952932917041
162,0.003461436661539644
163,-0.0003002974656830563
164,0.002253006683860559
165,0.0002722810076234675
166,-0.0002747892879944022
167,-0.00014286746630144537
168,-0.00028944320900546334
169,7.27420955739501e-05
170,-0.00015350650399910908
171,-8.613175855184047e-05
172,-0.0001579322122311232
173,0.00027446515996584504
174,0.00042973210274962353
175,0.0001038971642551421
176,-0.0004633864451010125
177,0.001508653669536796
178,0.0007573586653675736
179,7.254814774968312e-06
180,0.0003296305407895504
181,0.001000673208207505
182,-0.0003438034637922432
183,-9.632143968929229e-05
184,0.0006716254928964627
185,0.000367589768901226
186,0.0005280994059701706
187,-9.9399460489731e-05
188,0.0004951116639746315
189,8.390019195878965e-05
190,0.00030774162853971766
191,-0.0004200818598319733
192,-0.00033406854182364403
193,0.0005090092547290057
194,0.0005141766242211324
195,0.0006135251343178742
196,-0.0009937265192559866
197,-0.00026320621259255254
198,-0.000893667053116051
199,0.0009623273762620493
200,-0.0002700302870488773
201,-0.0008766182970615194
202,0.0005782260024809688
203,0.0008851710520999805
204,0.0007254444212391878
205,0.0033509007979164638
206,-0.0031770660088941234
207,0.0012138831169697718
208,0.0011585585430360051
209,-0.0002232075524013095
210,0.0006736906697262309
211,0.0007133674265259683
212,0.0013265009558634019
213,-0.001274820751527774
214,-0.0005472402285010107
215,0.0004789393354930367
216,-0.0004059758673364155
217,-0.00041905310059290804
218,-8.809748591129154e-05
219,-0.0006869213014453011
220,0.0006964510349801528
221,-0.0009506033165910963
222,0.0014449554010754974
223,-0.0007016495678163934
224,0.0006123324378516591
225,0.0003106328705466279
226,0.00020974165326010887
227,0.00047865552834145043
228,0.0008666276091039507
229,-3.409329042020192e-05
230,1.670905556383842e-05
231,-1.743683229566286e-05
232,0.0006006364042299921
233,-0.0026844370850065795
234,1.9417858561030444e-05
235,0.0015390542972177213
236,0.0008216126852840992
237,-0.002305162373496375
238,-0.002889823064125425
239,0.0003147743629204297
240,0.0032101439797579652
241,0.0017677149635455904
242,0.004188042199788817
243,0.0005317672242712498
244,-0.0003026475066310758
245,0.0005619203876103302
246,0.0008520668716871296
247,0.0023900971624500594
248,0.001941232200915082
249,0.00396317838035588
250,0.00445958804289601
251,0.0023288918361664135
252,0.002247674584559711
253,-0.0012709064235530924
254,0.0034987791366355796
255,0.00013701308706073133
256,0.0008229417120325085
257,-0.0001411460823844045
258,4.245941843100818e-05
259,-3.725793117470627e-05
260,-0.002935393856447476
261,-0.0015086710524681523
262,-0.0008446191469556164
263,3.0164776416697873e-05
264,0.000729444463859819
265,0.001083552573074001
266,-0.0009269518030794188
267,-0.0007150479624661089
268,0.00025491550505973636
269,0.000587128253371501
270,0.0001513692267840864
271,-0.0001414460105841009
272,0.0007032932670079005
273,0.0009270170119180277
274,0.0003428959250446791
275,0.0001479493735773658
276,0.0002700158958629694
277,0.0009076007421341564
278,-0.0009757925154386179
279,0.001146828438438098
280,0.0010110298335400197
281,3.835388812143651e-05
282,-0.0009933028580406701
283,-0.001601152444366057
284,0.0004843148088537512
285,-0.0004990648343400388
286,0.0005225789516497435
287,0.00023752583655976063
288,0.00044284110240735
289,-0.00019737126969602154
290,0.00010269306836606175
291,-0.00012844125862860687
292,-6.2017993776901e-05
293,0.0010353891180836388
294,0.0010538316173798123
295,0.0015310264943707097
296,-0.0007807811705684896
297,-0.01759450386466711
298,-0.002321985764624035
299,-0.003241004658025769
300,9.300582868876956e-05
301,0.00051333081815357
302,-0.0002459518470318702
303,-0.000809438971946325
304,-9.306125410085298e-05
305,0.0008505682261963057
306,0.00011121571505343244
307,0.0003908888529004006
308,-0.0026608979406998355
309,0.0020316355830713594
310,-0.00015820301511421507
311,0.0010102710540293993
312,-4.395578862856945e-05
313,0.0016657280504872526
314,0.0006354456551846495
315,0.0009885164542770336
316,0.0005046186233057872
317,-0.00048186620888062965
318,0.00013550798797832924
319,0.0009713716424100346
320,0.000730116680156292
321,-0.0009406836576164715
322,-0.00011451077583616926
323,0.0002882877801081311
324,-2.699634207089476e-06
325,-0.00017458692042689086
326,-3.9575731531986875e-05
327,0.0021901219741751006
328,-0.0010755920708046534
329,-0.0012367565377302539
330,0.0013759051275040288
331,0.000590309004256709
332,3.681083922703496e-05
333,0.00018953933775081052
334,0.00015033580040405491
335,0.0003892590648565154
336,0.00012736435779171301
337,-0.00010327415495337164
338,-0.00010259673084149632
339,-0.0005280298579207442
340,0.00023172818614198437
341,-0.00038035435835428766
342,-0.00030960839836075607
343,0.001081341741608749
344,0.00031763597477547245
345,-0.0008663032481310844
346,0.00010062064282542881
347,0.0006921001712408623
348,-0.000661845610253642
349,0.00018462986552765542
350,0.0005939729750405448
351,0.0008472246576597858
352,0.0016045050260057113
353,0.002388972421032788
354,0.0002127966799850483
355,0.00014154431864127397
356,0.0012422759708902182
357,0.0009939979170014834
358,-0.000635202641614613
359,0.00045175907027180274
360,0.0010865763857687502
361,0.0004083762820195626
362,-6.243875333149265e-05
363,-0.0016048589416419125
364,0.00032534128831308905
365,1.0004729983347942e-05
366,-0.00017513529266988074
367,0.000454907449171707
368,0.004348396236914488
369,0.0009206666356177437
370,0.0022526485581374615
371,0.0002723103334704262
372,-0.0002752024769106903
373,-0.00010272558074055936
374,-0.000203114893808047
375,3.7925988381040485e-05
376,-0.00016349753646224376
377,-0.00014426050302521656
378,-0.00015681188891614013
379,0.0002990571778527184
380,0.000430078322513861
381,0.00010413671762537046
382,-0.00046312463563809406
383,0.0015083559004222843
384,0.0007574205876117264
385,7.299072637882303e-06
386,0.0003294043785756061
387,0.0009997771374187746
388,-0.0003438453841528085
389,-9.645628037578854e-05
390,0.0006710814398235807
391,0.00036753221527849084
392,0.0005284305434408299
393,-9.944469842183976e-05
394,0.0004951388578801232
395,8.391416355262061e-05
396,0.00030781520524400324
397,-0.0004200104557097323
398,-0.0003340951861445615
399,0.0005090958078474087
400,0.0005142015054925284
401,0.0006142354214231408
402,-0.0009915121858610075
403,-0.0002629332873925851
404,-0.0008928459843480166
405,0.0009641721592154646
406,-0.0002690951564307635
407,-0.0007085759822475439
408,0.00030007337468842285
409,0.000885739260219974
410,0.0007246923294125626
411,0.0033504280245173477
