,6
1659.0,-0.0003565052230342624
1666.0,-0.001611895035834854
1673.0,-0.00021044668259778758
1685.0,-0.0007055999541977898
1694.0,0.0008919327231238168
1702.0,-3.351240247695119e-06
1709.0,9.743659571941788e-05
1717.0,0.002300267991665149
1725.0,-7.652889033326893e-05
1729.0,-0.00018034788692255954
1738.0,0.011605730565813701
1745.0,1.421047350985296e-05
1753.0,-0.0006473030486869704
1762.0,0.0007318064800427275
1766.0,-0.0010183347052053742
1775.0,0.006093565175329658
1782.0,0.002325081413825537
1789.0,0.007318108941284786
1796.0,-0.0006632595643420727
1805.0,-0.0006955984139251802
1810.0,-0.007996007119381239
1817.0,-0.003828489494661268
1825.0,-0.0004033370031756139
1830.0,0.004456049433508518
1835.0,0.005531988249739729
1842.0,0.0024975361609516173
1847.0,0.001542867882381882
1856.0,0.002269950064950537
1865.0,0.002631266441310585
1872.0,0.002581101492746958
1883.0,0.0010652657974117251
1892.0,0.0032465496718116216
1901.0,0.0016976335198634952
1913.0,0.001350186396284389
1918.0,0.0004399543008339577
1926.0,0.004887933527645328
1934.0,-0.002455702489043676
1942.0,-0.008893906718067683
1946.0,-0.003139204274973128
1953.0,0.003389424620890305
1961.0,0.0026165532883694804
1965.0,-0.00014538750405598943
1974.0,-0.0002999516743770885
1988.0,0.009776251033629155
1995.0,0.0024659761160377475
2007.0,-0.00027162456265971275
2015.0,-0.0005615641718819329
2023.0,0.0014221726165586615
2028.0,0.003055652870901723
2035.0,0.00018364863912474007
2044.0,-0.0008505844560271734
2051.0,0.0004465134878451986
2062.0,0.0006178041672045355
2069.0,3.579074391375218e-06
2076.0,-0.0011806697786146043
2083.0,0.0009237435803531683
