,5
1659.0,0.005829593508884151
1666.0,0.0019595739109226754
1673.0,0.0010210042016228996
1685.0,-0.0002504681510085239
1694.0,0.0004923337172595792
1702.0,0.0024581454294571397
1709.0,0.0024605171650358896
1717.0,0.0011933674698591799
1725.0,0.0025281961184154505
1729.0,-0.0030686365788258627
1738.0,0.004475490310999266
1745.0,0.009219666883491193
1753.0,-0.000634279108111893
1762.0,0.0029882204546526512
1766.0,0.0026406834822968023
1775.0,0.010058352767634345
1782.0,0.0005936162672221871
1789.0,0.009898436056379042
1796.0,0.002938479117515759
1805.0,0.002478636235800024
1810.0,-0.014504320988561475
1817.0,0.0016956285042759587
1825.0,-0.000735965432383339
1830.0,0.0039412024513654385
1835.0,0.004122135976070634
1842.0,0.0014060988135636292
1847.0,0.0010059613776881074
1856.0,0.00018472083002942096
1865.0,0.005698575130013023
1872.0,-0.0002942424052054919
1883.0,-0.0008820614602827721
1892.0,0.001786644390650116
1901.0,0.00014499782180845257
1913.0,0.00025585397064578505
1918.0,-0.0012856637660020275
1926.0,0.0005238452538218899
1934.0,-0.005776426471425372
1942.0,-0.009444426462733147
1946.0,0.00016556843973714486
1953.0,0.008335893190275811
1961.0,0.007074535099750367
1965.0,0.001253358660998517
1974.0,-0.0018665706507816967
1988.0,0.009021119109336609
1995.0,-0.0030067540038303084
2007.0,-0.000287961344119343
2015.0,0.0007032281965570732
2023.0,-5.082731814071636e-05
2028.0,-0.0005321865175898419
2035.0,-0.0013756199430707296
2044.0,-1.5350483573036933e-05
2051.0,0.0008056324685624785
2062.0,0.0015604488847278451
2069.0,5.0754882233515106e-05
2076.0,0.0016012985905398563
2083.0,0.0006899887844176811
