,3
2.0,-0.005150037732514803
9.0,-0.012055001537714813
15.0,0.005677950807247874
22.0,-0.01412289403056191
33.0,0.01404219355634681
41.0,-0.008185516756091485
52.0,-0.0005484551336480281
59.0,0.0004980798146959431
66.0,0.006211725181347516
75.0,-0.0031562994957608356
82.0,0.011954289929092804
91.0,0.023963208029698462
99.0,0.009552563468138762
106.0,0.01286315753785036
114.0,-0.006930119660348208
122.0,0.009078258488361154
130.0,0.01385518650407381
136.0,0.011035530530120815
147.0,-0.010442521987375405
154.0,-0.005329996549074892
161.0,-0.0117719292325112
170.0,-0.004845386617194038
177.0,-0.004403259944325415
184.0,-0.008723015923446797
190.0,-0.005922657219454934
197.0,-0.0033012739854768576
204.0,0.003492398004467159
211.0,-0.005623280850057856
219.0,0.018402599985422312
226.0,0.013485255414977118
232.0,0.00525824636480062
242.0,0.015386528298093931
251.0,-0.013481482677076006
259.0,-0.0027228873544903557
266.0,-0.001436102344744682
275.0,-0.013518515259418681
282.0,0.009978342287646973
291.0,-0.004264923927078874
302.0,-0.011067254418011818
310.0,-0.012579422326049952
324.0,-0.005795830744935483
336.0,-0.004686021051909507
343.0,-0.019459551613139225
351.0,0.027984974570403675
355.0,0.012487885999935623
362.0,-0.0006839167890134622
371.0,-0.002567298465183295
378.0,0.006411492828891787
388.0,0.014969324701739294
396.0,0.005922599883220653
401.0,-0.003347246569728601
410.0,0.0037763892918822165
417.0,-0.006900148999917496
426.0,-0.0010288123496522167
433.0,0.01151797074373524
444.0,0.018726664086617755
453.0,-0.02056722370174825
462.0,-0.0036263342706184
471.0,-0.01303468658525691
483.0,0.012908747859446398
491.0,-0.004151406579323681
497.0,0.004119268150761595
504.0,0.020092193856421255
516.0,-0.020995106049587875
527.0,0.009399059917498695
534.0,-0.014886691634819885
541.0,-0.0007773683161951179
547.0,-0.017828318173272285
554.0,-0.013981800082781116
562.0,0.0014023669381549096
569.0,0.016552824276675718
576.0,-0.01135504471469816
584.0,0.0031090656077503494
594.0,0.018982886190938825
603.0,0.0163768317880822
611.0,0.005871841793531541
625.0,0.023211654951883383
633.0,-0.0006216084485586809
641.0,0.027241777581862976
645.0,0.009767470532735615
654.0,-0.005195442527278888
663.0,-0.0014274738093302986
675.0,-0.014172434201965685
684.0,-0.013069866147032578
690.0,-0.02259310435390514
699.0,0.0038562962019335024
706.0,-0.006666450160037179
712.0,0.007826755214839387
720.0,0.022720287469397214
729.0,0.01180632327802457
734.0,0.0035508818670645236
742.0,-0.006411921074549518
749.0,-0.0029055517482589324
754.0,0.0015162804849129003
761.0,0.00447783491603823
769.0,-0.011781097386615773
778.0,-0.0032909921117576448
787.0,0.011702827997086903
794.0,0.0025799225851431897
802.0,-0.004044227143969866
808.0,-0.0027270296953126653
817.0,0.005500045437659614
822.0,-0.009916889192130246
831.0,0.01504754009549646
835.0,0.01230382101744662
844.0,-0.007899315899198575
851.0,-0.006264054835900462
862.0,0.008253867635796863
871.0,-0.0027439572566276983
878.0,-0.0030916225164684453
887.0,-0.01877143665357867
894.0,0.00680162939766374
906.0,-0.0009991327987562166
913.0,-0.009959960733099318
921.0,0.00279541292119795
928.0,0.000737278030038018
935.0,0.008896698574014775
941.0,0.014812672536252064
952.0,0.023461441963192928
961.0,0.013084420033889805
970.0,0.021546598885637838
978.0,0.016736379243646474
985.0,0.01690995118530006
994.0,0.025942090809461988
1002.0,-0.007109257760273015
1011.0,0.007583861611258795
1018.0,-0.010397453131993957
1024.0,-0.0004239577676547306
1032.0,0.0005993686486688005
1039.0,-0.022058918497400565
1045.0,0.007617835979401978
1053.0,-0.022237184963747995
1060.0,0.007727033713943536
1069.0,0.021054994737701047
1073.0,0.0020997028267008212
1084.0,-0.00025179298599157954
1096.0,0.004911364786812195
1103.0,0.010591416739490728
1109.0,0.001725221334462296
1117.0,0.001505677997692826
1125.0,-0.01772018912081548
1130.0,0.004868664804123912
1137.0,-0.004869760274018726
1146.0,-0.0023462256676371964
1160.0,-0.01795627760930515
1169.0,0.017707385640002377
1175.0,0.01422978783519787
1183.0,0.009158869072111591
1187.0,0.003225480463535622
1196.0,-0.012831476430281178
1203.0,0.022092131560215524
1212.0,-0.015562398392341387
1220.0,-0.013513481437790647
1228.0,0.008023842234048008
1240.0,-0.007154623563570479
1249.0,-0.017853227609638252
1256.0,0.0046863069075679656
1263.0,0.0008579580772324439
1270.0,-0.0029020344246909386
1277.0,-0.004945150891945947
1284.0,-0.003509809639338349
1292.0,0.012191618677992956
1300.0,0.009641798034233276
1306.0,0.018995403880109923
1314.0,0.01498269072369425
1318.0,0.012526606197388658
1324.0,0.013386498159684764
1335.0,0.004076807023367923
1346.0,0.0057001594174402375
1354.0,-1.81822711458635e-05
1366.0,-0.02100233005116437
1372.0,-0.017981935792824675
1381.0,-0.008541505516529156
1389.0,0.004700875379833869
1396.0,-0.0008594530798885449
1403.0,0.011742156470918691
1411.0,0.01539373042037379
1420.0,-0.012613700521185092
1426.0,0.011447645369325375
1437.0,0.01087820630005129
1451.0,0.00956068306897517
1460.0,0.016565209271937394
1469.0,0.037410360548848755
1473.0,0.021500263725825662
1481.0,-0.009939975696901622
1488.0,0.016578438392049418
1499.0,-0.017028507757254955
1505.0,-0.020909608137254163
1511.0,0.009009918009183755
1517.0,-0.005024957658609472
1524.0,-0.009972296437872756
1532.0,-0.007689439144101201
1542.0,0.006507484946727648
1551.0,0.005398133331139781
1556.0,0.023465600728262804
1564.0,-0.011046105090029101
1574.0,-0.022305119753025685
1582.0,-0.016922549584985375
1592.0,-0.0039444885341618
1604.0,-0.009976742794826273
1611.0,-0.006701671794220077
1620.0,-0.001829018998248981
1629.0,0.016790827271719693
1635.0,-0.0006229345091883423
1643.0,-0.008219173220111101
1649.0,-0.011699480126396664
2094.0,-0.005157852715765488
2101.0,-0.012067226783327877
2107.0,0.005680646821443583
2114.0,-0.01412468076425394
2125.0,0.01404402636079855
2133.0,-0.008184946277450051
2144.0,-0.0005422963577030243
2151.0,0.0004993355433705727
2158.0,0.0062271327787545
2167.0,-0.0031547154847399337
2174.0,0.011962614619939312
2183.0,0.023975253055068445
2191.0,0.009545369147838057
2198.0,0.012868838078634091
2206.0,-0.006927636114628004
2214.0,0.009081885301006789
2222.0,0.013840899425418341
2228.0,0.01102135604141681
2239.0,-0.010442162775620984
2246.0,-0.00534024146892303
2253.0,-0.011765302016349191
2262.0,-0.004838570759572272
2269.0,-0.004396751983510318
2276.0,-0.008730824002065273
2282.0,-0.0059068869999265436
2289.0,-0.0032957915757395612
2296.0,0.003511409217989944
2303.0,-0.005641888367826409
2311.0,0.018414033407791918
2318.0,0.013487277714094746
2324.0,0.005263077661078957
2334.0,0.015389828198791353
2343.0,-0.013491894254525145
2351.0,-0.002724226995007416
2358.0,-0.0014276956846405373
2367.0,-0.013522121732508281
2374.0,0.009976135550559394
2383.0,-0.004278255122245101
2394.0,-0.011051149544679237
2402.0,-0.012575079443914993
2416.0,-0.005785600957018998
2428.0,-0.0046834913739747935
2435.0,-0.01946589263776382
2443.0,0.027998463742872785
2447.0,0.012494767100493383
2454.0,-0.0006741582529818098
2463.0,-0.0025773023722296205
2470.0,0.006407876513967309
2480.0,0.014970285680687855
2488.0,0.005932976689388629
2493.0,-0.0033375514976796156
2502.0,0.0037734329931352313
2509.0,-0.006898710977269461
2518.0,-0.0010196029013938603
2525.0,0.011504125065908623
2536.0,0.01874245219079462
2545.0,-0.02055753207809175
2554.0,-0.0036240925308107332
2563.0,-0.01305092624052402
2575.0,0.012906455300389398
2583.0,-0.004149873362647992
2589.0,0.004113302981830324
2596.0,0.020102152068878085
2608.0,-0.020987295989149446
2619.0,0.009393717637389396
2626.0,-0.014889285879574585
2633.0,-0.0007844861352310299
2639.0,-0.017824217140988797
2646.0,-0.014004636572758428
2654.0,0.001416714749779457
2661.0,0.016565314789786963
2668.0,-0.011349832097686852
2676.0,0.003123439117419308
2686.0,0.01896906148984984
2695.0,0.016350850408233374
2703.0,0.005871504970860583
2717.0,0.023215002145322513
2725.0,-0.0006262769880459759
2733.0,0.027254141332061707
2737.0,0.009767040386096278
2746.0,-0.005192023320069022
2755.0,-0.0014276060006999422
2767.0,-0.014165837800526285
2776.0,-0.013074035328321838
2782.0,-0.022592112493061752
2791.0,0.0038619254689049
2798.0,-0.006661987573781387
2804.0,0.007819632961106576
2812.0,0.02272576426375834
2821.0,0.011799546417155561
2826.0,0.0035596137002299635
2834.0,-0.00641464902799953
2841.0,-0.002917339906461782
2846.0,0.001520368724336525
2853.0,0.004490546144468259
2861.0,-0.011763597405924028
2870.0,-0.003280439531985005
2879.0,0.011711160872963191
2886.0,0.0025771027123020042
2894.0,-0.004058794091731105
2900.0,-0.0027019213473117383
2909.0,0.005500128496194717
2914.0,-0.00991361284702579
2923.0,0.015054627807927504
2927.0,0.012305617389024926
2936.0,-0.007905614564695426
2943.0,-0.006260828227759756
2954.0,0.008250657902225563
2963.0,-0.0027448375165577228
2970.0,-0.003099131747189013
2979.0,-0.018771320650576555
2986.0,0.006814092247039209
2998.0,-0.00100597346527675
3005.0,-0.009960889577097046
3013.0,0.0028014413418202453
3020.0,0.0007402212625223347
3027.0,0.008894442287660589
3033.0,0.014815402054528738
3044.0,0.023450161846266995
3053.0,0.01827421561597989
3062.0,0.02154417551078548
3070.0,0.01673914143368879
3077.0,0.0169124406772301
3086.0,0.025927176476324518
3094.0,-0.007104830916994025
3103.0,0.007587763938871985
3110.0,-0.010399236008366943
3116.0,-0.0004370437141482883
3124.0,0.0006013812169489994
3131.0,-0.02205369777950949
3137.0,0.007614259189895997
3145.0,-0.02223846057951209
3152.0,0.007713741229553187
3161.0,0.021040126643230943
3165.0,0.002111039539756845
3176.0,-0.00025433480804855504
3188.0,0.004904213176779464
3195.0,0.010586213466065428
3201.0,0.0017194939831928029
3209.0,0.0014972201955558463
3217.0,-0.017704095749578118
3222.0,0.004858710884039549
3229.0,-0.00486640770566115
3238.0,-0.0023407363213007993
3252.0,-0.017952435667720847
3261.0,0.017719012073192934
3267.0,0.014234059675498217
3275.0,0.009146996757862203
3279.0,0.0032247997481226072
3288.0,-0.012817106432108063
3295.0,0.022081117901948107
3304.0,-0.01555931201792412
3312.0,-0.0135158807051384
3320.0,0.00801394254052619
3332.0,-0.0071706174094900935
3341.0,-0.017840331174135634
3348.0,0.004672433351795304
3355.0,0.0008580385123514523
3362.0,-0.0029079598632805455
3369.0,-0.004933279497573971
3376.0,-0.0035136101783259125
3384.0,0.012200667510157843
3392.0,0.009624154829544197
3398.0,0.019017885536563993
3406.0,0.014990110552262188
3410.0,0.012527263042379964
3416.0,0.013379962111467933
3427.0,0.004071413252784349
3438.0,0.005677694601899692
3446.0,-2.810787821560313e-05
3458.0,-0.02100019671387171
3464.0,-0.01798036189940405
3473.0,-0.008528047722513938
3481.0,0.004690380359086631
3488.0,-0.0008649418347427684
3495.0,0.011740331249968034
3503.0,0.01539329921895579
3512.0,-0.012595248567030317
3518.0,0.011450211467609795
3529.0,0.010873125980596907
3543.0,0.009550129116133699
3552.0,0.01656377607849916
3561.0,0.037382904921485
3565.0,0.021504997287140632
3573.0,-0.009932381696536667
3580.0,0.016579370961015267
3591.0,-0.017039001434665958
3597.0,-0.02090070895075163
3603.0,0.008988885300054563
3609.0,-0.0050244862569606375
3616.0,-0.009973165544198758
3624.0,-0.0076792040320491075
3634.0,0.006490675241416469
3643.0,0.005391419035008343
3648.0,0.02346264735140729
3656.0,-0.011029561857592312
3666.0,-0.0222974092219825
3674.0,-0.016923175134478365
3684.0,-0.003945812893765273
3696.0,-0.009973571993357223
3703.0,-0.006702417493474901
3712.0,-0.0018349080416971391
3721.0,0.01677928073211994
3727.0,-0.0006054505385743782
3735.0,-0.008224402770214377
3741.0,-0.011700868075010981
