,8
0,-0.0013321645227441466
1,-0.0007350277428346685
2,-0.0010601588883516098
3,0.0005024763326815949
4,-0.0012175872567460342
5,-0.000570831707860362
6,0.00013764574098472279
7,0.00018680482717194901
8,0.0003206483373747434
9,0.00016591800496938876
10,0.0004843759725969927
11,-9.132414376519029e-05
12,-0.0016147656490358997
13,4.731393365012468e-06
14,0.00023844636857469872
15,0.0016354993240938153
16,0.0007296124884376223
17,0.0013077154884884484
18,0.0025875704160358095
19,-3.368583373776673e-05
20,0.0005008168202369588
21,0.002920044418320161
22,0.0008135046868607088
23,0.0004628401258374821
24,-0.0007271413313881476
25,0.001011466478726858
26,-0.00017793827694040303
27,-0.0018767987165004018
28,-0.00028939026512088623
29,1.3601370720824105e-06
30,0.002906233653975586
31,4.896493742924796e-05
32,7.017666152566731e-05
33,0.0009265306841609866
34,0.000615495368424092
35,-0.0006630472341420432
36,0.0004496079605251074
37,-0.000491215777327786
38,0.0002416439990995587
39,0.0005912258919309135
40,-0.0001475638697411991
41,0.0005084963540613054
42,-0.00022305183123735582
43,0.0006372853887515333
44,0.001712796732120923
45,0.001228313904823265
46,0.00029696507238317855
47,-0.003437580014901697
48,-0.004575743442659819
49,-0.0009399819313888917
50,0.0005309462436652595
51,9.20933453526358e-05
52,0.00047107004744351177
53,0.00042748829241572045
54,0.000414251117647774
55,0.0002186873237266009
56,9.704725800424815e-05
57,0.0019086708434875635
58,0.0011098218325306757
59,0.0009798295294418012
60,-0.0015766351163498144
61,-0.0006107313774548892
62,-2.658681360768303e-05
63,-0.00013628019119125268
64,0.00023961724984695968
65,-5.129832180577604e-05
66,4.6018307778655235e-05
67,-8.592386310547943e-05
68,-0.0007118584487396368
69,0.003445037852837623
70,0.0004163827016389253
71,-0.0012380234286669596
72,0.004089889236997254
73,0.0013946177266442998
74,-0.0026583184254520636
75,-0.002044751144931229
76,-0.00030857942211390607
77,-0.0001194664698420639
78,0.001233335750821068
79,0.0003477073727296123
80,0.0006837760039268513
81,0.0003538978628224992
82,0.00042654170346220657
83,0.0006922274250921756
84,-5.405631270515299e-05
85,0.00027090169933828345
86,-0.0015909397603280184
87,-0.005162590400260128
88,-0.002580992687362845
89,-0.0013751678311781784
90,0.0007502059409159568
91,0.002623607491035149
92,0.0014973482479583135
93,0.0011686693843520016
94,0.005636082113033899
95,-0.00037464896229438604
96,0.0011427729509698634
97,0.0005779944977228274
98,0.003003314856367429
99,0.0012846546367431366
100,-0.0004041159680950233
101,-0.0003323747735835881
102,0.00165029437825589
103,3.3543055725507364e-07
104,-0.00041481859722316514
105,0.00024503061332725707
106,-0.0003617147677653893
107,-0.0003019020700406616
108,0.0023000358132417823
109,0.003114218684671664
110,0.0018045243349149606
111,0.0013719792471201095
112,0.0019214646519543866
113,0.0004706175045508879
114,0.0003497877765416729
115,0.0012276117945601826
116,0.002256274085004737
117,0.0005362616902429457
118,0.0007064752830859074
119,0.0014918481770934175
120,0.0008943175151215939
121,0.0004858380004724796
122,0.0002659988202293959
123,-0.0008380811816831847
124,0.0007220491885776618
125,-0.0010449711451949535
126,-0.004216852643561715
127,-0.004991266958691182
