,6
2.0,0.0009113622297115285
7.0,-0.007225875896225851
15.0,-0.0005390368405204804
24.0,-0.0010136369307680287
33.0,0.0008019820944475855
41.0,0.0008377066325813481
50.0,0.00021570209706846458
61.0,0.0010368293358198708
69.0,-9.852410296586056e-05
76.0,-0.00018286908881761605
83.0,-0.00021994767087935967
91.0,-8.25518639593324e-05
99.0,-0.0009660859034152807
110.0,0.0019050083270480606
116.0,0.007051105278474415
123.0,0.002197676328711293
131.0,0.0008756764046067834
142.0,0.003639137521414947
153.0,0.004088822664991893
161.0,0.002088035133938419
168.0,0.0010096585622414648
179.0,0.002442684808969419
187.0,0.00266364206977135
195.0,-0.00017341512898006296
203.0,0.0010847994503817406
212.0,0.0021866072686283697
221.0,-0.0014911182162470238
229.0,-0.0034150373172441768
233.0,-0.0007334109128702917
244.0,-0.0020120273272749415
252.0,-0.0003271677353643915
260.0,-0.0014568292986436124
267.0,0.0019865219577119408
276.0,0.000590681592466207
285.0,0.00032797815757177945
290.0,-0.0009295475610147391
299.0,0.0012234936818923399
307.0,-5.455754892281512e-05
311.0,0.003917939416228585
318.0,7.973605814886548e-05
326.0,0.0006536190259687534
331.0,0.003041645815456889
339.0,0.0025448737149041155
347.0,0.0031842702048826654
356.0,0.001071159186210688
364.0,0.008476822008367947
373.0,0.010964391656058427
378.0,-0.0017170095857244874
382.0,0.010452115324926278
386.0,0.0019253157483169968
398.0,-0.000990375696902757
402.0,-0.00020512691180379254
413.0,0.0008450455670830556
420.0,-0.0004903516770642114
428.0,0.00048380112366013884
434.0,-0.0005852280689279943
442.0,0.0018572996432966438
456.0,0.00198863624409065
464.0,0.0011829249820472201
472.0,0.0011074422000062248
479.0,0.0017083752879738885
487.0,-0.0008307467735324673
495.0,7.713959918901876e-05
503.0,-0.0009979284947650665
507.0,0.00164319639129333
515.0,0.000690216509944353
524.0,0.0015770897289248324
532.0,0.0011128916957416207
540.0,0.0018766161271952647
549.0,0.003576398586374107
556.0,0.002500423847987199
564.0,0.00033367949715132534
575.0,0.012647183981713146
580.0,0.0008883435788454458
588.0,-0.004173584024325259
592.0,0.002418825932423292
597.0,0.003222834670436067
605.0,0.0012217703035186738
611.0,0.0067861657231739194
616.0,0.0023860752340878594
624.0,-0.0009275476426134745
631.0,-0.0018649165514258068
638.0,0.000959634621304278
646.0,0.0012257629804085359
654.0,-0.0008442108900734205
661.0,-0.0011348698797352336
668.0,-0.005041621537889995
673.0,-0.008308645271155017
682.0,0.00022392238480296457
687.0,0.001744383685368094
696.0,-0.0038224628206850767
705.0,0.002232452853887057
714.0,0.003975962471258828
722.0,0.002426462994008651
730.0,0.008254953980002476
738.0,0.004140663755522193
743.0,0.00286265110810652
748.0,0.004042284426258233
753.0,0.004050063368144759
762.0,9.759984872855896e-05
767.0,0.002778757120859337
771.0,-0.0018471082695735463
776.0,-0.0009792914324755135
782.0,-0.0038386655553432135
786.0,-0.003032691384757827
798.0,-0.0003817376125944003
805.0,4.145445450606331e-05
812.0,-0.0007586259400024732
821.0,-0.007819609373733915
828.0,-0.0001786014093365864
839.0,-0.0013257306926179584
846.0,0.0019535141639070493
851.0,0.004060513817483649
856.0,0.0004081058094848788
863.0,0.0021310646547853017
871.0,0.001014715862791571
880.0,0.003820732460972374
889.0,0.003782228038977292
898.0,0.0010287702424107616
906.0,0.00342867976123086
914.0,0.002951513371684692
923.0,0.001870376616924468
931.0,0.0003688829440694758
942.0,0.0018143299100955947
951.0,-0.0008274893178847272
960.0,-0.0017878080022820915
968.0,-0.011250720332328277
972.0,-0.0041337007177375245
