,5
2.0,0.003513053545619074
7.0,-0.006580778668662876
15.0,-0.0036496989220682645
24.0,-0.003378346225775235
33.0,0.002766007060021424
41.0,0.0005347507696882424
50.0,-0.0004565292862233382
61.0,0.0012175367164739609
69.0,0.0029982995603886294
76.0,0.0004222851575058311
83.0,0.00044024044996582285
91.0,-0.002239977322356167
99.0,-0.0003419404301217156
110.0,-0.0008080372596022143
116.0,0.0008381529065510391
123.0,0.0008841062185502218
131.0,0.0008551517887381727
142.0,0.0005293216577012534
153.0,0.003971954031912994
161.0,0.002437262868655056
168.0,0.0010327242754468984
179.0,0.0018934345862516994
187.0,0.001205874267872057
195.0,-0.0001160733561886215
203.0,0.0009155337571655346
212.0,-5.426075909885193e-05
221.0,-0.0013561947856261189
229.0,-0.00576846517140433
233.0,0.0007569688996650253
244.0,0.005077919696307246
252.0,0.004351119609299779
260.0,0.0007271296223336055
267.0,0.0005345229514138615
276.0,0.002408892786426501
285.0,0.0008219011141388837
290.0,-0.0016707072915898877
299.0,0.0015770265276040711
307.0,-4.616698233013051e-06
311.0,0.0004045411453959877
318.0,0.0016819029264986756
326.0,0.0008109234082937669
331.0,0.0005702644169708664
339.0,0.0007296854043252951
347.0,0.0019310272610831515
356.0,0.000590662573673882
364.0,0.0019558737711445505
373.0,-0.0005508925790668031
378.0,-0.006132257188584912
382.0,0.020738676902005593
386.0,0.0028656047664679728
398.0,-0.0005580173840110527
402.0,0.0006888231601496873
413.0,0.0038209408356284042
420.0,0.0025644092571431194
428.0,0.000531313336512357
434.0,0.0004125121148816055
442.0,-0.0037671062859912824
456.0,0.005594875608095401
464.0,-0.0017362541828515878
472.0,-0.01006981935903177
479.0,-0.00941042862807212
487.0,-0.004809853847524366
495.0,0.001391103564116399
503.0,0.002562815455971127
507.0,-0.0007148632046999203
515.0,0.0005026690572318171
524.0,0.0003765251465718099
532.0,0.0009079486940820254
540.0,0.00025753626374212373
549.0,0.0035526059826677912
556.0,0.00027992539194204955
564.0,-0.002867983282159677
575.0,0.005229332722628305
580.0,-0.0015404426570055027
588.0,-0.004124674601975006
592.0,-0.0010108357953387366
597.0,0.004548383998032666
605.0,-0.0009071998954036348
611.0,0.007528506403485669
616.0,-0.0014285498140177585
624.0,-8.430243023537404e-06
631.0,0.0001545077821595735
638.0,0.0005692979083036608
646.0,0.0010268002560360552
654.0,0.00015391927904695856
661.0,0.003176285301193084
668.0,-0.007255014948088791
673.0,-0.010488248530037146
682.0,0.006558399350214307
687.0,-0.00025288959866042604
696.0,-0.0034112494869755062
705.0,0.0011924691124566595
714.0,0.0014591282774002214
722.0,0.0039894443787900765
730.0,0.002956569354343342
738.0,0.0027890212969986635
743.0,0.0004749351087739872
748.0,0.005653420319798188
753.0,-0.0016055394621476513
762.0,-0.00188072277485782
767.0,-3.4496851056778e-05
771.0,0.00047389116742489615
776.0,0.002379029777688381
782.0,-0.00803829627034008
786.0,-0.0011676776093724427
798.0,0.0010502912297712325
805.0,0.004741124269150608
812.0,-0.001767467225319924
821.0,-0.006566752799927833
828.0,0.0029201596598878005
839.0,0.002731357865151713
846.0,-0.0017145498085188535
851.0,0.0033754679899446996
856.0,0.0020427366375474353
863.0,0.0010711052144450027
871.0,0.0009324995497124643
880.0,0.0010932449213727701
889.0,0.002294781892640073
898.0,0.0004366941000300503
906.0,0.002028717878476244
914.0,-1.4265997297241657e-06
923.0,0.002021549468074127
931.0,-0.0005890679221289987
942.0,-0.00015500233670513313
951.0,-0.0003234465892631777
960.0,-0.002474769782457679
968.0,-0.010953274547469223
972.0,0.003197263669145792
