,3
2.0,0.004429941694712429
7.0,-0.0007273020301525613
15.0,0.023058301819418973
24.0,0.012538125708889448
33.0,0.0047814717910591225
41.0,-0.010398702385458578
50.0,0.008183592188873951
61.0,-0.019106945115539065
69.0,-0.006189189405755381
76.0,-0.01289816375597285
83.0,-0.0063746880816194
91.0,0.0014565668516806861
99.0,-0.004821982493283338
110.0,0.0015822933589162637
116.0,0.009399234611112937
123.0,0.010786743011426106
131.0,0.017295462062800516
142.0,0.010018628732112499
153.0,0.004527836403938913
161.0,0.013030132502938708
168.0,0.006200499699302165
179.0,0.017117303958689635
187.0,0.018310633094002764
195.0,0.020704246532783164
203.0,0.010061858182101957
212.0,0.017641235870893637
221.0,0.014436939600523188
229.0,0.02435468337798877
233.0,-0.011324836034636934
244.0,-0.002290871607921556
252.0,-0.01504729353550179
260.0,-0.0109143470697896
267.0,-0.006131897640660873
276.0,-0.0014035220681576242
285.0,-0.018435677374528423
290.0,0.009403692743057244
299.0,0.020435948921803383
307.0,-0.010022024423666454
311.0,0.004369170236058527
318.0,0.021191923093173026
326.0,-0.005838061931939261
331.0,0.01448480326873863
339.0,0.020803813711121565
347.0,0.017352073709159522
356.0,0.019790673773194788
364.0,0.013619196957836088
373.0,0.009224395657424413
378.0,0.011215069788995271
382.0,0.017939434059436078
386.0,0.006058989844715
398.0,-0.03267028796261243
402.0,-0.008817035593594879
413.0,-0.011150169852713547
420.0,-0.010376525501118346
428.0,-0.01217392415850993
434.0,0.017628481113347676
442.0,-0.005658371261853189
456.0,-0.0013608817099294856
464.0,-0.0031813397270373683
472.0,-0.0008163803502596484
479.0,-0.003263586326735247
487.0,-0.015661070368311915
495.0,0.011822547040994724
503.0,-0.017495688332743974
507.0,0.006961760507432937
515.0,0.019229675787017193
524.0,0.0016494832862527994
532.0,-0.005803973888190899
540.0,0.01508559413700129
549.0,0.012754069830241053
556.0,0.008484619592839665
564.0,0.014364368142247806
575.0,0.011504558649717583
580.0,-0.020365005876380633
588.0,-0.004506235489938177
592.0,-0.004892653485783377
597.0,0.015809948337974035
605.0,-0.0016106340535316287
611.0,0.0007191167321180317
616.0,0.0077846961123853
624.0,-0.005024654735822433
631.0,-0.012607032285671825
638.0,-0.014089832529225393
646.0,0.002348612699366376
654.0,-0.004592919241717426
661.0,0.0015560001198319118
668.0,0.007478579635895442
673.0,-0.006172328758929899
682.0,-0.019320898042714307
687.0,-0.007122536997991304
696.0,-0.00342669415583423
705.0,0.0009996574087922936
714.0,0.017892418235660967
722.0,0.012789240651850265
730.0,0.004944491574313814
738.0,0.002053281662002398
743.0,-0.006302807671605459
748.0,-0.004346757939925949
753.0,0.019554617897800542
762.0,0.010704644519421406
767.0,0.029377055423298784
771.0,0.0018027631913934737
776.0,0.019607123052201372
782.0,0.015359788045588107
786.0,0.005581762689665693
798.0,-0.0034031671928120583
805.0,-0.0001778084260444586
812.0,0.002526256712508894
821.0,-0.005807266575903916
828.0,0.003887601220040219
839.0,0.014840183657388812
846.0,0.004212291356082057
851.0,-0.00023062244518030382
856.0,0.010006386519149063
863.0,0.010445070763040111
871.0,0.007446281678488766
880.0,0.012562276968960914
889.0,0.0126252644120889
898.0,0.020108473865944734
906.0,0.020490238708887325
914.0,0.007921545106990424
923.0,0.010279745044873684
931.0,0.013975315357471527
942.0,0.002412261913505355
951.0,0.023332512195622067
960.0,0.005735554763888992
968.0,0.02129232231762161
972.0,0.015230681363179524
