,6
981.0,-0.006094206889858518
986.0,-0.0010823090994377656
997.0,-0.0003070453708343061
1008.0,8.419306798922108e-05
1016.0,-0.0005097486401263021
1024.0,0.0005296538782453547
1032.0,0.0036726580751580036
1038.0,0.0009487098848799454
1049.0,-0.00014311018990445948
1057.0,0.00259782553901977
1066.0,0.0026661031060476797
1071.0,0.016753157286671188
1075.0,0.001479482074613066
1084.0,-0.0004757130872990519
1091.0,0.0024304093488617946
1099.0,0.002180484076091763
1107.0,0.002174430615141526
1115.0,0.0011445031819831226
1124.0,0.0023196898547205433
1133.0,0.001114696195091617
1142.0,0.0022929894830159684
1150.0,0.003284713534629097
1154.0,0.0040931399974803336
1164.0,6.69578187042685e-05
1172.0,-0.002996118659807022
1179.0,-0.00173654268833839
1186.0,0.0031369672682898427
1194.0,0.0018791785708274001
1201.0,0.0017389213496742744
1209.0,-0.0011563062868583484
1216.0,0.0032705513489527504
1223.0,-0.0017690869118959767
1232.0,-0.0008297678827273925
1236.0,-0.00850390241293181
1241.0,0.0004759144002367273
1249.0,0.00025490589717227347
1255.0,0.00023862988310604456
1263.0,0.0003583440734218501
1269.0,-0.00034397323675068104
1274.0,0.000452857440881992
1282.0,-0.0006157481897037324
1290.0,-0.005050331086884636
1297.0,-0.01030208017838967
1301.0,0.014604138078686935
1309.0,0.0030823995398715064
1317.0,-0.0017909942283702357
1322.0,0.000324006805861787
1331.0,0.0069651252636391435
1339.0,0.004452480075221454
1347.0,0.004384104347062487
1355.0,0.003411117673470879
1362.0,0.008632926383102774
1367.0,0.0005772007621592532
1374.0,0.0019406570646072722
1382.0,-3.823999899250583e-05
1388.0,0.0038080026766818533
1399.0,-0.0017099791494423866
1406.0,-0.0024365416730373446
1414.0,-1.2692583130573511e-05
1423.0,0.0006059011386921306
1428.0,0.0051940789524729915
1436.0,-0.0001801011336317081
1445.0,0.00297996990022713
1453.0,0.0042352668219402
1460.0,-0.0007315186136048262
1471.0,0.0011749271921806875
1480.0,-0.0008761919468503187
1487.0,-0.007139734845515649
