,4
2.0,-0.006058402252555864
7.0,0.004504951457700934
15.0,0.01398818119758642
24.0,-0.008957642095939716
33.0,0.007507062408248157
41.0,0.0017419226062982019
50.0,0.0055662003906760925
61.0,0.0023553396350712006
69.0,0.00996081437587418
76.0,0.006318552196919749
83.0,-0.0005889059035813326
91.0,0.004372864821564104
99.0,0.0032278697378629955
110.0,-0.00023408410183338297
116.0,0.004702141932262486
123.0,0.00846238589726935
131.0,0.005686242971204271
142.0,0.008008140293964542
153.0,0.005692074701634119
161.0,0.009584394113760481
168.0,0.0062226316819504425
179.0,0.005641591619440648
187.0,0.007329289221288888
195.0,0.006922384457734019
203.0,0.002511214466535292
212.0,0.008652311723711635
221.0,0.005128438617208116
229.0,-0.0050754673607879925
233.0,-5.16677503575078e-05
244.0,-0.0026959533321154984
252.0,-0.011834753997103112
260.0,0.0033686999556176247
267.0,-0.0069578182218475735
276.0,0.008689352006069212
285.0,0.009148779351341849
290.0,0.003767046534631776
299.0,0.012146647554951448
307.0,-0.008449697825076685
311.0,0.0013798755474359115
318.0,0.009126508785695202
326.0,0.004156817461923016
331.0,0.0061572337153026555
339.0,0.00814638033488787
347.0,0.009724297773954702
356.0,0.007239324842209987
364.0,0.003046884244851947
373.0,0.0074923930761934794
378.0,-0.008236627982356564
382.0,-0.0008064928308999872
386.0,0.0065372188824619525
398.0,0.0021068133630024045
402.0,0.0004523612214842854
413.0,0.006436714366259262
420.0,0.005649404916479204
428.0,0.006537047857448114
434.0,0.005442713793878198
442.0,0.0066088281667123095
456.0,0.00547018842694258
464.0,0.009623659597469893
472.0,0.0024600763076673394
479.0,-0.004310428819105035
487.0,-0.005489220423322795
495.0,0.005780173319433529
503.0,0.007757259356369525
507.0,0.008027744796046827
515.0,0.006951072035651094
524.0,0.0052315247053071
532.0,0.0016611093044971465
540.0,0.007428360251933136
549.0,0.005535859812902575
556.0,0.004370740998931511
564.0,0.00044063809392069347
575.0,0.0061692822804616885
580.0,0.004072703011582839
588.0,-0.00014531866188447127
592.0,-0.0018402182685607193
597.0,0.0005719782252075719
605.0,0.005593797194537871
611.0,-0.0012737284765120614
616.0,0.0048844689219254365
624.0,0.005103326811962115
631.0,0.004523292060180484
638.0,0.003920735278805955
646.0,0.002735033235657346
654.0,0.009000349897670575
661.0,0.0011571526400425713
668.0,-0.012410267035951165
673.0,-0.0057448797486929215
682.0,-0.00035928632592562617
687.0,0.010193440604654302
696.0,0.00045893395250453354
705.0,0.002992561323586093
714.0,0.007235599238298572
722.0,0.007473282410189688
730.0,0.0030185825492416623
738.0,0.0020977058342740414
743.0,0.005864485883910162
748.0,0.007783787775169807
753.0,0.0043955734708403076
762.0,0.007663755162090502
767.0,-0.0029412309704746737
771.0,7.33237857502047e-05
776.0,0.007641076702321351
782.0,0.002420658176552082
786.0,0.0009339054492725336
798.0,0.0003840438118673322
805.0,0.006986430275065145
812.0,-0.0033840569073101145
821.0,-0.008816647549651174
828.0,0.006526662719384292
839.0,0.0176618656224984
846.0,0.01151207062520737
851.0,0.008527104581679585
856.0,0.00573213028841835
863.0,0.00681613994508915
871.0,0.004336742054300898
880.0,0.0070469870699812155
889.0,0.0065662761772119615
898.0,0.007028140010809722
906.0,0.0014585749881157887
914.0,0.013321157823748299
923.0,0.005935743715689154
931.0,0.0030334805773374962
942.0,0.005575584213177737
951.0,0.008944191156952004
960.0,-0.0005754193457046199
968.0,-0.011716039607055403
972.0,0.011256338527882381
