,8
0,-0.0015949505662117252
1,-0.00044288912387546584
2,0.00011708530425857143
3,8.622572359284571e-05
4,0.0006679129524367316
5,0.0010278064927810196
6,0.0018405617239320334
7,0.0016821352531596265
8,0.0004778481507431663
9,-6.324658773054805e-05
10,0.004126513982298072
11,0.0026152191542333056
12,-0.00015893955670025626
13,-0.0002264194145960575
14,0.0012327523072941918
15,0.000484731738493678
16,-1.2195528139420167e-05
17,0.0017740627195323025
18,0.001859804232629499
19,-0.0009514825694009423
20,0.0016431857246866942
21,0.002244645190721069
22,0.0008547501550129977
23,0.0030567510172756734
24,-0.00010529156968055108
25,-0.0014409618544668375
26,-0.000860045060414864
27,0.0030534691240742557
28,-3.79956298576902e-05
29,-0.00016542434010799679
30,0.0002624832091914981
31,-0.00017506094528634125
32,-0.00268463142765816
33,-0.0020077050111822095
34,0.00026096681047505036
35,0.0008325166954802428
36,-0.000328769852915862
37,0.0007754665623998808
38,0.00023590088801938496
39,-0.00032833683843290425
40,-0.0006536698358040135
41,-0.0014451991852933513
42,-0.005977484757617006
43,0.006934276061336916
44,-0.0006249851995383519
45,-0.0005663760157007078
46,0.0006679012289266415
47,0.0011714155381982512
48,0.0015719335365669566
49,0.00096414220389608
50,0.0016773619417838057
51,0.003446146028527355
52,0.0009492822821103615
53,0.0006209849516006505
54,0.0021697637688948552
55,0.003573085120980266
56,-0.00020387367841300967
57,-0.0012881846308562944
58,-0.0012307641156945645
59,0.00022415113330986376
60,0.0022236454773820495
61,0.0007841720128111174
62,-6.330342803612728e-05
63,0.003156699330069742
64,0.0009162244770308376
65,0.0006676118091559104
66,0.0014566512822412685
67,0.0010508662935007327
