,3
2.0,0.002561987954990601
9.0,0.0029237321613455186
16.0,0.013863524639463777
20.0,-0.021561830073068205
24.0,-0.0012235548378040292
31.0,0.004325124983009931
40.0,0.0027311468911748286
45.0,0.017385309326012576
54.0,0.023140671380873525
65.0,0.018971759543897685
73.0,0.01947557846329609
79.0,-0.00954590598473575
93.0,0.003966617762436154
100.0,0.013836657034061428
106.0,0.001466562655434755
115.0,0.007125622855172394
123.0,-0.014461477388196775
129.0,-0.011579836944349952
137.0,-0.009871196812381522
146.0,0.0030320162588313975
158.0,-0.004531748953169195
169.0,-0.024050289585321433
175.0,0.05253043898399551
179.0,0.010043136568335574
185.0,0.005642411626454942
191.0,-0.007705993322405207
205.0,-0.02390383211178341
210.0,-0.00013861076545203862
220.0,0.0014635340356752326
227.0,-0.009153700715073241
233.0,-0.01983344338000738
237.0,-0.0057941343091899395
241.0,-0.01092468653277461
248.0,-0.007847935434892551
256.0,0.009921427070932713
264.0,-0.012194284494620747
275.0,0.01393362875518777
284.0,0.010550061957962882
292.0,-0.008937876819521315
306.0,-0.0021374865310878517
313.0,-0.008527138628720324
321.0,0.008754660360666125
328.0,-0.007173607289648571
333.0,-0.0006289038894441335
338.0,0.011189342778975485
348.0,0.014674475425582178
354.0,0.012605380345809204
361.0,0.012688881462308335
369.0,-0.0172771392901638
380.0,-0.013650388435706692
389.0,-0.0002540393470623187
397.0,-0.00312486681906702
404.0,0.0014071252131344343
415.0,0.013264039941866356
426.0,-0.0030405908422531046
433.0,-0.012400101856174628
440.0,0.007672919356815442
447.0,0.016447130438340278
451.0,0.005973605499270674
460.0,-0.02063814116578909
470.0,-0.010413723715429337
478.0,0.024241452778978323
486.0,0.01149486343144539
494.0,3.7401846168776936e-05
503.0,-0.01052355947613102
511.0,0.010200178833300993
519.0,0.023085473744357463
523.0,0.019156103124491116
530.0,0.009439769240815776
539.0,-0.01453763307937153
548.0,-0.007086693335255664
560.0,-0.01052280168419531
567.0,-0.01557881420896497
571.0,-0.004705202617986172
578.0,0.00048157506939661745
587.0,-0.014558825464293101
596.0,-0.013858376284046037
604.0,-0.017357705907997664
611.0,0.010359571253311176
618.0,0.005677156305157667
628.0,0.0008590715424198886
635.0,0.011044570123492586
647.0,-0.0024299871571990006
661.0,-0.014446774188049311
669.0,0.010921254402573044
676.0,0.006824739041607362
684.0,-0.013778894492230695
692.0,0.013420724549619652
699.0,0.008867316810541329
704.0,0.008679306312732258
709.0,0.02535166045247609
713.0,-0.01176034838687274
725.0,-0.016762968731239145
733.0,-0.005496256247901293
741.0,-0.01605101091663995
746.0,-0.01297736370837471
754.0,-0.0007682263066388646
762.0,-0.0035452353549701656
773.0,0.01609801673792519
781.0,0.008870826203746858
786.0,-0.002579106724613965
795.0,0.011752621481929591
801.0,0.01773544972945438
808.0,-0.0013695696343940381
815.0,0.011927129475126794
823.0,0.004355938292031192
831.0,0.0076293766453545036
837.0,0.0022543381394903063
849.0,-0.01599909512140769
856.0,-0.008411288586557453
865.0,0.018727949970400865
873.0,-0.030128379329826198
877.0,-0.00615908619918364
884.0,0.017285791595423077
892.0,0.002214567768758086
899.0,0.0162509884754828
910.0,0.0018423168157827065
915.0,0.015968577141290758
919.0,0.008059471917218916
926.0,-0.00804295348480354
934.0,0.010867024037455104
942.0,0.011829372890448114
947.0,0.01798067349664182
955.0,-0.008073934841355634
963.0,0.017762631573112433
969.0,-0.01032140324425054
976.0,-0.012459990602895314
982.0,-0.012771408165526568
994.0,0.004053458178211072
1002.0,0.001389134211500015
1009.0,0.012238100486674529
1013.0,0.010213304517979502
1027.0,-0.009606199806223662
1031.0,0.0060651612295320526
1039.0,0.02010830404670392
1046.0,0.004076193804167831
1057.0,0.008891116110278383
1064.0,-0.021942879879776882
1072.0,-0.02412248366782699
1076.0,0.003124908823375185
1085.0,0.015092618485789848
1093.0,0.004253240956788557
1098.0,0.006166762535630087
1107.0,0.007458725759444015
1114.0,0.0023306422989268325
1122.0,0.0037410853225420633
1131.0,0.004913583043747328
1140.0,-0.01984450733078516
1145.0,-0.005321938572251219
1157.0,-0.01530682516791473
1165.0,-0.0038035390452078274
1172.0,0.015022833557800012
1179.0,-0.01593454363816775
1186.0,0.015952109456274215
1194.0,0.008157563461139189
1206.0,0.005856492185728588
1211.0,0.0031032574402186774
1219.0,0.014196232987721085
1225.0,0.017483753068331546
1231.0,0.014969377286753344
1237.0,0.005956098071824121
1243.0,0.015952370773416755
1249.0,-0.005334175446211961
1261.0,0.01674636507767267
1275.0,0.003077903902325819
1279.0,0.01190950339769874
1285.0,0.012206542151118558
1292.0,-4.5934597523395296e-05
1299.0,0.008776879261109781
1308.0,0.021215782936050996
1316.0,0.016874934116115296
1322.0,-0.004480906305366699
1330.0,-0.00899106766775445
1337.0,-0.004976779462619047
1343.0,-0.019295819630454347
1348.0,0.03592465263826169
1352.0,0.023890237495696583
1356.0,0.009094684753030552
1364.0,0.01549984313852578
1368.0,-0.003936803957800722
1375.0,-0.0041680381656119085
1386.0,0.010564040590007977
1392.0,-0.01612442937217565
1396.0,-0.0035854468650750363
1402.0,0.014080482513811382
1411.0,0.021728808130489843
1415.0,0.015469599702487298
1423.0,0.00690689109408276
1429.0,0.015954773936943452
1433.0,0.0111750323734803
1437.0,-0.0019831793239928337
1444.0,-0.01890123334972757
1452.0,-0.005202026010389805
1462.0,-0.012736828504146902
1468.0,-0.013908560250176621
1476.0,-0.007867842470686365
1483.0,-0.020834973671387976
1491.0,0.012106392717894678
1495.0,-0.009921266519690726
1504.0,0.010490470723489152
1516.0,-0.0032100512461827437
1521.0,-0.009453609100768859
1528.0,0.014804293815882228
1538.0,-0.03670752005974816
1542.0,-0.016944005649283132
1549.0,0.007551171844751873
1556.0,-0.020577125725971007
1562.0,0.0028864652559386075
1573.0,0.008965622991023107
1580.0,0.014262265117018417
1586.0,0.014141991178020705
1597.0,0.020833292882314388
1605.0,0.017817671558969326
1609.0,0.003099903680244207
1615.0,-0.008357098668104563
1623.0,-0.009270721389398055
1630.0,0.007084084095787818
1637.0,-0.013071371532863823
1648.0,-0.01212124514148057
1657.0,0.0028687859437461394
1664.0,0.010241839766602595
1671.0,-0.002658148825056158
1678.0,-0.012467515862446247
1689.0,0.004241227741576803
1696.0,-0.018373912830887615
1707.0,0.01221716796490373
1714.0,0.005480821096717537
1720.0,0.00877014466539848
1725.0,0.003053757633104726
1737.0,0.009813865999293798
1745.0,-0.0004237735208304936
1751.0,0.003028444969704725
1765.0,0.00909643906234748
1773.0,0.016889993977237647
1781.0,0.009362463875986072
1789.0,0.006291681573848839
1796.0,0.013450051609908772
1804.0,0.0042474715823926906
1809.0,0.019581906118902995
1815.0,-0.00508751359283456
