,5
1825.0,0.009130856543507404
1832.0,0.0016190451635474318
1841.0,0.0011012003399521264
1848.0,-0.006059750097672874
1852.0,0.0014273111882329398
1858.0,0.0011896428446012085
1864.0,-0.0013554343242334552
1871.0,0.005112981015055004
1879.0,0.00495321237967456
1887.0,-0.010332720263437577
1895.0,0.01576324417014913
1903.0,-0.007792690265821742
1914.0,-0.004562615264865202
1920.0,-0.01607524014614538
1925.0,0.00861837398105523
1933.0,-0.0050101177489816915
1941.0,-0.004083823800481795
1949.0,-0.0025703275072330133
1956.0,-0.007654614715279802
1963.0,0.00037968815625050373
1971.0,-0.00047569058602241817
1982.0,-0.0022368090021633695
1988.0,-0.0010133357375172456
1996.0,-0.00036263249202809133
2005.0,0.0013442586485170789
2013.0,-3.29524396358667e-05
2020.0,-0.0027626793674367703
2028.0,0.001404582885021925
2034.0,0.000764797345415875
2041.0,-0.011102166085959297
2045.0,-0.006538171096742233
2053.0,0.002501106822148113
2062.0,0.0005349281583407491
2071.0,-4.856731446706756e-06
2077.0,0.001463526118106129
2083.0,0.00027746391615988573
2092.0,-0.00018350750997595474
2096.0,-0.003773619916356618
2102.0,0.001640144733964003
2108.0,0.003990255077512765
2112.0,-0.001095505396246717
2120.0,0.004567298034542852
2125.0,-0.0005306230814527773
2131.0,-0.0005795645605647177
2142.0,-0.0018664709084154159
2149.0,-0.0001729096966144954
2156.0,-0.017472237329214626
