,6
2.0,0.00022411332189973775
9.0,-0.00023916802206284938
16.0,-0.00206553014652517
20.0,0.0019286500153094747
24.0,0.0034944090479893776
31.0,0.0010113187493231363
40.0,-0.00023947411785624128
45.0,-0.003811534794211222
54.0,-0.0069079291786031055
65.0,0.0014969654140190747
73.0,-0.0004440933672823122
79.0,-0.003117853764460894
93.0,0.003657841274788016
100.0,0.002490447968054721
106.0,0.0018094391342823163
115.0,0.0006113309748817336
123.0,-0.00023172001380437692
129.0,-0.00030765591272638145
137.0,-0.0003811972211004529
146.0,5.033607146584874e-05
158.0,-0.0029755818823843944
169.0,-0.001431961252613299
175.0,-0.007362534090771023
179.0,-0.0024508083078305706
185.0,0.0029793595040519816
191.0,0.0012135630195580455
205.0,0.0021483355114497397
210.0,0.0006660561839413551
220.0,5.557532363512713e-05
227.0,-0.0009556397103239474
233.0,0.0002916669570397629
237.0,0.0004765527246569943
241.0,-3.223852903472419e-05
248.0,-0.00043553949660903924
256.0,-0.0006980184924913731
264.0,-0.0026756096643408733
275.0,-0.0008337639089959476
284.0,-0.0005786298079127773
292.0,8.263461043141511e-05
306.0,-0.00026029964954667943
313.0,-0.00030533144373898674
321.0,0.0007421503030012571
328.0,0.0004989317441752569
333.0,9.263096769693303e-05
338.0,-0.001275894685504984
348.0,-0.0011055032806908001
354.0,0.00010873711229862607
361.0,0.003105076418600362
369.0,-0.0012109782801250375
380.0,-0.0008365466048675577
389.0,0.004961981686124153
397.0,-0.001017058615293304
404.0,0.0019291196028162491
415.0,0.00042135993814253816
426.0,-0.00048038405083486235
433.0,0.0005688803129504651
440.0,0.0004945423301104867
447.0,0.0006570902066227124
451.0,-0.0010966393964719093
460.0,-0.002151467059762108
470.0,0.0006487036812330301
478.0,0.00036707068737219995
486.0,0.0026429842258411593
494.0,0.0017411857543465576
503.0,0.0011866893072537215
511.0,0.00028691831702840775
519.0,-0.0009257452872536521
523.0,0.0015804932176445166
530.0,0.0028376750179880685
539.0,0.000897151161655936
548.0,0.0012811030093469885
560.0,-0.001622680544263278
567.0,0.002799763364697572
571.0,0.0009497320756407439
578.0,0.004430465223997666
587.0,0.00082435577999723
596.0,0.002020162895773173
604.0,0.003616058287351583
611.0,0.0012586867362025284
618.0,-0.0007311607253995935
628.0,0.0004070388851018365
635.0,0.0012329326788914506
647.0,0.001512822259921814
661.0,-0.0036840331845486075
669.0,-0.0005713479451369564
676.0,-0.0009536288820818752
684.0,0.0011518619433299653
692.0,0.0009735936560527173
699.0,-0.002446970016279268
704.0,0.004023769738508875
709.0,-0.006281410746974607
713.0,-1.0263623089689167e-05
725.0,0.0005866758263970832
733.0,-0.00018346390376824717
741.0,-6.866353416318884e-05
746.0,0.00029831622018745553
754.0,-6.803453033721077e-05
762.0,0.0005232209596028074
773.0,0.00034618762811828484
781.0,-0.0001586047056374982
786.0,-0.0045354692708094715
795.0,0.00032559534938687894
801.0,0.00014154836321110843
808.0,0.0018218855837692223
815.0,0.0013481233320078907
823.0,-0.000952363892633985
831.0,-0.0028093340641244845
837.0,-0.0003823378071031444
849.0,-3.255901200067613e-05
856.0,0.0015500917343480196
865.0,-0.0001507584880030446
873.0,0.0003140198345338835
877.0,0.0003801832474294109
884.0,-0.0008897418440000613
892.0,-0.0011889823733264313
899.0,-0.003235207113754724
910.0,-0.005897378375928767
915.0,0.002940142543434929
919.0,0.004303855215766204
926.0,0.0029601600964344185
934.0,0.002762793874893967
942.0,-1.1539623733937327e-05
947.0,-0.0002009875714520428
955.0,0.001262353448515237
963.0,0.0026855113649404856
969.0,-0.0008368029930855759
976.0,-0.0015293627177614118
982.0,-0.0005387395259327324
994.0,0.0004853705654976853
1002.0,-0.0008337403817879809
1009.0,-0.0017687747410888408
1013.0,0.0005785121544683826
1027.0,0.001032110928649037
1031.0,0.000399866278694896
1039.0,0.0010374412103641031
1046.0,-0.00028979502006276625
1057.0,-0.0021827425328357405
1064.0,0.001948886643764828
1072.0,0.005926728843674163
1076.0,-0.003252461956464984
1085.0,0.0005093916313162364
1093.0,0.002728625780435537
1098.0,0.00044752803537908615
1107.0,0.00034676060951495803
1114.0,0.00034149590203358545
1122.0,0.0011668437876084193
1131.0,-0.00012552006575185403
1140.0,9.032647887782397e-05
1145.0,0.0007855333559344634
1157.0,0.00037222512263066274
1165.0,0.0021687015615998897
1172.0,0.0011406927195987447
1179.0,0.00022269461723662382
1186.0,0.0017489439388328702
1194.0,-0.0003801178813076914
1206.0,0.005403749032919384
1211.0,0.0030659280300103786
1219.0,0.0009527322232214732
1225.0,-0.0010021220854905953
1231.0,-0.0007433421259577323
1237.0,-0.0021292823782123873
1243.0,0.0014875821225489485
1249.0,-5.5913666268695126e-06
1261.0,-0.00010105192510172552
1275.0,-0.003008731647899151
1279.0,-0.0026227627614178236
1285.0,0.003807591270185732
1292.0,0.00025402636780687726
1299.0,-0.0004013660191906086
1308.0,-0.0030832386240839823
1316.0,0.0013690074369592646
1322.0,0.0010762399428433558
1330.0,0.0025426069683052105
1337.0,0.00013165801984880797
1343.0,-0.00010122350946999723
1348.0,-0.0001040046887519395
1352.0,0.00016058447725101363
1356.0,0.0026672825352750313
1364.0,-0.0013196264088544253
1368.0,0.005349831037541876
1375.0,0.0006564890890741002
1386.0,0.0007274265096978247
1392.0,1.492952448104273e-05
1396.0,-0.0009475086147814203
1402.0,0.005088890064606671
1411.0,0.004004375331882815
1415.0,0.0018508131137465495
1423.0,-0.001001249060154542
1429.0,-0.00013471481398851518
1433.0,0.00022683807245143725
1437.0,-0.00021140366282907787
1444.0,-0.0001972837107035508
1452.0,0.0002006993197731729
1462.0,0.0002532645263989885
1468.0,-0.0017351803147033123
1476.0,0.0034418745101009868
1483.0,-0.00632407899748003
1491.0,-0.0034671985775859967
1495.0,0.0019515037899636887
1504.0,-0.0010576939184459015
1516.0,0.0012576156195114306
1521.0,-0.0013979296472886144
1528.0,-7.162857451324202e-05
1538.0,0.00033750132089789667
1542.0,0.00043512212082141063
1549.0,0.0006391647552567975
1556.0,-0.0003002181807795239
1562.0,0.0007962101507995159
1573.0,-0.002575353696828187
1580.0,-0.0005602370507448638
1586.0,-0.008283654526687981
1597.0,-0.0032627024550059298
1605.0,-0.00021839357544316718
1609.0,7.446019415247437e-05
1615.0,0.0002729500808453796
1623.0,-0.0010878444318659253
1630.0,-0.005300701908257255
1637.0,-0.00010655131742538068
1648.0,-0.00180136545655998
1657.0,0.0021200094653899865
1664.0,-0.0003457902403141822
1671.0,-0.0007011180776275965
1678.0,0.0003197518984464771
1689.0,-7.007961624755931e-05
1696.0,0.0016234855614114224
1707.0,0.0007105775888299785
1714.0,0.0001748744894259204
1720.0,0.001429382005168907
1725.0,0.002402898172117965
1737.0,0.0031903616576535966
1745.0,0.0010837451279000771
1751.0,-0.0009579399174550193
1765.0,0.00236435176128803
1773.0,0.004660490332197203
1781.0,0.004787279524198847
1789.0,0.002613479587909757
1796.0,0.0004293227129961551
1804.0,0.008851538013668269
1809.0,0.0026250895510666217
1815.0,-0.0011568870827052852
