,5
1442.0,0.004362182587941198
1450.0,0.0021371901967776564
1459.0,0.008247622941579928
1467.0,0.0025156148528505673
1478.0,0.0048841898474722804
1487.0,-0.0008820314761012161
1496.0,-0.004728500641445985
1503.0,0.005481570368527076
1512.0,-0.0013461976616804155
1521.0,0.0004014573672867593
1529.0,-0.0022492313777621865
1533.0,0.0022309768937233427
1542.0,0.0012883455323858175
1546.0,-0.004947021959845796
1553.0,-0.013320436755489225
1565.0,-0.001055059830627039
1569.0,0.00015419800271415456
1576.0,0.00023109799599346168
1583.0,0.0014401378910537418
1595.0,-0.0012983256676299107
1604.0,0.002781286517896872
1609.0,0.001430430180653756
1620.0,0.002478961251735049
1628.0,-0.005425714576306124
1637.0,-0.0016157907288897827
1645.0,-0.00018292444882529133
1652.0,0.001094686282558083
1656.0,0.008983169882637499
1665.0,-0.0010817733295481725
1672.0,0.0008896095884023144
1679.0,3.516662069085015e-05
1684.0,0.00027042938368290124
1692.0,-0.00034611368212680187
1701.0,0.0014806690272769613
1710.0,-0.00036284119966036607
1718.0,0.0033151858765307924
1729.0,-0.0015180871542402584
1737.0,-0.0014109690175766931
1745.0,-0.0036485962477979567
1752.0,-0.003314306080415866
1761.0,-0.0005950937917824235
1768.0,0.008418269118519207
1777.0,0.01418273181802421
1781.0,-0.006885992584802742
1788.0,0.00028184255666452055
1795.0,0.0029315671435849342
1801.0,-0.0031841066113564073
1808.0,0.006937973853404409
1813.0,0.0023243209166122925
1821.0,0.003166367086075026
1832.0,-7.200150409409548e-05
1841.0,0.0013521481436091361
1849.0,0.0045269027846368505
1855.0,0.002590072822567782
1863.0,0.005815861756252504
1871.0,0.003183397248736108
1880.0,0.005384556972912
1889.0,-0.0012437774308795772
1897.0,0.002125967248853338
1905.0,0.0015655347190235275
1915.0,0.0006299443791172736
1922.0,6.203647477868662e-05
1930.0,0.005778357851697061
1938.0,-0.0023648364141556064
1945.0,-0.006092476800007209
1954.0,-0.003132831516178368
1962.0,0.0025664797037973077
1970.0,0.00029121446634781137
1978.0,0.001102192644366823
1985.0,-0.001978117765494461
1993.0,-0.005400922961056975
2003.0,-0.001238443410523905
2010.0,0.003086739707230956
2019.0,0.0032576567231152797
2027.0,0.002357651290151672
2036.0,0.0005535424516278376
2044.0,-0.0005759195778707801
2056.0,0.0016711368154145808
2064.0,0.001049353839395268
2071.0,-0.000686590329854439
2082.0,-0.002017313116020701
2091.0,-0.000676022189383276
2102.0,-0.0019358391340041465
2110.0,-0.0006493630770475558
2120.0,0.001684663488624999
2129.0,-0.00023777668011636002
2137.0,0.00047274436502322685
2145.0,0.0003291512191876232
2154.0,0.0009436917921455514
2163.0,0.001326884712804983
2174.0,0.0003591882243003484
2182.0,0.0010420761555417885
2190.0,0.006206858644100971
2195.0,0.007671814784292476
2201.0,0.004396195998489122
2206.0,-0.0071541656424832685
2214.0,-0.0028862009126225164
2221.0,-0.007479235383149106
2225.0,-0.01253878816086223
2233.0,-0.003868870118047608
2240.0,-0.0013225498280789694
2248.0,0.0015442076708323562
2255.0,7.66682960835284e-05
2263.0,0.0018541286666251416
2271.0,0.00017861750429180138
2280.0,0.0004069109342726513
2286.0,-0.00039320685764670957
2298.0,0.0015694954260308464
2306.0,0.00033815415229213253
2317.0,0.0011218968350055112
2326.0,0.0008845062012979287
2334.0,0.0010751230890945328
2342.0,0.000722049948402517
2351.0,-0.001431636308152645
2355.0,0.0015870336298286322
2363.0,0.0005076782336672939
2368.0,0.003023738642382981
2379.0,0.0007057296399114785
2385.0,-0.0011977509664587431
2395.0,0.0016551212021507244
2401.0,-0.0007750922053146774
2411.0,0.0038618158838433364
2422.0,0.002601782774421438
2429.0,0.004215585843417007
2437.0,-0.0030778965717860136
2447.0,-0.0009907863215406053
2458.0,-0.0014823586849612035
2466.0,0.005908189665899023
2474.0,-0.0009167788637460435
2483.0,0.0008143250226242543
2490.0,-0.001390559077329293
2499.0,-0.0029902954569266727
2507.0,0.0014247777830145678
2515.0,0.00039672117812539556
2523.0,-0.0017745285045813568
2531.0,0.004003727621873944
2539.0,0.0012297732985352393
2546.0,0.0006169704810221285
2555.0,-0.0005355828305832843
2559.0,0.0007796153726825286
2564.0,0.0007532054228517656
2572.0,0.004067996369177373
2581.0,0.001739983674143183
2589.0,0.0018423203496834197
2594.0,-0.0017130910531162038
2602.0,-0.0005194759269390099
2613.0,0.0031096095662498787
2617.0,-0.0008174521591633166
2625.0,0.0009094315660649064
2630.0,0.005312837196781123
2641.0,0.00646535901688424
2646.0,0.0014204324629064672
2657.0,0.014814418418648126
2661.0,0.0013815512179321209
2668.0,-0.0014422089449878594
2675.0,0.002292713096796929
2682.0,0.008718533465094465
2693.0,2.777979343050739e-05
2700.0,-0.0020352302086857742
2723.0,-0.0053003487558373795
2733.0,0.0022582215281278907
2742.0,0.018761291445334977
2749.0,-0.004881700280855656
2756.0,-0.004771125104811569
2763.0,0.0018284821896492772
2771.0,0.002746135684977003
2785.0,-0.000931352992864257
2797.0,0.006873152298248792
2808.0,-0.0003246497007585985
2813.0,-0.0011284297300195312
2820.0,-0.0003505792285794902
2829.0,-0.00017941342202860074
2837.0,-0.0013062339219107127
2845.0,-0.002473712040441928
2853.0,0.001252057639464743
2857.0,0.005250868564009187
2863.0,0.0025639901014880557
2872.0,0.00044693957680793734
2884.0,-0.0025905351950356076
2896.0,0.010646830686735323
2902.0,0.0033263670161271723
2909.0,0.00047384661980312553
2914.0,0.00166087492832775
2921.0,0.0009260585777823742
2929.0,0.000550947322854443
2937.0,0.001800987557706839
2951.0,-0.0009419459599801803
2957.0,0.0007886162954146369
2965.0,-0.0005410839229414615
2969.0,0.0018984189144511956
2975.0,0.0013991360171407724
2983.0,0.00037354649751677815
2994.0,-0.0008011979534148252
2999.0,0.002675913890776984
3008.0,0.0013522353252230107
3016.0,-0.002036805593202638
3023.0,-0.0005279680649335256
3030.0,-0.005743196855763212
3041.0,-0.0015134789819089796
3052.0,0.00143315758483953
3057.0,-0.007028318128117948
3065.0,0.0023026354760902826
3076.0,0.0012221560616814916
3083.0,-0.0010115404031855865
3087.0,-0.004938424638885866
3095.0,0.011248279022781702
3101.0,0.0006488574781432548
3110.0,-0.0004401356556145834
3118.0,0.0005969207590012845
3126.0,0.00033240395258296254
3135.0,0.0010414716786646787
3143.0,0.0015229394948695775
3154.0,0.002002089900574331
3165.0,0.0012247657381670206
3173.0,0.00013249530850417901
3184.0,-0.0030991371660056997
3195.0,-0.00034704867784216714
3202.0,-0.0006611683029978265
3210.0,-0.005649728890919555
3214.0,0.0033601773576368444
3221.0,-0.004633679680181337
3228.0,4.265242385514684e-05
3236.0,-0.0010240040800817238
3245.0,0.003703396278324879
3252.0,-0.0011258856555466789
3259.0,-0.001786341346313043
3273.0,0.0020559672849286567
3280.0,0.012461087326867197
3284.0,0.0024900678952094286
3291.0,0.0006404945683458836
3298.0,0.000962326873973866
3304.0,0.004780286270597144
3312.0,-0.012442431742381816
3319.0,0.0013999448005681014
3327.0,0.004871325877774935
3339.0,0.0005919553290436648
3348.0,-0.007829312654962893
3355.0,0.0006794632234750145
3361.0,-0.0022284847625392264
3372.0,-0.005108709334544301
3379.0,0.002028509346474051
3388.0,0.00032305815771867713
3402.0,-0.00037262722074550716
3407.0,-0.0018667930217012715
3418.0,-0.008773633908673285
3427.0,-0.002146420200298907
3435.0,0.0010637683760020798
3446.0,0.0013174838504579705
3452.0,-0.0017906045406123243
3461.0,0.004062956208870503
3468.0,0.0011678385094658157
3475.0,0.0032226289156784107
3482.0,0.001095819221431444
3489.0,0.0023722443859648347
3497.0,-0.0001009537034798431
3505.0,-0.00018752101760996406
3514.0,-0.0011414086136167425
3522.0,0.0011230336374887134
3526.0,-0.002580772213627871
3537.0,0.0057617088232813215
3543.0,0.0009170282860812202
3551.0,0.000580410430132384
3559.0,-0.00011179977284868504
3565.0,-0.0021410872294156114
3574.0,0.0009488038945520458
3582.0,0.00017525880555381457
3590.0,-0.00045497565243029294
3600.0,-0.003951276638895359
3612.0,0.0009033122718359377
3620.0,-2.2828570107346357e-05
3627.0,0.0017812238424884058
3635.0,0.0006700779260811054
3644.0,0.001986317995230171
3655.0,-0.002221283067632589
3663.0,-0.001347400842544084
3669.0,-0.005851057274957065
3674.0,0.0006010320081097373
3683.0,0.0019959406899704006
3688.0,0.002440136732329909
3693.0,0.0011937264707590845
3701.0,0.009219851167012474
3706.0,0.0006524259890278582
3716.0,0.0021992527465702423
3723.0,0.0006493692373357855
3734.0,-0.001235899169621452
3745.0,0.0007649560554742422
3754.0,-0.0004432087204697683
3762.0,0.010271704940886816
3769.0,0.006721529740583786
3776.0,-0.004416758621686606
3785.0,-0.0008432973604376649
3792.0,0.00047774765945336365
3799.0,-0.0032911276917678613
3806.0,-0.0018334429965279997
3816.0,-0.0042184753162288185
