,6
1442.0,0.013700827743587647
1450.0,-0.009790745751019096
1459.0,0.005366169470715224
1467.0,0.003338049316021486
1478.0,0.0026246086746417887
1487.0,-0.0022255830759636296
1496.0,-0.0018400767789342575
1503.0,0.0009042231904141623
1512.0,-0.0005867774179408058
1521.0,-0.0002952059351180882
1529.0,0.0010507776433374527
1533.0,0.0027390055104784187
1542.0,0.0052982310523216666
1546.0,-0.005630403912953036
1553.0,-0.01327148827462858
1565.0,-0.007862841408329975
1569.0,0.0006825868431638673
1576.0,-1.0610964502607483e-05
1583.0,9.535437504229318e-05
1595.0,-0.0006783249808308263
1604.0,-0.0001073083003462783
1609.0,-0.0015316098468760406
1620.0,0.0018389540095313341
1628.0,-0.0013455522208355407
1637.0,-0.0018583450633753848
1645.0,-0.0023127190177280625
1652.0,0.0018384100249717655
1656.0,0.005608225891392788
1665.0,-0.003293511816609307
1672.0,0.0019631189914332717
1679.0,-0.00039070754049966365
1684.0,0.0011555308791555508
1692.0,0.0007259373981009746
1701.0,5.4690655764873494e-05
1710.0,0.0016271030618615983
1718.0,0.0026488242223732497
1729.0,-0.0012254931511301618
1737.0,0.00032804942283738584
1745.0,-0.002537049739598961
1752.0,0.00014378733811244506
1761.0,0.0001048498009208961
1768.0,-0.012072897693276496
1777.0,0.01106306701910776
1781.0,-0.013727298566365133
1788.0,-0.0020683216852325228
1795.0,0.0038355533298169778
1801.0,0.0025957523950843647
1808.0,0.0033715706971835808
1813.0,0.005857154083890337
1821.0,0.00432368057470643
1832.0,0.0014419360856652043
1841.0,0.0013252898538183952
1849.0,0.0054319379142898526
1855.0,0.003976417207661105
1863.0,0.0012011144615836362
1871.0,0.0071923170683897255
1880.0,0.003924408528177913
1889.0,0.001114687525296272
1897.0,0.001799878665922386
1905.0,0.0013726738793622161
1915.0,0.003230408102320617
1922.0,-0.00012733620535406446
1930.0,0.003958727151216826
1938.0,-0.0021256537477831777
1945.0,0.0015967980612846067
1954.0,-0.0010009554851301162
1962.0,0.001290884447059841
1970.0,-0.0015800632375665023
1978.0,0.002931289223422062
1985.0,-0.0002988967408732074
1993.0,-0.0028656253468394895
2003.0,-0.0010979339312369733
2010.0,-0.0006550618674100903
2019.0,-0.002221471682729738
2027.0,0.0008860314388401461
2036.0,-0.0016967746802081104
2044.0,0.0002152048617644405
2056.0,0.0013158308204969018
2064.0,-0.0004397737569342456
2071.0,-0.001003596664677836
2082.0,0.0022100712124686808
2091.0,0.0010911138950931638
2102.0,-0.0023555480053997382
2110.0,0.00019558216144103288
2120.0,0.002739081609261414
2129.0,0.00010512018338849849
2137.0,-0.00027573342206055
2145.0,0.000593034488709506
2154.0,0.0015285872168335536
2163.0,0.0023248106337107315
2174.0,0.003171664269364509
2182.0,0.004016202170401078
2190.0,0.009922163421839963
2195.0,0.007464805822066902
2201.0,0.00432588473033295
2206.0,-0.001841877308609307
2214.0,-0.004906294632119141
2221.0,-0.004595687331842411
2225.0,-0.0019101796078667699
2233.0,-0.002447603442132354
2240.0,0.0017659780763528352
2248.0,0.0018349408918079528
2255.0,0.0012037496760219854
2263.0,0.0016141927231266933
2271.0,0.001601797637973861
2280.0,-0.00018857347333612373
2286.0,0.0005480062916561742
2298.0,0.0010902322058995513
2306.0,0.0009427999037902536
2317.0,0.002311179099616583
2326.0,0.0014208632733498294
2334.0,0.0024051343656404096
2342.0,0.00234750377138006
2351.0,0.0004250471175338155
2355.0,0.003674475814604578
2363.0,-9.346939403774662e-06
2368.0,0.002835310845146729
2379.0,0.001314762580842371
2385.0,0.0007476457431073343
2395.0,0.005413836396196904
2401.0,0.0019554529058924915
2411.0,0.0014214205397383639
2422.0,0.00039653445961174757
2429.0,0.0031856860261677603
2437.0,0.0007675879129260665
2447.0,0.001832222921543369
2458.0,-0.0015754045442810637
2466.0,0.0011175158801666368
2474.0,-0.0026478679197640114
2483.0,-0.0003150812942726711
2490.0,0.0011600493527110741
2499.0,0.0016263529259993724
2507.0,0.0005813268096077774
2515.0,-0.00023591114308177378
2523.0,-0.00011150184560063636
2531.0,0.00035982752430637805
2539.0,0.0020519564764051724
2546.0,0.00199347305333001
2555.0,0.0008158716582748406
2559.0,9.710758702993966e-05
2564.0,-3.535836732389158e-05
2572.0,-0.00017458992838451237
2581.0,0.0011193671493218513
2589.0,0.0025523855719606606
2594.0,-0.002594364697458538
2602.0,0.00033547400655701957
2613.0,0.0006743850066358437
2617.0,-0.0001530081362659887
2625.0,0.00044253941041991625
2630.0,0.0006010941575046867
2641.0,0.004045036996273498
2646.0,0.0013023202973327598
2657.0,0.009265668569138522
2661.0,0.002914578341253593
2668.0,0.001459165066753417
2675.0,-0.004189150147819724
2682.0,0.0013657062897989617
2693.0,-0.004152691148632505
2700.0,0.0029508704331434998
2723.0,0.002527974015353328
2733.0,-0.0010602581813112352
2742.0,0.013816506285963603
2749.0,-0.0032420823625313763
2756.0,-0.01438485133051428
2763.0,0.0016805462994448181
2771.0,-0.00044256669966099237
2785.0,0.001258995961421659
2797.0,0.002583347651709954
2808.0,-8.243332868505517e-05
2813.0,0.0007515916635726159
2820.0,0.0014982551123550291
2829.0,0.0017024710447870075
2837.0,-0.0003263600976471785
2845.0,0.001119170714348528
2853.0,0.0012211447439293831
2857.0,0.004436786221685562
2863.0,0.002296062694639502
2872.0,-0.00040078109284166227
2884.0,-0.0035423886682596347
2896.0,-0.0024227910766123606
2902.0,0.0010869534905449572
2909.0,0.0011780867764580043
2914.0,0.0034710728610249765
2921.0,0.0013163943683477393
2929.0,0.002583245576376859
2937.0,0.0004681200909035933
2951.0,0.0011591267987042084
2957.0,0.0034533498616371966
2965.0,0.0003394948445322154
2969.0,0.002424540801736874
2975.0,0.0013288947284642223
2983.0,0.002099571543832309
2994.0,0.0006657820901735868
2999.0,0.0003036887520201624
3008.0,0.0009287754908403436
3016.0,0.0019873479192975365
3023.0,-0.0015608775011502138
3030.0,0.000803788561294341
3041.0,0.0017027059339113978
3052.0,0.0014835222419247907
3057.0,0.00017789877589174447
3065.0,0.0016204426702308432
3076.0,0.00011165242461826868
3083.0,-0.0019861281880147095
3087.0,0.0030340666539245896
3095.0,-0.0009641818040574665
3101.0,0.0003911962312021563
3110.0,0.003613684697236905
3118.0,0.001001436149899426
3126.0,0.0003596297366972021
3135.0,0.002632936221808287
3143.0,0.002494294852225527
3154.0,0.0019509089727503142
3165.0,0.001755228243384862
3173.0,0.0005997579831080751
3184.0,-0.000702101842252471
3195.0,-2.681195564264227e-05
3202.0,0.0002990690945959984
3210.0,0.00015468817544638045
3214.0,0.0019134289429984593
3221.0,0.001685834217204203
3228.0,-0.0018702941527429875
3236.0,-0.0005867297382848261
3245.0,0.007027757268920195
3252.0,0.00038438589033329277
3259.0,-0.0007259770034407911
3273.0,0.0019278600169783569
3280.0,0.00480075399064876
3284.0,0.00023138712609646958
3291.0,0.0020559327363996764
3298.0,0.003956353843355181
3304.0,0.002526548471914115
3312.0,-0.0005089543294447713
3319.0,0.0015817684491162387
3327.0,0.0023903787229881232
3339.0,0.0018502199060565466
3348.0,0.003703174268402113
3355.0,0.0017977230211446836
3361.0,0.0022540318149105684
3372.0,-0.001435913563818064
3379.0,0.00022104886664191546
3388.0,-0.0006693009275764168
3402.0,-0.002055876438035077
3407.0,-0.0023781996225186865
3418.0,-0.0039129202445536025
3427.0,-0.00015073736301608604
3435.0,0.0013957382473839205
3446.0,0.0043383883781147724
3452.0,-0.000563011958264407
3461.0,0.001093669529315527
3468.0,0.0006505741707419378
3475.0,0.0059156240401719
3482.0,-0.0005104802662696807
3489.0,0.000719521009554956
3497.0,-0.0022954299549813265
3505.0,0.0011694876203712863
3514.0,-0.00012271173719396013
3522.0,0.001664295347365092
3526.0,0.002485020593803101
3537.0,0.007259365368640309
3543.0,0.001778534215110602
3551.0,0.001996037297959214
3559.0,0.0021880772301071387
3565.0,0.0007252619225850389
3574.0,0.00037886786004981437
3582.0,0.00021134052203414353
3590.0,-0.0006418422676218698
3600.0,-0.0004085326070803827
3612.0,0.00025924342498511517
3620.0,-0.000510790337815662
3627.0,0.0023628483724738767
3635.0,0.0004071476778606957
3644.0,0.0004634839531076844
3655.0,0.0012289420637140852
3663.0,-0.0027527044406876157
3669.0,-0.0005415836070332934
3674.0,0.0027557984272549487
3683.0,0.0028134899444209292
3688.0,0.0006782849632481013
3693.0,-0.0005069218375758347
3701.0,0.014780750818908285
3706.0,0.003842459989081753
3716.0,0.0036993566653862383
3723.0,0.0003625322535139109
3734.0,0.0013637679073132303
3745.0,0.004701570065382687
3754.0,0.0017997845408739064
3762.0,-0.0007462392808563951
3769.0,0.0026560132330996993
3776.0,-0.0020015572071553386
3785.0,0.0011309897244476362
3792.0,0.0016857376419041582
3799.0,0.000853135533703012
3806.0,0.0008125677881136197
3816.0,-0.0018124799654050331
