,8
0,0.00012913467505008206
1,0.0013483072657979446
2,0.003136117916434259
3,0.0010682455578836546
4,0.00040468001598419545
5,0.0013951199056745577
6,0.003420387543010223
7,0.00045350171787517535
8,0.0015536887133454503
9,-0.002107037985282262
10,0.0012663388740473726
11,0.007018467447762074
12,0.005679119820285414
13,0.0017021380073642108
14,-0.014195427583658061
15,-0.0016326827640823043
16,0.0005540598700611452
17,0.00025548753467094347
18,0.0006673751474743703
19,0.0001458042847061483
20,0.0012861922160656012
21,0.0018768086220898696
22,0.0006799962688881586
23,0.0014551013767223153
24,0.00043341020463092696
25,0.0012324412360750511
26,-0.00127447970367697
27,0.004524575243384953
28,0.0005062163104945805
29,-0.0004779765898576835
30,0.0004688674778687414
31,0.0004522329643558326
32,0.0006771277490773112
33,0.00045837464407677114
34,0.0012637260494973825
35,-0.0004851163820120019
36,0.0003877434370212543
37,-1.1942993331872533e-05
38,0.00176708335721044
39,-0.0006817977459578025
40,0.0002925230904921827
41,-0.004785198881556815
42,-0.02059816347295816
43,-0.01155686866420066
44,-0.0014028086315201875
45,0.008631304138456553
46,0.0005735258947321105
47,-0.0006023479991538346
48,0.00472258388968727
49,0.0034637879944254078
50,0.0014013610940442028
51,0.00014660877805563934
52,0.003376154043815052
53,0.00013966728179942673
54,-0.0003033777075331588
55,0.00040887890730385455
56,0.003099621477401183
57,-0.00019200573360900558
58,0.0013820539884653892
59,0.0029136672666906366
60,0.0018781096205543798
61,-0.0006777721875271732
62,0.0005105311578235147
63,-0.0004363278163919905
64,0.0001740697964531689
65,0.0011562512699348668
66,-4.041611691824142e-05
67,0.0013433544685902156
68,-0.0005947137159111175
69,-0.002326583249591693
70,-0.002957338492954643
71,-0.0035240792608451457
72,-0.002527565015329053
73,0.0009306119388562329
74,0.0016177030999820368
75,0.00046219376816629334
76,0.0011218016770313582
77,0.00026826199951356707
78,0.0004161437144503025
79,0.0007562163440869111
80,0.0015520090616750139
81,0.0003648529749336105
82,-0.0016939026544155519
83,0.001015893342555174
84,0.0017697278255189774
85,0.0005916923860935461
86,-9.486139572166556e-05
87,-0.0004917295508120782
88,0.0006908688992568185
89,0.0008932353816748921
90,0.0007353115305818864
91,0.0015837630615988568
92,0.005047152470090552
93,-0.00019903021778968627
94,0.0007689290239356098
95,0.002471687063500895
96,-0.0017128766510598576
97,-0.001243024808677861
98,-0.003504574978304401
99,-0.0013116724924643255
100,0.0016230145367577193
101,-0.001281047385708321
102,-0.0020341142927568978
103,7.660446955231055e-05
104,0.00026644331903112134
105,-0.00034348939187092996
106,0.00044130239907478426
107,0.0002097673120646369
108,-0.00015145335745970142
109,0.0006353004720559031
110,6.915684802552564e-05
111,-0.0002456271571875848
112,0.0007790371883119113
113,0.00034209084692024685
114,-5.920299794972728e-05
115,0.0002759224407622377
116,0.0024660994957733835
117,0.0010992001828915082
118,0.0010948928647085065
119,0.0003561766558183194
120,0.00011934221920804832
121,-0.00025669644318797725
122,-0.000201608538734209
123,0.0003129008064527424
124,-0.0002466042768971096
125,0.00030832475403749223
126,7.077227848381537e-05
127,-0.0008448154954826981
128,-0.0009897608589313658
129,0.00010515360816970858
130,8.871648765751761e-05
131,0.001000717262718406
132,0.0006648155356685826
133,0.0007402900764283861
134,-0.00029478465838116114
135,-0.000562522523445693
136,0.0007230707610482284
137,0.0010303972638610243
138,0.0001781018373832259
139,0.000922779350139619
140,5.812295032573189e-06
141,0.0004013936807525988
142,0.0006250738938411036
143,0.001303443711581704
144,7.046578809441767e-06
145,-0.000303335998262535
146,0.0018616184802169918
147,-0.0002181065491499698
148,0.00022272516885942612
149,0.0030540165946050316
150,0.002496099079697086
151,0.0007435077737593003
152,0.001312909684368101
153,0.0031736461394987294
154,0.00022627958847769078
155,0.0002690914063063384
156,-0.002868380775258352
157,-0.0009527801407311353
158,0.004265197686033875
159,-0.0006404560095212795
160,-0.002185279239497616
161,-0.0024747290256625057
162,-0.0033482957609510624
163,-0.0025488531314560026
164,-0.00048061232647131173
165,-0.0012365161834754963
166,0.0009671667955094614
167,-0.0007708049143585675
168,0.00026844819734088036
169,5.0521948880277486e-05
170,0.0006232530268496702
171,0.0003242000676017069
172,-0.0015814808399007316
173,0.00022203014410341194
174,0.0006554615720721101
175,0.0012858511104706465
176,0.0038679645214011317
177,0.0005240322399932458
178,0.0007096878081458217
179,0.0008977184408483414
180,0.00019751321000171314
181,-0.00039606394537373756
182,-0.00011808832016569219
183,0.00034703245396876557
184,0.0007350209360371038
185,6.326088045871311e-05
186,0.00022866803736526644
187,0.0001963997162710637
188,-0.0001413556932780863
189,0.0008819847017481257
190,-0.00015621759214413765
191,0.0001628249245432678
192,0.0003728487775943857
193,0.00011727317917457206
194,0.0001950061888753664
195,-0.00016184791308164822
196,0.001710191678577956
197,0.0003896263713717357
198,0.0010922633992763156
199,-0.00263005158172591
200,-0.0013456015594926387
201,0.0007890939252839224
202,-9.413449661449137e-05
203,-0.0015755663199203908
204,-0.0012838763694996325
205,0.0005830472617317185
206,0.0011671299748256191
207,-0.0015243339520575583
208,-0.0002759991786642934
209,0.0001437176976046731
210,0.00010087274913149563
211,0.0004220173943871642
212,-0.001528599145962229
213,0.0008909089249635029
214,0.00012188919288381615
215,0.000336677293871511
216,0.001252914343817634
217,-0.00021636817336810035
218,-0.0003710427602016303
219,0.0005018056765902539
220,0.0015662218858909821
221,0.0019363837967358195
222,0.00023653124261541967
223,0.0010776945969739682
224,-0.0006725404725367811
225,0.00047071487248574176
226,0.0024573569434327472
227,0.001602911613138104
228,0.0003813192080100076
229,0.002676021225338952
230,0.002679470661146617
231,0.0012243506481089312
232,-0.00016133758629331097
233,0.0006326271973200059
234,-0.0004962785699342242
235,0.0013797357730465129
236,-0.0012782326757904952
237,0.003618832978877464
238,-0.00039354819567484234
239,-0.0010804121771433378
240,-0.002137331933081944
241,0.0003036509499830758
242,-0.003277479373401105
243,-0.0031768013947052033
244,-0.0017217906134692745
245,-0.0012091538635417016
246,0.0026180420358028742
247,0.00248279905204444
248,0.0001750125301780682
249,-0.0001765223553972924
250,0.00015482223874104163
251,-0.00112763772489415
252,0.004616501631739057
253,-0.0017669190589685788
254,-0.002684248602449617
255,-9.625559303289982e-05
256,-0.0015564226611062843
257,-0.0005487171933646149
258,-9.308728325617085e-05
259,0.0022843479708741627
260,0.000891327372455914
261,0.00012185618923645116
262,0.0024844458238052858
263,0.0016974543742351892
264,-0.0003804903757527218
265,5.648826294490799e-05
266,-2.257947892551854e-05
267,-0.00021029976998522776
268,6.035087893608413e-05
269,0.0006412512057159964
270,0.0005046779413515859
271,-0.0002581641232428708
272,-0.00040984823127764947
273,9.642464949651046e-05
274,-0.00020436708486442273
275,0.0005277730555204258
276,0.0008040598632170649
277,0.002047811820779202
278,-0.00018300887753674845
279,0.00034527435558378585
280,0.004538046816850379
281,0.0010662734147565075
282,-0.0012805187142217486
283,0.000711599938459798
284,0.0010979601121868647
285,0.0037226484507224687
286,0.004665616681414442
287,-0.002920122060664893
288,-0.005337408192550694
289,0.0018599860479464193
290,-0.00020497162216132861
291,0.00019396592677040447
292,0.001105266942689726
293,0.000526727739607396
294,-0.004341840882122179
