,3
2.0,-0.0036386603989493524
13.0,0.0014260615667056927
20.0,-0.011950030187616747
27.0,-0.013308581769158615
36.0,-0.010568971946945038
44.0,-0.004402129441832842
52.0,-0.00804550560606626
60.0,-0.0008245590866779522
68.0,0.018020582488792552
72.0,0.012058943422734884
77.0,-0.007282691587382233
81.0,-0.014155239334949811
90.0,0.011289343181896823
96.0,0.03221261840031604
100.0,0.010318200762735229
109.0,0.02111441987437472
115.0,0.011658215755142429
122.0,0.012262340009570702
130.0,0.014053359740544304
137.0,0.014977347178478513
146.0,0.016319761484394988
155.0,0.013389537076590522
163.0,0.004951838339244456
172.0,0.011576175116227841
180.0,0.0029194263634876624
188.0,0.008227047948144038
198.0,-0.006719941374809569
207.0,0.006238205039721682
215.0,0.013986742347427958
219.0,-0.007398151705509126
231.0,0.012193082568009314
237.0,0.005608269786970375
245.0,0.000623341363251165
254.0,0.013022145778887668
263.0,0.015748640261968445
269.0,0.019473971293731848
277.0,0.021531320832814796
286.0,0.02123676360283092
297.0,0.009505277615947895
305.0,0.002917234985907015
310.0,0.006498786727886777
318.0,0.010454459286759922
326.0,0.021049072511501593
338.0,-0.019250786720498455
342.0,0.017704313756388333
350.0,0.008299666711282475
357.0,0.004931813299749405
365.0,0.004961359218920552
374.0,0.009550788336259308
380.0,0.0027431562543314514
388.0,0.016262882209112862
396.0,0.00011248381056971032
401.0,0.009839153932109964
409.0,0.0106773730899817
416.0,0.017790424337888168
427.0,0.009456668355480983
432.0,0.01279805506110365
440.0,0.004717957568943413
447.0,0.011589190097372502
454.0,0.013868591581181755
462.0,-0.009452769469357414
470.0,-0.0038985222520223997
478.0,0.008628509171648849
487.0,0.021011218193498712
499.0,-0.01832974839340094
503.0,-0.012131364072174711
511.0,0.0022836380330946353
517.0,0.009901847048786312
522.0,0.018015819563655847
533.0,0.015754580269516878
542.0,0.018101001521665282
550.0,0.019532925429269734
558.0,-0.0025494799424755892
563.0,0.008757963216342457
574.0,0.01152032949110657
583.0,0.005428178236625545
591.0,0.012902758412973869
599.0,-0.00131817858320624
609.0,0.014920737673560688
617.0,0.00827982385609861
622.0,0.012726988906062185
630.0,0.0062531991741497355
637.0,0.011780313399063103
645.0,0.003150802618978739
654.0,0.011362501636192995
663.0,0.016125280538337852
667.0,0.00781110005944298
674.0,-0.023267137111518857
682.0,0.004873454844772057
689.0,0.005933537095979947
698.0,-0.0027713928728263547
707.0,0.0012206371383682907
715.0,-0.00045970621679406875
721.0,0.01905175484479751
729.0,0.008539070922561367
737.0,0.011024885413108866
745.0,0.019639620018622014
754.0,0.013980525584871468
765.0,0.014453894062865616
773.0,0.012474127779256106
787.0,0.02222286703369291
796.0,0.0038926976449060536
804.0,0.0022682110847449892
810.0,-0.02313685736140791
814.0,0.010937383849053166
822.0,0.017361245121682765
831.0,0.0004112514576093996
836.0,0.007719949268996423
842.0,0.007728340795765532
853.0,0.025303714340424395
861.0,0.008936498697161944
872.0,0.008857689282479167
877.0,0.008664845407702357
883.0,0.02034665520336337
892.0,0.007079146288581601
904.0,-0.008984731953680686
913.0,-0.013104956835738417
921.0,0.023273472355791327
929.0,0.01246899407267746
937.0,0.017095832726686005
943.0,-0.004697581035786776
948.0,-0.015429361528085508
952.0,0.0029647206873253166
964.0,0.009343579230674293
976.0,0.016495871913203355
984.0,0.007722205157409032
990.0,-0.004275699693594617
998.0,0.012553539086644375
1006.0,0.009404571393203142
1015.0,0.007209633354893891
1026.0,0.017433331899417755
1034.0,0.01727192296337522
1041.0,0.006710788363500427
1048.0,0.0028769647568933983
1055.0,0.018672977164912386
1059.0,0.0006001775919386366
1071.0,-0.01067269261012219
1078.0,0.003786788756422879
1085.0,0.018180853202360816
1092.0,0.01829118049337859
1101.0,0.00957699166610881
1110.0,0.02145459933409833
1118.0,0.00833918959241148
1125.0,0.01706780951863109
1133.0,0.022313820413963636
1144.0,0.004969101075133889
1150.0,-0.0173279735233888
1161.0,-0.01353907358810369
1168.0,0.0009594805343794649
1177.0,0.0047508568283571575
1184.0,-0.0023169024248097356
1191.0,0.02525335098170752
1195.0,-0.01104174039198846
1203.0,-0.012665517651087282
1211.0,0.0005290583668839606
1220.0,-4.1208518674423895e-05
1227.0,-0.011506517804135186
1236.0,0.0007861455546652536
1247.0,-0.0015859896696865806
1253.0,-0.007623921587909141
1264.0,-0.014997737961173244
1273.0,-0.018169375029831278
1281.0,-0.001197642362806866
1289.0,-0.0010538821595885756
1297.0,0.00858442735878699
1308.0,-0.018867369060351802
1319.0,-0.009227705017432846
1327.0,-0.007452242667813267
1338.0,0.003626921734558392
1346.0,0.007120195914554593
1353.0,-0.025874826779463775
1357.0,-0.02860536673358377
1361.0,0.022557080791941284
1370.0,0.013525975129188912
1381.0,0.0021261491712408712
1387.0,0.017093517491897338
1396.0,0.022124708179098205
1407.0,0.020505367352740472
1416.0,0.010026016893871895
1425.0,0.01664894302981694
1439.0,0.003816847556581573
1447.0,0.02432415153886795
1457.0,0.012370119154116363
1463.0,0.022053928515171014
1474.0,0.01179281741088711
1483.0,0.007876766745650441
1487.0,0.00014113604579542806
1494.0,0.007609175784797657
1501.0,-0.015075610470589465
1506.0,-0.009375555719953601
1514.0,-0.009156603593993898
1522.0,-0.014355552784678108
1533.0,-0.0005066385524565975
1539.0,-0.009447432619175316
1546.0,-0.02187049477448462
1551.0,0.01806515538514792
1559.0,0.013737984442627879
1565.0,0.025007145841280814
1573.0,0.00432398689773521
1585.0,0.01916989983782934
1593.0,0.004489988930560078
1601.0,0.0073395701554010385
1608.0,0.015553293223299418
1616.0,0.0053387490602033625
1621.0,0.012825708253734537
1630.0,-0.02679807708422548
1638.0,0.01780324694301933
1647.0,0.0009659352936867019
1656.0,-0.011876041214824943
1664.0,0.0032508032147496066
1672.0,0.015966096776512322
1683.0,0.01212938069660687
1691.0,0.019558219625418427
1701.0,0.004363974569972678
1710.0,0.01318031712624598
1716.0,0.015024555564225248
1724.0,0.015106154451027807
1733.0,0.012695418142443366
1741.0,0.010357370229091322
1752.0,0.011940659386774573
1760.0,0.0058483972803316285
1766.0,0.00913406734374893
1774.0,0.007856559882559629
1780.0,0.010939145214600654
1788.0,0.0034794801663677226
1796.0,0.013914376662780073
1805.0,0.021285109937654857
1819.0,0.0023133815756573254
1830.0,0.012993851826874696
1837.0,0.012182631630242833
1845.0,0.004626275541913233
1852.0,0.004482474293320068
1858.0,-0.00901947491003903
1866.0,-0.010403905555522274
1874.0,-0.011851170384821983
1882.0,-0.0013665558330317083
1893.0,-0.0046464592552125554
1901.0,0.021550523562763952
1909.0,-0.008190680985240608
1918.0,0.0022865086269798504
1927.0,-0.014513892121801165
1935.0,0.01369606528406363
1943.0,0.005285459899230153
1954.0,0.013348288854169903
1963.0,0.007271020485331208
1972.0,0.008583108235691375
1981.0,0.01108270667772802
1989.0,0.01701726896385843
1998.0,-0.0016651848375265426
2007.0,-0.011504091801781588
2013.0,0.00021015791434745069
2020.0,0.01807451776880149
2028.0,0.014693361715960257
2035.0,0.016102952469862045
2043.0,-0.008021945837870508
2049.0,-0.00608851075227557
2061.0,0.005484015372487918
2068.0,0.01663971694900606
2077.0,0.001496414375838297
2089.0,-0.005608315167300098
2094.0,0.014510159718991349
2098.0,0.005983228962884036
2104.0,0.0032400683142148113
2112.0,0.004661405777668235
2119.0,0.0005206091361577343
2131.0,0.006040611225411167
2140.0,0.0057271791012531905
2149.0,-0.0002234899371368155
2154.0,-0.015946507345739633
2158.0,0.020509278186388986
2166.0,0.005130184313373656
2178.0,0.01044865836714275
2186.0,0.005928571255831377
2195.0,0.011505173285327026
2202.0,0.01819829046912941
2211.0,0.010166946188568305
2222.0,0.020349193308161595
2230.0,0.02298503874197156
2239.0,0.020177109053509605
2247.0,-0.013288330090261948
2255.0,0.017856508871109126
2263.0,-0.005369985531045096
2274.0,0.018808217110522864
2285.0,-0.002108685229910578
2293.0,-0.007044272980989252
2300.0,-0.0038790460821004256
2309.0,0.006313508008046827
2318.0,-0.007145680588136238
2326.0,0.006625277442433508
2338.0,0.0033151267963071975
2344.0,-0.012519649150597398
2354.0,0.0024079724961938924
2362.0,0.0049633339742732934
2369.0,-0.023162228369417264
2375.0,0.009075276185440906
2380.0,0.020843112697988067
2387.0,-0.020599656699597096
2395.0,0.012225194522793153
2402.0,0.017549624217915238
2411.0,0.016362664243671377
2419.0,0.013386398824483284
2426.0,0.005036220935255491
2435.0,0.0015204931542778205
2446.0,0.012267737385977433
2453.0,0.01574171328052772
2464.0,0.006419557958811245
2472.0,0.006749042533966855
2477.0,0.009249496649942129
2484.0,0.013091332537827542
2491.0,0.016673912896177992
2499.0,0.0061274576888384795
2507.0,0.011755003775874368
2515.0,0.00664996926726047
2523.0,0.00884358244901916
2532.0,0.01693272839172135
2541.0,0.015599888305112275
2549.0,-0.029161456017444826
