,6
2558.0,-0.006823287100542272
2566.0,-0.009195481227624579
2574.0,-0.00039810028433552537
2581.0,0.0014645719081094893
2588.0,-0.0013973769116061734
2597.0,0.003829821064585977
2605.0,0.0002757439713418215
2616.0,0.0005532793968932025
2623.0,0.0024657101923806486
2632.0,0.0019704046223278354
2643.0,-0.00019501131712404104
2657.0,0.003966497010812328
2662.0,0.0032278028887255763
2673.0,-7.558730724497682e-05
2681.0,-0.002209744690053831
2692.0,-0.00026282463100441196
2698.0,0.0021647690852344926
2707.0,0.0013419289517443834
2715.0,0.0006919422495809016
2723.0,0.0032209593128984483
2734.0,0.0001558932221511328
2742.0,0.0011039984126705329
2749.0,-0.00035144500172757005
2758.0,-0.00039807956730066805
2762.0,0.00030124345004212144
2773.0,0.004353782238701876
2782.0,0.000231402088007077
2788.0,0.0014266405371808565
2799.0,0.0016843477495455538
2808.0,0.0017505728641485992
2818.0,0.0012265639362812122
2829.0,0.002004862321105236
2837.0,0.004863648349156348
2848.0,0.005368805720971813
2857.0,0.0001957092143101892
2866.0,0.0030873394623272075
2877.0,-0.00046193873939264353
2883.0,-1.1168395614479629e-05
2887.0,-0.0005493670037112552
2896.0,0.0012120046220170176
2904.0,0.004688966882129683
2912.0,0.0003429400833583601
2916.0,0.002167394305374604
2927.0,0.00010516195193389031
2941.0,0.0027389179517932206
2950.0,0.005340656586058435
2955.0,0.0015954865167292615
2961.0,0.0018472947262534855
2970.0,0.004579188671360607
2978.0,0.0004603047287025571
2986.0,1.1322541096290952e-06
2995.0,0.00145736811510379
3007.0,0.006993553477572936
3011.0,-0.00404507123055676
3019.0,-0.0037346115107731036
3028.0,0.0073907934955391675
3034.0,0.00129174480327164
3043.0,0.006364306566417154
3050.0,0.0007677024657791184
3059.0,0.0030930662183997456
3068.0,0.0038088957860701674
3077.0,0.0027509250438400986
3082.0,0.005859230456055374
3091.0,0.0035808801453596608
3100.0,0.0010415675169662875
3108.0,0.0019322712380504153
3120.0,0.003237120812940191
3129.0,-0.0005013917668095989
3137.0,0.0003309172146109926
3148.0,-0.000702376624178035
3156.0,0.00042504017491847804
3161.0,0.0007725358541075477
3168.0,-0.0018235863903827774
3172.0,0.000705395296359611
3177.0,-0.0010426457618762375
3188.0,-0.0006218432439402809
3199.0,-0.0008537430380177902
3213.0,0.0011002795599296033
3221.0,-0.0012298578897329397
3229.0,0.0026981195974300114
3237.0,0.001894570598162301
3245.0,0.005893341783213053
3249.0,0.00157068880608971
3258.0,0.0023315248360722667
3265.0,0.0038178335407366465
3273.0,0.006111575761630797
3281.0,0.007295613134236127
3289.0,0.0035916589997632693
3296.0,0.005392703341711593
3303.0,0.005376859877765229
3312.0,0.0022251517871125447
3316.0,0.002883239135930876
3324.0,0.0029642393168841873
3333.0,-0.00014767463239118817
3343.0,-0.0006419061527718703
3350.0,-0.0034935220274517347
3360.0,-0.001061160045071462
3371.0,-0.005876369555454921
3383.0,0.002090276990300546
3390.0,0.003066775219080731
3398.0,0.008538033110467198
3406.0,0.003717103545399834
3411.0,0.00039754228647226363
3416.0,0.002069542296041255
3425.0,0.008689367716271174
3432.0,0.002055237143584243
3442.0,0.0017461895868160447
3450.0,0.0013959572089733735
3462.0,0.004146919052730102
3470.0,0.00415447031042449
3478.0,0.0013499509522511585
3486.0,0.0007541147089756826
3495.0,0.001261388727262252
3504.0,0.0007793705093978109
3512.0,0.0019665665989322748
3518.0,0.0013715272401134324
3530.0,0.002971516608607832
3535.0,0.0011055913616173465
3546.0,0.0008789943228947253
3558.0,0.0006825725428760774
3566.0,0.0035765360195548278
3575.0,0.00024140429581939203
3581.0,0.0008552210719657977
3588.0,0.0030428770573958162
3596.0,0.0006513759933541539
3608.0,0.005129092383847603
3617.0,0.004098861400937212
3626.0,0.0009041634328946803
3634.0,0.001040993838023908
3642.0,0.006909161114844993
3647.0,0.006442742179465698
3656.0,0.000618027574317186
3661.0,-0.0010939710228149372
