,5
2558.0,-0.01936226967512691
2566.0,-0.014030557279949726
2574.0,0.0034365472820330574
2581.0,0.0028036406398167734
2588.0,-0.003041961919272139
2597.0,0.0005127787553043054
2605.0,-0.00020707177376708965
2616.0,0.0006884816497828484
2623.0,-0.0015644553597233455
2632.0,0.0011715646247245776
2643.0,-0.0012732786474753284
2657.0,-0.0002910778391905194
2662.0,0.0017685714904974875
2673.0,0.005205384145811612
2681.0,0.0018018992460142316
2692.0,-0.0021839493909545813
2698.0,0.0022829105855246435
2707.0,-0.0011937101503960473
2715.0,0.0015477174791007037
2723.0,-0.0007336397804990349
2734.0,-0.0003241863166755936
2742.0,-0.002259905055716887
2749.0,-0.00048224620742869697
2758.0,-0.00021403166864321287
2762.0,0.0010837951617319805
2773.0,0.0022520026536922166
2782.0,0.0013997385580309068
2788.0,0.0003834480180029584
2799.0,0.00047305156107866307
2808.0,0.0010901558121038878
2818.0,0.0015433320574148287
2829.0,0.0020158712909554284
2837.0,0.002993627487106986
2848.0,-0.0008978665644962309
2857.0,-0.000747412233055219
2866.0,0.00020044476758258845
2877.0,0.006670017502781528
2883.0,-0.0050015567512522
2887.0,0.0009313467793442881
2896.0,-0.0005780712850487491
2904.0,-0.0009282265374214745
2912.0,0.0007463538534899727
2916.0,0.0007115148907058072
2927.0,-0.0018523902748022916
2941.0,-0.001805163289424093
2950.0,0.0031532671722813072
2955.0,-4.39376249993652e-06
2961.0,0.00046748164863392647
2970.0,0.00359720355904491
2978.0,0.0001935585731357851
2986.0,-0.0016710832458768246
2995.0,-0.0019755252512890986
3007.0,0.006168172002054449
3011.0,-0.009542550324030112
3019.0,-0.000992812945803781
3028.0,0.0018650121298058526
3034.0,0.004302693103019054
3043.0,0.006218533824423884
3050.0,-0.0009345633480385536
3059.0,0.00024317214035034094
3068.0,0.0013120813110179361
3077.0,0.0009550750303915349
3082.0,0.0008929519304025382
3091.0,0.0014304795020178714
3100.0,0.0016059603297951528
3108.0,0.0001410132436249554
3120.0,0.0008300947753222846
3129.0,-0.00017204208882695522
3137.0,0.000366416526408358
3148.0,0.0016618623373484665
3156.0,9.376457182890926e-05
3161.0,0.005781129621729395
3168.0,-0.0024521709874310627
3172.0,0.003399744441085058
3177.0,-0.004204595089414339
3188.0,-0.0010534662364381105
3199.0,-0.004112042266761691
3213.0,0.00023137836534164994
3221.0,0.004338578534972268
3229.0,0.0019341904990990153
3237.0,-0.0033668016110346335
3245.0,0.001760520047346771
3249.0,0.003142991964048233
3258.0,0.002029291256076597
3265.0,0.0017346877124049742
3273.0,0.0026533350132082498
3281.0,0.0013151148621816527
3289.0,0.0021973633566584275
3296.0,0.0022417018745901204
3303.0,0.003021765844846431
3312.0,0.003535182681861772
3316.0,0.0020369819375528177
3324.0,-0.0012481764471681826
3333.0,-0.0038968818174466304
3343.0,0.00013728224459908224
3350.0,-0.0006253222675150419
3360.0,-0.004462065363902863
3371.0,-0.0036271704534300855
3383.0,0.0038566587237915525
3390.0,-0.00029947403245388446
3398.0,0.007978521252775702
3406.0,0.00272030976716523
3411.0,0.0010620853809549739
3416.0,-0.0005876268594798791
3425.0,0.0030003690582943244
3432.0,0.000711973868385014
3442.0,-0.00020118745706313771
3450.0,0.00015061964991248836
3462.0,0.0018662173725688671
3470.0,0.0027574077992770702
3478.0,0.00021470801518711223
3486.0,-0.0006222477914095605
3495.0,-0.003908076883858402
3504.0,-0.0022429781113526945
3512.0,0.001064437476066746
3518.0,0.0006343307000474354
3530.0,-0.0006382492690518389
3535.0,0.000500102565446399
3546.0,0.0008499643277600111
3558.0,-0.00041977902875298476
3566.0,0.0024795459941443407
3575.0,-0.0003323608440533039
3581.0,0.002199836184936827
3588.0,0.00464022111047725
3596.0,0.0010939124045055042
3608.0,0.001087707587171194
3617.0,0.0007178681889118907
3626.0,0.0011056251916822853
3634.0,-0.0014041777483291525
3642.0,0.003252549417477022
3647.0,-0.0004790729901501457
3656.0,0.0015021820911054569
3661.0,0.003986583087780312
