,4
2558.0,-0.010174934005376057
2566.0,-0.007631043006250459
2574.0,0.007671018480907186
2581.0,0.003725049262259922
2588.0,0.005591011367947557
2597.0,0.009242693082257185
2605.0,0.00292222062132769
2616.0,0.00013151594738400996
2623.0,0.0025091190376827937
2632.0,0.008484189716311628
2643.0,0.01209129997269687
2657.0,-0.0064884158956951595
2662.0,0.0071132202354959335
2673.0,0.006163117009593874
2681.0,0.005188032961434975
2692.0,0.004010321146957574
2698.0,0.0011473324771153223
2707.0,0.0028341095353847483
2715.0,0.006056761255023672
2723.0,0.0063565967891365295
2734.0,0.003720897072335701
2742.0,0.005464128976691343
2749.0,0.007752544644307701
2758.0,0.002060455141397976
2762.0,0.009438013522968856
2773.0,0.00668764813575356
2782.0,0.0067050095407307836
2788.0,0.0076254377753699
2799.0,0.006198934341312896
2808.0,0.007944432268828256
2818.0,0.0014766606692316667
2829.0,0.004557805884163747
2837.0,0.015749989131328704
2848.0,0.007459658628232995
2857.0,0.0028301023034131814
2866.0,-0.006551159752041044
2877.0,0.0025872481543657835
2883.0,-0.009487871732393871
2887.0,-0.0052578350839216
2896.0,0.007400730396506019
2904.0,0.005726720042316874
2912.0,-0.0037430526240383416
2916.0,0.003056740003128866
2927.0,0.006290378793825661
2941.0,0.014272356079446415
2950.0,0.006763172926824963
2955.0,0.00700845958813225
2961.0,0.00946156010725416
2970.0,0.005189365772054434
2978.0,0.005469885788808469
2986.0,0.001716026216833116
2995.0,0.005666690780848104
3007.0,0.0063908590575209095
3011.0,-0.005450902805215943
3019.0,0.0015183373368198583
3028.0,0.0073572331714864036
3034.0,0.011234572220110579
3043.0,0.00684587373788251
3050.0,0.005513990595141851
3059.0,0.0036858285719266887
3068.0,0.007134401334168477
3077.0,0.005897918332315852
3082.0,0.00819067817284023
3091.0,0.0023270642677399936
3100.0,0.00651414004461507
3108.0,-8.863779453293112e-05
3120.0,0.007197847728418961
3129.0,0.006871151200484374
3137.0,-0.004407997985969615
3148.0,0.0012685334939925694
3156.0,0.0075423421326165216
3161.0,0.005294303804201235
3168.0,-0.005629882713210735
3172.0,0.010513450269945261
3177.0,0.01220395474238289
3188.0,-0.0036672985331199096
3199.0,0.002094009482857849
3213.0,0.01629707481562943
3221.0,-0.00972067951569181
3229.0,0.003322964424831542
3237.0,0.005859640217504874
3245.0,0.010142144479579852
3249.0,-0.003640259342699458
3258.0,0.0032459564765247527
3265.0,0.005199983211881894
3273.0,0.005972501383179946
3281.0,0.006073212346010382
3289.0,0.005482689063787098
3296.0,0.0072457869327774834
3303.0,0.00026532324232014445
3312.0,0.0036631992144046917
3316.0,0.01323237973275519
3324.0,0.008584192350184186
3333.0,-0.007957922682135502
3343.0,0.0031853265464932114
3350.0,-0.00243420312792757
3360.0,0.008561074170034488
3371.0,-0.006376485452502191
3383.0,0.002895086389653005
3390.0,0.008686102043599148
3398.0,0.015054172427241996
3406.0,0.008288338993320762
3411.0,-0.004555417741804835
3416.0,0.002257627899946788
3425.0,0.0046697009029233235
3432.0,0.0025735662355583036
3442.0,0.0005286472289038834
3450.0,0.004328601573639285
3462.0,0.004493996207027285
3470.0,0.005256652972505192
3478.0,0.0032017891899645615
3486.0,0.0004033807461004664
3495.0,0.009410794375034013
3504.0,-0.003249909879873529
3512.0,-0.004367777562686976
3518.0,0.007523510236624477
3530.0,0.01124690789944614
3535.0,0.008293220655569644
3546.0,0.0025188773531497374
3558.0,0.009777662560202358
3566.0,0.004534396832083243
3575.0,0.002931295220261784
3581.0,0.0073383213576544625
3588.0,0.009269342238361228
3596.0,0.00582847305631632
3608.0,0.008010698745046799
3617.0,0.006650290716393185
3626.0,-0.0008206358197937871
3634.0,0.0055211077200121444
3642.0,0.008494850634011604
3647.0,0.013693030265447468
3656.0,0.005955760074206678
3661.0,-0.007146084617783675
