,5
2.0,-0.00827632422914214
13.0,0.0022182113474319585
20.0,0.006765162443322004
27.0,0.001350576484059192
36.0,0.001678083166694461
44.0,0.001125254116488288
52.0,0.0006977312874464328
60.0,0.0008006402260503374
68.0,0.0008437552904331133
72.0,-0.00022537488369188654
77.0,-0.004877952894120278
81.0,-0.002239707292351626
90.0,-0.0005752937927110902
96.0,0.003781026808466648
100.0,0.0026424860284969265
109.0,0.0009801974414703732
115.0,0.0012566572115205229
122.0,0.00019007855967479424
130.0,0.0006270890370819738
137.0,0.0005955983916429446
146.0,0.0005186379562294444
155.0,0.0016584694734518425
163.0,-0.000637176109556101
172.0,-0.0022267365221976796
180.0,-0.0015837617498121307
188.0,-0.00421042109610156
198.0,0.0014087562147229414
207.0,-0.004128047265462821
215.0,0.0002429300772227865
219.0,0.004812877778874116
231.0,0.007317810925087277
237.0,-0.0025979402956533195
245.0,0.0023544802694140166
254.0,0.0019209601249295216
263.0,0.0020376092818256753
269.0,-0.0002272080028264438
277.0,-0.00014863613840949283
286.0,-0.00048134915522874344
297.0,0.00409776793465229
305.0,0.0011461171835528388
310.0,0.0029723304950822955
318.0,0.0012063054307922393
326.0,3.6099154496892284e-05
338.0,0.002251044613830751
342.0,0.00169193303804372
350.0,0.002618153242346501
357.0,4.536569409973874e-05
365.0,0.0018255683136208123
374.0,0.0017881783226456692
380.0,0.000652337334447725
388.0,0.0002000836842396896
396.0,-0.00036528931040556137
401.0,0.0008941475643137266
409.0,0.0010037916745811992
416.0,-0.0007545016471950176
427.0,0.003570053651575899
432.0,0.0003754447359696534
440.0,0.0031055402742607686
447.0,-0.0011466285103133972
454.0,-0.0008427795883653217
462.0,-0.0031588859599867335
470.0,0.0034395532518153677
478.0,-0.004061385263499065
487.0,-4.036748489133902e-05
499.0,0.0026041440459425385
503.0,-0.0024730677073067316
511.0,0.00886322639079742
517.0,0.0007748906154023826
522.0,-0.0007502423709637017
533.0,0.0005986897675328494
542.0,0.0022355022262559275
550.0,0.0005276401572901086
558.0,9.023536555014074e-05
563.0,0.0023573394464861262
574.0,0.002564849777531747
583.0,0.00047310836538190705
591.0,0.00021164119397754284
599.0,0.0032503473178910978
609.0,0.0018488975737110832
617.0,0.0012848584416659578
622.0,-0.00046963306333918205
630.0,0.0031176859879943424
637.0,0.006149215156385809
645.0,-0.004179190795626496
654.0,-0.008778533217849572
663.0,0.0004257690372278658
667.0,0.01339539225379629
674.0,-0.001100530821187708
682.0,-0.009521198293953101
689.0,-0.00181238617763795
698.0,0.008128428748165226
707.0,0.0003180697616444422
715.0,0.001227407052529366
721.0,0.00015848692284446258
729.0,-0.000215523100584751
737.0,0.002009034404061524
745.0,-0.0005684639568747444
754.0,0.0018025218975968801
765.0,0.0007324834308912424
773.0,0.0007729463681848282
787.0,6.977837630533822e-05
796.0,0.0035729456684893543
804.0,0.0018673115660918433
810.0,-0.0004300303057510202
814.0,0.001459006699501354
822.0,-0.0002164859623412276
831.0,0.002151936083025509
836.0,0.0010531406691354818
842.0,0.0007146195033538498
853.0,-0.004027398141315538
861.0,0.001204619957946866
872.0,0.001639690026621675
877.0,-0.0020288138720333916
883.0,-0.0025891945345457063
892.0,-0.0017900772590867175
904.0,-0.0013275816593052697
913.0,0.002658873201767944
921.0,-0.0001452490427346744
929.0,-0.019332848084625234
937.0,0.004528105063012404
943.0,0.004417973440230495
948.0,0.0014636040588250343
952.0,0.0025915852095767986
964.0,-0.003306042052032979
976.0,-0.0007310238938317445
984.0,-0.001331817155065993
990.0,0.0014239926070672376
998.0,0.0019728065291407196
1006.0,-0.0012172406672083405
1015.0,0.004160984058001806
1026.0,-0.0008596372764701961
1034.0,-0.002918372611864137
1041.0,0.006130535303891262
1048.0,-0.008699102558904378
1055.0,0.013624467440311467
1059.0,0.0049104260168108165
1071.0,-0.0014779030988671007
1078.0,0.0036347908578032947
1085.0,0.003986597545019868
1092.0,-0.0004064235246429534
1101.0,1.1987309828454232e-05
1110.0,-0.00021021959814749403
1118.0,0.0015797815847224334
1125.0,3.641865299333395e-05
1133.0,-0.0013968341390704685
1144.0,-0.0003118530833856347
1150.0,0.004657433293484608
1161.0,0.003699166196480758
1168.0,-0.0030750770944397167
1177.0,0.0008975004729496301
1184.0,-0.0017736994764259856
1191.0,0.0019947214931720822
1195.0,0.0007699358213749298
1203.0,0.002072091844802337
1211.0,0.0016442110662174408
1220.0,0.005698564145700968
1227.0,0.0018946032600871804
1236.0,-0.0004421058653474065
1247.0,0.00769138531219105
1253.0,0.0004656093646649633
1264.0,-0.0017387351681954425
1273.0,-0.00011704211736533146
1281.0,0.0026033453841024035
1289.0,0.0002969460832859089
1297.0,0.0011389723368234188
1308.0,0.00045038647885257277
1319.0,-0.000947044825181131
1327.0,0.003076942184875737
1338.0,-0.0010657555292615925
1346.0,-0.0009868198564207177
1353.0,-0.0013011619477865458
1357.0,0.00018468170485828764
1361.0,0.0015913822241395718
1370.0,0.000994906605172232
1381.0,0.00371205307095365
1387.0,-0.0007675492125914386
1396.0,0.0017029577320192481
1407.0,0.0014361924322154438
1416.0,0.0017488841381484747
1425.0,0.00564738716657301
1439.0,-0.0007517202262715909
1447.0,-0.0002926786878353
1457.0,0.005793234418109372
1463.0,0.004178783385088297
1474.0,-0.0039644674078098754
1483.0,0.010733461896982347
1487.0,0.003088002043117639
1494.0,-0.001032622145275437
1501.0,0.0022718193035873254
1506.0,0.0021625451246633223
1514.0,0.0010522300322432163
1522.0,-0.0001407493427795052
1533.0,0.0009029768872674747
1539.0,0.00360340048685109
1546.0,0.0004022438569333134
1551.0,-0.0003349511043152055
1559.0,-0.0007871242004807006
1565.0,0.001323842683688309
1573.0,-0.0006655973706174143
1585.0,0.00169037705869213
1593.0,0.0028795684420059122
1601.0,0.00020748010560977636
1608.0,-0.0008840927023167533
1616.0,-0.0018658272269647645
1621.0,-0.0005795853155207339
1630.0,-0.004829520566159121
1638.0,-0.00013883422374989763
1647.0,-0.009809907494676777
1656.0,0.0016023095553740023
1664.0,0.002131432281028241
1672.0,-0.0018049008290004294
1683.0,0.0006199472979822383
1691.0,0.0020622026528500014
1701.0,0.0014038822801745125
1710.0,0.0006088875888049516
1716.0,-0.0005012081731843441
1724.0,0.0019352663549441075
1733.0,0.00042858894046891724
1741.0,0.0007630328803339004
1752.0,-0.0005079990304697072
1760.0,0.0014301390821431744
1766.0,0.002216183121059902
1774.0,-0.0006442773233655423
1780.0,-0.0033225091082637833
1788.0,0.006637879068979172
1796.0,0.0002350720730784397
1805.0,0.001508093469253191
1819.0,-0.0014116026092516679
1830.0,0.0007563018168688807
1837.0,-0.0036808107053182535
1845.0,0.0006783050887683855
1852.0,0.0035527697434266665
1858.0,0.0004945812015797891
1866.0,0.003523588117422156
1874.0,0.001218335915476111
1882.0,0.0008741821384210598
1893.0,-0.0007135518587552498
1901.0,-0.0003976926588566922
1909.0,0.0009339165188954879
1918.0,0.00012897556275111972
1927.0,0.0011123097414560345
1935.0,0.00018431430560595836
1943.0,0.000664950875651417
1954.0,-0.0015562242892932987
1963.0,-0.002847008283366805
1972.0,0.004048220061832852
1981.0,-0.0014928278275723958
1989.0,0.00042695071001760027
1998.0,-0.0021672457316679575
2007.0,-0.002824401095786111
2013.0,0.0022783234575686697
2020.0,-0.0001388842704007505
2028.0,-0.0018323056517382235
2035.0,0.0018337679016887179
2043.0,-0.001698467663071433
2049.0,-0.0014150855409107372
2061.0,-0.005928568436257057
2068.0,-0.0017927512730527622
2077.0,-0.001342476638042033
2089.0,0.0030123153041532137
2094.0,-0.0006506788653499276
2098.0,-0.0017443184303976738
2104.0,0.0002132599095734522
2112.0,0.0013666180021510456
2119.0,0.0026031429386870314
2131.0,-0.004393065159262145
2140.0,-0.00037569343221131087
2149.0,0.0004677534380594043
2154.0,0.0011832727696320796
2158.0,0.0014686910961905011
2166.0,0.0009940491839868309
2178.0,2.0233607552041958e-05
2186.0,-0.00038919659280589234
2195.0,0.0025752565257930854
2202.0,-0.0008887447238504109
2211.0,0.0018423128045056518
2222.0,-0.0009082515927631587
2230.0,-0.0016908636194206805
2239.0,0.004360829005869115
2247.0,0.0030621202956950936
2255.0,0.0005598164167076919
2263.0,0.003291089613121449
2274.0,0.0011859111127951016
2285.0,-0.002757609742308873
2293.0,-0.0005463711830503598
2300.0,3.798107910615692e-05
2309.0,-0.0038053695696513797
2318.0,-0.004333721477261598
2326.0,-0.003010977539688577
2338.0,0.0023395249368686095
2344.0,-0.0011561150226180583
2354.0,0.0016487919987735076
2362.0,0.0007947623532454032
2369.0,0.0006459601849658384
2375.0,-5.6341516438231184e-05
2380.0,0.000558464550835194
2387.0,0.0018099663301210586
2395.0,-0.0013265306076562138
2402.0,-0.0029940131773985874
2411.0,0.001713572937725786
2419.0,0.0030826002175343955
2426.0,-0.0005743367804686406
2435.0,0.0009656147741796296
2446.0,0.0007380742461819948
2453.0,0.0015822384558853249
2464.0,0.000887087966054635
2472.0,0.00010690429827327704
2477.0,0.002834238107303698
2484.0,0.001146444629789682
2491.0,0.001633697030399414
2499.0,0.003151911975554133
2507.0,0.0007037073197478628
2515.0,0.0032295984097988873
2523.0,0.0030070878266886636
2532.0,-0.002807929080399932
2541.0,-0.0009794438753118633
2549.0,0.0048897792734858714
