,5
458.0,-0.0037767923812177715
465.0,0.0014807680912160672
477.0,0.003668802845647032
484.0,-0.000101635280533815
493.0,4.476846268393335e-05
498.0,-0.0005647976306767091
506.0,-0.0012003008657389192
517.0,-5.46427352357934e-05
525.0,-0.0003173202521349231
536.0,-0.00406099286516249
544.0,0.0020024577475193394
551.0,-0.002321005654582795
560.0,0.001723860165589754
569.0,-0.008882057486465292
577.0,-0.004584793580777042
581.0,0.0009834045813758151
590.0,-0.0001809121522372188
598.0,0.0010543708016055
602.0,0.0007002147878057822
613.0,0.0006183040042698513
624.0,-0.0007664305031658961
635.0,0.002348371320578736
639.0,0.0033556773156138493
647.0,0.0012472766562316643
658.0,0.0009616904623075673
666.0,-0.0009158834696366435
676.0,-0.0024463948527329413
683.0,0.0007735791776858776
691.0,0.007906204428084176
699.0,0.0014825911550462138
707.0,0.0018216217764758834
713.0,0.0017409074508104628
721.0,-0.008079958101068018
728.0,-1.2086785161689157e-05
736.0,-0.0013923198022473956
750.0,0.002184503516949924
764.0,-0.0007607678443762006
773.0,0.0010212680500222547
777.0,-0.00036587330237974495
782.0,0.002055084914989122
788.0,-0.00952142388226103
798.0,-0.010486962342823031
802.0,-0.0028428671453178235
811.0,0.0051426631521104705
818.0,-0.002768711251309198
822.0,0.001226093636879941
830.0,9.281092289381354e-05
841.0,-0.0012527591045324218
848.0,-0.0026947903315144143
859.0,-0.00554911464930274
867.0,-0.0022667611771877275
879.0,0.002419078684789341
886.0,-0.002711821183260844
893.0,-0.0028582154918287113
900.0,0.0008858738440404618
907.0,0.002639670543933839
915.0,-0.0029815383468268265
