,6
927.0,-0.002435896901817303
931.0,0.009001664851136387
937.0,-0.0003929162213720307
947.0,0.008321330679993065
955.0,-0.005449265960003012
962.0,-2.6509449191811186e-07
971.0,0.00015486369220457346
979.0,0.0006717534297670793
988.0,5.9693449525294056e-05
995.0,-0.00026030127182164576
1006.0,-0.0022406366711696076
1015.0,-0.0021298212675365147
1024.0,-0.0012929442547169458
1036.0,-0.0014646741232210117
1048.0,4.258292389551682e-05
1052.0,0.009135487462767503
1060.0,-0.004035224808551007
1067.0,-0.004443476504804869
1074.0,-0.0030807068186060943
1081.0,-0.008236643173822207
1088.0,0.00461073796963635
1092.0,-0.004336418506101132
1097.0,0.006103384373394758
1108.0,0.0024313391005351516
1112.0,-0.0006035144852895852
1119.0,5.2285308836014066e-05
1130.0,0.0010627645962326235
1138.0,-0.0005070984194596583
1149.0,0.0005576924844458665
1157.0,-0.00036469620620584604
1165.0,-0.003260653090059995
1172.0,0.001390870680674375
1176.0,0.0007177915736541538
1184.0,-0.0005476886633870794
1192.0,-0.0007895962077853537
1199.0,-0.0006037904199779549
1208.0,0.0007827154992426516
1216.0,0.0010276711228633683
1223.0,0.00023905569702304465
1232.0,0.0029473845134413497
1237.0,-0.0014473323864659484
1246.0,-0.00020607672861159353
1251.0,0.00030284841136160703
1260.0,0.0019277078270808082
1270.0,-0.0006809907196994628
1278.0,-0.002644794722616485
1292.0,0.0011416152496579088
1306.0,7.210403970790736e-05
1315.0,-0.00046683233929367105
1319.0,-0.00047262344834508196
1330.0,0.00025498666598818107
1338.0,0.0015263242501617994
1345.0,0.005899332597905711
1350.0,-0.005594367294315007
1357.0,-0.0029158232529804826
1365.0,0.0012075123954905789
1374.0,0.001803639578998433
1381.0,-0.0016303582610585358
1385.0,-0.0005570327763235558
1399.0,0.00039239180570052
1410.0,0.0017444227089914316
1417.0,-0.0010380135969008267
1423.0,0.006475177190217238
1431.0,0.0019392264293443342
1442.0,0.001885479330024834
1449.0,0.0012231600327913396
1459.0,-1.4563547878921768e-05
1466.0,-0.0007170356118462296
1478.0,0.00017597662727406204
