,8
0,0.002229320411694704
1,0.004023091426307902
2,0.0027113086919969176
3,0.0018536301888449312
4,0.005497007331455156
5,0.0009951690639887411
6,0.0004077626057430827
7,0.0013169329064519368
8,6.57151678905666e-05
9,0.0002598450879640773
10,-0.0006927265687068889
11,-0.0005996997783794887
12,-0.00041951064493131506
13,0.00016976452693553783
14,0.00014779488673633174
15,-0.00034131743891142543
16,-0.0032884280351228585
17,-0.003232670753397779
18,-0.0012251903451047754
19,-0.0059320197834877245
20,-0.011813101583160865
21,-0.00356550843431209
22,0.0039020577041260886
23,0.0006540212536415544
24,-0.0012154516468593439
25,-3.96791217907613e-05
26,-0.00011481279343643164
27,6.401356648931527e-05
28,0.00042845873754214807
29,0.0012951036357657572
30,0.00010979895076707726
31,7.387879183178908e-05
32,0.0004292638500804556
33,0.0009206969359543194
34,0.0001752363742704787
35,0.00026423139314927206
36,-0.0001604511510944286
37,-0.001448276471184135
38,0.003764327990154367
39,0.001737944029114904
40,-0.0018130681308586988
41,-0.0014680549346218937
42,0.003993623726622902
43,-0.0009602431761212306
44,0.0016942123149836141
45,-0.0007602810544506849
46,0.00025266439124754884
47,-0.00014055331406218416
48,0.0008295608973839922
49,0.0008511677371305012
50,-0.00016498206043148952
51,0.00011499253696279438
52,0.0006586250182286643
53,-0.0014817901301871395
54,-8.555329225526495e-05
55,-7.336753017055952e-05
56,-0.0003775764712309411
57,-0.0015684100332448586
58,-0.0001471059831930839
59,0.00023807594584484835
60,0.0005706320923074955
61,-0.0002907590255099151
62,0.0009244712984026769
63,0.0004482224637639844
64,0.0002758234751917677
65,0.00187691224746379
66,0.0011188920663285124
67,0.0020450500116634576
68,0.001602726067305006
