,4
2.0,0.003385534111490225
7.0,0.005381668777613002
15.0,0.007885306287348324
23.0,0.010878651259422226
28.0,0.005837212455847687
37.0,0.006480368799792799
48.0,0.0073847422274796485
56.0,0.0028780840013470452
65.0,0.009753708919111627
75.0,0.009730020261038584
83.0,0.009533335852584727
91.0,0.006185328311753965
98.0,0.007610800202897552
105.0,0.0019637690492108843
112.0,0.005646960950979613
118.0,-0.00764558700083193
122.0,0.0008473116306866585
127.0,0.0028667329270591654
131.0,0.003288585045593988
140.0,0.004444912398051787
149.0,0.006576003058036943
157.0,-0.003154077274597016
165.0,0.005270694110200916
173.0,0.006917838789746445
177.0,0.007227574118310393
185.0,0.005649929530698465
192.0,-0.007912532919836691
199.0,-0.0022481542561812442
206.0,0.0022479169475018404
213.0,0.009128435068795343
221.0,0.0035943982807952386
226.0,0.0059086322623967714
233.0,0.0058114870987216625
243.0,0.004154436168453329
255.0,0.0025805202360955457
263.0,0.008410996627823181
271.0,0.0071743019133864
280.0,0.008012542840561007
287.0,-0.0051897887287430345
296.0,0.0025235395002177257
305.0,0.0018823502471657261
319.0,0.01647730426086569
328.0,0.008040144052117115
337.0,0.005157614559517345
348.0,0.0003696637451518566
352.0,0.009231750722743898
360.0,0.010782905674898384
369.0,0.0065454060194915665
378.0,0.004732563972260278
389.0,0.002821622009166436
398.0,-0.0009222246010864316
402.0,0.002334831194239662
407.0,0.008095417151613183
415.0,0.009247353785942786
424.0,0.006122529196485887
432.0,0.004644361918149425
440.0,0.0019867321498575896
449.0,0.005427432780016508
458.0,0.0061565128059215225
462.0,0.005343073783972214
474.0,0.005438247524834414
481.0,0.007453139151575766
490.0,0.00824605662462922
499.0,0.009203510872971275
507.0,0.007989873241820088
512.0,-0.006546568862945958
523.0,0.0008372966234362943
534.0,0.012676398923564825
543.0,0.010373699805024153
550.0,0.010010774432308842
556.0,-0.007503909048327654
562.0,0.007203932830043821
567.0,-0.001149625561700733
578.0,-0.0007584604140005487
583.0,0.004824348041159949
588.0,-0.004411964003932843
599.0,0.004497254290938055
606.0,0.014210092039795726
615.0,0.009242884997224447
626.0,0.015646494818971842
631.0,-0.0014429674778850205
638.0,0.006897294518325338
644.0,-0.0002975764188211894
651.0,0.0006528366842359422
665.0,0.005962721052216858
673.0,0.004183735122540806
680.0,0.002650893821752499
685.0,0.008912888229407778
697.0,0.006945735212599027
704.0,0.0011851930647687422
711.0,0.004602497133688829
720.0,0.0037823996935420234
727.0,0.015617639882497128
738.0,0.007158778202092159
744.0,0.009793722142434569
752.0,-0.012021963181602929
757.0,0.002194692276492344
764.0,0.005610022455468881
772.0,0.002579214604387719
780.0,0.01381654431548076
788.0,0.003957773166393129
793.0,0.008528921523787512
801.0,0.0034372465720491855
809.0,0.008621890586649245
815.0,0.006223201636884314
824.0,-0.007342156580054371
831.0,0.00862986126201938
839.0,0.00880999336572406
845.0,0.0007763239181485025
849.0,0.004273188823339149
854.0,0.0017172895280410235
861.0,0.006430942281197027
870.0,0.005812263844065287
884.0,0.0036633113639052014
892.0,0.000799215525529118
900.0,0.015070081299683374
908.0,-0.007465766801224572
917.0,-0.0035240320904264297
926.0,-0.00020054323109993375
935.0,0.01622939853876441
944.0,0.009637635006613764
951.0,0.010262448357691703
959.0,0.0037101871879163945
963.0,0.007974108874118336
970.0,0.004276733313544909
981.0,0.004971547142971015
990.0,0.002736631140944781
999.0,0.003778777152742496
1007.0,-0.0038619962841054327
1012.0,-0.007619486833607575
1019.0,0.008316795918524272
1026.0,0.006984010455767936
1034.0,-0.003222231089955866
1044.0,0.00671982672371725
1053.0,-0.0021299842165494773
1062.0,0.0007428639685538456
1070.0,-0.0005637575293364555
1078.0,0.0006930597562251603
1082.0,0.0008255249374909856
1086.0,0.006197803885066765
1094.0,0.00701008899836004
1105.0,-0.0022613087650843393
1113.0,0.014544461232366683
1121.0,0.005489165155670538
1129.0,-0.0021807648719326185
1138.0,0.007172355210121654
1147.0,0.016923562615793756
1155.0,0.0010532423296280772
1163.0,0.005737809895303361
1168.0,0.009242419596277477
1176.0,0.003704023815861087
1183.0,0.0026366636845815716
1188.0,0.00571190072478754
1199.0,0.009450374637797552
1206.0,0.005045514748367806
1214.0,0.0073246201980029894
1222.0,0.004582742111419674
1228.0,0.008922441290902633
1236.0,0.0020496101502130077
1245.0,0.009280187002975233
1254.0,-0.010062422095231201
1259.0,0.006280291744973629
1268.0,0.006284642231348863
1276.0,0.004623470797431023
1284.0,-0.005828124083310366
1290.0,0.004073853283166523
1299.0,-0.0005301273585144215
1308.0,8.385899804361654e-05
1317.0,-0.0002692504054053901
1324.0,0.011440549136647398
1332.0,0.009856282715011976
1338.0,0.006400442577662224
1346.0,0.007538936298762628
1353.0,-0.0022620433872969957
1357.0,0.005570041444473796
1363.0,0.007465469311928687
1371.0,0.003442758813445501
1378.0,0.00717593743135414
1387.0,0.005005028758096243
1392.0,0.009644136640679675
1396.0,0.0032032275751885247
1404.0,0.005536329667466285
1415.0,0.0010550555612544325
1423.0,0.005469647072845957
1432.0,0.005753968669174737
1437.0,-0.00837332384192463
1445.0,0.006968667361065368
1457.0,0.0013522336362092506
1465.0,-0.002187939655268347
1473.0,0.005911760099588536
1481.0,-0.0031053503333597953
1490.0,0.009134113149422566
1501.0,-0.0004737525520671012
1507.0,0.005773786319805063
1519.0,0.0008802760352992086
1526.0,0.0025082398113026217
1533.0,0.007739013985771107
1538.0,0.004774917554563689
1546.0,0.00035987379233592975
1551.0,0.010704693579770464
1555.0,0.005473402114307869
1567.0,0.007957614428311858
1572.0,0.006334851623004772
1580.0,0.004253352810903176
1585.0,0.00925214667075519
1594.0,-0.001444650756198468
1602.0,-0.00934989106856566
1606.0,0.0044216213733720405
1617.0,-0.007257297935489025
1625.0,0.006422130678236843
1634.0,-0.009382405267412809
1638.0,0.007937201327736624
1645.0,0.0020947096482975044
1653.0,0.005654840911209792
1661.0,0.0059368244688500875
1669.0,0.000462351487572393
1678.0,0.0018984038871195858
1689.0,0.006714362864073736
1697.0,0.0042137793444296965
1704.0,0.007025142267089439
1711.0,0.005951702008135381
1716.0,0.010074663809780933
1725.0,-0.015868692210005628
1733.0,0.00319059106863805
1742.0,0.004408626386366736
1750.0,0.0017183125744003893
1761.0,0.0027478116419679343
1775.0,0.007981116955035854
1784.0,0.004724636752680504
1792.0,0.0025769484243122216
1799.0,0.012590812470527107
1803.0,-0.01201211736188873
1812.0,-0.00015647072617069088
1821.0,0.009376160187206732
1829.0,0.009582308749639615
1841.0,-0.0011121512001415158
1849.0,0.004808194549179055
1856.0,0.002001853486235119
1865.0,0.011646219079465454
1870.0,0.004491634106417149
1877.0,0.007139390810883857
1883.0,0.0031718792636583055
1895.0,0.0036085233083817483
1900.0,0.007311169321836177
1908.0,0.0065677949795196295
1916.0,0.0038585312238403674
1921.0,0.006480942247180042
1929.0,0.005758477912472003
1937.0,0.004706370234709652
1946.0,0.006504596521065803
1954.0,-0.004060192120977861
1963.0,-0.007945425060297629
1971.0,0.01656706404255204
1982.0,0.00486786980625879
1990.0,0.0002624312388205202
2001.0,0.00962084463718928
2008.0,0.0034821969744307482
2015.0,0.0015919274589121768
2022.0,-0.0002770572244006685
2029.0,0.003948656057231972
2036.0,0.004314663283061104
2047.0,0.0004254466135465511
2061.0,0.003655187887735883
2069.0,0.007732016540021006
2077.0,0.00862252877775608
2086.0,0.006248324758944229
2095.0,-0.004812969383673949
2106.0,0.006956293986502834
2118.0,0.0068078969741631684
2130.0,0.012194591247311287
2134.0,0.011628276749831908
2138.0,0.0009375130003349864
2142.0,0.006986007229183402
2154.0,-0.013654029474251128
2158.0,0.006034984967256841
2164.0,0.008870880035689414
2171.0,0.008067091162648733
2180.0,-0.002784921993411756
2185.0,0.0035305746230502653
2192.0,0.0015865737352658573
2203.0,0.000827326798057942
2211.0,0.0017465244326297924
2218.0,0.008720814813871249
2229.0,0.004362155069293804
2238.0,-0.0017568765482246695
2243.0,0.013771629206920951
2251.0,0.0012134340234965448
2256.0,0.0016751165155816441
2265.0,0.0030486031550417763
2277.0,0.008861809858190978
2286.0,0.008127094903862184
2295.0,0.006518873528575001
2303.0,0.01158688651911818
2308.0,0.010199657492578156
2315.0,0.0013332610441223137
2321.0,-0.005697546858171785
2329.0,0.013667616794441888
2339.0,0.010218394418148593
2348.0,0.003626355203786699
2357.0,0.009678123257078881
2365.0,0.010766435165291332
2373.0,-0.00535468916783677
2381.0,0.009062454721083307
2389.0,-7.560975532376591e-05
2396.0,0.010405440193003965
2402.0,0.005376382288221813
2410.0,0.015711661804110745
