,6
2420.0,0.004569829533828468
2425.0,-0.0005425443203634013
2433.0,0.00425340151995221
2439.0,0.001061483363895543
2445.0,-0.0071088129966077425
2449.0,-0.0021873647500805747
2455.0,-0.0018332623909218175
2462.0,-0.006895550127572036
2469.0,-0.0020893882443851304
2476.0,-0.004127553058763875
2484.0,-0.006582810135195064
2492.0,-0.0023503919741183887
2500.0,-0.0015681795085263207
2504.0,0.0032998104974519015
2515.0,0.0021568638162967548
2523.0,-0.00015891203933818607
2529.0,-0.0005944868686121485
2541.0,0.004101545688104413
2553.0,0.004115094491782283
2559.0,-0.0023218559818453965
2566.0,-0.010005752415704876
2573.0,-0.0010903258814268328
2581.0,7.539188282976457e-05
2586.0,-0.001370702551918466
2593.0,0.0018155678224689507
2597.0,0.003534821392247385
2604.0,-0.001065951570112302
2611.0,0.00038661639899098755
2619.0,-0.0009832843518279557
2630.0,0.0005189914038320329
2642.0,0.0051316364808933895
2648.0,-0.000822992109972168
2654.0,-0.005708424078871735
2660.0,-0.010703082759699238
2664.0,0.0021293606977060707
2671.0,-0.00010298285962838277
2682.0,0.001134674541935694
2693.0,0.0009423204034025639
2701.0,0.003047307965096455
2709.0,-0.0013414571748375547
2713.0,-0.0004704125515021654
2722.0,0.0003017128771432975
2731.0,0.0013434171403562418
2737.0,-0.00019578130426566685
2745.0,-0.00022408179613025883
2753.0,-0.00032485771813371554
2759.0,0.0009110574849430617
2767.0,0.0027717052699147964
2774.0,-0.0013118320062155337
2783.0,-0.0027376913226493426
2791.0,8.01499337839695e-05
2800.0,0.0020078855377259953
2807.0,0.0017734441477433407
2815.0,0.0024970960869379263
2819.0,0.005717197866549934
2826.0,-0.000741845125036131
2840.0,-0.0009112742762635821
2848.0,-0.000401023506609114
2857.0,0.003169713819626569
2864.0,-0.0005728692063586892
2869.0,-0.0009781294326754817
2876.0,-0.0004915694980979593
2885.0,0.0002666500109899014
2891.0,0.0019937895555501386
2900.0,0.0022864476863757224
2912.0,0.00010031951959127936
2923.0,3.4053148579728484e-05
2931.0,0.001486161312359349
2940.0,-0.002091541155729135
2952.0,0.00020206999090520192
2958.0,0.0005896681873195123
2964.0,0.0008025631872362077
2970.0,-0.001563081720056101
2977.0,-0.0012715448339905215
2986.0,-0.0030401343919113704
2993.0,0.0028344005507877482
3001.0,0.001757266591627157
3008.0,-0.010944439600140854
3015.0,-0.005924386169489704
3019.0,0.0005852831381682311
3023.0,0.0003088802971293875
3035.0,0.0004458408052271615
3044.0,0.003124676050848342
3052.0,-0.0006147891171428234
3063.0,-0.003230637845813048
3067.0,-0.0035438794011432846
3073.0,-0.0004143450716710708
3080.0,-0.003459135463614145
3087.0,0.0015554542203984453
3099.0,-0.0011392115556661698
3110.0,-0.00012169617927956001
3120.0,-0.0022032163562685624
3124.0,0.003239610947167435
3132.0,0.0009693601556867214
3138.0,-0.0001404209453909776
3145.0,0.0006144471738921099
3152.0,-0.00016206538115531516
3163.0,4.27679347458628e-05
3168.0,-0.001106218154390561
3174.0,-0.002239942070493925
3183.0,-0.0048456179972264
3190.0,-0.0008043364822188121
3198.0,0.0006272830787384009
3209.0,0.006352731147039396
3215.0,-0.00015169172740570386
3223.0,0.00024389671098144615
3231.0,-0.0011903800109761891
3235.0,-0.002507583595744877
3243.0,0.0013761302675623476
3252.0,0.000997921263535433
3258.0,-0.0019366119170083525
3265.0,-9.349678828734229e-05
3279.0,0.00043416067967113904
3285.0,-0.0007334157632021112
3294.0,-0.0006943392760916637
3299.0,-0.00017776912620654222
3307.0,-0.00013185310723009977
3315.0,0.0005128498268290605
3323.0,-0.001245305478218998
3337.0,-0.00015083907672834037
3341.0,-0.00789017225287426
3348.0,0.002995656980066267
3355.0,-0.0026595844274346033
3366.0,-0.0021176064423689953
3374.0,6.809952830461795e-05
3381.0,0.001294205420206428
3388.0,-0.0005744708918425612
3394.0,0.004518354111283504
3401.0,0.0011501400161627487
