,8
0,-0.00016691904953502644
1,0.0003433493232954971
2,0.00021016198497918063
3,-0.0005460389861008514
4,0.001525741384106017
5,0.0014090405107353675
6,0.0005717788238626784
7,-0.0006323616814804239
8,0.003836248419712632
9,0.000827086662823969
10,0.0011187884119331487
11,8.772089328465956e-05
12,-0.0009316108738225599
13,-0.0010867656590487571
14,-0.004562868938963849
15,-0.0037570459022898376
16,0.0008556209986944894
17,0.00040852744542548637
18,-0.0002403077224829809
19,-0.0004128356868402931
20,-0.0008825121474766144
21,0.0004894947679187694
22,0.0013544587028514019
23,2.5529460241548783e-05
24,0.0001233650040538357
25,0.0008624964538294237
26,-0.0003573832116224908
27,0.00021280269260974584
28,0.00026759219132749425
29,-0.00011433546724815097
30,-0.000236983683975735
31,-0.00015396829160578267
32,0.00029620160779290537
33,0.0003580234993322613
34,0.0004196307564976114
35,-0.00038198655835008975
36,-0.00023597138716885003
37,0.0008482068276706669
38,0.001715925396651006
39,0.0007005194690154665
40,-0.00043452813054142034
41,-0.000293348862494152
42,0.001545104517691258
43,-0.0005507235107419065
44,0.0005388377771566277
45,-0.0010857213520497147
46,0.00010367045454246945
47,-0.0010842323748118286
48,0.0005957969761037283
49,0.005502242436608753
50,0.0044376071286483885
51,-0.000149643714021397
52,0.0014234689763877992
53,0.004366818128647818
54,0.00016688708386311348
55,0.00013579579570697833
56,0.0012152171230445903
57,0.0014437942175816003
58,0.00014653023257429887
59,0.0003066982453390381
60,0.0017136649757620477
61,0.00010851324318990975
62,-0.00033958215467498013
63,0.0002846677552486668
64,0.0018047748990243058
65,-0.0007572372843567217
66,0.0007473318021946612
67,0.0008060055535599373
68,0.0017376675729932427
69,-0.00234222109763615
70,0.00023594416753693604
71,5.7117364946595976e-05
72,4.892593370385025e-05
73,4.114138938780185e-05
74,-0.00015483553900972623
75,-0.0005459420667302295
76,-0.00021281901993493502
77,0.0007707032346498233
78,0.0009728294585609918
79,-0.0026447665969329915
80,-0.0002232274654087689
81,-8.013543893645018e-05
82,0.00017117851838420085
83,-0.00035511033199783694
84,0.00013351547717594796
85,0.00035939857938360937
86,-0.00014981795028274792
87,0.0006626859503371332
88,0.0008503616825040286
89,0.00033936059173835973
90,-0.00036652894021988033
91,-7.842096452106646e-07
92,-4.464104948548209e-05
93,0.00010405046422784081
94,0.0012312259120921068
95,0.000529324270835819
96,0.0007240031198039237
97,0.00033825145971869006
98,-0.0013112388929074558
99,2.6126397724708972e-05
100,-0.005104195702830356
101,-0.002811353154009577
102,-0.0005397132646360132
103,0.0008051668344083623
104,0.0010692539921771846
105,0.0004777410543418053
106,6.176256892098435e-05
107,0.00026428648204978835
108,6.468567122709513e-05
109,2.177393257168284e-05
110,0.00018605861332659894
111,-0.0007988715978322912
112,0.00045997546570046766
113,7.586046846399993e-05
114,-0.00012343996901975182
115,0.0009531310804791325
116,-0.0004306087058401228
117,2.1785585007539128e-05
118,-0.0008195857070038161
119,-0.0014113100722977486
120,-0.0001270655215839963
121,-0.00032143397846682973
122,0.00031941566127312976
123,0.0008145554035412578
124,-5.789229769716432e-05
125,0.0006494275466052711
126,-0.0012471652014470445
127,-0.0041919018613800875
128,-0.005550244844163575
129,-0.00120810864852409
130,-0.0006438549370844184
131,-0.0014517816843452724
132,0.0004368369950449341
133,0.0007868701511155265
134,5.381394184766541e-06
135,-0.0002996150358259652
136,5.281509642285429e-05
137,0.0005142470992875189
138,0.00032714225576215494
139,-0.00030825053329149206
140,-0.0015137980655084494
141,-0.00022445515778584275
142,-0.0014961466033782092
143,-0.001779131782996794
144,-0.0020844428724574615
145,0.003046435967868818
146,0.001509931181389202
147,-0.00010403483129088376
148,-6.941943918513728e-05
149,-0.00036030258542877296
150,0.00015412322125725117
151,7.783416322336328e-05
152,0.0004378847506205247
153,-1.5786664536527078e-05
154,0.0003174391658403876
155,0.00027864298736441094
156,0.00011577719272295905
157,0.00019329016544276134
158,0.0010883494575305455
159,0.00018949709883060955
160,0.0002278952899045827
161,0.001104019365435045
162,0.0030177246929685682
163,-0.00012186106159521339
164,-0.00014070189273410926
165,0.0024198605757642286
166,0.0040809140638773085
167,-0.0007124216418978077
168,-0.001011929646999803
169,0.001520879172312615
170,0.002720335422521873
171,-0.0002292922889523527
172,0.004191162652600045
173,0.003321010202857738
174,0.00034796205986030654
175,0.0003171371905530505
176,0.0022950975442097427
177,-6.913170989721169e-05
178,-0.0001495591099256023
179,0.00034533877902080126
180,0.0009521359145114142
181,0.000895027162579731
182,0.0001861337358617401
183,0.0013256062598598379
184,0.002428724244234892
185,0.0009079002702649392
186,0.00014781863830057987
187,-0.0006371292842138154
188,0.0011385146920226041
189,-0.00027998706968873307
190,0.0012058446802112035
191,0.0010412669400102431
192,0.0008641243309625784
193,1.927619320587481e-05
194,6.948444233365248e-05
195,0.0002934777036938768
196,-1.4439307998510253e-06
197,-1.3635221341153206e-05
198,0.00013598090803815108
199,-1.384309874625424e-05
200,-3.6790398712997356e-05
201,8.882859309342493e-05
202,-0.00036699984774303063
203,-4.734147216634146e-05
204,0.00011463852091921252
205,0.0005395700414632272
206,0.0011986826949639507
207,-0.0004058607454986919
208,-0.00045817393995696776
209,0.0011865664062693218
210,0.0038180021116852084
211,-0.0008030183957828754
212,-0.000517501402164726
213,0.0009179831724816165
214,0.001879808777614866
215,0.0011970817943969397
216,0.0006383623712246672
217,-0.00013492846114069608
218,0.00280407001277677
219,-0.0005854984343105669
220,0.0005040765750929067
221,0.0003011055671845684
222,-0.0008212473870319256
223,-0.0013179634215483092
224,-0.0010007815549050224
225,0.00021988486593467967
226,-0.0004502006778847229
227,-0.0008414177729448468
228,0.00257772081105818
229,-0.006190358855655031
230,-0.006981490447049542
231,-0.007885151049504407
232,-0.0032205545195428966
233,0.0015826607997789306
234,-0.00048040260240943494
235,0.0003098337264926584
236,0.0003698817595066882
237,-0.0004893077742260029
238,-2.8289448640613792e-06
239,-0.00044762080635924774
240,4.904541978111805e-05
241,3.0871514741881677e-05
242,3.561578416376358e-05
243,0.0002232911334652646
244,0.0003254339286487783
245,-2.2152393040983746e-05
246,0.000790813492674283
247,-0.0006197697336463221
248,6.98448288818388e-05
249,-0.0006096201209199861
250,0.00016010228824156516
251,-0.0004629927252021572
252,0.0003242967540520868
253,0.0008194055204222257
254,-0.0009001027401149019
255,0.0008472568873331735
256,0.001778987852541508
257,0.0019363327157631372
258,-8.831734360166971e-05
259,-0.0002835652688252414
260,0.0014374353890320426
261,0.00045767398977304013
262,0.0004333793927028783
263,0.00039601715271200854
264,0.0010814647328666982
265,0.00039914169426220745
266,0.00025059540051924765
267,-0.0005429401580004437
268,-0.00013481240633392153
269,-5.961871941252096e-05
270,-0.002342975397652296
271,-0.0034789161202434717
272,0.004512357944881133
273,0.0023723847424353835
274,0.00238129474720362
275,-3.5320967615213066e-05
276,0.0004353726903066396
277,0.00036833661083363143
278,5.483659819452415e-05
279,0.00011857593137489683
280,0.0004921978408893948
281,-7.275708309451591e-05
282,8.679910034584091e-05
283,0.0005536460484080374
284,-0.000241926442213151
285,3.7593141051373358e-06
286,-0.00011398635578269091
287,-0.0004689733405430118
288,0.000651427084890312
289,-0.0009063723275258103
290,4.248726716662987e-06
291,0.0014705761913472333
292,0.00154239819444843
293,0.007411583260161421
294,0.00810139209056998
295,0.0014106587079467322
296,0.001303397033971278
297,-0.0017960821891901421
298,-0.0008056530980407308
299,-0.0032607684799241016
300,0.00047375631954681455
301,0.005745392018260361
302,-0.0005596065066830897
303,-0.0004440755430069876
304,0.00023997721536820637
305,0.0004272023048933152
306,0.0029868274019087945
