,8
0,-9.18655882636253e-05
1,0.0020504924707917776
2,0.0008360678347507078
3,0.0004414982400897515
4,-0.0028306425961008475
5,-0.005089232164526431
6,-0.000859562997522611
7,-0.003240976130587372
8,-0.0002868224054446828
9,-0.00023625787972918712
10,0.00025410188289673506
11,-0.0011765393212631067
12,0.0006701549350215188
13,0.0021529445892321166
14,0.001128719018603695
15,-0.00243992930492803
16,0.0012146458864798686
17,-0.0010432841700897132
18,-0.005511611162339715
19,-0.007987599543967841
20,-0.0021346359227764605
21,0.00047518993797075987
22,0.0003407509826472358
23,0.0004983694942829716
24,0.001508083737543944
25,0.0015751592469560598
26,0.00048079257043464447
27,-0.00024064722505563963
28,0.0007563034103590608
29,-0.0004167534626648519
30,0.0005982120301019782
31,7.638905468601483e-05
32,0.0016057966406132168
33,0.004652526724925047
34,0.0013595156340722625
35,0.0004845316535118019
36,-0.0003909453695969228
37,0.0002516544252784536
38,-0.00043998934607214393
39,-0.0012479743990330716
40,-0.0009478113726137138
41,0.00020208329997921466
42,0.00012439520027126202
43,-4.261749490502734e-05
44,0.001017550601858057
45,0.0005723098698897499
46,0.0019786673597760795
47,0.002080427599389801
48,0.0013581968998645777
49,-0.002494877704795722
50,0.0018226438149357956
51,0.002036398485846043
52,0.002786702100897661
53,0.002040894762403278
54,0.0012450142412161762
55,0.0006227758062521566
56,-0.0014114602313073724
57,-0.004681070119258087
58,-0.004211435148984584
59,-0.0010093937834138437
60,-0.0018555096869523366
61,0.000781303679464222
62,0.00023327193366320375
63,0.00013733027481660392
64,0.0009135595851746657
65,0.0019228175539122167
66,0.0012135052171299615
67,0.0019035656005107877
68,-0.0006180444419228289
69,-0.0009003985345577986
70,0.000441561496473054
71,0.0010182233058001417
72,-0.0006734228076845988
73,-0.002387646098443372
74,0.00018517805468294747
75,0.0022898579471918616
76,0.001135313453491878
77,-0.0012276358843567319
78,-0.0033261575017491008
79,-0.0005020277845914071
80,0.00024157474934850497
81,-4.152271900846572e-05
82,-0.0002984610565117832
83,0.0005089632549570774
84,-0.004194838695622519
85,-0.00279280738088101
86,-0.005452256733203702
87,-0.000532000746751865
88,0.00011464685285976507
89,0.0007512264572823653
90,2.259979647914875e-07
91,-0.0014265245363172063
92,0.0006275886367234241
93,-0.0010562170239429378
94,-0.0008414321927563223
95,0.0004030777598251283
96,-1.5746856781420874e-05
97,0.00028235985788541075
98,0.00015358027423600438
99,-0.001007639995586958
100,-0.0032724571284219618
101,-0.000965766917691196
102,-0.0008145764510085761
103,0.0019422910530084313
104,0.0021583764003624494
105,0.0010394212962856967
106,-0.0011468345351352215
107,-0.004816584978912545
108,0.00014493085091521604
109,-0.0009353693820724616
110,-0.00011528821372572261
111,0.00014752981750856906
112,0.00024298539770615916
113,-2.806144947679192e-05
114,-0.0005693093290356086
115,-0.0005542492420023541
116,0.0003311409628015916
117,0.00044952480145628114
118,-0.0005727597053161655
119,0.001086522997287822
120,0.0019478451284622254
121,-0.002507321188908166
122,-0.0024108502548524976
123,-0.0005828970583953678
124,-0.0012595833139521057
125,-0.0003526138515716513
126,-0.00040898147736990163
127,-0.0005028976523660078
128,0.002297029502447183
