,5
2420.0,-0.005880659971086086
2425.0,0.0057366881734760644
2433.0,0.006457119515989536
2439.0,-0.002350785915833432
2445.0,-0.008831421572558784
2449.0,0.0018705979181228732
2455.0,-0.006002886508554038
2462.0,-0.006897203189057977
2469.0,-0.00414030927832769
2476.0,-0.00518380983849648
2484.0,-0.00883562318612531
2492.0,-0.0008444551021579473
2500.0,0.00021531688071216385
2504.0,0.005298205503035141
2515.0,0.0022612787817001974
2523.0,-0.003431772056909364
2529.0,-0.0010857668793960809
2541.0,0.006071807282331231
2553.0,0.007291521750079752
2559.0,0.005611648550446869
2566.0,-0.013204767092807504
2573.0,0.0013801009816329021
2581.0,-0.00022508988735343364
2586.0,0.004917533778329
2593.0,0.0024711090732676424
2597.0,0.0056933714747181225
2604.0,0.001992595816622987
2611.0,0.0049644510711123755
2619.0,-0.00042746767427966184
2630.0,0.004345247525269428
2642.0,0.004960216609022436
2648.0,0.006110062463812079
2654.0,-0.005253272095292405
2660.0,-0.026799844881831954
2664.0,-0.003704208985962458
2671.0,-0.0002221605951882828
2682.0,0.0028282835770950727
2693.0,7.585510905127247e-05
2701.0,0.002287805257090828
2709.0,0.0013105088524777253
2713.0,-0.002748616127290657
2722.0,-0.002161485293491513
2731.0,0.005903994778097338
2737.0,0.001910794652072615
2745.0,0.0010966341449597896
2753.0,-0.0004922548764048751
2759.0,0.004035250310374559
2767.0,0.0009948848823398907
2774.0,-0.004480367591907524
2783.0,0.000752718823469711
2791.0,-0.0013474652857412295
2800.0,-0.000937649741293305
2807.0,0.0037826442578795054
2815.0,0.0018810377343533018
2819.0,0.0022861980881129667
2826.0,-0.0017573554555847884
2840.0,0.000675521367917212
2848.0,0.0014812476135378666
2857.0,-0.007169214009128634
2864.0,-0.001033835025219386
2869.0,-0.004661210995548552
2876.0,0.0025286215990232234
2885.0,0.0014618992630528432
2891.0,-1.3761602754927516e-05
2900.0,0.0005574074524141815
2912.0,0.0004892723516827229
2923.0,0.0002461316767811609
2931.0,-0.001628494040718175
2940.0,-0.0027075829138960934
2952.0,-0.0008988081253451966
2958.0,-0.0026067388301275777
2964.0,-0.0003575450908623807
2970.0,-0.0068367350021337
2977.0,0.00038567190826925427
2986.0,-0.005417675989055807
2993.0,0.00531309804225469
3001.0,-0.004153598010231182
3008.0,-0.0054535090844859664
3015.0,-0.006884753350841568
3019.0,0.0016997342213382375
3023.0,0.002712019651091129
3035.0,-0.0007375025609136062
3044.0,0.003770079324377519
3052.0,0.001697998773347899
3063.0,0.0029598469441470382
3067.0,0.00013025660553193786
3073.0,0.00048466710648868325
3080.0,-0.003593506144306414
3087.0,0.0027418813221165616
3099.0,-0.0003328174059967472
3110.0,-0.002539887799293742
3120.0,-0.0020334424779956516
3124.0,0.005914227561542702
3132.0,-0.0023300063098531778
3138.0,0.0018279087051989507
3145.0,0.0006760473931242588
3152.0,0.0007797185901971481
3163.0,0.0004984049586457221
3168.0,0.00028540409451496796
3174.0,-0.0025785535221057396
3183.0,-0.014076094167668389
3190.0,-0.004633406567812511
3198.0,0.0034038234381111717
3209.0,0.0034810647159989254
3215.0,0.0017601376944856707
3223.0,-0.0022794446786413717
3231.0,0.00214817606160631
3235.0,0.00048526368227243846
3243.0,-9.344676052551622e-05
3252.0,0.0008870838024479063
3258.0,-0.003529185096314474
3265.0,0.0008639894447908874
3279.0,-0.00011921150748286596
3285.0,0.0017892040061047733
3294.0,-0.0013570266569657623
3299.0,0.004014067248411981
3307.0,-0.0024898863166631416
3315.0,0.0014842767897199282
3323.0,0.0010569425333292347
3337.0,-9.348130012792438e-05
3341.0,-0.014580987325020516
3348.0,0.015965769394373427
3355.0,0.0003236395607957822
3366.0,0.0018075381127675713
3374.0,-0.003440068314160541
3381.0,0.0034345269854279404
3388.0,0.0023704936409788147
3394.0,0.002898826940970907
3401.0,0.0010460206184727447
