,5
5267.0,-0.00516896017618191
5275.0,0.009724021143135411
5281.0,0.005223158251238754
5287.0,-0.00539024613394813
5296.0,0.0015521443593008058
5303.0,-0.0013678552153960606
5307.0,0.005778063032175517
5316.0,0.0017514755912688706
5323.0,0.001865472505092049
5334.0,0.004557358192401469
5343.0,-0.006177051545993388
5351.0,0.003374212507268678
5360.0,-0.002346208050550808
5366.0,-0.004557605015032786
5374.0,0.002035696815612679
5381.0,-0.0002360725117503522
5387.0,2.4185004363235738e-05
5398.0,8.809792111828589e-05
5404.0,-0.001000006186905972
5408.0,-0.01537488407800891
5413.0,0.004294010079084371
5421.0,-0.0006321288035788061
5425.0,0.0006773432390533017
5434.0,0.001093839371773656
5440.0,0.010508527114335994
5445.0,0.012699337327808735
5450.0,0.0024532049707896666
5456.0,0.00011521221907596815
5463.0,0.00555325261006692
5471.0,0.005700856715029256
5480.0,0.011901155021340055
5485.0,-0.001501664881064651
5491.0,-0.006629290458943563
5498.0,0.00956718445281477
