,8
0,-0.003116780181910373
1,0.0025884151814856383
2,-0.0014718890715302582
3,-0.0029920542970628605
4,-0.0026918547530030675
5,-0.0032628071391938595
6,0.0007657064788917036
7,0.0016532334022321628
8,0.0029806120868482626
9,0.002792137361450587
10,0.0017309549405465352
11,-0.0006124519965360589
12,-0.0001043762315100331
13,0.00040369374732092097
14,0.001258700257738987
15,0.002399612501525275
16,0.0006932915223314284
17,-0.00028031143900431456
18,-0.0004292797221099676
19,-0.004007562419611795
20,-0.0018860351086537443
21,-0.00019078525547797548
22,0.00047158478507421185
23,0.00010767815340252798
24,0.001890718082033568
25,0.0017805317584534282
26,0.003259272550162494
27,0.0015178691644380266
28,0.005522050804075137
29,0.00126017379098079
30,0.0031201244536295113
31,0.004530005545171564
32,-0.006074677147794782
33,0.0010088155357931004
