,6
5267.0,-0.003538741493488002
5275.0,0.008935446752476381
5281.0,0.0007321205391867729
5287.0,-0.007311001014499446
5296.0,-0.003732483694468229
5303.0,-0.0018071702145699105
5307.0,0.0004295363789566189
5316.0,0.003289857471611193
5323.0,0.0017620708356485373
5334.0,0.0022477597236183113
5343.0,0.0010407744608425867
5351.0,0.0022793559579293576
5360.0,-0.0036622316804305216
5366.0,-0.0022090410139741137
5374.0,-4.0450867571756413e-05
5381.0,0.0008236326039603238
5387.0,4.405723091437062e-05
5398.0,-0.00025491653077775426
5404.0,-0.0008548684113715096
5408.0,-0.011414006406518922
5413.0,0.0002090094309701495
5421.0,-0.00011108983126856362
5425.0,0.0010708030038982987
5434.0,-0.00047575868144178544
5440.0,0.0027869470848931833
5445.0,0.010291232501970426
5450.0,0.007172043827719468
5456.0,0.0030251409080984722
5463.0,0.005564781815861696
5471.0,0.008282572593917625
5480.0,0.0021300660281336004
5485.0,-0.001628125356052906
5491.0,-0.010301913922076399
5498.0,0.008133244199696483
