,3
5267.0,0.008683002070430951
5275.0,-0.016874350465150626
5281.0,-0.00020271736374940467
5287.0,0.002497268222878784
5296.0,0.002886750143336657
5303.0,0.013169922039814767
5307.0,0.013427138982174337
5316.0,-0.010848485453041613
5323.0,0.015358547776195339
5334.0,-0.01656961085184456
5343.0,0.0018878826595078873
5351.0,-0.0027062214721106574
5360.0,0.018747519973419363
5366.0,0.004887268130596376
5374.0,0.006043841944226114
5381.0,-0.008434904552124249
5387.0,-0.014314178575376955
5398.0,0.012138820864996314
5404.0,-0.005535733618964323
5408.0,0.009067276888134827
5413.0,0.026084579353077404
5421.0,-0.02251634603494352
5425.0,0.008835137829316012
5434.0,0.008168824593929218
5440.0,-0.007781742488557541
5445.0,-0.02236517262552288
5450.0,-0.008655144054787836
5456.0,0.016822061801523625
5463.0,0.00039308299665215794
5471.0,0.021515655165036666
5480.0,-0.016553369435536425
5485.0,0.0015752985377271665
5491.0,0.0054195052104015
5498.0,0.014958290490371492
