,4
2.0,-0.00595069063613398
8.0,0.003178918481758952
12.0,-0.009403050529980991
19.0,0.002114059265632756
26.0,0.01242785079217259
31.0,-0.0001401987089187663
39.0,0.012390158622466022
48.0,0.002695522811306565
55.0,-0.0022170165414956097
62.0,0.00039598748074169134
70.0,0.0009764405569052893
76.0,0.009313020778552807
80.0,-0.0017865867428150716
88.0,0.006300501992286445
95.0,-0.005224698148363997
103.0,-0.0025978723561753017
107.0,0.004346833945371308
116.0,0.004193345331618121
125.0,0.00988234046178727
130.0,0.004898876362885294
137.0,0.008168962869328293
144.0,-0.0029892647442857786
148.0,0.0017572134260168593
154.0,-0.009509930167796136
168.0,0.005790132747904494
175.0,0.00158109057885918
189.0,-0.002035650862451845
198.0,0.003916062676269329
205.0,0.006364594135327948
211.0,0.004617496030897052
219.0,0.002957195663761225
228.0,0.005129212883265035
236.0,0.01647534357677897
245.0,0.00677080287128318
252.0,-0.006126427892123941
256.0,0.0036064353335324125
267.0,-0.00395892374689243
277.0,0.003030964313490381
288.0,0.007006130542982373
294.0,0.0011282706307310306
298.0,0.0021917791438642842
302.0,0.009021495463715801
308.0,0.0060769391319987105
316.0,0.007826570706053707
324.0,0.01198015618382494
332.0,-0.008186532677892842
341.0,-0.0035852107310536214
349.0,0.003532713720551798
363.0,0.006000960232834194
370.0,0.0034426267503690484
377.0,-0.00276910565809588
384.0,0.011484264932700617
389.0,-0.002255714817213848
394.0,0.006359525360190968
404.0,0.0053302711614094415
410.0,-0.018202409958918336
414.0,0.010220770011155261
421.0,0.008939244685789003
428.0,0.013264627909315976
435.0,0.001887087025312834
441.0,0.005082970336281584
449.0,0.007568114916461045
456.0,0.008529610180512648
463.0,0.007066220798261112
470.0,0.01051747055965518
475.0,-0.018390574359743003
479.0,0.0042090268061839185
488.0,-0.0003364223768759421
499.0,0.003165363493138333
507.0,0.0056918275471499686
516.0,0.015239776412818831
520.0,0.008460671083453653
526.0,-0.002594460918839669
532.0,0.004173511517734293
538.0,0.017266316168542403
547.0,-0.00954346270107564
556.0,0.01005703570110171
564.0,-0.001668355251767914
573.0,0.006577321707641898
582.0,0.003326183129280539
590.0,0.005770001721732259
599.0,0.010269486518281575
607.0,-0.0008678284787976359
612.0,0.001820115097654851
621.0,0.0058176407832756846
628.0,-0.0034438076501747887
639.0,0.00813137470173952
648.0,0.002245157849480854
656.0,0.00770534059470878
662.0,0.012011244128815188
671.0,0.003158708904116531
683.0,-0.005115841430189968
691.0,-0.003429507568612481
697.0,0.0033467305216549
705.0,0.008288811643223811
712.0,-0.005435438802936157
720.0,0.008764842223339177
728.0,-0.011900872709875738
736.0,-0.008414040394484528
744.0,-0.001236200979801766
752.0,0.00976385040800612
759.0,0.0019084526049507236
767.0,0.003840405424992644
775.0,0.0012749016616456043
784.0,0.007209594574527841
792.0,0.0009917795009552522
798.0,0.004385473518910434
805.0,0.01465050374199114
810.0,0.013341739162955597
815.0,0.010724049608723817
821.0,0.015990631310522804
832.0,0.002057697386552642
838.0,0.006948045032287468
847.0,0.005821285541759961
854.0,-0.00042908424367076796
861.0,0.002414356173645856
867.0,0.008841882342292768
872.0,0.0019176208780648763
879.0,0.007078847597527972
885.0,0.011535103041645503
893.0,0.00028765096848029447
900.0,0.00544530734530443
906.0,0.008429708482358059
911.0,0.008784008199362356
917.0,0.0053458045320807085
925.0,-0.0037324664001653234
933.0,-0.012006866812160533
944.0,-0.003688073332179698
949.0,0.01735991351496189
954.0,-0.007185529233400023
958.0,0.009118856971680502
965.0,0.006693564345999644
972.0,-0.0006130297365385195
978.0,0.005854876989726244
985.0,0.001837505765529761
992.0,0.005709002653615187
999.0,-0.004186277929178245
1003.0,-0.00489682580173511
1017.0,0.0033925981283410888
1021.0,0.008059880519847736
1029.0,-0.004589252284287365
1036.0,-0.0043717231220356464
1047.0,0.002505175414876478
1059.0,-0.005279051438631904
1067.0,0.006106865838020601
1074.0,0.0017421944912195952
1081.0,0.014886170242504274
1089.0,0.010171675947587387
1100.0,0.006565309582892602
1108.0,0.001065757414119079
1117.0,0.0035629439542799904
1126.0,0.001872717280126403
1131.0,0.011100122212394587
1137.0,-0.006791712291431227
1145.0,-0.00032642589804054284
1152.0,0.01157391429096383
1160.0,0.0052254715598841935
1168.0,0.012039408513833968
1174.0,0.017991716992810672
1182.0,0.00594728221618302
1189.0,-0.0001921808770738604
1197.0,0.006756319248761762
1203.0,0.011672190436552097
1212.0,0.010819167597766499
1221.0,-0.0007712007068313852
1233.0,-0.009539807047618665
1247.0,-0.00792360073427769
1251.0,0.013993316766237449
1258.0,0.012732474496060275
1267.0,0.004993597023832818
1275.0,0.01191278339122473
1284.0,0.017619723109782874
1292.0,0.0016285520844635045
1297.0,0.004099597178395332
1305.0,-0.0012589989666732275
1313.0,0.00631397350877628
1319.0,0.003183952164368914
1324.0,0.0018306089517957506
1328.0,-0.003002433654905173
1333.0,0.0004356650175875734
1339.0,0.005608065097507756
1343.0,0.007629908755671449
1350.0,0.000443423468508445
1356.0,0.01574639511569887
1362.0,-0.0016792219868004019
1368.0,0.01182941285224001
1376.0,0.003574516735948664
1380.0,0.010593740427903477
1388.0,-0.0001445249088776332
1394.0,-0.002189573574215428
1398.0,0.010674323073772302
1402.0,0.0010850779129968672
1409.0,7.271603372792647e-05
1417.0,0.0036676247200718368
1424.0,-0.004027836901719384
1430.0,0.004827095577278608
1439.0,0.00045092771262433037
1448.0,-0.017991018249469064
1456.0,0.0164568371116619
1460.0,0.009645627295463444
1465.0,0.0024461318740061824
1479.0,0.0059339326772776734
1486.0,0.0002554089211866468
1494.0,-0.0037482996314030033
1501.0,0.00437428128450042
1505.0,0.00012423468365788947
1513.0,-1.6172750604861862e-05
1520.0,-0.0001175333233116317
1526.0,0.003798418961026475
1540.0,-0.0012992082104494914
1544.0,0.007010573403892141
1550.0,0.012442617651118088
1556.0,-0.0042516869958510424
1563.0,-0.009039295927205636
1569.0,0.00971361086903582
1575.0,0.002871118689934989
1582.0,0.0013059738809026375
1588.0,0.005511427766946409
1595.0,-0.0032919625945328945
1602.0,0.01032876886779789
1606.0,0.005304748253239212
1613.0,0.0016603468340897786
1625.0,0.01379368389822586
1630.0,3.8227942321534244e-05
1641.0,0.010508662180499239
1648.0,0.004092622282757189
1655.0,0.0024617546701891915
1660.0,-0.003252123263165697
1668.0,0.007816219638311587
1675.0,0.014662446326097518
1683.0,-0.0010132737654509128
1697.0,-0.0016320631921867578
1704.0,0.002921647839520195
1713.0,0.005791981786458442
1722.0,0.004368074976855481
1729.0,0.006709665737781086
1737.0,0.006533540979320085
1742.0,0.005541588971782591
1747.0,-0.01428368483778119
