,6
2.0,0.0054791451478980666
8.0,9.822261882704252e-05
12.0,0.0023434301652364765
19.0,0.0023437248897493256
26.0,-0.0104218416902508
31.0,-0.0019662145815985874
39.0,0.0017615729078374616
48.0,0.0003794551009160442
55.0,-0.0012545171514018831
62.0,-0.003927737551528613
70.0,0.004399444420906669
76.0,-0.0011120332582947928
80.0,0.0007354045012299806
88.0,-0.0006272060541289353
95.0,-0.0015423516879810595
103.0,0.0004117733030508892
107.0,0.0011785313817409722
116.0,-0.0016854781506113593
125.0,0.00017842669625753237
130.0,-0.00383576969862797
137.0,-0.010530902639463791
144.0,0.0023463288926472334
148.0,0.0015233728227650517
154.0,0.00042167927453245823
168.0,0.002427317628682233
175.0,0.0005704513082592952
189.0,0.001679712099364367
198.0,0.0003731494674955645
205.0,0.00034744680493079764
211.0,-0.00021491240331851283
219.0,0.00018922719995178845
228.0,-0.00223095694016002
236.0,-0.007516680253116787
245.0,-0.004738294330007783
252.0,0.0007966532962504728
256.0,0.00010404271079013545
267.0,-0.0007531074761907379
277.0,0.0017191469257809458
288.0,-0.0021513162173681564
294.0,0.0008237801842093186
298.0,-0.0005343254889753546
302.0,-0.0006084700516583895
308.0,0.00047134927252440916
316.0,-0.0006072356719575088
324.0,-0.00038328048878942685
332.0,-0.001377339203712679
341.0,-0.0001201632649061381
349.0,0.00013651520071524488
363.0,-0.0009278319724536921
370.0,0.0003329161404221906
377.0,0.0005773445663215585
384.0,8.804867297845948e-05
389.0,0.0007172332141413147
394.0,-0.0006330609772285637
404.0,-0.0012048893785855579
410.0,0.005913550249376894
414.0,0.0015850313789132296
421.0,-9.045579560730448e-05
428.0,-0.0021694801388620847
435.0,0.0007798887994913964
441.0,-0.0020112128363809355
449.0,0.0032702902463702184
456.0,-0.000663359913643539
463.0,0.00016889197613306439
470.0,-0.0006175488392964839
475.0,0.00040712343183169406
479.0,-0.0015364187822662738
488.0,-0.0003245566623117742
499.0,0.0008444753703107551
507.0,-0.002248939541490838
516.0,0.009319392457971216
520.0,0.005281355486720382
526.0,0.005205534948200259
532.0,0.002849943017405528
538.0,0.007908922888863351
547.0,-0.0019557611570720996
556.0,0.0016607245296875333
564.0,0.0003868542159169941
573.0,0.002042434123082779
582.0,0.000211549911940601
590.0,0.0007138257514802635
599.0,-0.0010649516106785988
607.0,0.0062057732084806454
612.0,-0.0003390185099647167
621.0,0.00011003627842096882
628.0,0.0017995635403961988
639.0,0.0003979178259562561
648.0,-0.0008363477231025856
656.0,-0.003376942366051179
662.0,-0.00039460737086449623
671.0,0.0009212367123225001
683.0,-0.002707461062693895
691.0,0.0002850608769543371
697.0,-9.743065623733901e-05
705.0,-0.0018918048170716078
712.0,8.341680571076617e-06
720.0,-0.00173532971075362
728.0,4.979009804082827e-05
736.0,0.0007752969217009355
744.0,0.0001537754264457992
752.0,-0.00020620081853714903
759.0,1.1570963429181571e-05
767.0,0.0006349593330744358
775.0,0.0007829270253173694
784.0,0.001057008522516109
792.0,0.002914243701123307
798.0,0.000242524770259121
805.0,0.0007680338183795741
810.0,0.001666176537013641
815.0,0.0025072283253128017
821.0,-9.46651745011363e-05
832.0,-0.002991132492325529
838.0,-0.003479297618747234
847.0,0.0025143684276912226
854.0,0.0010275095660787093
861.0,-0.00010750101014614204
867.0,-0.0004536343490014096
872.0,-0.0015620842167539794
879.0,-0.0018862566881948804
885.0,0.0005357298504467535
893.0,0.0010696162348758263
900.0,-0.0032888389869089613
906.0,-0.000561452943485489
911.0,0.0014344000606613969
917.0,-0.002292795089354994
925.0,-0.0003696944121227159
933.0,0.004000050828671143
944.0,0.004894749791708317
949.0,-0.0019302457437876395
954.0,0.0027264899054647257
958.0,0.004390233992945644
965.0,0.004486284661310223
972.0,-4.8316600262136196e-05
978.0,0.00017034155110231714
985.0,-0.0003222506189645626
992.0,-0.0010072076598398858
999.0,-0.0006011432453089325
1003.0,-0.0009451048750879641
1017.0,0.0015250127594687234
1021.0,-0.00044227513062129937
1029.0,-0.0006936913467140964
1036.0,-0.0012574386900649425
1047.0,-0.005587564909161022
1059.0,-0.0006140546883487734
1067.0,-0.00045144296135632455
1074.0,-0.0015054751185118818
1081.0,0.002551044360409552
1089.0,3.048968575676088e-05
1100.0,-0.0013337089188657704
1108.0,0.002487589631362335
1117.0,-0.0005551191141729973
1126.0,-0.00012168780862085088
1131.0,0.0033971607357581235
1137.0,0.0022353998454784497
1145.0,0.0007541948387136373
1152.0,0.0005229872403203603
1160.0,0.0006431183052561174
1168.0,0.0016042979792063874
1174.0,0.00150971946252124
1182.0,-0.0014028111851365336
1189.0,0.002289027425232991
1197.0,0.001210122572524365
1203.0,0.0013795811020749082
1212.0,0.0004115152075923348
1221.0,-0.0048114251877088435
1233.0,-0.002701170578943643
1247.0,-0.001777005252785964
1251.0,0.0022462456095622063
1258.0,0.0033443758054218574
1267.0,0.0039023081598827418
1275.0,0.003500152446644428
1284.0,0.00269005318792029
1292.0,0.001230719134779536
1297.0,0.0015972730912889347
1305.0,0.0003222121387227368
1313.0,0.00040433537976412127
1319.0,0.000685696964099209
1324.0,-0.0004117665865265241
1328.0,-0.0007455487769299184
1333.0,0.004440242090161572
1339.0,-0.0062488696362522165
1343.0,-0.00011848245205071325
1350.0,0.000809023110890428
1356.0,0.001058511851164839
1362.0,0.0008104479838388752
1368.0,0.000758771618885606
1376.0,0.005730798370595581
1380.0,0.001154482997673913
1388.0,-0.0016038840501139465
1394.0,-0.0003028339079700029
1398.0,-0.0012714744819499763
1402.0,-0.00031370675483945924
1409.0,-0.0005403985609246211
1417.0,0.00036473980955593476
1424.0,0.00017837430274809262
1430.0,0.0003926541067228809
1439.0,0.0018576756641358915
1448.0,-0.0005881450837830033
1456.0,0.005918418457747804
1460.0,-0.0015945294994551928
1465.0,-0.000344677366252723
1479.0,0.0005186958891928247
1486.0,-0.00015634931066055538
1494.0,-0.0013268798613249636
1501.0,0.00010219339068747392
1505.0,0.0015120329640791377
1513.0,0.00039725594239121303
1520.0,-0.0009203008646176355
1526.0,-0.00040425219628753236
1540.0,-0.0022896231643998993
1544.0,0.002504534569450532
1550.0,-0.004628917548076517
1556.0,0.008243886703755228
1563.0,0.00037719220420568593
1569.0,0.0011099781805226905
1575.0,-0.0003918300255035355
1582.0,0.005343231547262515
1588.0,3.244917741923149e-05
1595.0,-0.000932446906118075
1602.0,-0.0005355128322389306
1606.0,9.627847740040122e-05
1613.0,0.0002447493649051499
1625.0,-0.0012964357923096563
1630.0,0.001458265901667767
1641.0,-0.0005607375828056364
1648.0,0.0002805984189419585
1655.0,0.004339845454286038
1660.0,0.003923970248229526
1668.0,0.004559458785878151
1675.0,0.002513164641208318
1683.0,-0.00039615575845705023
1697.0,0.0021348902003900916
1704.0,0.004860133052588243
1713.0,0.004200411777144341
1722.0,0.0037298444107926668
1729.0,0.001689870194137832
1737.0,0.013025634425816307
1742.0,0.007426021382780537
1747.0,-0.00370892096889991
