,3
1204.0,0.010337175021934047
1209.0,-0.007898018633000424
1221.0,-0.007009310772412798
1229.0,-0.004880686106890066
1236.0,-0.02265098426988607
1241.0,-0.015077368093096507
1249.0,-0.0031530987608430604
1257.0,-0.01766646165623052
1266.0,-0.01723323636189601
1270.0,0.013790956984414482
1277.0,0.01471727058512863
1284.0,-0.005445045518245528
1290.0,-0.012783330240899055
1296.0,-0.003761058122527805
1307.0,-0.021762083962354323
1312.0,-0.006781294345574874
1319.0,-0.002376999637249402
1326.0,-0.00791887762483679
1334.0,0.01721062906923025
1342.0,0.005625462588623636
1352.0,0.007465813535310525
1360.0,-0.01230282701181168
1365.0,0.015386872967586994
1373.0,-0.0012275378771137804
1381.0,-0.009951399532007715
1386.0,-0.008524841407101818
1392.0,0.0030930134990841793
1399.0,-0.010322363188146215
1405.0,-0.010979510754742166
1414.0,-0.01309577161973251
1425.0,0.020510464465094184
1434.0,0.0017400546602917106
1445.0,0.01919437625197412
1454.0,-0.017740337245903605
1463.0,-0.0020694696376663472
1471.0,-0.015463322357864033
1483.0,-0.00725898272182629
1490.0,0.0069024824072580525
1499.0,0.0023935211258126797
1506.0,-0.006043019851867353
1510.0,0.013499694415549247
1524.0,-0.009128121105993751
1531.0,-0.004008334577608789
1540.0,-0.009306035332161176
1550.0,-0.006390356363595778
1558.0,0.0054282157091941384
1565.0,0.017281768497764975
1573.0,0.011523468924554376
1582.0,0.012548556074246604
1590.0,0.00409775475038777
1604.0,-0.004136813287461471
1609.0,0.00552159822065629
1616.0,0.018601835856650734
1625.0,0.003578518937050372
1631.0,0.00363024849077313
1637.0,0.00975248007087415
1644.0,0.006852440658499716
1652.0,0.016826640529456066
1659.0,0.002293772788057834
1668.0,0.004658747734429816
1675.0,0.006149884530800608
1683.0,0.0036125858134883884
1688.0,0.016325209243804387
1697.0,0.0018475652361841528
1702.0,-0.00861305611714294
1710.0,-0.010385518809955325
1718.0,-0.017088174030970987
1724.0,0.0040956702192854
1730.0,0.013012259729699148
1738.0,0.020549854798360523
1747.0,-0.00047815151079617387
1755.0,-0.004074350970798907
1760.0,-0.011226927432529874
1765.0,-0.012533931137009895
1773.0,-0.03410232753132083
1777.0,-0.0035358573749264045
1785.0,-0.001460928787755536
1792.0,0.00035887532237326327
1800.0,-0.009315928392604549
1809.0,0.017242883974807915
1820.0,0.0013789006065902008
1829.0,-0.0041041101553263
1836.0,0.00015848747970666037
1843.0,-0.014965669653345766
1851.0,-0.014753173552285134
1858.0,0.013463737391582225
1872.0,-0.00242531434914239
1881.0,-0.004165080540667453
1886.0,-0.017076480719021216
1891.0,0.004016833400240072
1898.0,0.03237309621245374
1902.0,-0.01015040003199845
1911.0,-0.003202495791226638
1918.0,0.020118991475023492
1926.0,0.000619741030327206
1938.0,0.026439515962359154
1946.0,-0.012355970284566037
1951.0,-0.0018855400972503649
1959.0,0.019903977284689806
1966.0,-0.0069632612687028665
1980.0,0.010258505443564216
1989.0,0.009350546505261716
1995.0,0.012976748626153847
2006.0,0.00048391577651948816
2017.0,0.017256677036588005
2024.0,0.0047143102688007275
2029.0,0.009864172011298895
2038.0,0.006429824221443635
2046.0,0.017187937861087625
2052.0,0.017579847973006768
2061.0,0.009149134360052701
2071.0,0.021998964344040927
2079.0,0.009677224333068637
2088.0,0.01227762025575354
2099.0,0.009816707294907792
2107.0,0.03664964992900181
2111.0,0.019225620813663677
2119.0,0.001846709953518339
2128.0,0.021322866868700868
2136.0,-0.009042797847086639
2148.0,0.005571277787846933
2156.0,0.008543742103076556
2167.0,0.004580149080261385
2173.0,0.0014579762106421551
2181.0,-0.001967355651296546
2188.0,0.015461490278046672
2192.0,0.015653034285118942
2200.0,0.003841543580599662
2207.0,-0.0032144521722453244
2215.0,-0.008604720710285042
2223.0,0.008755520560675918
2230.0,0.010909417165430882
2242.0,0.013323792406226085
2253.0,0.008513056448483125
2259.0,-0.010551628447631578
2263.0,0.013092313460707645
2270.0,0.01603761873657573
2279.0,0.0078103491811303
2286.0,0.009309883273115013
2295.0,0.006791825731344981
2309.0,0.011734538993312272
2317.0,0.002021149884216882
2325.0,0.023340691802932072
2333.0,0.0005481080638083301
2343.0,0.011420277217068535
2350.0,0.002413280154233151
2359.0,-0.016358436277808582
2363.0,-0.016761900556200922
2369.0,0.022108473390105125
2380.0,-0.01274732736232735
2389.0,0.022893028419903996
2400.0,-0.015120257144175493
2405.0,0.008792573676663397
2416.0,0.010736325246668236
2421.0,0.014708478637343349
2425.0,0.0013555634963443026
2430.0,-0.008750124585079249
2438.0,-0.010325674739012549
2446.0,0.011340263175102642
2457.0,-0.009211696803939882
2461.0,0.018302740247378876
2468.0,0.019728263415327255
2475.0,-0.016184363116470177
2483.0,0.010564593483886317
2490.0,0.002444521700197878
2504.0,0.0165368122271134
2512.0,0.012320826690904943
2520.0,0.017932514481957977
2534.0,0.011000559922112192
2543.0,0.017991715234549985
2551.0,0.015321431306862686
2558.0,-0.007793463935042296
2563.0,0.02385938498937394
2567.0,-0.014376459267133566
2572.0,0.00010123097878129811
2579.0,-0.02824347781228554
2589.0,0.004003009873496857
2596.0,0.0088691907361832
2603.0,0.012362861874575715
2611.0,0.01591658852917387
2623.0,0.004103390461120418
2630.0,0.013608203191797839
2638.0,0.006566798204240632
2643.0,0.0004290533305520577
2649.0,0.01904896385131581
2660.0,0.016625025927663763
2667.0,0.005024079872263467
2675.0,0.0034163885411257044
2683.0,-0.012870773727068397
2694.0,0.007694757845874479
2702.0,0.01357402688335699
2710.0,-0.002694399702011277
2720.0,0.018194572429753468
2727.0,-0.01619627998629598
2735.0,-0.0011747342930315925
2743.0,0.011599582522917774
2757.0,1.726739595357102e-05
2765.0,0.018689329194409434
2773.0,-0.009739473382508737
2778.0,0.012420181883938484
2786.0,0.021711107115720038
2794.0,0.0036567402541549986
2803.0,0.014475363274465273
2810.0,0.014241348078963332
2818.0,-0.015294045499053152
2826.0,-0.005568683520357608
2834.0,-0.009480353724175399
2841.0,0.02060319558794406
2852.0,0.019617036399426704
2861.0,0.0151757878555706
2869.0,0.0160080564881125
2877.0,0.006171491210066756
2884.0,-0.0024679786379384156
2893.0,-0.0013788584386692844
2900.0,-0.004622707577092365
2911.0,0.024104089568954885
2922.0,0.015773334351603774
2928.0,-0.01898616055741464
2934.0,-0.001815988588285806
2943.0,0.0043263794185351674
2950.0,0.006318080367499411
2962.0,0.003120997746004306
2966.0,-0.0122008340642565
2975.0,8.417247754605323e-05
2982.0,0.0014141145367947644
2990.0,0.0029199250695746454
2995.0,0.00725328285807197
3000.0,-0.0036105372747680053
3007.0,-0.00962215995193215
3015.0,-0.0030728406145453207
3021.0,-0.04468505740146284
3025.0,-0.0140750726599025
3033.0,-0.011424377182132473
3038.0,-0.008367354979044098
3042.0,-0.012818388215127917
3050.0,0.017032439814993822
3059.0,0.0173595237611878
3068.0,0.002854580645928701
3073.0,-0.005960948544428331
3078.0,0.007821446488816256
3086.0,0.010487253020223419
3097.0,-0.012279010873242147
3101.0,0.023816464707967975
3110.0,-0.01409312673762727
3118.0,0.006246945842594244
3124.0,0.0006835409643033976
3131.0,-0.0006749295058193204
3140.0,0.005457566183489616
3149.0,0.019133936465202325
3153.0,0.005226720266339372
3161.0,-0.017688066608612673
3166.0,0.003566490011743617
3175.0,-0.01534194679241729
3183.0,-0.005450609887742149
3190.0,-0.01068593852777623
3202.0,-0.03252920047490266
3206.0,0.00818527579959485
3213.0,-0.029719321061091448
3217.0,-0.010751232596927111
3223.0,-0.018356604563386596
3234.0,-0.008074448051236614
3242.0,-0.010113088591422088
3250.0,-0.015858227571183683
3258.0,-0.001575093943220868
3266.0,0.011786283322657664
3273.0,0.018384387567321782
3277.0,0.012741689479369928
3286.0,-0.013908728065840021
3295.0,-0.02778649656406553
3300.0,0.0048988343675118295
3307.0,-0.019921948657964622
3312.0,0.0009444904143403699
3318.0,-0.003156597074898245
3327.0,-0.008911324110611603
3335.0,0.013145639159166481
3339.0,0.01856339833355368
3347.0,9.91867453279073e-05
3355.0,-0.015015745625520898
3362.0,0.011261667396160035
3369.0,-0.00038254579735721766
3377.0,-0.013193364695237924
3382.0,0.010474082364436003
3388.0,-0.02641190745151071
3392.0,0.005661902061481293
3399.0,0.011842170909092375
3406.0,0.029997950459995485
3410.0,0.007871652798791647
3419.0,0.00036949578493036193
3426.0,0.003984580980443544
3434.0,0.004707228033499349
3446.0,-0.013780258471987047
3451.0,0.009970674606233217
3459.0,-0.013674899795431723
3468.0,-0.04894530115655835
3472.0,-0.025952514104093685
3477.0,-0.0049956328337100635
3484.0,0.016002353939563042
3495.0,-0.010865110947227079
3503.0,-0.01820577765996612
3508.0,-0.007077637990464646
3512.0,0.000833537735745145
3517.0,0.01178698007828681
3523.0,0.01627486380661598
3531.0,0.010617898098120705
3540.0,0.0066903259290842405
3554.0,0.014311986692153196
3562.0,-0.0015768297501863966
3573.0,0.010986352654445546
3581.0,0.00424292125947096
3590.0,0.020616809114388988
3598.0,-0.017544100353416806
3607.0,0.021856921203021153
3615.0,0.0034029749150829127
3623.0,0.00476687740986725
3631.0,-0.002805052528559968
3639.0,0.006207357803373909
3644.0,0.0023598124331892538
3649.0,0.024075275081872294
3657.0,-0.0012001788253853858
3663.0,0.004076378939814081
3672.0,-0.001058153752477016
3684.0,0.021444273591066362
3695.0,0.004453943134888483
3700.0,0.018859858984599024
3707.0,0.01473130870966458
3716.0,0.0096428132662075
3723.0,0.0020050494237784694
3732.0,0.011806568175086973
3740.0,0.018855389683371533
3747.0,-0.018523670874204683
3755.0,0.015612666462913892
3759.0,0.005829910802244472
3766.0,-0.0117042311989433
3778.0,-0.0076579727234528565
3785.0,-0.012264443803169359
3792.0,0.0028092215307271265
3799.0,-0.010703030185825945
3804.0,0.021191634736242325
3815.0,0.0017700250607672104
3822.0,0.010488984411988303
3826.0,0.003660138634303797
3834.0,0.02629035506637355
3838.0,-0.003038889605193265
3843.0,-0.002886557694061435
3850.0,0.012475572812898942
3862.0,-0.013878304237450912
3876.0,0.00497340797623066
3884.0,0.002092222882674246
3891.0,0.01690711617512418
3903.0,-0.005716545026991341
3908.0,-0.0013270974854500594
3919.0,-0.010290526790680429
3923.0,-0.014042236561912187
3928.0,-0.014373384275452894
3936.0,0.006209933997480546
3947.0,0.01675773183809697
3951.0,0.011624807055827118
3959.0,0.012171461742053425
3966.0,0.021823452133859163
3977.0,-0.02719630334852449
3981.0,0.0028771471708871742
3988.0,0.014557757771360851
3996.0,0.0029354343423388736
4001.0,0.021298420771237662
4009.0,0.015978587588097205
4019.0,0.0034761911624889273
4027.0,0.00831825159229767
4035.0,0.0097451136724232
4046.0,0.0029545446137949323
4051.0,0.00766041359800666
4058.0,0.01801237429491621
4066.0,0.02007157190946741
4075.0,0.005050678640003792
4081.0,0.008243156111800622
4089.0,0.0019182139340397093
4094.0,0.015055764173136652
4106.0,0.010345364157256487
4115.0,0.012345707206501357
4122.0,0.008328227651278775
4133.0,0.017212609866681453
4141.0,0.008959197610520317
4148.0,0.011191310640568783
4156.0,0.015485443627875553
4165.0,-0.0029200964205660946
4170.0,0.0007082949064546449
4178.0,0.013729162331000614
4187.0,0.0072951641592315895
4192.0,0.014538453876791329
4200.0,0.0002025885456002156
4206.0,0.018326642962628877
4210.0,-0.005261533678820647
4218.0,-0.010116534206769327
4229.0,0.009222273768800953
4237.0,-0.002014905198948544
4247.0,-0.0034715867030447175
4252.0,-0.014561424193088656
4260.0,-0.008939666287039528
4271.0,0.008607593639340548
4278.0,0.002881591396094169
4286.0,0.02850635874931414
4290.0,-0.018124437702625677
4294.0,0.00790239152822927
4299.0,0.018250831024230176
4306.0,0.009083645591899482
4311.0,-0.01851381493289943
4319.0,0.02175314224449399
4327.0,0.0004193835564842431
4338.0,0.014412237708626948
4346.0,0.01148809972991879
4354.0,0.014231815188162947
4363.0,0.012130296878076331
4374.0,0.0031540292719867092
4383.0,0.0014300813257420747
4389.0,0.01953642880012487
4397.0,0.013523396962253345
4405.0,0.013326629492383968
4413.0,0.018481408097138316
4417.0,0.0051982185033870275
4424.0,0.01984118427818972
4435.0,-0.01561135021646438
4442.0,-0.006709550456284031
4451.0,-0.0030882019606170456
4462.0,-0.000998621366289048
4469.0,0.00801794199115745
4478.0,-0.010725295654522769
4485.0,-0.0020620571072424
4490.0,-0.02259575174839159
4495.0,0.02070612414704233
4502.0,0.004229234565124258
4509.0,0.007057147089245814
4514.0,0.0014140838300702408
4522.0,-0.010088522279281772
4526.0,0.0031127022100906083
4531.0,-0.00727244979645083
4536.0,0.015312386631413176
4548.0,0.019455781636184225
4556.0,-0.0040787991587285305
4561.0,-0.01916026850445559
4565.0,0.013090402407455829
4573.0,0.011788707288107315
4578.0,0.015525383526665793
4585.0,0.016040542061666777
4589.0,0.015220108469908353
4600.0,-0.006463391920451463
4614.0,0.01281075495402877
4619.0,0.0030131568027143233
4627.0,0.02134000918376604
4635.0,0.021171254425743555
4643.0,0.010769841297738463
4648.0,0.0005604982007499028
4656.0,0.004586417748299019
4665.0,-0.0023735085042192153
4674.0,0.004527066932002626
4679.0,-0.02163566863247548
4684.0,-0.017333316309744003
4691.0,-0.0016115144374180238
4699.0,0.009643347956436402
4708.0,-0.008246339588309153
4719.0,-0.01651755063775557
4728.0,0.0028480705689388555
4739.0,-0.00043906600215119724
4744.0,-0.0034314231951031765
4751.0,-0.014900551674882082
4755.0,0.010803166081303437
4763.0,0.02362199749598635
4772.0,0.009841521767623426
4779.0,0.012548071040137602
4786.0,0.014198406877759135
4795.0,-0.007761280816905348
4806.0,0.020933049617421
4814.0,0.010805825112575374
4826.0,0.013690724494327367
4837.0,0.010006003998440146
4849.0,0.006520360469918565
4854.0,-0.020523485957312085
4858.0,0.0032994437138952263
4872.0,0.02059604046632722
4881.0,0.0005140028146447429
4890.0,-0.0013693904134583065
4895.0,0.012196670226741486
4902.0,0.01647946996110671
4911.0,0.015666444166787682
4922.0,-7.783048467607714e-05
4927.0,0.01808128839165992
4935.0,-0.0020851877372031176
4940.0,-0.006590778647660854
4954.0,0.011165901527529453
4963.0,0.01999708003719771
4972.0,0.005110596400132419
