,4
2.0,0.0016210279260775646
6.0,-0.0019552257027251833
11.0,0.005523038419459641
22.0,0.0056018106349391495
30.0,0.0024578687533396834
35.0,0.014025165416405456
43.0,0.01176184217146814
48.0,0.008638430141588807
54.0,-0.0023995772221508532
62.0,0.01339828580940285
69.0,0.007296251015724354
74.0,-0.006541213766024215
81.0,0.006347942433339897
89.0,0.0063830439113045446
98.0,0.008458065824813312
106.0,0.011027633523860643
114.0,0.008573763966674275
119.0,0.009607076688036358
126.0,0.0007727569861123422
134.0,0.005856956528437624
140.0,0.008586954881259021
144.0,0.0040924804139896385
153.0,0.011754697886013823
161.0,0.0066087858948432705
168.0,0.007672832209568118
176.0,0.003644344917809029
184.0,-0.0027609101473821908
193.0,-0.000581948038441936
201.0,0.010266227615233204
208.0,0.0009941629918884557
215.0,-0.0023297710360843673
223.0,0.004251488546162471
230.0,-0.0013278712167306376
237.0,-0.000757434699748679
248.0,0.006700198101551008
253.0,0.0017842009789815656
262.0,-0.006543702169691494
271.0,0.006350658011510122
279.0,0.007604502145653673
286.0,0.002479162163143838
290.0,0.0027523308429708293
298.0,-0.008554305201238666
302.0,0.012288034137239418
310.0,0.004348147068852799
315.0,-0.0005118886919104035
323.0,-0.0027787476481299644
332.0,-0.005965018925090546
339.0,0.004263242173068962
346.0,4.5455442006187915e-05
350.0,0.0013887458162399793
358.0,0.004950176174504752
367.0,0.003968200295834649
375.0,0.003973453612801967
382.0,0.014512849120601792
387.0,-0.0018169210948873334
394.0,0.004979931170826705
401.0,0.004087615745953114
409.0,-0.0019456309479604454
413.0,0.006038953932060031
420.0,0.010772135060217871
428.0,0.0031660169657935474
432.0,2.8457547144560177e-05
441.0,0.006126610690816216
449.0,0.016254969961683192
460.0,0.002468401953963897
469.0,0.009936264939664315
476.0,-0.005220156429026827
484.0,-0.0021707160448249927
494.0,0.0034366163705883213
499.0,-0.00013601643378150226
510.0,0.012028650101432373
516.0,0.001407715409430025
524.0,0.003904845943318462
533.0,0.002734294358588733
539.0,0.007773323560239977
547.0,0.004565864649609738
553.0,0.004188842543023519
557.0,0.0029337942219179068
564.0,-0.0024760089836485624
573.0,-0.00012907157592978945
581.0,0.004829951405706506
592.0,0.004486571074432881
599.0,-0.005158733856425656
609.0,-0.00023170721604855627
620.0,-0.0024539319465246724
624.0,0.011682966652900492
632.0,-0.012251525152896878
640.0,0.016591674896654068
647.0,0.007942413284332902
654.0,0.006640407564530507
663.0,0.019243233378818052
671.0,-0.0027719225319106458
680.0,0.0043351535457641045
684.0,0.0029872129389666878
693.0,-0.004567475610857932
697.0,0.0047882565039300395
708.0,0.004076736032009418
717.0,0.006776486999470711
728.0,-0.005930367334123931
736.0,0.010340248150021115
741.0,0.0078044968319076185
750.0,0.013228701446376175
759.0,-0.01150466854533622
763.0,0.0071250620467802886
772.0,0.005265936377270427
783.0,0.004829014057936978
790.0,0.01172199527627202
794.0,0.004819918269414543
801.0,-0.0019993956654507632
805.0,0.01066962252598788
813.0,0.001723656183341592
820.0,-0.001436424726784522
827.0,0.005032849975084134
835.0,0.007257060099128024
844.0,0.005933582203291701
855.0,0.005870746034894014
863.0,0.010726920063036537
871.0,0.00667360595166887
878.0,0.0023817342108263385
886.0,0.009929067354451804
894.0,0.012536887494624215
903.0,0.004642637848531399
912.0,0.0028880489827046176
921.0,0.003945210175889506
926.0,0.012247077874977336
931.0,-0.0045499654741092445
937.0,0.006165217473531104
944.0,0.005562922626159988
952.0,0.00230665469134932
959.0,0.012360618739781924
966.0,0.0011900584725211963
973.0,0.01136187845191772
980.0,0.010847227514907005
988.0,-0.0038316533339310603
994.0,0.009524434940410224
1002.0,0.018075485135916947
1010.0,0.003154786329880205
1018.0,0.01397195439218339
1027.0,0.012348803313172544
1035.0,0.011094710526223373
1044.0,-0.0037235145521899156
1053.0,-0.0024476530065475964
1061.0,0.008909707528504377
1069.0,0.006124924734452212
1078.0,0.010125134867728666
1086.0,-0.0019410870486378478
1092.0,0.004437357084251941
1096.0,0.00668321253470533
1102.0,0.000503452606092226
1109.0,0.006635629441796792
1116.0,-0.001908737454717719
1123.0,-0.0039352007177099425
1127.0,-0.00555795605391225
1136.0,0.005107756535885361
1143.0,0.013838171654366524
1150.0,-0.00026052038398227857
1157.0,0.0005602090597144547
1165.0,-0.004174607962907748
1176.0,0.0071669849235984845
1184.0,-0.0008103734507995006
1193.0,-0.00736801228379012
