,3
2.0,0.010525137770987009
6.0,-0.020004098063662372
11.0,0.006320865129978393
22.0,0.009666598321027184
30.0,0.007800431186402827
35.0,0.004913938552376778
43.0,0.005025806950140551
48.0,-0.0008217382553956541
54.0,-0.01974251223149835
62.0,0.01583115648128628
69.0,-0.013672702256006471
74.0,-0.009168906284219569
81.0,0.0061973298692319205
89.0,-0.0008857166219150007
98.0,-0.010850836401572894
106.0,0.010507022603899319
114.0,-0.008846535584057348
119.0,0.004425984576660399
126.0,-0.014538599393505436
134.0,0.007132131351808286
140.0,0.034839857010210806
144.0,0.013113430282616294
153.0,0.006167972345552701
161.0,-0.0032855084635962416
168.0,0.013502538568018212
176.0,0.007309142037327392
184.0,0.01800507780456228
193.0,0.015518480049993243
201.0,0.003047406605921017
208.0,-0.0008065463276040146
215.0,-0.014688014069275543
223.0,0.013980323114841564
230.0,0.01562162200346293
237.0,-0.00494029991477918
248.0,0.007365236302013288
253.0,0.002603607111594665
262.0,-0.017857147359589258
271.0,0.008054036901298661
279.0,0.009280949881602768
286.0,0.00848646378890088
290.0,-0.0022070509925589355
298.0,0.00982486577491887
302.0,0.00849308267248679
310.0,-0.014931512768818926
315.0,-0.012779225073202461
323.0,-0.018107468665437096
332.0,-0.0025961060865838884
339.0,0.0026893838287006676
346.0,-0.03213990704587141
350.0,0.008903649265010692
358.0,0.006644822049966474
367.0,-0.013492260491078956
375.0,0.011797771289891979
382.0,-0.008224153627323545
387.0,0.0018265908068164718
394.0,0.004911004857207435
401.0,-0.005988613250375166
409.0,-0.00150791465729081
413.0,0.004873123452087421
420.0,0.0014282611367397284
428.0,-0.041401537452436216
432.0,-0.0011348350405849974
441.0,-0.002974353242862328
449.0,0.019301123472738144
460.0,0.006197048364656091
469.0,0.018625249712094828
476.0,-0.012843200730025746
484.0,0.007257339284963721
494.0,-0.01520604585264881
499.0,0.004848082867540039
510.0,-0.010875249991675134
516.0,0.0002655171273827158
524.0,-0.02116270801759575
533.0,0.0038874162464540983
539.0,0.020324034968193034
547.0,0.017270691532821028
553.0,0.020480939615010737
557.0,-0.0009285021115045638
564.0,-0.01772856630326438
573.0,0.0057132967265833105
581.0,-0.016296729557125054
592.0,-0.009881370892297998
599.0,-0.021648492927786464
609.0,0.0012279620259843314
620.0,-0.02092244463713111
624.0,0.001212308064315372
632.0,-0.02285904349344343
640.0,0.02171045964667852
647.0,0.016047171990072766
654.0,0.006338454599980102
663.0,0.02516858560158375
671.0,-0.01391339768860269
680.0,0.02703804380056799
684.0,-0.002213351776975257
693.0,0.025691279258068137
697.0,-0.013307411695632284
708.0,-0.007783155446749906
717.0,0.0019330917528773927
728.0,-0.008297087360194386
736.0,0.011845061857974643
741.0,0.0003557293937502364
750.0,0.010441251193169444
759.0,-0.02671048146570074
763.0,-0.0017672225031022618
772.0,0.00048314965399029924
783.0,0.0016358358728817042
790.0,-0.036253689604078675
794.0,0.012664885737442845
801.0,0.01513663732431294
805.0,0.015812877507304188
813.0,0.012299454607408255
820.0,-0.0007719789583971095
827.0,-0.0012914226206650798
835.0,-0.001845379882344302
844.0,0.0038796514589884753
855.0,-0.019905051320506684
863.0,0.01683639743435367
871.0,0.0033129497416884263
878.0,-0.003626581196381063
886.0,0.021877939155217973
894.0,0.014524235551035556
903.0,0.005003683182262204
912.0,-0.010539526169170737
921.0,0.005423589796970828
926.0,0.004573880908827993
931.0,-0.010605813979279687
937.0,0.011876166254063134
944.0,0.0069678630099892355
952.0,-0.011221802016450554
959.0,0.0015018837210990922
966.0,-0.012109064586321447
973.0,0.0016356058286142085
980.0,0.00016248364161251805
988.0,0.011138043718525281
994.0,0.013843885005019664
1002.0,0.024881371650687018
1010.0,0.01410589647339733
1018.0,0.0242068086100912
1027.0,0.0020887777502471877
1035.0,0.0033198132712292435
1044.0,-0.011111705962845915
1053.0,-0.01993095080541983
1061.0,6.934038036249034e-07
1069.0,-0.010050323465576827
1078.0,0.02163916556201687
1086.0,-0.00962242852953204
1092.0,0.0205845701575873
1096.0,0.015917005295115697
1102.0,0.002469432781374102
1109.0,-0.010389075920958361
1116.0,-0.006947156695387469
1123.0,0.012015634114138094
1127.0,-0.010740145008624396
1136.0,0.0037770657876408766
1143.0,0.0010559409085893296
1150.0,0.004430236952479932
1157.0,-0.005647811417801306
1165.0,-0.016509585137410434
1176.0,0.002191930481605497
1184.0,-0.003974075013578703
1193.0,-0.007801620199669231
