,8
0,-0.011071337132287865
1,-0.008742613415097676
2,0.0037167267026499812
3,0.006959768589186616
4,0.012110161036685708
5,0.011363772829191281
6,-0.00528517582602596
7,0.006618791857716144
8,0.002022243379801816
9,0.0038640976360636856
10,0.00862390632098811
11,0.0009962286316656862
12,-0.00020641864959845612
13,0.001361052106257373
14,0.00018676860736336465
15,0.0004238101532965448
16,0.00028900402615296216
17,-0.00024546119364217227
18,0.00015125531181087293
19,0.00041982393210231633
20,0.0021001831664656744
21,0.001163090248833839
22,0.0002955444091212134
23,0.002496771040075222
24,-0.0011976954016095548
25,4.184130473709748e-05
26,0.0010388791143856066
27,0.0015093070457893455
28,0.00025018869554956324
29,-0.0015332774394894654
30,-0.001878526974007996
31,0.0005378419076306117
32,0.0007488289820938351
33,-0.00027255734100155744
34,6.711902094308883e-06
35,-0.0009323415874265633
36,-0.0009392930597047898
37,0.0004118946512155632
38,-0.0005359621787088495
39,-0.00013687575347133744
40,0.0011890695376041197
41,5.925174804994449e-05
42,5.9029923091234005e-05
43,0.0006007921737645708
44,3.4644917613789436e-06
45,0.00024375386360703472
46,0.0006822259191137786
47,0.001338979304024166
48,-0.0004289707329130904
49,-0.0007352399126910888
50,0.00023940807431990685
51,1.14613381600623e-05
52,-6.261353130534417e-05
53,0.0001824627053377899
54,-0.0005384151246557643
55,0.0005840841270286359
56,-0.002314824516099441
57,0.0003389490345676809
58,0.0007047980569113418
59,0.0008617099654468445
60,0.0009528065124760879
61,0.0026045787376127076
62,0.0004964880701824234
63,-2.5751186864360074e-05
64,-0.001279725047165834
65,-0.00036891522235672216
66,-0.0005383603963727171
67,-8.362391507146653e-05
68,9.967324659609557e-05
69,-7.918982111839551e-06
70,0.0005394505482031642
71,0.00046709974142459485
72,0.00021334973094656496
73,0.00069217757739448
74,0.0030599377854308375
75,-0.0016744134474407286
76,-0.0016594534301377726
77,-0.00018693265849998564
78,-0.00045838972557052577
79,0.000976369000628506
80,0.00031194564254531735
81,0.00035559967427596146
82,-1.7022414352991426e-05
83,-0.00019650908167508985
84,0.00035739267169047017
85,0.000330692451130579
86,0.003297244180499071
87,0.0010946745278083004
88,0.0003530375536802055
89,0.0033239428233654837
90,-0.0005712303507810807
91,-0.0015254345708757037
92,0.0010845267964464838
93,0.002205076723686155
94,-0.0003422025378540859
95,0.00021270153016531788
96,0.0006354456154762203
97,0.00013079640507079852
98,0.0007208805134652014
99,0.0010143340663517832
100,-0.0006035536683756906
101,0.00032492900853474047
102,0.0006516645615172202
103,-3.7008162552278015e-06
104,0.002045349052121282
105,0.001611640620472366
106,-0.000389384204322343
107,0.0006727339521837614
108,-0.00021350757571476082
109,-0.0012456254939425123
110,-0.001147482142684928
111,4.471752355640382e-05
112,0.00022876490959872808
113,0.0010836276208406137
114,0.0008025823509444733
115,0.0007916488851300138
116,-7.200048853440285e-05
117,-0.0007691545509759075
118,-0.0013161608020444717
119,-3.912730132064441e-05
120,0.001065632574750092
121,0.003666550458920445
122,0.0006296903183847078
123,-0.0003913174170314751
124,-0.00248053497739649
125,-0.0010541691204758055
126,4.9586016134236846e-05
127,-0.0005720566770630875
128,0.00021409671243056289
129,6.691432138225393e-05
130,9.618298248091898e-05
131,0.0004488710843056746
132,0.0003171556639158265
133,3.652148681917697e-05
134,-0.0005885123539171767
135,0.0012184742314959363
136,0.0018655876296091065
137,-0.0011994155598006875
138,-0.0007713187091919474
139,0.0009612769989963428
140,0.0008393371584427098
141,0.0006959388942162313
142,0.0005550971661785191
143,-1.2742269108388633e-05
144,0.0015937860113706408
145,0.0020054319215412728
146,0.0013334371957012896
147,-0.00039284802638080927
148,-0.0017807587074535408
149,-0.001398730255300374
150,-0.00048385257339767
151,-0.0004614082309829859
152,0.0005409879623177284
153,-0.0002141143019254384
154,0.0006826882582200694
155,-4.656723032659641e-06
156,0.00035124742310630895
157,-9.386703572302457e-05
158,-0.000131411733278784
159,-0.0014774674577536318
160,-0.0007641986678234786
