,6
1204.0,-0.00503238103486971
1209.0,-0.00038177183895432305
1221.0,0.00016975218170381176
1229.0,-0.0016122178819158166
1236.0,-0.0009025305842570261
1241.0,0.0006655013937022074
1249.0,-0.0007160819146884635
1257.0,8.433987207001998e-05
1266.0,-0.002730122264953435
1270.0,0.0002086123060387242
1277.0,8.27157850264514e-05
1284.0,0.000920513624188307
1290.0,0.0003887296775277141
1296.0,-0.0005726683906102735
1307.0,-0.0003152621530275284
1312.0,-0.00013738377966429036
1319.0,-0.0002857549446083495
1326.0,0.001146546844000656
1334.0,-0.0013622474512762666
1342.0,-0.003010165352372351
1352.0,-0.00032389792220665535
1360.0,8.295112294408285e-06
1365.0,0.0006463366136259422
1373.0,0.002718553638989628
1381.0,0.0037447240090592686
1386.0,0.0014034348172549953
1392.0,-0.000745874927404009
1399.0,-1.526941824094783e-05
1405.0,0.0006178024927530782
1414.0,-6.671615983598587e-05
1425.0,-0.0024372479484141337
1434.0,0.0026519967337210264
1445.0,-0.0033234082091342827
1454.0,0.002454453228874015
1463.0,0.003527550342954159
1471.0,0.004029251862873245
1483.0,0.0023589632697639225
1490.0,0.001148589791739451
1499.0,0.000363820802728543
1506.0,-0.0022196804111393816
1510.0,-0.0014734592375740924
1524.0,-0.000483696744539961
1531.0,0.00035949106673489694
1540.0,0.00026165864233114824
1550.0,-0.0012344046069694599
1558.0,-9.654575618903368e-05
1565.0,0.0006102315665255096
1573.0,0.0022498163000872476
1582.0,0.00020920584317529246
1590.0,-4.646259773095755e-06
1604.0,0.0032095139233537105
1609.0,-0.0009979902918187226
1616.0,0.0008106953177930034
1625.0,0.0012273901105738542
1631.0,0.0025085696990469575
1637.0,0.0003072929199834844
1644.0,0.0010484772644592272
1652.0,0.004615679878121761
1659.0,0.0028393138313798985
1668.0,0.0007186716444777003
1675.0,0.0008925113835165764
1683.0,0.008736867939250036
1688.0,0.005359439022777787
1697.0,0.0031908523351421424
1702.0,-0.0015179892654358285
1710.0,-0.003013510479871121
1718.0,-0.014377745911691192
1724.0,0.010395526858418219
1730.0,-0.0012322792791407053
1738.0,0.003469179661625229
1747.0,0.000517244535876085
1755.0,-0.0003008183344869209
1760.0,-0.0004576488331142504
1765.0,-0.0012164716206835777
1773.0,-3.767884547344784e-05
1777.0,-0.00032238903828733323
1785.0,-9.650837990836892e-05
1792.0,0.00012444010472760543
1800.0,-0.001407301465603693
1809.0,-0.0020987425635038788
1820.0,0.0006911018554825738
1829.0,-0.0002815593207763768
1836.0,0.0002931620781154961
1843.0,0.0011978764779598228
1851.0,-0.0001389503758875067
1858.0,-0.0007302096880156363
1872.0,0.00016883228151903478
1881.0,-0.0011982735806418498
1886.0,0.0020490020892204143
1891.0,-0.005788406817105381
1898.0,-0.000476527327487324
1902.0,0.00020354964916804134
1911.0,8.727198797317354e-06
1918.0,0.004127724003728183
1926.0,0.0009831539191223083
1938.0,-0.0019290512449858612
1946.0,-0.0008278322975639871
1951.0,0.00043286240348979746
1959.0,-9.253636754139292e-05
1966.0,-0.0006368453257089586
1980.0,0.001206027869320907
1989.0,-0.0002222962484522626
1995.0,-0.0005618866579601132
2006.0,0.0010143904688843478
2017.0,0.0005752803987501543
2024.0,0.0033826284106693296
2029.0,0.0022146978641121254
2038.0,-5.693522219672695e-05
2046.0,0.000658004937503598
2052.0,0.002184569772427428
2061.0,0.0036333041547779487
2071.0,0.0022309858065548594
2079.0,0.0008864435322681861
2088.0,9.154792295067934e-05
2099.0,-6.092182025867692e-05
2107.0,-0.008011353566918194
2111.0,-0.0003343728014949567
2119.0,0.00050010603038087
2128.0,0.0016145248913342638
2136.0,0.0028966795356895553
2148.0,0.000901773825103604
2156.0,0.001146767714522903
2167.0,0.0024830316328142018
2173.0,0.0004576381859795734
2181.0,-0.0016133205588197152
2188.0,-0.001023769323098338
2192.0,-0.0016740115278842701
2200.0,0.004394278695523106
2207.0,0.0009878870120113784
2215.0,-0.00032597675670515905
2223.0,0.00012436852493159377
2230.0,7.211534468289483e-05
2242.0,-0.00021328306752934747
2253.0,0.0014685075765115264
2259.0,0.0010304107063518083
2263.0,0.00036757935919414056
2270.0,0.0016231061292357185
2279.0,0.002031116808081693
2286.0,0.0006161630490401065
2295.0,0.0004199320381056657
2309.0,0.00137667248628684
2317.0,0.0001011417899384911
2325.0,0.0018993724315197102
2333.0,0.002619695340087888
2343.0,0.003307247650527701
2350.0,-0.0032071701991830313
2359.0,0.0034847210627712696
2363.0,2.536634461227791e-05
2369.0,-0.0010459328794918735
2380.0,0.0017825787073776989
2389.0,0.0017955084374577906
2400.0,0.0002514594625035326
2405.0,0.003676621873994773
2416.0,0.0016343555349610278
2421.0,-0.002646747352291176
2425.0,0.00043000313570101253
2430.0,0.0017170083085960713
2438.0,-0.00043537608401854523
2446.0,-0.00013156594515500254
2457.0,-0.00019832461932074258
2461.0,-0.0008807594722094709
2468.0,0.0009609807115924959
2475.0,0.0013815535252509285
2483.0,0.00124678947427998
2490.0,0.0006874144414081438
2504.0,0.0023188477312922353
2512.0,0.0031615828026382137
2520.0,0.00019733020886571288
2534.0,-0.0005621079346954459
2543.0,-0.0003968175753744111
2551.0,0.0002176820454591877
2558.0,-0.010086759365162437
2563.0,0.0013826926940693023
2567.0,0.00585677125328449
2572.0,0.0027982711318206284
2579.0,0.0020206727728157123
2589.0,0.0010229272564080609
2596.0,0.0005339981839733847
2603.0,7.197768052034574e-05
2611.0,0.0002558319342173298
2623.0,-0.0003441540754109065
2630.0,0.000544374644212109
2638.0,-0.00010469314322694691
2643.0,0.00046554234847608165
2649.0,0.001652826550964488
2660.0,0.0006335473598452789
2667.0,-0.0008108804693176364
2675.0,0.0011017050035549301
2683.0,0.00042034495986213315
2694.0,0.001336530877287211
2702.0,0.0015363769600094455
2710.0,0.0008588053828433304
2720.0,-0.0009185457632327204
2727.0,-0.001372283562881145
2735.0,0.00044352772912708725
2743.0,0.0001419610697629894
2757.0,0.0017388918862672033
2765.0,0.0020643058176495893
2773.0,0.0018884167945555793
2778.0,0.002632993161502852
2786.0,0.0005501244073993955
2794.0,0.0024271711609634055
2803.0,0.0018939163516311372
2810.0,0.0004645507171552306
2818.0,0.0032008730560506363
2826.0,-0.0031673361788196026
2834.0,-0.0016437454672750588
2841.0,0.0015565194968804625
2852.0,0.004310065336028662
2861.0,0.002305847397908469
2869.0,0.0002791548041071297
2877.0,-0.00039131653554508203
2884.0,0.0001921752340919381
2893.0,0.001709038725987414
2900.0,-0.0005609392796509366
2911.0,-0.001962122114702009
2922.0,-0.00037108200238789024
2928.0,0.001759347731144521
2934.0,0.0007739322722066026
2943.0,-0.0028905636092502063
2950.0,-0.0009308383415555816
2962.0,-0.003621888505569252
2966.0,0.0007229056513623618
2975.0,-7.02684750141187e-05
2982.0,0.0009208194826191378
2990.0,-0.0007661915985733343
2995.0,0.002835010132958734
3000.0,0.00021838524344104104
3007.0,-0.00042676425541001036
3015.0,-0.0006498850405666481
3021.0,-0.00013065632160043315
3025.0,0.0004743472215546804
3033.0,-0.0001110173591469537
3038.0,-0.000709282475187732
3042.0,-0.0011277643573653637
3050.0,0.00011536225595683595
3059.0,0.0007256803243430325
3068.0,0.0008494762199610167
3073.0,0.000512350281703926
3078.0,0.003028657548163417
3086.0,-0.0018833233743906505
3097.0,-0.00031824206767660064
3101.0,-0.00010063269570587832
3110.0,-5.857473925334237e-05
3118.0,-0.0034204965203695555
3124.0,0.0009908986503907808
3131.0,-0.0007197333020331979
3140.0,-0.002973450238955979
3149.0,0.0018393869660692434
3153.0,0.0017384934124836902
3161.0,0.00045296662704915507
3166.0,0.0010048794260411873
3175.0,-0.0005743966247392242
3183.0,8.942538985102728e-06
3190.0,0.0006138091125315378
3202.0,0.0011967891745966281
3206.0,-0.0007163738112657304
3213.0,0.00016430428089838535
3217.0,-0.001482787422173327
3223.0,-0.00030114791530219394
3234.0,-0.0010700710113765346
3242.0,-0.0005673278888845921
3250.0,0.0005232147993766653
3258.0,0.0002910206530001063
3266.0,0.0005192977892625594
3273.0,0.0009531694116891795
3277.0,0.0010675644261847923
3286.0,0.0028000185031733693
3295.0,-0.00604924654854413
3300.0,0.0008452141283036189
3307.0,-0.005683118824756528
3312.0,0.0017623790698915044
3318.0,-0.0037823415565575004
3327.0,-0.006923423720769918
3335.0,0.004622777868869735
3339.0,0.0003586295120036114
3347.0,0.00018045949306689978
3355.0,-0.0003187485563211573
3362.0,-2.3928549636200237e-05
3369.0,-0.0004180434245296066
3377.0,0.0034415994011923433
3382.0,-0.0009930238515297486
3388.0,-0.001605974915047582
3392.0,-0.0016216167222021882
3399.0,0.0014848458176234655
3406.0,-0.00020934302659775318
3410.0,0.00016699996640049433
3419.0,0.0015270355717468965
3426.0,0.0002522292741843704
3434.0,-0.0004784206103525518
3446.0,0.0008328402494184858
3451.0,-0.0001658963749213458
3459.0,-0.0002455087533169023
3468.0,0.001284476952415606
3472.0,0.0008462762642915708
3477.0,0.00013024752324766322
3484.0,0.0002384205493043884
3495.0,0.0010517040616249635
3503.0,0.0014577217368278207
3508.0,0.0067725178321980896
3512.0,0.0014347097254605167
3517.0,0.002870207171534229
3523.0,0.0024507652755880204
3531.0,0.002070076523720853
3540.0,-0.0008493098214417311
3554.0,0.0014708203657777127
3562.0,-8.354430635039792e-07
3573.0,0.0016248636907250603
3581.0,0.00011307525115841053
3590.0,-0.0005638822811244478
3598.0,-0.0015438017891359524
3607.0,0.0029179175014485003
3615.0,0.0008763269796738562
3623.0,-0.00017856353120750208
3631.0,-0.00017412578856370293
3639.0,0.00025535606968730366
3644.0,0.009270828023382704
3649.0,0.0021100023721946854
3657.0,0.0017833227720207702
3663.0,0.0010268931504552573
3672.0,-3.2008227075822876e-05
3684.0,0.0007888173129278108
3695.0,-8.355465031681992e-05
3700.0,0.003707584205276989
3707.0,0.0037163083016931997
3716.0,-0.002952022497053311
3723.0,-0.0009924360028549014
3732.0,0.0013495695338868467
3740.0,-0.0003316203835161932
3747.0,-0.0019369857162506625
3755.0,-0.008058786321429106
3759.0,-0.0033737459697380386
3766.0,0.0006700665086333764
3778.0,-0.00010888431759240667
3785.0,0.0002781781381274996
3792.0,-0.0021992098851088587
3799.0,5.939359074039432e-06
3804.0,0.007367418330098721
3815.0,0.0006427542978409437
3822.0,0.0007738601142348353
3826.0,0.0032312378312659333
3834.0,0.00010404412065545966
3838.0,0.00024235264358803992
3843.0,0.001368404671407046
3850.0,-0.0008547753718787977
3862.0,-0.0015788493869103746
3876.0,-0.004036400023957827
3884.0,0.0003257834890987494
3891.0,-0.0005753876095790194
3903.0,-0.000203156635288497
3908.0,-0.00011125480178573432
3919.0,0.0001242900444361353
3923.0,-0.0010668223194609768
3928.0,-0.0005355392804201759
3936.0,0.0017944395136295585
3947.0,-0.001207992355375582
3951.0,0.006305765361535888
3959.0,0.0005571499375924075
3966.0,0.0003422835082427175
3977.0,0.009020024587407943
3981.0,0.006674649293603179
3988.0,0.0033324919376832474
3996.0,0.002579022155300808
4001.0,0.0009032255081701048
4009.0,0.0003988926511965614
4019.0,0.0037655000610607166
4027.0,0.0027977827638396686
4035.0,0.0011079803625928058
4046.0,0.0004754360957650266
4051.0,0.0009886409531163498
4058.0,0.0011861308635118272
4066.0,0.0010066117794261629
4075.0,0.00020031307817131556
4081.0,0.0009421196128021497
4089.0,-6.348348568970628e-05
4094.0,0.000309621643796944
4106.0,0.0012584611867002497
4115.0,0.0006984287490051837
4122.0,0.0012732466043671592
4133.0,0.001184980292502896
4141.0,0.0024282824344065146
4148.0,0.003334087767249982
4156.0,0.0031637914588583116
4165.0,0.0009236946898800867
4170.0,0.0027565686014282944
4178.0,-0.00017695893278604676
4187.0,0.0036072881673120958
4192.0,-0.00010005403361838489
4200.0,-0.00222478286779512
4206.0,-0.008660884740605067
4210.0,-0.001292231264156395
4218.0,-0.00022654820384065968
4229.0,-0.0006954169697994354
4237.0,0.005374429426618667
4247.0,0.0007118400922824109
4252.0,0.0008253892138059822
4260.0,-0.00017965122630623557
4271.0,0.00010823394577380274
4278.0,0.0003097193542146365
4286.0,-0.0010485906525343745
4290.0,0.012568936733641366
4294.0,0.005460749353384892
4299.0,0.00400336603239039
4306.0,0.006001457898186645
4311.0,0.001900379620020063
4319.0,0.00026770983445017967
4327.0,0.004569578580255318
4338.0,0.0018000695025249596
4346.0,0.0015427343252138862
4354.0,0.002414975125158846
4363.0,0.001902976700546597
4374.0,0.0010985227554621238
4383.0,0.00028879957717391794
4389.0,0.0007869462202368744
4397.0,0.0005593142427737916
4405.0,0.001075550421512509
4413.0,-0.00039472408372819354
4417.0,0.0017092958356519066
4424.0,-8.042552044047131e-05
4435.0,0.00045362200379250276
4442.0,-0.0009514419961908407
4451.0,0.00014714258151911062
4462.0,0.0005319881036660042
4469.0,-0.0032803710549167823
4478.0,0.00026967388836723075
4485.0,-0.0004551641371264405
4490.0,0.0008291695444663819
4495.0,0.000697078199574689
4502.0,-0.0006431456304849185
4509.0,0.000698247105059555
4514.0,0.0022304465916055294
4522.0,0.0001127945728476079
4526.0,0.0011156328387038345
4531.0,0.0011213678147930287
4536.0,0.0010645242051800297
4548.0,0.0002745626960892623
4556.0,0.0006805039824934104
4561.0,0.0007741114495633687
4565.0,0.0008930484830778609
4573.0,0.00035095335804842157
4578.0,-0.0006128759209368457
4585.0,-0.0025590920102515646
4589.0,-0.0013762133285689926
4600.0,-0.0012245334576244632
4614.0,-0.011465450001185012
4619.0,-0.0013606160885305195
4627.0,0.0019871535660133167
4635.0,-0.0003234091226258653
4643.0,0.0037571042102908627
4648.0,0.0004860583491608968
4656.0,0.0006785506046465202
4665.0,0.009281870477187952
4674.0,0.008860597103976022
4679.0,0.010318518800319032
4684.0,0.0076741185116424035
4691.0,0.002841327675614266
4699.0,0.002344276636119568
4708.0,-0.000717114023614587
4719.0,-0.0007154969237360703
4728.0,0.00017057678080967413
4739.0,0.003867344751953597
4744.0,6.73157558358163e-05
4751.0,-0.0031124710311442945
4755.0,-0.001216605767067514
4763.0,-0.00028620964379123825
4772.0,0.002798556200671048
4779.0,0.0030918575248282715
4786.0,0.005308359912362939
4795.0,0.0011681202015702238
4806.0,0.0021098156293647948
4814.0,0.004473989346324362
4826.0,0.003384287275398243
4837.0,0.0003763313127793303
4849.0,0.009556869740952633
4854.0,0.003283440775199991
4858.0,0.0014871368568717964
4872.0,0.0024301272276271656
4881.0,0.002802465333648618
4890.0,-0.00012329639258593743
4895.0,0.002180517084538342
4902.0,0.0044934346918995725
4911.0,0.002503593595067
4922.0,0.002799542492028323
4927.0,0.00467611362748284
4935.0,0.0057071464400591495
4940.0,0.0014458350787953597
4954.0,0.000741619324941671
4963.0,0.0001825825828913112
4972.0,-0.004751771574891764
