,6
2.0,0.0031755531800736723
10.0,0.005023813006767907
16.0,0.0008421151861511788
21.0,0.012541092847268032
30.0,0.007673094983292387
38.0,0.004547643701348029
47.0,0.0146098242394187
52.0,0.0064669244071322565
57.0,0.005060137480844888
64.0,-0.0004958187203490856
73.0,0.0029731749427432085
84.0,0.00385279929165171
90.0,0.0034565509791189748
99.0,0.0016167079093061896
107.0,0.0018082934971903962
115.0,0.002597802865943164
123.0,0.002585827394369818
134.0,0.0028004217441888893
142.0,0.004225627052371005
150.0,0.004826116312776336
161.0,0.0029915600388912334
170.0,0.003859096507668974
178.0,0.0072455129385104065
182.0,0.003714051834032148
191.0,0.0013466668894883684
200.0,0.004442309616230919
205.0,0.012935134950062198
210.0,0.006676554183631857
221.0,-0.003319401343755495
230.0,0.0002175017658453221
237.0,-0.0006373085622130162
246.0,-0.001189826586846418
254.0,-0.0006005995849806058
262.0,-0.00029719611700633133
270.0,-0.0002652557255534079
278.0,-0.00016062713367154556
282.0,0.002402515718814904
287.0,-0.0067518943006544116
291.0,0.002126932240058751
300.0,-0.0008834038546444757
306.0,0.004237439689903465
310.0,0.0008736072465082669
319.0,0.0019215441050245768
325.0,0.0008394204773326023
332.0,0.0010831009539229324
340.0,0.0033014793457532172
347.0,0.0016140905316457703
356.0,0.0015333098654726977
365.0,0.0015199520042259924
373.0,0.0007988081232175624
382.0,0.0002386149978883424
390.0,-0.002983030840477102
398.0,-0.002327776572218411
408.0,-0.0009163396261652573
417.0,0.004097890634327436
422.0,-0.0019576959968103545
426.0,0.001487030790394332
438.0,0.0025094584626533605
444.0,-0.0002183086224418916
453.0,0.0018032551079981344
462.0,0.001603932869355777
471.0,0.0019321798312858
477.0,-0.00026971603434580526
486.0,0.006753008103475601
495.0,0.004060172375601133
507.0,0.0026529038815017044
516.0,9.923735344495326e-05
521.0,0.003936844227769855
528.0,0.0016358090984181606
535.0,0.0005698340815055392
547.0,0.002961869029747457
553.0,0.0034064994247032855
561.0,0.0030755280643078543
568.0,0.001990806673038952
576.0,0.00514657718973733
585.0,0.0023577159806306754
591.0,0.0021305809116052496
599.0,0.0012433910888666698
607.0,0.0017968076741480196
612.0,0.0009593116100351261
620.0,0.0022513894225211105
628.0,0.0029362746191514354
639.0,0.0005647218585076264
644.0,0.0015407265091178552
652.0,0.009149284140552025
656.0,0.0034881499108497943
667.0,-0.003846623856450181
675.0,0.0014276800948773696
684.0,-0.0003349459919849529
692.0,-0.003402909268529366
700.0,0.0009036886491903108
711.0,0.0036344900488316477
715.0,-0.0028207803220351197
723.0,0.0022969153298288353
728.0,0.004562611741521416
733.0,0.0009315583385231666
744.0,0.005572626103320989
749.0,0.004293777231622599
757.0,-8.242274647257358e-05
765.0,0.0013546347055930202
770.0,-0.0001875797976722604
781.0,0.0021139698355337965
790.0,0.0020708583759509705
798.0,0.0016389242587042535
809.0,0.0026214580903497534
816.0,0.0013982118334258567
824.0,0.00115163169717194
829.0,0.003970336194846914
833.0,-0.026842346417906806
838.0,0.019853704599502052
843.0,0.004505887381632182
852.0,0.0008156006955691041
861.0,0.0012887365004709307
865.0,0.00144795670849498
876.0,0.0015783312949983225
884.0,0.00034715070106869003
891.0,0.005152996322700751
896.0,0.0017423563022110058
905.0,0.0029997364610322604
913.0,0.0032992723384524672
918.0,0.0023306506301459984
922.0,0.0013955805644808733
929.0,0.0017865461877658935
937.0,0.0004267378953966793
946.0,0.0010924884285448968
957.0,0.0012036023465054628
965.0,-0.0002995887266332164
979.0,0.004489697885240958
988.0,0.001316662582405562
996.0,0.003836659095317367
1002.0,7.57757793601926e-05
1006.0,0.0005313826169744043
1013.0,0.0032788625813676983
1022.0,0.004207226988288514
1027.0,0.0007770645841739386
1033.0,0.0002014964128191913
1044.0,0.00247711190569792
1052.0,0.002554590999967461
1063.0,0.0014125194449136978
1069.0,-0.0005393297453269185
1080.0,0.0002871272214122593
1089.0,0.0009326248852350239
1101.0,-0.0019728736296457075
1110.0,-0.003494184781162497
1118.0,-0.00015230626801839836
1126.0,-0.0046808904431429755
1134.0,-0.0008256309532298377
1140.0,0.00240181820017485
1145.0,0.0003077373341629035
1150.0,0.0034371026784660442
1162.0,0.0010167784749059287
1174.0,0.0008431862562269888
1182.0,0.0032098053180525357
1190.0,0.004473906576122566
1198.0,0.003056848833044016
1206.0,0.0009521638583690084
1214.0,0.0006184463442446435
1225.0,0.00036878936163592445
1233.0,0.0007686261467022219
1238.0,0.0006541600707566377
1247.0,-0.009670361408127359
1254.0,-0.001401058308970535
1262.0,0.0016490172286860328
1274.0,0.000922962939846559
1282.0,0.0022801041263454253
1289.0,4.561950599518135e-05
1296.0,0.0009699245352923177
1305.0,-0.00018832792079730054
1314.0,0.00011007435110362021
1322.0,0.002404539082464651
1329.0,0.00047859865964450775
1337.0,-0.00010461325175545198
1348.0,0.0003359951163850899
1355.0,0.0018475249531059415
1366.0,0.0028326999773937594
1373.0,0.010010122249005611
1382.0,0.0035051536598136954
1389.0,-0.0029857729877711316
1396.0,0.0007469984601964262
1400.0,-0.0009317005414173794
1408.0,9.902280479586767e-05
1415.0,0.00268458770397451
1424.0,0.0011202865103584897
1431.0,-0.00041682926667129796
1441.0,0.00014024565239951985
1452.0,0.0010234820013600128
1459.0,0.002599031046426162
1470.0,0.001200450861844886
1479.0,0.002988526789033741
1487.0,0.0015663327470364918
1495.0,-0.00012301134302639507
1505.0,0.00010045200519523321
1516.0,0.0011032439202743748
1525.0,0.00069985241258566
1533.0,-0.0008549011163170556
1544.0,-0.0010967087932636805
1552.0,0.0004639909933982409
1559.0,0.017627835846495965
1563.0,-0.006549692906163964
1567.0,-0.0019380693321201365
1576.0,6.602203997740578e-05
1587.0,-0.0027499733788599492
1593.0,-0.0034425286104230067
1602.0,-8.982869766055017e-05
1613.0,0.0022847203075922287
1622.0,0.00256809524571103
1631.0,0.0017647795261770234
1645.0,0.0012285126288224906
1653.0,-0.00169634632510914
1663.0,-0.004617894040885497
1669.0,0.0012210574026873728
1680.0,-0.0001874942289991556
1689.0,-0.0008010793551878723
1693.0,0.0004331366456285192
1700.0,-0.00227221632694624
1707.0,-0.00025509399355503574
1712.0,-0.001357827864724915
1720.0,-0.0004079779004006795
1728.0,-0.0006104954557845611
1739.0,0.00017016270671176646
1745.0,0.0014986099364513855
1752.0,-0.0003482368377262228
1757.0,-0.0008871735937893734
1765.0,-0.00036745629309295957
1771.0,-0.001201614144925169
1779.0,0.00035379287474351316
1791.0,0.0002615225122842843
1799.0,0.00046068725329515096
1807.0,-0.00024645780423114045
1814.0,-0.0002802487690805065
1822.0,0.0018689587650701988
1827.0,0.00019972454601409668
1836.0,0.0015042967259079802
1844.0,-0.0009973972958249601
1853.0,0.0032505572136577398
1862.0,0.0013368286228840663
1870.0,0.0006759406195066714
1878.0,-0.0010442754249457402
1889.0,0.0003726640214625771
1897.0,0.003933920185769891
1907.0,0.0023584407327622743
1916.0,0.0017636519633719369
1922.0,0.0018401692438751035
1930.0,0.0023543176901562827
1939.0,0.002676290334730102
1947.0,-2.85191951411512e-05
1958.0,0.0017778659961474846
1966.0,0.004809806251414209
1972.0,0.0038812885448770997
1980.0,0.0005297717731257832
1986.0,-0.0011386082702663498
1994.0,0.005651436212886231
2002.0,-0.00019651101149217767
2011.0,-0.000989502570321012
2025.0,0.0006104111425757795
2036.0,0.006006039928908817
2043.0,-0.0005431594333190477
2051.0,0.00039150425426150165
2058.0,0.001806614222475498
2064.0,-0.0011921370186064038
2072.0,-0.0007213593691124915
2080.0,-0.0005750481365758732
2088.0,0.00026326978068889076
2099.0,0.00015090762731420873
2107.0,0.001845525122950061
2115.0,0.0007243220362925975
2124.0,-0.0005418496549186962
2133.0,-0.0012284143178822274
2141.0,0.001978898174761662
2149.0,0.0009850721425657973
2160.0,0.0006503530549776282
2169.0,0.0008692767304233743
2178.0,0.002660982528449094
2187.0,0.0009038749454900311
2195.0,0.005625454272073594
2204.0,0.002664048627665442
2213.0,-0.0005658503676281838
2219.0,0.0010274395220495362
2226.0,0.0007696280105380505
2234.0,-0.00018664662473661474
2241.0,0.003474622619487242
2249.0,-0.0019685051524394414
2255.0,-0.0006456096529080088
2267.0,0.0010506316613441088
2274.0,0.005328924931866015
2283.0,-0.0008171318837228032
2295.0,-2.2893717452361083e-05
2300.0,0.0005827115740630914
2304.0,-0.0025657578301883956
2310.0,-0.0020067512160453953
2318.0,-0.002827232561231257
2325.0,-0.0015691065971676506
2337.0,0.0036571668574400936
2346.0,0.000451953054051616
2355.0,0.001006220272287746
2360.0,0.0013978188120254834
2365.0,0.006489088619242977
2370.0,0.0013488794492977289
2382.0,0.0009587600485628748
2390.0,0.0010535787590352389
2399.0,0.0036736460886728694
2405.0,0.000880519377574034
2414.0,0.0009121417031781331
2425.0,0.0002614500626179462
2434.0,0.004605771719900345
2442.0,0.0013000521778242908
2450.0,0.0017533963790710434
2458.0,-0.00036752342272938147
2467.0,-0.0022623019842958596
2478.0,0.00027998207080311236
2487.0,0.002940024737915078
2495.0,-0.003120157993883962
2502.0,-0.0003686438480828024
2511.0,0.0005028297533944642
2520.0,-0.0006447812632586537
2528.0,0.0004577033150682274
2540.0,0.0005852788175573921
2547.0,-0.000460149665765069
2557.0,0.000879393761598484
2568.0,0.0005656801100765845
2575.0,-0.0007687773128533703
2581.0,1.7639226082641728e-05
2586.0,-0.0007131466176826118
2593.0,-0.0007571896228430247
2601.0,0.0011822031198115723
2608.0,0.0031593446449874707
2617.0,0.003195368449674536
2625.0,0.0012875514769453461
2632.0,0.0036127910399972388
2641.0,0.002346153569253164
2652.0,0.0014071406005638984
2659.0,0.0024671017726494468
2670.0,0.0014480776421217617
2678.0,0.002169064848519859
2683.0,0.0024070725824062054
2690.0,0.0018699626206854533
2697.0,0.005286433919313914
2705.0,0.00632882486605745
2712.0,0.004535418377144465
2720.0,0.0008426069612260877
2728.0,0.0027374596243573187
2737.0,3.467074318532999e-06
2745.0,-0.002625740186253232
2753.0,0.0005876847564098426
