,5
2762.0,0.003251495456249582
2768.0,0.006990559576033402
2777.0,-0.0023476224520565126
2785.0,0.001899493799141394
2793.0,0.002318127082872206
2802.0,0.00017017439997392596
2810.0,0.0015900640853530946
2821.0,0.000753738487306519
2830.0,0.001088627007723659
2839.0,0.000896166569492916
2844.0,0.002285890096709113
2853.0,0.0004802439663190312
2862.0,0.0030129580227718487
2870.0,0.003017393817188698
2879.0,-0.00013443861769490091
2887.0,0.0029073625059920635
2896.0,0.0009060982983937463
2904.0,-0.0002858586929712249
2915.0,0.0007532781884922909
2923.0,0.001515500325661708
2928.0,0.0007235765662559227
2939.0,0.0020335917164857583
2948.0,0.0035661474334913964
2953.0,0.0017681641332809625
2959.0,0.0015892591847929077
2964.0,0.009406522530488081
2972.0,0.004429223773411581
2977.0,0.002950397010655227
2984.0,0.001225383189780009
2992.0,-0.00028756926220384164
2998.0,4.486983402297338e-05
3007.0,0.0017035445758514054
3015.0,-0.0008864065115165025
3022.0,-0.0016397707839105268
3030.0,-0.006552705080475918
3038.0,-0.00136596545913658
3046.0,-0.0036567167474605214
3054.0,-0.0010786696575251096
3061.0,-0.014864285251547945
3068.0,-0.013511487162000235
3072.0,0.0035795464115722098
3083.0,0.0037898853552459045
3091.0,0.015372816398957066
3100.0,0.007608299257554371
3108.0,-0.0016069868783619259
3119.0,-0.002428835290103419
3126.0,0.0042106658797561435
3137.0,0.0015342050696639123
3148.0,0.00048584835919888053
3155.0,0.0025538376336872704
3163.0,0.0010305756296553157
3174.0,0.002195922990749043
3178.0,-2.483664889615094e-05
3188.0,0.001208957227623125
3196.0,0.0007743355692018583
3201.0,7.003772537106173e-05
3210.0,0.001791666209748155
3218.0,-0.002771612918588991
3230.0,-0.00024767458103305536
3235.0,0.0015901779942272482
3243.0,-0.0016639246552546821
3253.0,-0.0032248704641502503
3267.0,0.005234400510103467
3271.0,4.9284856759667265e-06
3278.0,0.0021589995514454015
3286.0,0.0024405175375120827
3292.0,-0.0013610618189187143
3303.0,-0.0019112404565973672
3311.0,0.0017981422564237134
3319.0,-2.9564268865065798e-05
3326.0,0.00021386389081941962
3332.0,0.0015526257490521996
3337.0,0.0005710119321846036
3343.0,0.0005454336780627156
3352.0,0.002297320355068727
3360.0,0.0005700501027038917
3364.0,0.004877078956883561
3373.0,-0.0010897773126106968
3381.0,0.001326102740787624
3389.0,0.001328305640345775
3397.0,-0.0007372157621984985
3411.0,0.0012924889819815027
3419.0,-0.003633448064216187
3425.0,-0.002574146147227084
3437.0,-0.000564117687632463
3444.0,-0.0017948142776122568
3451.0,0.00228301897868032
3459.0,0.00045069932916763807
3468.0,-0.0029188110707872076
3475.0,0.0006436356884255339
3485.0,-0.0013871855359248023
3490.0,4.364013495055259e-05
3498.0,0.006001769605317699
3505.0,0.0004616519673729351
3513.0,0.008037381172089892
3524.0,0.001792951436134144
3530.0,0.0019013130011174084
3536.0,-0.0017244385898606575
3550.0,-0.000502080641099582
3557.0,0.00019581700661384238
3565.0,5.209450955428968e-05
3572.0,0.0002068128611006491
3578.0,0.002055688554810058
3583.0,-0.00022657293712069674
3595.0,-0.0006652208971724424
3600.0,0.000445262207406319
3607.0,0.008887857380418997
3613.0,0.004499680423726995
3617.0,0.0006611880124229282
3625.0,0.000942589336035512
3637.0,0.0007158307641050523
3644.0,-0.0004599774188020906
3649.0,0.0009226527288091239
3655.0,0.0006902603526372514
3659.0,-0.00013105065970091427
3663.0,0.002293593707678517
3671.0,-0.00024331474471267085
3679.0,-0.0027955492318214735
3687.0,-0.001477689164301795
3695.0,-0.0004310118735916746
3701.0,0.001087543446245298
3707.0,0.0014475757956503243
3715.0,0.0013863892955380069
3727.0,0.0002498087265954887
3735.0,-0.0018790346415502618
3743.0,-0.0027802619721292404
3752.0,0.004407318843458251
3759.0,0.009963109952566617
3770.0,0.008140631594123697
3779.0,-0.011003108517942903
3783.0,0.0011286593943186597
3791.0,0.008549681990420206
3798.0,0.002354157155142976
3809.0,-0.0006842351457571506
3816.0,-0.001799282954484751
3822.0,0.0019666733753612477
3833.0,-0.0003395805810604571
3842.0,-0.0008088200942537112
3850.0,0.004441225367578825
3855.0,0.011728888358490255
3859.0,-0.0032386823683004406
3869.0,0.002679971959870078
3876.0,-0.005262773718890014
3880.0,-0.0005348531249027317
3892.0,-0.0009303452540936172
3900.0,0.0007168215656871912
3906.0,0.0009612817171659123
3912.0,0.0006343046054999741
3918.0,0.001871904700310642
3929.0,0.0018168248278093624
3940.0,0.0014805171308246237
3948.0,-0.0033886319904279896
3956.0,0.00032896929497695923
3964.0,0.0019699326898502526
3972.0,-0.00022719232281640393
3981.0,0.0008369891299529565
3989.0,0.001133267289823984
3996.0,0.0010939418348828124
4003.0,-0.0008973601718433346
4009.0,-0.0006179862361101548
4015.0,2.3813301515144683e-05
4019.0,0.0031736369824067424
4027.0,-0.0008063870419910248
4034.0,0.0018656143689916851
4041.0,-0.000611161053642264
4047.0,0.0005156541787221856
4052.0,0.0004509347456307689
4060.0,0.0007217245443509922
4074.0,0.0006032577856434443
4082.0,-0.0003054954006953573
4090.0,-5.213584571138343e-06
4099.0,0.00011231772362149778
4106.0,-0.004586909873378737
4110.0,2.9581948474699558e-05
4119.0,0.0005827680233555495
4128.0,0.000686803399597626
4135.0,0.002478190127500348
4142.0,-0.0030549112642004363
4149.0,-0.0006146754107600107
4160.0,0.0055573218497906255
4167.0,-0.004664546666916796
4171.0,-0.000473028616925629
4181.0,0.0029414343884812903
4188.0,-0.005127651512757852
4192.0,-0.00040566699516120713
4200.0,0.0008568146046170108
4207.0,0.0013141912320369987
4215.0,0.0007304431617938
4221.0,0.00196329025196089
4229.0,0.0016969971005142842
4235.0,1.8364406474299683e-05
4243.0,0.000615878385923876
4248.0,-0.012267690857469126
4255.0,0.005645805933391872
4263.0,-0.0008388304684129495
4270.0,0.002057714643566785
4281.0,0.002070851965565256
4289.0,0.0015390074988482923
4300.0,0.0011425850489150246
4307.0,0.00050901535344503
4313.0,-0.0014382789415500756
4317.0,-0.000617301225812384
4322.0,-0.005312553488252678
4328.0,-0.003473796533012059
4336.0,-0.0023108671677534304
4341.0,-0.0012911886009062943
4347.0,-0.0010930499962620338
4352.0,0.0016466188753048844
4361.0,-0.00036473405655636205
4369.0,0.0009056656637500832
4383.0,0.0010626164316390539
4391.0,-0.002279986638792296
4398.0,-0.004472700529446443
4409.0,-0.0009916711380868245
4418.0,-0.0045532879746967665
4422.0,0.011324956554327711
4430.0,0.0006800268510449807
4436.0,0.000530187229100319
4447.0,-0.0007361785764625162
4456.0,-0.000772348893417849
4463.0,0.002459897448137872
4474.0,0.0029292326802504466
4481.0,-0.0041368490732844815
4485.0,0.0006199974577289559
4495.0,0.0004622544164415903
4504.0,-0.003079720742683061
4510.0,-0.003048182453229263
4518.0,0.002177914398973298
4526.0,-0.0013972616544063161
4534.0,0.002104197010296539
4539.0,0.0007223342478783316
4547.0,0.001346331755645611
4553.0,-0.0010492748513303092
4564.0,0.002160819506503568
4575.0,-0.011651504114744702
4582.0,-0.00017732025527046312
4590.0,0.001633369045613566
4594.0,0.003654629419837184
4602.0,0.0036290964433709286
4607.0,0.001595920443857606
4618.0,0.000626515641910077
4623.0,-0.0008277943387337621
4630.0,0.0001230169900385696
4634.0,-0.00011809623271324134
4640.0,-0.0007721642549764954
4648.0,0.0022833143931025343
4656.0,-0.00445742255186297
4661.0,0.0023998095885900007
4668.0,-0.0010250646305870511
4674.0,0.0010503767967607073
4685.0,0.0012665831339518088
4693.0,0.0008079466542532536
4704.0,0.0008054452647728689
4712.0,0.001042719147520136
4720.0,-0.0018138204955642904
4731.0,-0.001422603098239689
4736.0,-0.0012807711612800971
4744.0,-0.0006101658746724132
4753.0,0.0022899330967399052
4762.0,0.0025884270537057242
4770.0,0.00014301891632789515
4778.0,-0.003346649109225446
4785.0,0.000770109068536705
4797.0,0.0032439004236613444
4803.0,-0.005127578251006784
4813.0,-0.008173175583817818
4821.0,-0.010169971038498196
4829.0,0.01124658309610451
4837.0,0.005245620733152953
4845.0,-0.0036356906094685993
4851.0,-0.0008179044017722977
4855.0,-0.0009922993778899245
4863.0,-0.0007985443113830181
4870.0,0.002068234845892725
4876.0,0.0016294198910253549
4883.0,0.002131640925748982
4889.0,0.0017289651276813306
4900.0,0.00026162668739153155
4906.0,-0.0024903761909551778
4915.0,0.0012828212203737901
4921.0,-0.0002486032425337592
4925.0,0.0007453674892096276
4936.0,0.0012052339855540895
4944.0,-0.002052583707840089
4952.0,0.003807689618516352
4960.0,-0.00010794240706839499
4965.0,-0.0010416704520962098
4969.0,0.0008362624215529743
4981.0,-0.00014367377460879728
4989.0,0.004142326016783186
4997.0,-0.0020066388241131612
5008.0,-0.0028316095791818003
5016.0,-6.472781626639483e-07
5022.0,0.000769736913680982
5030.0,0.0002841846983018188
5037.0,0.000960213342067465
5051.0,-0.0011395887290088435
5059.0,0.0015521509736176125
5064.0,-0.0017939351226404668
5072.0,0.0012785540266085683
5081.0,-0.0002755283627872865
5086.0,0.010476662726092371
5094.0,-0.0008106522053492492
5105.0,-0.00480481100048229
5110.0,-0.00784608671508202
5114.0,-0.0018642126497309655
5121.0,0.0016371582456865352
5129.0,0.015238346548443957
5134.0,-0.0037773529879047054
5138.0,-0.0015900183186342931
5148.0,0.0015213793864710568
5156.0,-0.001225904598740651
5164.0,-0.0005708395554287787
5175.0,0.002319997624013564
5182.0,-0.0032235388913865615
5188.0,0.001802924076908683
5194.0,-0.0029162612038063232
5202.0,9.979936815027083e-05
5206.0,0.0014877359096813155
5213.0,-0.0006827068500441817
5220.0,-0.0012362700731181043
5228.0,0.0022773201275666827
5236.0,-0.0006597335598790325
5240.0,0.0004413226507993377
5248.0,0.0019768162477761986
5253.0,0.0018761807151130188
5260.0,0.0001373736189682668
5265.0,0.001709360517728412
5272.0,0.0005291429235526034
5276.0,-0.0011922351118661763
5282.0,-0.0008130406565294178
5296.0,0.0001393967711399493
5304.0,-0.00018606433614323494
5310.0,-0.0003641629606703153
5321.0,-0.001149746469350516
5329.0,0.0019399520598186665
5338.0,0.0012590442147043556
5346.0,0.0027494574234734614
5360.0,-0.002063637822674515
5370.0,0.0028621804869930515
5376.0,0.0019149831750198308
5384.0,-0.0066111532221844365
5389.0,0.0028137948432823993
5398.0,0.0025003729785545515
5403.0,-0.0005865472189579766
5414.0,0.002569099454068357
5423.0,0.0026921692258182347
5431.0,0.001018095909013074
5438.0,-0.0007780095131833426
5447.0,0.001722889455212472
5456.0,0.00021580966683757745
5464.0,-0.00024561812748444305
5473.0,0.0029652298791991755
5481.0,-0.0006449610476074319
5490.0,0.0013676993758025943
5495.0,0.00025199713768541895
5503.0,0.005819871433698917
5511.0,0.003187527465129484
5519.0,0.0037310480686995524
5530.0,0.0033011602766387276
5538.0,-8.967152432767542e-05
5547.0,0.0006028184103075522
5554.0,0.0012188668870920657
5560.0,0.0016093615183315443
5569.0,0.0004756275774488486
5574.0,-1.2855528316213622e-05
5579.0,0.003140821242794784
5584.0,0.00040727510766294087
5592.0,9.23497171056496e-05
5600.0,-0.00021509269739716555
5608.0,0.0032038522227311136
5613.0,0.002675149896860604
5625.0,0.0010213224507832977
5631.0,-0.0005694309003626038
5640.0,0.004553290893699758
5645.0,0.0028319613635564176
5655.0,0.00727038498290005
5660.0,0.0016877848025830167
5669.0,-0.009458432871565895
5678.0,-0.001992230919224841
5686.0,0.003906351285217757
5693.0,-0.00017627910803313785
5701.0,-0.003411295520721443
5709.0,0.006572506118058519
5716.0,-0.004154123526735308
5723.0,0.0034497307426094043
5730.0,0.0020648860552300993
5737.0,-0.0007129867921006988
5742.0,-0.0020812250167158075
5748.0,0.015662174723112727
5757.0,0.0005181943058477053
5765.0,-0.0035922869166156468
5772.0,-0.006649211893172985
