,4
2.0,-0.0026065308071147584
10.0,0.007792870124674614
16.0,-0.0018114615135191973
21.0,0.012615669659232125
30.0,0.010127326938502155
38.0,0.012752162937223427
47.0,0.013864924408028691
52.0,0.010178919853639657
57.0,0.0017667457519639808
64.0,0.00806423816348812
73.0,-0.006417904719017697
84.0,0.005761810247188243
90.0,-0.00023582914545241398
99.0,-0.0003195818178818395
107.0,0.007406338056302597
115.0,0.004804108424733458
123.0,-0.0006713130225088859
134.0,0.007405756198782003
142.0,0.006918919077378759
150.0,0.006363865039365825
161.0,0.013474081632642439
170.0,0.0047386877290505605
178.0,-0.0016128391306624787
182.0,0.007793495629447394
191.0,0.008253006900619813
200.0,-0.0032175263754213126
205.0,0.002470011896028672
210.0,0.006012564088991115
221.0,0.0074307873879827955
230.0,0.0118379746770055
237.0,0.0056656700564246855
246.0,0.0015781337663136837
254.0,-7.754878662130203e-05
262.0,0.003668763418420161
270.0,-0.002369649919164081
278.0,0.002263273588833534
282.0,0.004630238705825897
287.0,-0.017684151021007382
291.0,-0.008235055087970074
300.0,0.012695045970143636
306.0,0.029253670632904
310.0,0.008947558970870946
319.0,0.01108902871210402
325.0,0.0035150491270904034
332.0,0.0015982484182845576
340.0,0.002241414906580238
347.0,0.00827456911008366
356.0,0.0025724801805884373
365.0,0.007034272073827847
373.0,0.007884221406626977
382.0,-0.004497797931534298
390.0,0.0050036522567348755
398.0,0.004708334638234191
408.0,-0.0010495523297920743
417.0,-0.01204575963739799
422.0,-0.002259433250507313
426.0,0.005452060882795997
438.0,0.010535288395102716
444.0,0.012795619594357693
453.0,0.0034505760512689152
462.0,0.009237923583510457
471.0,0.007480602095536061
477.0,0.005546166089567042
486.0,-0.008888590162469127
495.0,-0.007861973626725605
507.0,0.009345039135825304
516.0,0.004372869716508149
521.0,0.0003732625179264283
528.0,0.008495439609766358
535.0,0.0019408367721294919
547.0,0.005493531603716483
553.0,0.005478021984532832
561.0,0.0019221881090490736
568.0,0.0037414051356899395
576.0,0.008008944509662178
585.0,0.0066129455337832245
591.0,0.003404278789128931
599.0,0.006478730519749449
607.0,0.008175454419012488
612.0,0.0022273007082342826
620.0,0.0005792710847754828
628.0,0.005507733695204745
639.0,-0.0006153978803916783
644.0,0.011835847457118449
652.0,0.0036056731556673906
656.0,0.013631630633453401
667.0,0.0052680243101146836
675.0,-0.0062474549487181825
684.0,0.0012341878439278814
692.0,0.00401737747708871
700.0,0.0047772083909448865
711.0,0.008967135203594191
715.0,-0.0030296192879869627
723.0,0.011349564322068231
728.0,0.012752413297572122
733.0,0.0026759040243331846
744.0,0.0031122871231222113
749.0,0.002078694876490338
757.0,0.006893543777693059
765.0,0.0075491518216503
770.0,0.002339065901693982
781.0,-0.001217307596295799
790.0,0.0035022596672569864
798.0,0.004548997101149902
809.0,0.0048141038888306845
816.0,0.010974405592154545
824.0,0.0051292514187615485
829.0,0.005464777474131172
833.0,0.009183602396395056
838.0,0.0008351429602935247
843.0,-0.0012325153279365447
852.0,-0.004129089842339389
861.0,0.0074726314155739194
865.0,0.0004288450390816749
876.0,0.002898408888989915
884.0,0.014903584599892114
891.0,0.011578552401074667
896.0,0.004733235656165057
905.0,0.00716697759479797
913.0,0.005578535082837146
918.0,-0.007082628624056559
922.0,-0.003106964372162772
929.0,0.006114535027895009
937.0,0.006114466794135598
946.0,0.011031585536074355
957.0,0.006261228518392331
965.0,0.009968203398626576
979.0,0.010896959326580812
988.0,0.004554179486354682
996.0,0.006354885584226873
1002.0,-0.0010340817118957458
1006.0,-0.0024360331017726704
1013.0,0.004627882417052982
1022.0,-0.0017367816121275472
1027.0,0.003964391942126845
1033.0,0.0005605086753221938
1044.0,0.00422327932455885
1052.0,0.008137884919582767
1063.0,-0.0036724450279150803
1069.0,0.0048273456667060725
1080.0,0.014918332504781018
1089.0,0.0021398645510079905
1101.0,-0.009012968088473747
1110.0,0.0036499829992768166
1118.0,0.008983467215948122
1126.0,0.011913571033089676
1134.0,-0.01178186036180317
1140.0,0.008355872175827601
1145.0,0.006585210239536202
1150.0,-0.000740074034727117
1162.0,0.0008071096509190568
1174.0,0.007184771727553186
1182.0,0.008548014875267308
1190.0,-0.006492984580263315
1198.0,0.007943191495316613
1206.0,0.011270525743876558
1214.0,0.0018512721453044258
1225.0,0.00022159568844477078
1233.0,0.003658811630450732
1238.0,0.008785431015743524
1247.0,0.003823495401912953
1254.0,0.00953013065097672
1262.0,0.00559236379887184
1274.0,-0.0009528236856621779
1282.0,0.00801285404587282
1289.0,0.01724483114381738
1296.0,0.018069069275344643
1305.0,0.0046874827430050435
1314.0,0.004965618894839969
1322.0,0.004984821699503603
1329.0,0.008592984152230707
1337.0,-0.0006132143300335495
1348.0,0.0030609089732384206
1355.0,-0.006548246508851981
1366.0,0.011714695843490238
1373.0,0.01206057976251397
1382.0,0.006333207106268908
1389.0,-0.002488476452271268
1396.0,0.004770736522995347
1400.0,0.004078512949813459
1408.0,0.006429580864278478
1415.0,0.0028068837788953254
1424.0,0.00195984876525851
1431.0,-0.0014778629899941732
1441.0,-0.0023240156737693194
1452.0,0.002283621058256192
1459.0,0.007191550096254597
1470.0,-0.017602384606626376
1479.0,0.00744753954833282
1487.0,0.002073173202046686
1495.0,0.005215203938536556
1505.0,0.002418112904623966
1516.0,0.0002873464080606583
1525.0,0.005009390547702396
1533.0,0.002242853908961965
1544.0,0.00207871854868156
1552.0,0.0007686675160991025
1559.0,0.017668463593414497
1563.0,0.020253820505154785
1567.0,-0.00034332830997542305
1576.0,-0.00432593650069266
1587.0,0.0024643258552052155
1593.0,-0.010025240216415508
1602.0,0.003769217634931368
1613.0,0.013574566819176062
1622.0,-0.0020234475158459114
1631.0,0.002996079948131341
1645.0,0.008762990263768025
1653.0,0.00046000429943890886
1663.0,0.0013494463420468733
1669.0,0.000740488462027414
1680.0,0.0016327378471435584
1689.0,0.002186729180418976
1693.0,0.010569589935172019
1700.0,0.000820376526494972
1707.0,0.0035782780045869895
1712.0,0.007812801691186842
1720.0,-0.00028227457742080036
1728.0,-0.002465197758932523
1739.0,0.010942121330491368
1745.0,0.0046001258195996365
1752.0,0.003245701371107155
1757.0,0.003610963529839238
1765.0,0.006024899961117251
1771.0,0.004007941095961725
1779.0,0.0031946218212728014
1791.0,0.0018289062696834689
1799.0,0.006392567919813454
1807.0,7.383372179522332e-05
1814.0,0.00036703379304486037
1822.0,-0.0010380684875126375
1827.0,-0.002999467175820024
1836.0,0.0035599622069403657
1844.0,0.0022938752056837135
1853.0,0.017436619833953917
1862.0,0.006010012216541618
1870.0,0.004664660254548179
1878.0,0.016715632596405728
1889.0,0.00861541984079944
1897.0,0.008516923716224534
1907.0,0.005457159299388436
1916.0,0.006365232446587722
1922.0,0.006886691940266273
1930.0,0.006268994369312207
1939.0,0.00435356787272553
1947.0,0.006322546699549516
1958.0,0.006091778309097107
1966.0,0.00725063761118106
1972.0,0.006993491821935274
1980.0,0.007848703392979951
1986.0,0.006354568497488764
1994.0,0.006809126519899233
2002.0,0.0016864658025648343
2011.0,-0.002654965587349099
2025.0,0.0022961699292720432
2036.0,0.012096204738856082
2043.0,0.0028234926080598875
2051.0,0.009363567158759672
2058.0,0.016305884139396386
2064.0,0.006014130706728675
2072.0,0.0025416022357682834
2080.0,0.00958330807192488
2088.0,0.000181772016823502
2099.0,0.006864403058328797
2107.0,0.002869054566853329
2115.0,-0.0031929251894030858
2124.0,0.0023178992316104257
2133.0,0.0006495558210009363
2141.0,0.006311915539810928
2149.0,0.006880872574004588
2160.0,0.004237637084603507
2169.0,0.0045242879537615585
2178.0,0.006765757710330758
2187.0,0.00023516408086281823
2195.0,0.007536560222604429
2204.0,0.004503786967572439
2213.0,-0.0005248320308912526
2219.0,0.0035820614178735926
2226.0,0.004976089571939249
2234.0,-0.0016870795696480097
2241.0,0.006760063416149335
2249.0,-0.0019246927803848143
2255.0,0.0009395949472528315
2267.0,-0.0027185313132067675
2274.0,0.007645082859343986
2283.0,-0.0021520232429535417
2295.0,0.0029278947837921994
2300.0,-0.0042212364671963785
2304.0,0.004501822665063393
2310.0,-0.006300469667195177
2318.0,0.011689798183585056
2325.0,0.0017100174094183697
2337.0,0.0034283907669879305
2346.0,0.008487764843819575
2355.0,-0.0007993194299549065
2360.0,0.01020970122549899
2365.0,0.004023013105102501
2370.0,0.006057085909952408
2382.0,0.0045190618016195915
2390.0,0.0031466332439210295
2399.0,0.005203790153613007
2405.0,0.0071412875505531635
2414.0,0.0036677791185142253
2425.0,0.00865491988748727
2434.0,0.007011706971609122
2442.0,0.012687805903119069
2450.0,0.0006200825384259057
2458.0,0.007053658978477892
2467.0,0.002249561811054218
2478.0,0.005166900390975298
2487.0,0.003970756299718061
2495.0,-0.0008342265209914101
2502.0,0.00729747029885895
2511.0,0.001905436809259739
2520.0,0.00785034257916091
2528.0,0.005583480872113416
2540.0,0.00786124515816374
2547.0,-0.003905660199955447
2557.0,0.004993796800925834
2568.0,0.008467025762296604
2575.0,-0.00568686533765047
2581.0,0.005868935556829661
2586.0,0.005299080686626973
2593.0,-0.00014553901886803973
2601.0,0.003195267509902732
2608.0,0.007893430239682376
2617.0,0.005168106916183031
2625.0,0.0016088817269561998
2632.0,0.0043460160084734505
2641.0,0.0033051987551327884
2652.0,0.0055114035161916665
2659.0,-0.0004069892170308432
2670.0,0.009466722860782392
2678.0,0.002108512359853407
2683.0,0.006907202091070966
2690.0,0.005911415807311671
2697.0,0.005834244220043009
2705.0,0.004688422021136731
2712.0,0.004886105232775984
2720.0,0.005749786184648312
2728.0,0.0058726672184704586
2737.0,-0.0007661922111621406
2745.0,0.0030486886699019897
2753.0,-0.006143673345026389
