,8
0,-0.00487186680232045
1,-0.0003495413036481035
2,0.002836200347322321
3,0.008509349117426717
4,0.0063785277651058165
5,0.009000156962089445
6,0.0062489976567247215
7,0.0016228408846806338
8,0.0014270893266388899
9,0.0024059577558220627
10,0.0012621214558828412
11,0.0029269367213498347
12,0.0018533087933874182
13,0.0016777472742681586
14,0.0019087411020178582
15,0.0024960624561463783
16,0.0024763110072588204
17,0.003605921490462395
18,0.001727340159048745
19,0.003100222699464993
20,0.0025168222886415006
21,0.0031639573079863914
22,0.005803435014424543
23,0.0037305881510377044
24,-8.859105173146119e-05
25,0.0016018248991317124
26,0.004207375543419354
27,-0.0050709097842807725
28,-0.0008508188820311225
29,0.00038564521879265944
30,0.0005715262844888347
31,0.00014911146154174227
32,-2.6345630791289766e-05
33,0.0001453043676691232
34,2.5603942333267507e-05
35,0.0003519830045092979
36,0.0010031396879430705
37,5.8438710827921025e-05
38,-0.004228116243946477
39,-0.0008946335813626667
40,0.00035510474516139946
41,0.0002489071486081363
42,0.0004628760962630185
43,-0.0009330361846011592
44,0.00018032427151723392
45,4.092923869405582e-06
46,0.0006988557575360997
47,-7.409165569336472e-05
48,0.0008330188555875748
49,0.0006375974080590133
50,-0.0003321740900510939
51,-0.00042030431408742505
52,0.00034489680277400924
53,-0.0011452290444738402
54,-0.004398698205285209
55,-0.0024741107577122053
56,-0.0013474607037202257
57,5.722318032369975e-05
58,0.002102840811772625
59,-0.00044530373698417483
60,-0.0003355819585373987
61,0.0003595625017357951
62,-8.608315851638408e-05
63,0.004166751253971816
64,0.001998588824823407
65,0.0009696515445389871
66,0.00032019966190479304
67,-0.0007520402083812579
68,0.0002639391435329149
69,0.0005898914488530332
70,0.00060196694443282
71,0.0002336814120331673
72,0.0002156908256739334
73,0.0006894485025179541
74,0.002031112943307838
75,-0.0006016868720240306
76,0.0004411167514911235
77,0.0005770972733331087
78,-4.317327818995597e-05
79,-1.2261659096616172e-05
80,-0.0004891570535530669
81,0.0017594916224812239
82,0.0012322523177252828
83,0.0008254257557255705
84,0.0001244745451230957
85,0.0013828656945346586
86,0.00100328452096412
87,0.0017562482625828183
88,-0.002662037111482356
89,-0.00028654746557636436
90,0.0009600451864437974
91,0.0014960801935611256
92,-0.001090677738976987
93,-0.0006424264536070075
94,0.0022678230581864613
95,-0.0010079555249120815
96,0.0032321685675873934
97,0.001360937046671718
98,-0.0008749772941036587
99,0.0003303704011924525
100,-0.0007382120062824832
101,0.0012539760750646502
102,1.0423985854380073e-05
103,-0.00025294973414847013
104,-0.0012044911310169397
105,-0.0002322289655206071
106,-0.0011137746189348265
107,-0.007592902149913764
108,-0.004986075088775377
109,0.002008965807577705
110,0.0028930231118417956
111,0.001724570180496202
112,0.0010487000114265494
113,0.004218556835025014
114,0.00030145234758111625
115,-0.002503627767434717
116,-0.0023482102443716235
117,-0.0005780614574805395
118,0.00024140142477277867
119,0.0008403974691700187
120,0.0028000639234697826
121,-1.4197443396358326e-05
122,0.0002845257480912399
123,0.0003641358523198949
124,0.0007757946435280593
125,0.00012628694524307379
126,-5.0515018846788035e-05
127,0.00018936813984586314
128,0.00022946803943862265
129,0.0022349916839262936
130,0.0008601138087713958
131,0.00020109714159190396
132,0.0012226146897584135
133,0.0015445562735093045
134,0.00015959777751901503
135,-0.00022240626068028183
136,0.0006708953278565132
137,0.0005246739529420778
138,0.00025685624191211406
139,-0.0008673338096917754
140,-0.0013572531097509998
141,0.0007035733525520797
142,-0.0015706508998376816
143,-0.00027361266882891625
144,-2.5882513485165975e-05
145,1.0541171693157397e-05
146,0.00014094950355411577
147,-0.00015465827939882394
148,-0.0006606283359037615
149,0.0002076325130383685
150,-9.023328468517935e-05
151,0.00015568471188788692
152,0.0025166755484090962
153,0.0011851491170664452
154,0.0008634393419998532
155,-0.00027801607471837294
156,5.354858335164933e-05
157,-0.00016136892973536251
158,-0.0015676699575622392
159,-3.993224929316603e-05
160,-0.0024045685374370347
161,0.0009876655187876723
162,0.00038672489624467257
163,0.0018353258465394282
164,0.00033709109746362666
165,0.0005450481249954842
166,0.0011292975317738095
167,-0.0010719462902073326
168,-0.00028950648876156093
169,-0.0001853029105887524
170,0.00016201464223962564
171,0.00011293971058864062
172,4.4921402553762066e-05
173,-0.0002724352827516005
174,0.005868311080697354
175,0.010647046695695309
176,-0.0017827148674066438
177,-0.0014700410583805734
178,-7.862318461998316e-05
179,-0.0013300956484873071
180,-0.00045312928229770353
181,0.0018808685263608147
182,-0.0017591544952260767
183,0.00021962173363346895
184,0.0003905721871553967
185,0.0005875774956675226
186,0.0008654355025606819
187,-0.0004886644442576564
188,0.00221768715943828
189,-0.0007800924764810787
190,-9.442824324303975e-05
191,0.00024636004818009635
192,0.000422563736903391
193,0.00012684019351026307
194,0.00020960205193988274
195,-0.00022610146126313647
196,-0.00015099539284134915
197,0.0032435360364266165
198,-0.0008436839573604007
199,-0.00015242037803232773
200,0.0008106813419921645
201,-0.0019482741161221675
202,-0.002329419215226204
203,-0.001207566377209583
204,-0.0007688820320097536
205,0.0002752701630128196
206,0.002014751390765901
207,0.0010269376934105912
208,0.0003956754602499378
209,0.0024523495004009277
210,-0.000588177070350199
211,-0.0005562406108333124
212,0.0012431209287234362
213,0.0010432902771964866
214,5.1877582605131664e-05
215,0.0002684040865244165
216,0.0007347923428647702
217,0.0004584270262432088
218,-9.092771242324439e-05
219,7.715750758315667e-05
220,0.00011036951821266579
221,0.0004456354259788018
222,-0.00013289066670216245
223,-0.0009518734536358125
224,-0.00048155744697464124
225,-0.00010577474457013955
226,0.0002571099670503874
227,-0.000286427347608935
228,0.0025755062216706163
229,0.0014338521769210503
230,0.001452356000955618
231,0.0028230802376564695
232,-0.0014096648528098413
233,0.0015981157111429245
234,-0.0003635197956697221
235,0.00019231143584988545
236,-0.0011087428116881657
237,0.0005697983270354565
238,0.0001750909290799199
239,0.0009995338519273313
240,0.0021458403296052407
241,-0.00033492423181141935
242,0.0008806549296129996
243,0.00027336198181340224
244,0.000561329576556508
245,0.0002409262152003614
246,0.0009503196184327502
247,0.0017871926070373212
248,0.0007147968294146
249,0.00035174628372601464
250,0.0006189358319539414
251,0.0018497439181243422
252,-0.0012731359281314258
253,-0.0015013310631421374
254,5.8938455812428055e-05
255,-0.000738690944190881
256,0.001188321287899959
257,-0.0009666561777666584
258,0.00028983056847603765
259,0.00032080344807146463
260,0.0003608990731484791
261,0.00017089645844832154
262,0.0007804274607348015
263,0.000487484166233588
264,0.00021359942975621876
265,-0.00018330047637467398
266,-0.0001900297528106447
267,-0.0003248455191907172
268,-0.0018752958903480868
269,-0.00025615496765580664
270,0.0013046843927629385
271,0.0017041733916799203
272,0.00042065874611891787
273,0.000465686964469171
274,0.002261180932809925
275,0.0010682526994036008
276,-0.000447363890159882
277,0.000299340757201183
278,0.0003381281912778045
279,0.0006166437351204665
280,0.0008118568209613915
281,-0.000772560464671623
282,5.484890273698092e-05
283,0.0014472736900504565
284,0.001455929788146802
285,-0.0008023966775193624
286,0.000869147854516436
287,0.0017373712712189602
288,-0.0015451024265089647
289,0.00012039519089154196
290,-0.0008203777597816382
291,0.0016146248874094984
292,0.0012267077736409955
293,-0.0011818864382549118
294,3.058463370844767e-05
295,0.00048773072353884545
296,0.002812213002686856
297,0.00034067862868958625
298,0.0005331417923376821
299,0.0006559532943124062
300,0.0019200760512091788
301,0.0010262242589640462
302,0.00034830970655089455
303,0.0007504257051946491
304,-0.0007242429353239299
305,0.0012084112134804897
306,-0.00015359275464768286
307,-0.0013370515409554685
308,-0.0014240131486517285
309,0.0018859177004835327
310,0.0022834442876078507
311,0.0010838563543642014
312,0.0006023046636464639
313,0.0022327508399979314
314,0.0006629946412199566
315,0.0007556016205854995
316,0.0013306465538962845
317,-0.000464943823350595
318,-0.00030771525133163396
319,0.0003154723985456268
320,0.0009560038580570223
321,-0.0007469182456602639
322,0.0002481361178305077
323,-7.092503696318749e-05
324,-0.00032415849944621253
325,0.0005580852114833942
326,2.364873338838125e-05
327,0.0006190632227573911
328,0.0010950289371823888
329,0.0030834323459269486
330,0.00044764696080782805
331,0.0005166578548679191
332,0.00032282532894291387
333,8.48858275356582e-05
334,5.334785140175829e-05
335,0.00013713515295214965
336,0.005832699350179343
337,0.002695528465392196
338,0.0006820176436752463
339,1.8203829593893664e-05
340,0.0008101095751034234
341,-0.0003895598580786768
342,-0.00046816847666600146
343,-0.0030801842930849666
