,3
2762.0,0.003610044321611983
2768.0,0.0019483544585027605
2777.0,0.015223013664662336
2785.0,0.009720808985191782
2793.0,0.007568138652352708
2802.0,0.0035450696007681896
2810.0,0.011192482190370287
2821.0,0.0010558141082664771
2830.0,0.014896194053167992
2839.0,-0.0065526739695443426
2844.0,0.002284961712175072
2853.0,0.01580829381362989
2862.0,0.019083205256530386
2870.0,0.005755566673912264
2879.0,0.010328050906165282
2887.0,0.015616107447206975
2896.0,0.009583221690281267
2904.0,-0.01021565976857004
2915.0,0.01555109355630655
2923.0,0.0007420831212702583
2928.0,0.008397132876337598
2939.0,0.015047013575480949
2948.0,-0.005025553792893286
2953.0,0.020984512768109993
2959.0,-0.010378698679827547
2964.0,-0.005476795490256369
2972.0,-0.010816465498237521
2977.0,0.0010960119225272458
2984.0,0.0075237931689438094
2992.0,-0.011289684756176562
2998.0,0.007855596525548023
3007.0,0.01576030003558678
3015.0,0.007680108166459003
3022.0,0.0242415637691469
3030.0,0.013508027900511503
3038.0,0.015720904726034254
3046.0,0.00972338771570502
3054.0,-0.0033339673179779853
3061.0,0.017125059703699343
3068.0,0.04018209629800203
3072.0,-0.011188862809676058
3083.0,0.0038103122241491152
3091.0,0.006163405615100192
3100.0,-0.005911740414237863
3108.0,-0.00397438965448574
3119.0,0.0024902838212792523
3126.0,0.013098131219485625
3137.0,-0.004057792309999839
3148.0,-0.014896423345492255
3155.0,-0.007868267462190359
3163.0,-0.003264577567019841
3174.0,0.01685079301754891
3178.0,0.007974885434201261
3188.0,-0.004658133591532004
3196.0,0.010602310807956178
3201.0,0.01730106263111453
3210.0,-0.0012386751744963393
3218.0,0.005597126037009354
3230.0,-0.008086048775030039
3235.0,0.0031229364133907324
3243.0,-0.015288013599913015
3253.0,0.017359826754986707
3267.0,-0.028143514419544186
3271.0,0.009689235285147153
3278.0,0.012884437530109035
3286.0,-0.00975773139186407
3292.0,-0.013927703332195882
3303.0,0.01893444405183746
3311.0,0.0003677720250043913
3319.0,0.006315534127576012
3326.0,-0.005272750350851196
3332.0,-0.02507072445185221
3337.0,-0.004354899925609179
3343.0,0.018002365567956386
3352.0,0.013782447116839904
3360.0,0.018482842066484203
3364.0,-0.007243190101395925
3373.0,-0.003962144117568595
3381.0,-0.007749702498129546
3389.0,-0.007832427006023409
3397.0,0.007228528920705618
3411.0,-0.017913590308616712
3419.0,0.0030859572531950407
3425.0,0.008345115955789231
3437.0,0.01922618046922241
3444.0,0.001974986395051037
3451.0,0.024024001725565226
3459.0,-0.0005891640382618518
3468.0,0.007852221977624902
3475.0,-0.005271517714423498
3485.0,-0.025414839012926724
3490.0,-0.003201745572794074
3498.0,-0.0065151001495553
3505.0,0.01170197908131235
3513.0,0.010165284319512217
3524.0,-0.011511393609076973
3530.0,0.011736385045201346
3536.0,0.01018316490576923
3550.0,-0.004015480490812505
3557.0,-0.0012823884244835236
3565.0,-0.00030225672119990176
3572.0,-0.003129209402540769
3578.0,-0.023526651348197952
3583.0,-0.006147094448829595
3595.0,0.011040243948042849
3600.0,0.005313012061025849
3607.0,0.01661915668110092
3613.0,0.005093087711994834
3617.0,0.019200065899814763
3625.0,-0.004408327860254213
3637.0,0.0012463056328743713
3644.0,-0.019263147647208753
3649.0,0.0053318910595431595
3655.0,0.0036192821328144666
3659.0,0.004060343420709142
3663.0,0.025858491309444065
3671.0,-0.0016874244639273031
3679.0,-0.01319977523977254
3687.0,-0.0034902542685621607
3695.0,-0.01907560231674442
3701.0,0.0003363542790347197
3707.0,-0.002343848107804489
3715.0,-0.011488559962543853
3727.0,-0.00859451781596344
3735.0,0.02408561923224249
3743.0,0.007528575069813199
3752.0,-0.008551865239686195
3759.0,0.020734034789881887
3770.0,0.01936822210412314
3779.0,0.027796429243599922
3783.0,0.01076577873115438
3791.0,0.0015519478403622695
3798.0,-0.0005573061365573615
3809.0,0.009623985277619582
3816.0,0.00039690948935071536
3822.0,-0.01004824498330091
3833.0,-0.015449246156299664
3842.0,0.0028904279067821555
3850.0,-0.023249392524243698
3855.0,-0.0012698266519027273
3859.0,0.02249823228859486
3869.0,0.013401609225365721
3876.0,-0.02611664284369513
3880.0,-0.0020072320593092076
3892.0,-0.014441838330436734
3900.0,0.001635743060673459
3906.0,-0.0032591250631236342
3912.0,-0.0030379249617502263
3918.0,-0.015820531841844985
3929.0,0.013671649033443149
3940.0,0.0038142595884260787
3948.0,0.00360199434098389
3956.0,0.01679164376808367
3964.0,0.011108939217556266
3972.0,-0.00757027337984269
3981.0,-0.0008595059275074564
3989.0,0.007422181530263375
3996.0,0.00234969610358361
4003.0,-0.002000043992796771
4009.0,-0.006030050770307087
4015.0,-0.009090181737205032
4019.0,0.009601197196256878
4027.0,-0.0005523692870860715
4034.0,0.007738036706660781
4041.0,-0.0030073473715716737
4047.0,-0.015044533137675504
4052.0,-0.01168719600100632
4060.0,-0.006135677312962293
4074.0,-0.016732383574429823
4082.0,0.006952570804370124
4090.0,0.014181412297119738
4099.0,0.0060262810577794285
4106.0,0.009247737500548253
4110.0,0.014600191582793739
4119.0,-0.011318023536763946
4128.0,0.0042489493199995496
4135.0,-0.012258098738523711
4142.0,-0.013395171714421387
4149.0,-0.005399992049842635
4160.0,0.013736972099541325
4167.0,0.02048579563646565
4171.0,0.019259181666652518
4181.0,0.015873824437435312
4188.0,-0.025222148367608232
4192.0,0.010058994635740079
4200.0,-0.00505151180568387
4207.0,0.008258419068036609
4215.0,-0.009150580736409897
4221.0,-0.0003938068599442742
4229.0,-0.016352984697602758
4235.0,0.01469449055338937
4243.0,0.015370329016618896
4248.0,0.0017628510906963911
4255.0,0.008847735142358034
4263.0,-0.005383707325327213
4270.0,0.0068345724009142225
4281.0,-0.003810324037646663
4289.0,0.0012750749232028039
4300.0,0.0013925698344233412
4307.0,-0.00282759381880387
4313.0,-0.033454751450324074
4317.0,-0.014665986544101402
4322.0,0.022978005466366143
4328.0,0.013825306863819923
4336.0,-0.0021003682876890827
4341.0,0.004837425107986685
4347.0,-0.008567368720977252
4352.0,-0.009046559118421189
4361.0,-0.004864591367484871
4369.0,-0.014874542035537345
4383.0,-0.013146277954280888
4391.0,0.008737467053961653
4398.0,0.013698567946066302
4409.0,0.018428033232960907
4418.0,0.008712312382004993
4422.0,-0.009025868498127173
4430.0,-0.007860298178693041
4436.0,-0.004464602142566241
4447.0,0.00540232243073891
4456.0,-0.01590514417157246
4463.0,-0.002692799579454507
4474.0,0.007981576221893067
4481.0,0.025219623983498918
4485.0,0.016756508248197393
4495.0,0.020221046125991664
4504.0,-0.007215171749902443
4510.0,0.018105166319777148
4518.0,-0.00851219289421861
4526.0,0.0038661034340111513
4534.0,-0.02121707062869345
4539.0,0.0015976883681215245
4547.0,-0.009925966839146134
4553.0,0.013768785433023376
4564.0,0.009699518514666591
4575.0,-0.005101046089677086
4582.0,0.0010772819741085042
4590.0,0.021383393172797145
4594.0,0.010227792650466437
4602.0,-0.009471602441069649
4607.0,-4.704141600750268e-05
4618.0,-0.016457157342148775
4623.0,0.0013224507205657472
4630.0,-0.042897239375296006
4634.0,-0.007981166478748103
4640.0,0.023110283213989443
4648.0,0.005713705727687621
4656.0,-1.90829992481544e-05
4661.0,0.008265418028534442
4668.0,-0.0037108072637608916
4674.0,-0.009576102644191734
4685.0,-0.00920114636268899
4693.0,-0.00602283797637667
4704.0,-0.0036279217123071352
4712.0,0.0038619818003342117
4720.0,0.017522444589301557
4731.0,0.008149500186877594
4736.0,-0.016248206199396025
4744.0,0.003363253322355468
4753.0,0.006861580724925154
4762.0,-0.0015501695587675467
4770.0,-0.009827249405479433
4778.0,-0.008700232416392974
4785.0,-0.014737250063596637
4797.0,0.0007056855938469158
4803.0,-0.005226960035022406
4813.0,0.017415724652116885
4821.0,-0.009440958896676493
4829.0,-0.013283590797814025
4837.0,-0.004896048568457473
4845.0,0.01336192625623099
4851.0,-0.012196500845622687
4855.0,0.0011097576877853034
4863.0,0.011396160443215998
4870.0,-0.007405692144712105
4876.0,0.0011563781549376387
4883.0,-0.0025040324332858185
4889.0,0.0025694155252859296
4900.0,0.006876089236818691
4906.0,0.014051708457185574
4915.0,0.00747468021610323
4921.0,0.022274517813652448
4925.0,0.009146832851184105
4936.0,-0.0019197018783782976
4944.0,0.0009373592516546892
4952.0,-0.004485463598037004
4960.0,-0.011933108496150037
4965.0,-0.03831553231046076
4969.0,0.0045926501778734965
4981.0,0.024639545644769625
4989.0,0.012711927833285779
4997.0,-0.0005250407695700112
5008.0,0.007102279438220937
5016.0,-0.015701082851277495
5022.0,0.002962489138969424
5030.0,-0.006444414373059408
5037.0,-0.00742356490238105
5051.0,-0.012624102529661245
5059.0,0.00992944074638762
5064.0,0.002771802769939997
5072.0,0.013292405425331272
5081.0,0.008862755881672863
5086.0,0.005889800762783137
5094.0,-0.0013679080277616757
5105.0,0.009831607340595943
5110.0,0.02840431050792594
5114.0,-0.0032409433858049037
5121.0,-0.005203306639764103
5129.0,-0.02491314753788847
5134.0,0.0012675541909314605
5138.0,-0.005955071460378387
5148.0,0.011094499117695954
5156.0,-0.006858503167073051
5164.0,6.353831995041111e-06
5175.0,-0.0023381115698329923
5182.0,0.004896041574408475
5188.0,-0.007553889307991549
5194.0,0.007146516915875674
5202.0,-0.010177024541440155
5206.0,-0.004071508571305061
5213.0,0.012002816401212934
5220.0,0.025133760294932826
5228.0,0.010957343480215835
5236.0,0.004921059311418422
5240.0,0.019378357961773278
5248.0,-0.01559617669916372
5253.0,-0.0030287221024011142
5260.0,-0.01761622774296969
5265.0,-0.001987349266461168
5272.0,-0.04247126222536209
5276.0,-0.009619036956045287
5282.0,0.028233294962194955
5296.0,0.012981375999751707
5304.0,0.0030438902681418686
5310.0,0.005846434994202833
5321.0,-0.005264959482390706
5329.0,-0.008869018768596448
5338.0,-0.01125314201182751
5346.0,-0.009818223351914374
5360.0,-0.0003795866320747301
5370.0,-0.007728595225184726
5376.0,0.009363932023443057
5384.0,0.005593215561899003
5389.0,0.0008300196136004243
5398.0,-0.006324506650560616
5403.0,0.01324484286153727
5414.0,0.019352429973642064
5423.0,-0.006746681389228404
5431.0,0.005941009794733905
5438.0,0.023598981956888105
5447.0,0.00756904637530299
5456.0,0.01210737940457558
5464.0,0.010944007912269337
5473.0,0.01828715056241538
5481.0,0.00732726911253074
5490.0,-0.007846215525763704
5495.0,0.009962748048881205
5503.0,0.006990976577801239
5511.0,-0.015452359485003625
5519.0,0.01877320202836692
5530.0,0.004104641884162211
5538.0,0.014203334005138764
5547.0,0.00793164737802448
5554.0,-0.005031786677605949
5560.0,0.0069976589763036156
5569.0,-0.005128093461825481
5574.0,-0.007840753494160874
5579.0,0.002268788253579637
5584.0,0.022748968551282393
5592.0,0.0073456981194084435
5600.0,0.009624062290786235
5608.0,-0.015729218321431128
5613.0,0.010075780420902826
5625.0,0.0023231120674551114
5631.0,0.019977779946269397
5640.0,-0.014601300661740015
5645.0,0.02009538325795228
5655.0,0.00889892377433225
5660.0,0.0072866347211668495
5669.0,0.014472945301937514
5678.0,-0.015934832351073278
5686.0,0.0058275601344577235
5693.0,0.018983037565127214
5701.0,-0.005654362092103642
5709.0,-0.009183274796390676
5716.0,4.014803347598156e-05
5723.0,0.02058990733719339
5730.0,-0.008942574388197374
5737.0,-0.019926983798452088
5742.0,-0.022163819759431654
5748.0,0.012133220206792989
5757.0,-0.00443832826345337
5765.0,-0.008385614098640724
5772.0,-0.015566439850319603
