,5
2.0,0.005848772968414106
10.0,0.009485882426647451
16.0,-0.003656464560260518
21.0,0.012670462513983594
30.0,0.007485085651486232
38.0,0.002614311074107975
47.0,0.00879598075069988
52.0,0.006632777414704088
57.0,0.00686822811905733
64.0,2.505795416502722e-07
73.0,0.0015734029173378825
84.0,0.001322571492425842
90.0,0.003234403991176831
99.0,0.00017144054740872344
107.0,0.0022992203481144178
115.0,0.00048697756802946264
123.0,0.003943503542352735
134.0,-0.00034431109554770904
142.0,0.0009237305896050323
150.0,0.003352392653717746
161.0,0.0007017178863131198
170.0,0.0023720270894502333
178.0,0.0035409792624974457
182.0,0.0022461141239952694
191.0,-0.0002669100627276291
200.0,0.0013495480162375758
205.0,0.0029919948358500415
210.0,0.002406023053642586
221.0,-0.0003799233857093592
230.0,0.0018672541754962582
237.0,0.00032720245145922733
246.0,0.0012917728890031552
254.0,-0.00014792419841445727
262.0,0.0008131850450095048
270.0,0.002248941490167545
278.0,0.0008890867180361363
282.0,-0.005327025618313931
287.0,-0.018283989542020533
291.0,0.0013494299074603905
300.0,0.001676591845132555
306.0,0.0038308750394356384
310.0,0.00015430934859553443
319.0,0.0001685751212097808
325.0,0.002207655621082631
332.0,0.0025175136220107973
340.0,0.0005400735330118165
347.0,-0.00018400965481977849
356.0,0.0005564550887276727
365.0,0.0014987630112007623
373.0,0.0013708130667595896
382.0,-0.002953500760698051
390.0,-0.0023844020171603026
398.0,-0.0002806166867558074
408.0,0.00588673632063204
417.0,-0.011508900234643418
422.0,0.00015585831929543125
426.0,0.0036161826653369985
438.0,0.0066168839538481945
444.0,0.0002388088924295899
453.0,0.0014224782164623394
462.0,0.00013914107542712268
471.0,0.0023367645713231744
477.0,0.0015895357173766075
486.0,-0.0007989804750615161
495.0,0.0007335055571710746
507.0,0.0036354253929596504
516.0,0.003431118642249581
521.0,0.006857432712995073
528.0,2.0086019315822607e-05
535.0,0.0002329135550793815
547.0,0.0019865429728557005
553.0,0.002307845867073989
561.0,0.003115210161699544
568.0,-0.00072271154965492
576.0,0.00087965499910198
585.0,0.0030980819323584417
591.0,0.0014432246886784425
599.0,0.00032073022862461807
607.0,0.0019483047325175877
612.0,0.0008465580514911469
620.0,0.0007452800590145615
628.0,0.0007363391956638352
639.0,0.0005388215134685014
644.0,-0.0004618593469715332
652.0,0.005448479940872772
656.0,-0.002395949757837506
667.0,-0.0021816759829294636
675.0,-0.003560616192823794
684.0,0.003944697689124227
692.0,-0.007974789162369145
700.0,0.000648014602847553
711.0,0.001726919478663594
715.0,-0.0042719750529881155
723.0,-0.0007378801701112924
728.0,0.001238095080722007
733.0,-0.0011909549589842916
744.0,-0.0003091654014512117
749.0,0.002413808006796063
757.0,0.0005683335281212795
765.0,-0.0008218232559110116
770.0,0.001165455823849313
781.0,0.0013420565432744733
790.0,0.00035068540994460354
798.0,0.001959760789583103
809.0,0.0021134118554058264
816.0,-0.0010804792000320253
824.0,0.004042750652048682
829.0,0.0006007488416282296
833.0,0.0024157345185664768
838.0,0.02771472482068111
843.0,0.007267002685836355
852.0,-0.005406930018467625
861.0,0.002797521086710258
865.0,0.009476530480787403
876.0,0.0010547568633685138
884.0,0.008271684538849303
891.0,0.001344136427729745
896.0,0.002211608294276715
905.0,0.0009662314920127528
913.0,0.0019510799479248012
918.0,-0.00034682875323661754
922.0,0.001726490066925445
929.0,0.0013325048081859747
937.0,-0.00029579131613686273
946.0,0.0018298881635849078
957.0,0.0007403039559697574
965.0,0.0023982565634481723
979.0,0.001095658342389799
988.0,0.004005391974827505
996.0,0.00504077917887857
1002.0,-0.00013470735911900886
1006.0,0.00031209187418651036
1013.0,0.0009616831406716334
1022.0,0.002317698741441483
1027.0,0.0004635055544357836
1033.0,0.00013819081380540938
1044.0,-0.004223852244376837
1052.0,0.002717874223212839
1063.0,0.0003705638839953887
1069.0,-0.000516319687935552
1080.0,-0.00185925360865298
1089.0,0.0012067545853131994
1101.0,0.001751000901249835
1110.0,0.006747243546780664
1118.0,0.0027670235050494827
1126.0,-0.007955077456812504
1134.0,-0.0007031909262911004
1140.0,0.004977232000719671
1145.0,0.00028131844498417675
1150.0,0.0015938754458031845
1162.0,-0.0030917559991514446
1174.0,-0.00033170809457887983
1182.0,-0.0020226234668786333
1190.0,0.000709171957897224
1198.0,0.0035526475501533885
1206.0,-0.0016424076793126107
1214.0,0.0010144068669935469
1225.0,0.0018609375680215662
1233.0,-0.0005851679591213549
1238.0,-0.00014240952104744643
1247.0,-0.016037832573143253
1254.0,0.0017862075127152682
1262.0,0.002266032730452481
1274.0,-0.002294639911272244
1282.0,0.0034074793585645202
1289.0,0.002073830405925279
1296.0,0.0018262880452861003
1305.0,0.0005076563925274555
1314.0,-0.0003316604423024307
1322.0,0.00048499502082861547
1329.0,0.0007616638012449206
1337.0,-0.001401460873045004
1348.0,0.002327900538730385
1355.0,0.004274495070872432
1366.0,0.01437646689495133
1373.0,0.008987841892932065
1382.0,0.00874085126259307
1389.0,-0.0034396080825298474
1396.0,0.001651236949858991
1400.0,0.003922482952143478
1408.0,-1.8996285357454e-05
1415.0,0.0037231437547469767
1424.0,-0.0008154697843128129
1431.0,-0.0009041114674069848
1441.0,-0.0007840359280772104
1452.0,0.0030387187779243306
1459.0,0.0023667522857100678
1470.0,0.0036011288596281134
1479.0,0.002422663589128381
1487.0,-0.002595331206976106
1495.0,-0.0014055724744519678
1505.0,4.504267881677389e-05
1516.0,0.0005785339694407225
1525.0,-0.0007786807843755243
1533.0,0.0014546547834706548
1544.0,0.00639443083747602
1552.0,-0.0009978711308682236
1559.0,0.015742547786102797
1563.0,-0.007360907317152328
1567.0,0.0025281876471223
1576.0,0.009970296781951972
1587.0,0.0009915843542386935
1593.0,-0.0064617757839297825
1602.0,-0.001598350406634264
1613.0,0.0013368750339054867
1622.0,-0.0010534671072278694
1631.0,0.0029302656483712265
1645.0,0.0014565931167601644
1653.0,-0.0019018485891255095
1663.0,-0.008191385387469094
1669.0,-0.002188293968548207
1680.0,-5.443785141063446e-05
1689.0,0.004037751827034265
1693.0,0.002099572405823307
1700.0,-0.001951735815343311
1707.0,0.003007305574833279
1712.0,0.003041382957548137
1720.0,0.0013217701022070626
1728.0,-0.0011603877200814525
1739.0,0.0014030128304236248
1745.0,0.0021660284609694106
1752.0,-0.0012998282010524516
1757.0,0.00024360225003595254
1765.0,-0.001111078928378968
1771.0,0.0032236550751723204
1779.0,-0.0007034314004320813
1791.0,0.0016158999771469231
1799.0,0.005626485635706412
1807.0,0.003685027331111021
1814.0,-0.003533743649368023
1822.0,-0.0023114515796557648
1827.0,-0.000818262155468133
1836.0,0.0024724323609750035
1844.0,-0.005582973395189191
1853.0,0.003029750768377688
1862.0,-0.001657131945290087
1870.0,0.0020276900093978787
1878.0,0.00030205080363498413
1889.0,-0.0004537933558911403
1897.0,0.00535518570120674
1907.0,0.0013930860281975675
1916.0,0.0019041274411812836
1922.0,-0.00020597971884401344
1930.0,0.0012136322909444257
1939.0,1.107952045261903e-05
1947.0,0.0008175927272675575
1958.0,-0.0006378985265021663
1966.0,0.0002683849822685277
1972.0,0.0029750308567206784
1980.0,0.0005327088959797065
1986.0,-0.001861231764069415
1994.0,0.004506804051845135
2002.0,-0.00470555037329254
2011.0,-0.005309475473750791
2025.0,-0.0004062648587627898
2036.0,0.003194244432069306
2043.0,-0.006084916912943022
2051.0,0.000802943029551726
2058.0,0.004423336787476431
2064.0,0.003204490602275362
2072.0,0.0027755708907399937
2080.0,0.002234301946290203
2088.0,0.0020668814070288473
2099.0,-0.0006080087627125359
2107.0,-0.0008681061912824756
2115.0,0.0006409762853063546
2124.0,-0.00013041591642134472
2133.0,0.0010069243272894904
2141.0,0.001114445709231888
2149.0,0.0009843859794167954
2160.0,-0.00033577381785333604
2169.0,-0.002560043154389665
2178.0,0.00538239390902043
2187.0,-0.0009195240853810107
2195.0,0.0014215915302348463
2204.0,0.0015665001525372525
2213.0,-0.002888946406108842
2219.0,0.0015017363354001083
2226.0,0.0009414896909248255
2234.0,-0.0018505267671248327
2241.0,0.0005122155353758734
2249.0,-0.0027655812500851948
2255.0,-0.0010644622161717402
2267.0,-0.001698366762273003
2274.0,0.003630948756656851
2283.0,0.0006049589424751986
2295.0,0.00751885457010369
2300.0,-0.0014258186543550612
2304.0,-0.0026568332689008885
2310.0,-0.0008997178684690529
2318.0,0.0026963024600105303
2325.0,-0.004057195321190184
2337.0,-0.005198542501601128
2346.0,-0.00039950004467322915
2355.0,0.0008314179732465362
2360.0,0.00034383738098737283
2365.0,0.0022215000867422904
2370.0,0.001351188487420546
2382.0,0.00017191179972386261
2390.0,0.0002087741994072789
2399.0,0.0005977569036976525
2405.0,0.0010011544252460703
2414.0,0.0023444464074842417
2425.0,-0.002123509646505833
2434.0,0.0036232109966127476
2442.0,0.0012921056967762593
2450.0,0.0018013428599688716
2458.0,-0.004250115590255935
2467.0,-0.0017580981543824058
2478.0,0.0029813352289955373
2487.0,0.0021024958289616613
2495.0,-0.004289973192989713
2502.0,0.004257888226427043
2511.0,-0.00664392262983615
2520.0,-0.0017121417992968242
2528.0,0.0005010992236099134
2540.0,-0.0004431236670329978
2547.0,-0.0019101430019442746
2557.0,0.0020822919332213414
2568.0,0.003066006267810459
2575.0,-0.0018249631631446401
2581.0,0.002674700518107735
2586.0,-0.0013426991873365926
2593.0,0.002129646170500843
2601.0,6.794497735427599e-05
2608.0,0.0019823412234271478
2617.0,0.002059680831923923
2625.0,0.0021399563325630155
2632.0,-6.553080716358276e-05
2641.0,0.0013730167500950606
2652.0,-0.0003304088733462955
2659.0,0.001969106617511251
2670.0,-7.551614440326966e-05
2678.0,0.0006811286665899675
2683.0,0.0015395089664600593
2690.0,0.0026307556525780027
2697.0,0.0008396683681957599
2705.0,0.004470949773044297
2712.0,0.002446775479807303
2720.0,0.0007702487973617947
2728.0,0.00428713076944075
2737.0,-0.0010255938607327435
2745.0,0.00011589198701580678
2753.0,-2.2476974438516178e-05
