,6
2762.0,0.0007907688532268127
2768.0,-0.0008236463918150874
2777.0,0.0002415002232482957
2785.0,0.0030545542890664423
2793.0,0.0032879101030454457
2802.0,0.0007874201645643383
2810.0,0.003061261253977935
2821.0,0.0029060996770586653
2830.0,0.0002677912168916769
2839.0,0.0018880213022949128
2844.0,0.003331167968520127
2853.0,0.0016720070455765721
2862.0,0.00039429381244002166
2870.0,0.0020367432386612433
2879.0,0.0013104125200191663
2887.0,0.0023595941278806406
2896.0,0.000897229137790076
2904.0,-0.00021352065649267153
2915.0,0.00345569301734873
2923.0,0.003957080835105597
2928.0,0.001755441008112697
2939.0,0.0034274428734278207
2948.0,0.008381721691808975
2953.0,0.0016916573798664769
2959.0,0.006039166956771506
2964.0,0.005246275457472542
2972.0,0.0005372229565470448
2977.0,0.0006577773258590022
2984.0,-0.0007231098152541558
2992.0,0.0015075941206656527
2998.0,0.0026393286602582997
3007.0,0.003403060419854327
3015.0,0.0010719927236130615
3022.0,0.004869326375663771
3030.0,-0.003970360319438724
3038.0,0.005587461987436671
3046.0,-0.0039710026500257385
3054.0,-0.003940439849417059
3061.0,-0.009336401590052824
3068.0,-0.007238015440226522
3072.0,0.004168480410879063
3083.0,0.00675145806745092
3091.0,0.006203022722672323
3100.0,0.00272745136245391
3108.0,-0.0014120800710724624
3119.0,-0.000370339171066483
3126.0,0.00264154829062881
3137.0,0.000326561355486939
3148.0,0.0017379736310072938
3155.0,-0.0006119590868893024
3163.0,0.0030717792551904245
3174.0,-0.004922009521715483
3178.0,0.0009683772751554198
3188.0,0.0003357293091767243
3196.0,-0.0020693483458599357
3201.0,-7.572915969027121e-05
3210.0,-0.000589943315190795
3218.0,0.0005086446137293877
3230.0,-0.0008187999865039379
3235.0,-0.0001876330027843835
3243.0,4.5622925841285824e-05
3253.0,-0.002506460723305042
3267.0,0.002354135988230362
3271.0,-0.002136281817244477
3278.0,0.0011908823760531804
3286.0,0.001252742616976845
3292.0,-0.00042844069581632495
3303.0,-0.0005903878998950946
3311.0,-0.0001879563999582048
3319.0,-0.0003668259493441023
3326.0,0.00012868153564167764
3332.0,-0.0011681688093130404
3337.0,-7.456697445874502e-05
3343.0,-0.002527663310879474
3352.0,-0.0006619485736163206
3360.0,-0.0007042607792372149
3364.0,0.000879585180522926
3373.0,-0.00034374609667951896
3381.0,0.0003643138478089581
3389.0,-0.00040437701874670496
3397.0,-0.00011309587261099716
3411.0,0.0005722759240949226
3419.0,8.590097505741313e-05
3425.0,-0.0005661252511367175
3437.0,-0.0029446079142827278
3444.0,-0.0009754840707420891
3451.0,0.000835995608296593
3459.0,0.001159305237999809
3468.0,0.004355101318578302
3475.0,0.00042353983662727507
3485.0,0.0029957807014471204
3490.0,-0.0007700800761009217
3498.0,-6.658671883025636e-05
3505.0,0.0026512120226190646
3513.0,0.004898768151571766
3524.0,-0.005496047137279201
3530.0,-0.002680425325805561
3536.0,0.0009230269120511792
3550.0,0.0012662768542586226
3557.0,-0.0014134171162409014
3565.0,-0.0004009824569501789
3572.0,-0.000776461436979507
3578.0,4.371582614928282e-05
3583.0,0.0003155972276398527
3595.0,0.0003943274394052344
3600.0,0.0024253002873940496
3607.0,0.001178225154301765
3613.0,0.0006731906093268703
3617.0,-1.3533715982061725e-05
3625.0,0.00043335562527522983
3637.0,-0.0001712768723267832
3644.0,-0.0010514068000014513
3649.0,0.0007053125552253323
3655.0,-0.0009803965520540222
3659.0,-0.0003752865665176854
3663.0,-0.0008409521569846697
3671.0,-0.0003529225874159945
3679.0,0.0005492070897136405
3687.0,-0.0008444493505666572
3695.0,-0.0009666987681638061
3701.0,-2.628836191359359e-05
3707.0,-0.00015611104448449208
3715.0,5.121618336120961e-05
3727.0,0.0009136389382862687
3735.0,-0.00013036702631379312
3743.0,0.0005297454842571757
3752.0,0.003972871090200678
3759.0,7.778381865853011e-05
3770.0,0.00207251577917906
3779.0,-0.01743414223842864
3783.0,-0.0042057997706686995
3791.0,0.0028957154173168695
3798.0,0.008419635857777438
3809.0,-0.0010301555390209256
3816.0,0.00246595828821254
3822.0,0.0009692211344147366
3833.0,-0.00022372651933458173
3842.0,-0.0014824425274418554
3850.0,0.001317138934622287
3855.0,0.0030026835808688234
3859.0,0.0010524089629537655
3869.0,0.0005981772993282597
3876.0,-0.0006793445885237136
3880.0,-0.0005638722893449278
3892.0,-7.177595889514576e-05
3900.0,-0.00036273411694111106
3906.0,-0.0004782564732817294
3912.0,0.0006946234141978068
3918.0,0.00110455373109912
3929.0,0.0009046191174944989
3940.0,-0.0008664337751758312
3948.0,-0.004220367886632849
3956.0,-0.00013621689787046787
3964.0,0.003032035087388038
3972.0,0.0012407913504243824
3981.0,-0.0007210709282765804
3989.0,0.0007225735969399041
3996.0,0.00015424812556089678
4003.0,-0.00039967635615276127
4009.0,2.445796838905147e-05
4015.0,0.0009355313772823079
4019.0,-0.002027315725802797
4027.0,0.0007087197853052952
4034.0,-0.0005898050992748057
4041.0,-0.00017310126982173415
4047.0,-0.000398689133619396
4052.0,0.0003078141116804253
4060.0,-0.0003605569938428435
4074.0,0.0002513664151578313
4082.0,-0.0008680588748470787
4090.0,0.0004563346532467562
4099.0,-0.0002258314294641791
4106.0,-0.0011934430419163508
4110.0,0.001939685019567963
4119.0,-0.0013546715748673384
4128.0,0.004010945491256905
4135.0,-0.0008500896815649394
4142.0,-0.0019100360137425396
4149.0,-0.00045253254873971134
4160.0,0.0011849392390391514
4167.0,-0.0005727240668298867
4171.0,0.0014125791687170392
4181.0,0.0013323631042320891
4188.0,-0.002058307119392602
4192.0,0.0005316968484924732
4200.0,0.0001935109941425284
4207.0,0.0008983123383779164
4215.0,0.0001342255718804469
4221.0,0.0007822993196066343
4229.0,0.0004612060559155703
4235.0,-0.00042621620107526406
4243.0,0.0005132381251993333
4248.0,-0.007822364661201692
4255.0,0.007457536120178529
4263.0,0.0008762535021896619
4270.0,-0.0017276012276046054
4281.0,0.003992306063721221
4289.0,-0.001427641606027233
4300.0,7.556787694470201e-05
4307.0,1.663470444981226e-05
4313.0,-0.0003175709755021744
4317.0,-0.00026952847318809065
4322.0,-0.000864168919355737
4328.0,-0.0011473630493335182
4336.0,0.001621487905447818
4341.0,-0.0018008847916865273
4347.0,-0.0007456691883875777
4352.0,-0.0002478640790020467
4361.0,0.00033810399262760866
4369.0,0.00020973227100573623
4383.0,-0.00013794665357161443
4391.0,2.0049547749299078e-05
4398.0,-0.00425744796100247
4409.0,-0.0019359665129116612
4418.0,-0.0014246777484485326
4422.0,0.00039905980478327805
4430.0,0.0009476179586218336
4436.0,-0.0007157788662358406
4447.0,-0.0007903624676001293
4456.0,-0.0014547455140282303
4463.0,0.001665768775424062
4474.0,0.002917408495187805
4481.0,-0.0024514429996457536
4485.0,0.0014327313811516415
4495.0,-0.0015707862242092911
4504.0,-0.001455178792391395
4510.0,-0.0005407371422060527
4518.0,-0.0007318693188551211
4526.0,-0.0006373833277327351
4534.0,-0.0009034120292414141
4539.0,-0.0007715609064607525
4547.0,-0.001273923144512951
4553.0,0.0006186704768616562
4564.0,0.00021716092462400325
4575.0,0.00044719380415063863
4582.0,0.0009293488783629997
4590.0,0.00018876320827385405
4594.0,-0.0003437342599083673
4602.0,-0.0002591010367907222
4607.0,-0.0008435791014704
4618.0,-0.0002978390394085569
4623.0,-0.00022243558089816631
4630.0,-0.00038453338416473984
4634.0,-0.000258424987363379
4640.0,0.0009722232244181785
4648.0,0.001883152943089282
4656.0,0.0012466546051281093
4661.0,-7.271490974979714e-05
4668.0,0.0003107997777159353
4674.0,-0.00014525270650879993
4685.0,-0.00028743484753471004
4693.0,-0.000552630208464407
4704.0,0.000309815645183868
4712.0,6.657919838322773e-05
4720.0,-0.000539336514081128
4731.0,0.00010601586558036295
4736.0,0.00012519530447493795
4744.0,-0.0007258296448097788
4753.0,-0.0010492361117644294
4762.0,0.00023596236379785915
4770.0,0.0003553783544707433
4778.0,-0.0024390756564952715
4785.0,-0.001942730640681537
4797.0,-0.0013035610998351145
4803.0,0.0006507568242091384
4813.0,0.0015639189661438217
4821.0,0.004576735664218654
4829.0,0.008226277778709157
4837.0,0.010471871061560138
4845.0,-0.00279020317106957
4851.0,-0.000908876379434872
4855.0,-0.00041415891044774327
4863.0,0.0005210784065847325
4870.0,-0.0003243091572468718
4876.0,0.0007337565743767565
4883.0,0.002555565196255239
4889.0,-0.0002427233038900574
4900.0,-0.00027629642136460384
4906.0,0.0010285546319178226
4915.0,-0.0005723945612473744
4921.0,-2.817421883255872e-05
4925.0,-0.0008113250968583217
4936.0,0.002156498470550353
4944.0,-0.0006152143552823769
4952.0,-0.0005418962245674658
4960.0,6.463654759277604e-06
4965.0,-0.00033517513316899444
4969.0,-0.0003260399041979868
4981.0,-0.00036232976980676417
4989.0,0.001047026129065954
4997.0,0.0006405213073674839
5008.0,-0.00341223925714089
5016.0,0.00022673095930957272
5022.0,0.001267776058028314
5030.0,-0.0006520965639248483
5037.0,0.0006274414664083337
5051.0,0.00022028317152373813
5059.0,-0.00020270290507130477
5064.0,0.0010284673593412457
5072.0,-0.002889585562210927
5081.0,0.00024403106949287372
5086.0,0.005550994924523825
5094.0,-0.0012723638391304829
5105.0,-0.001773808803679803
5110.0,-0.0017728226247871659
5114.0,0.0006816731576810466
5121.0,0.0015470919484044652
5129.0,-0.002539925642572122
5134.0,-0.002796851611493722
5138.0,0.0007281111050293503
5148.0,0.0009880916253624398
5156.0,-0.0009081691117393537
5164.0,-0.0004133051027816045
5175.0,0.0007161538937196024
5182.0,0.0003886831153306409
5188.0,-0.0008322387364964292
5194.0,-0.0028146793743514934
5202.0,0.00023809698930302197
5206.0,0.0009942947989082195
5213.0,-0.0006932230316319996
5220.0,0.00020691953490796153
5228.0,0.0023318029219636157
5236.0,-0.00033514611805603606
5240.0,-0.0017600476539275651
5248.0,0.00015129094320979106
5253.0,-0.0014263769263802894
5260.0,-0.00030514123483876056
5265.0,-3.742145806324706e-05
5272.0,-0.00010754349936681154
5276.0,-0.00034518131567058387
5282.0,-0.00015629919724722394
5296.0,0.00018790580050838133
5304.0,0.0010451909936151612
5310.0,-0.00174165173574395
5321.0,-0.0004630108283311628
5329.0,2.9032924947335872e-05
5338.0,-0.0007058683531298731
5346.0,0.0005118100559681922
5360.0,-0.0030318563919387973
5370.0,-0.0026808430254210034
5376.0,0.0019739899201560943
5384.0,0.0033009093759329942
5389.0,0.004742836899282975
5398.0,0.0014255839055949515
5403.0,0.0010299314186929137
5414.0,0.0057578247049608925
5423.0,0.004536151504399249
5431.0,0.0005524091540399557
5438.0,0.0022717012674549563
5447.0,0.0031000725218534126
5456.0,0.0015534180757871617
5464.0,0.0022676868581049596
5473.0,0.0028474503207334165
5481.0,0.0011776896284625437
5490.0,0.0013443200852777813
5495.0,0.006569389685672763
5503.0,0.007229790249462281
5511.0,-0.0016993197123911993
5519.0,0.0009898756734744514
5530.0,-4.329128848513521e-05
5538.0,3.585702889138544e-05
5547.0,0.0002878151122057748
5554.0,0.0010583206993793868
5560.0,0.0026036542708863532
5569.0,0.001265108655126311
5574.0,0.0007652337038673785
5579.0,0.003425186472485164
5584.0,0.0010407444496700832
5592.0,0.001833836117737807
5600.0,0.0018789680632280055
5608.0,0.003742429867419843
5613.0,0.002053790149162816
5625.0,-8.210780070409693e-05
5631.0,0.0018601852937800607
5640.0,0.006058077909138408
5645.0,0.002992466963693837
5655.0,0.008783400534498111
5660.0,0.0026542152803700533
5669.0,0.0016209539300676425
5678.0,0.00046573763675774975
5686.0,0.0014545376260952762
5693.0,-0.0010286152551258932
5701.0,0.002328368190181582
5709.0,-0.005570154477958916
5716.0,-0.0037583217589263404
5723.0,-0.004795961127507838
5730.0,-0.003071656219877043
5737.0,-0.002149728123541721
5742.0,0.00344644760535833
5748.0,0.008633642575135008
5757.0,0.0022553375827645363
5765.0,-0.0076268999208352044
5772.0,-0.0018948302670963538
