,4
2762.0,0.00519830142246578
2768.0,0.0009197234847197095
2777.0,0.007952343375004275
2785.0,0.009432013832177902
2793.0,0.009772387275820088
2802.0,0.00836664068255347
2810.0,0.006666357402325152
2821.0,0.0035350159281404177
2830.0,0.005886058955040881
2839.0,0.005728273546994035
2844.0,0.0059640704872222896
2853.0,0.00641210492206341
2862.0,0.0050458957880575375
2870.0,0.005225377714324945
2879.0,0.0015919334467107606
2887.0,0.016255685182797436
2896.0,0.005369582723739288
2904.0,0.00010064450113543082
2915.0,0.001552035336621507
2923.0,0.003748296002253649
2928.0,0.006554784892594581
2939.0,0.007068467600345894
2948.0,0.005847290031586855
2953.0,0.00124316075507969
2959.0,0.006403963705801144
2964.0,0.005747022023766983
2972.0,0.0005574892039118816
2977.0,0.009091754912723786
2984.0,0.009984309904691041
2992.0,0.001968332351959219
2998.0,0.004429686246754797
3007.0,0.006717570661204746
3015.0,0.0005428708952512746
3022.0,0.006869316549084114
3030.0,0.000637709910088097
3038.0,0.004306874390572433
3046.0,0.0055905562087384085
3054.0,-0.003454675370570161
3061.0,0.0104668349104241
3068.0,-0.009544708324130199
3072.0,-0.005637326655315557
3083.0,0.004803530191886851
3091.0,0.013522809424908923
3100.0,0.0052631002464954
3108.0,0.0004956349347888444
3119.0,0.0073208916219068285
3126.0,0.0005858141133553338
3137.0,0.0036298070675220002
3148.0,-0.001014637701518692
3155.0,0.007612851090106076
3163.0,0.0017499364925893214
3174.0,0.01383601514034604
3178.0,0.004349279910549358
3188.0,0.0038398341073518846
3196.0,-0.0028705785895992977
3201.0,0.0004248426843322317
3210.0,0.0038749420712920275
3218.0,-0.008496161434394339
3230.0,-0.0009223056607587754
3235.0,0.00708225493045972
3243.0,-0.0009166550852607547
3253.0,0.0007790614215444584
3267.0,0.0015689067888183487
3271.0,0.005298950210006966
3278.0,0.009021048978686188
3286.0,-0.006798680218060856
3292.0,-0.0005852076195462369
3303.0,0.013191874773994128
3311.0,0.004895046278797777
3319.0,0.0015939288347417307
3326.0,0.001418518134223881
3332.0,0.002190379144913671
3337.0,-0.0007855056170505905
3343.0,0.006548094755684975
3352.0,0.008404237083381968
3360.0,-0.027504005479200278
3364.0,0.004855543327592055
3373.0,0.0027028320686981436
3381.0,0.0037537635818276475
3389.0,0.007730475764010131
3397.0,0.005494242645265829
3411.0,-0.00431487571328581
3419.0,0.00235910809012335
3425.0,0.00232630874700682
3437.0,0.0028112154701957237
3444.0,-0.0025531213345890845
3451.0,0.018173126282363814
3459.0,0.011091111650802624
3468.0,0.0015600089141249432
3475.0,-0.000474221668353799
3485.0,-0.002517527307096361
3490.0,0.01092491524232993
3498.0,0.00830294899707424
3505.0,0.012519570217827562
3513.0,0.006373067538431628
3524.0,0.001004530667827397
3530.0,0.004934932277524009
3536.0,-0.004579883082659338
3550.0,0.0016088919273894338
3557.0,-0.005439485136659969
3565.0,-2.402991767313446e-05
3572.0,0.003791556673838815
3578.0,0.006822364715649055
3583.0,-6.326128521258076e-05
3595.0,0.0061186143133704265
3600.0,0.011610251379836407
3607.0,0.009633902301377017
3613.0,-0.013706803226041113
3617.0,0.0002329485031140011
3625.0,-0.0007114263419935692
3637.0,-0.0019226510883000108
3644.0,0.004925659258520088
3649.0,0.003871405814555486
3655.0,-0.0036367335357374133
3659.0,3.35276414184217e-05
3663.0,0.012786556485442413
3671.0,0.0074524007473069625
3679.0,-0.008321504352996997
3687.0,0.0013444421050667044
3695.0,0.0076991408691222075
3701.0,0.009638258282225701
3707.0,0.008005669439982406
3715.0,0.0007569102223757869
3727.0,-0.0007722596949228778
3735.0,0.01246574059751709
3743.0,0.002446521224546906
3752.0,-0.0032021863664630037
3759.0,0.009815808731562061
3770.0,0.011115735616126768
3779.0,0.009908876251776269
3783.0,-0.004504595979128274
3791.0,0.0009939013224694747
3798.0,0.0008312212041885577
3809.0,0.00043209746709760446
3816.0,-0.0010479341598599067
3822.0,0.0006545833960826434
3833.0,0.0018484501109999774
3842.0,0.0068793801006302785
3850.0,-0.003172695219342474
3855.0,0.005875706542708189
3859.0,0.0076845066626384404
3869.0,0.007554688942990959
3876.0,-0.000740070910910989
3880.0,-0.00012286330717854637
3892.0,0.0033053502181347003
3900.0,0.001959665922544649
3906.0,0.002109882852785599
3912.0,0.003066957233745863
3918.0,-0.0009516464182868919
3929.0,0.00166134808816687
3940.0,0.003610218506151975
3948.0,-0.0041465369823999116
3956.0,0.01541243059496212
3964.0,-0.0033432545180296044
3972.0,-0.0019559674489955637
3981.0,0.0002912574882611769
3989.0,0.0011200739769921886
3996.0,0.00601060785400955
4003.0,0.003132585200881769
4009.0,0.0030937167018087086
4015.0,-0.00048403498744232376
4019.0,0.00628229572484811
4027.0,-0.0001689874024828378
4034.0,0.004000538459379837
4041.0,0.005102002665049335
4047.0,0.001369424046153265
4052.0,0.00456373105052488
4060.0,0.00490434330965724
4074.0,0.0018043139236221285
4082.0,0.0071144723723157695
4090.0,0.0038971271754787385
4099.0,-0.0008906129584562732
4106.0,-0.014300088667003589
4110.0,0.01900438092197776
4119.0,0.004169624469574518
4128.0,0.0008841267111925002
4135.0,-0.001984368438498099
4142.0,0.0038317430644509774
4149.0,0.006395154244019893
4160.0,0.018084009914115174
4167.0,0.018088441676509574
4171.0,0.004830529064865648
4181.0,-0.0008850682611725364
4188.0,-0.004175131850567704
4192.0,0.007171239095675459
4200.0,0.0032898748988570508
4207.0,-0.0030903400216596905
4215.0,-0.0029269098593348343
4221.0,0.002504058685509765
4229.0,0.0012931969417858658
4235.0,0.004214983102663875
4243.0,-0.0004298606122906026
4248.0,0.008686787039788806
4255.0,0.010186133802940733
4263.0,-0.003748267816544149
4270.0,0.006518553961110635
4281.0,0.006457553656580732
4289.0,0.0025882216149671717
4300.0,0.004775500819078768
4307.0,0.00331721043743212
4313.0,0.011894052091422223
4317.0,-0.0002194500634958248
4322.0,0.005640430204793166
4328.0,0.009585907983211716
4336.0,-0.009284658030023317
4341.0,0.0037629619032672848
4347.0,0.006743379429036902
4352.0,0.00476093179670264
4361.0,0.0016085653120550692
4369.0,0.0016344806262989628
4383.0,-0.0010300881876922025
4391.0,0.004893518323618961
4398.0,0.007843495379887381
4409.0,0.0012130282424123334
4418.0,-0.0058962305686820855
4422.0,0.0054914656652020315
4430.0,-0.0013391529251746727
4436.0,0.0007563670193557701
4447.0,0.005532704359511106
4456.0,0.003678835867838598
4463.0,0.004334645641424339
4474.0,0.012159003819663219
4481.0,0.019779878279740468
4485.0,0.008317737811490065
4495.0,0.013021907395981866
4504.0,-0.00531065304570993
4510.0,0.009748920764164856
4518.0,0.0053440021899555925
4526.0,0.001099493093023069
4534.0,0.005591162363528586
4539.0,0.00022750280512629057
4547.0,0.004546882496836772
4553.0,0.0035549452073992175
4564.0,0.001530380288635223
4575.0,0.0036314687597395374
4582.0,0.0038435561785657314
4590.0,-0.003359454152143799
4594.0,0.0032226833283506046
4602.0,0.001456817696771085
4607.0,0.002379762400660052
4618.0,0.007905508402768536
4623.0,0.007861025138813683
4630.0,0.008212706512390476
4634.0,0.0008283981858034851
4640.0,0.0018335065888868116
4648.0,0.010066668459852393
4656.0,-0.0055210556489963675
4661.0,0.0026777438553550795
4668.0,0.005571415726865664
4674.0,0.00146617500929432
4685.0,0.004353357014260342
4693.0,0.0005550329746213797
4704.0,0.005284441865612799
4712.0,0.004735593441335036
4720.0,0.008747117775053579
4731.0,-0.0020268690976614585
4736.0,-0.0015836639796900293
4744.0,0.003798375619464909
4753.0,0.0017674909563714504
4762.0,0.001919254503070149
4770.0,-0.002559822882181357
4778.0,0.00018152869319325903
4785.0,0.002726366020484395
4797.0,0.003215781273017274
4803.0,0.0015600032730274103
4813.0,0.014251671356237491
4821.0,-0.0029093722444887638
4829.0,-0.005407187999376077
4837.0,0.0006541443561170908
4845.0,0.01287785058450719
4851.0,0.001141495511796777
4855.0,0.009741462891562304
4863.0,0.0034586576403288875
4870.0,0.000874770732721576
4876.0,0.008074415537241293
4883.0,0.003141007663214571
4889.0,0.00010792582749666754
4900.0,0.01007669738289073
4906.0,0.004925704231533014
4915.0,0.003030176943140977
4921.0,0.001929485676223559
4925.0,0.008849794547705087
4936.0,0.003913199908771246
4944.0,0.005148129285490363
4952.0,0.005273668857823537
4960.0,0.0053840015016928325
4965.0,0.004609011400743863
4969.0,0.001614030367185523
4981.0,0.0024594390272132064
4989.0,0.009428333946190722
4997.0,-0.0023514258983743604
5008.0,0.0028449467596675555
5016.0,0.002927741902356819
5022.0,0.00208358536390782
5030.0,0.003211138738231241
5037.0,-0.0004250623633065041
5051.0,0.0030015929187085597
5059.0,0.0008088063102798767
5064.0,0.00358904485291162
5072.0,0.0008029092510002881
5081.0,-0.010711682791043958
5086.0,0.012809524168470957
5094.0,0.010844084424402354
5105.0,0.005822534458238149
5110.0,0.0022032174051043194
5114.0,-0.002088093867285673
5121.0,0.00542746536645638
5129.0,0.0003293421420558696
5134.0,0.004796087821264773
5138.0,-0.0025517410313186362
5148.0,0.0028223206000664944
5156.0,-5.121803550882757e-05
5164.0,0.000579679011089642
5175.0,0.007946310410020205
5182.0,-0.002048081452698391
5188.0,0.0018162669920431872
5194.0,0.0008136191084087622
5202.0,-0.009038630114811928
5206.0,0.005950714127567169
5213.0,0.005073946660159642
5220.0,0.008696451745009352
5228.0,0.011265745951112117
5236.0,0.0028677258330507
5240.0,-0.0013481189804242504
5248.0,0.006108449112746406
5253.0,0.0062892594089848115
5260.0,0.007786300555690936
5265.0,0.0072895230862953155
5272.0,0.00847288466778454
5276.0,-0.0018001680368209575
5282.0,-0.002636170906638835
5296.0,0.0055336314553599535
5304.0,-0.0003660212435832667
5310.0,0.0025420600313002667
5321.0,-0.0018413784427257324
5329.0,0.0011800706060999346
5338.0,0.0003579319705905788
5346.0,0.007540612741224694
5360.0,-0.0005417523967989114
5370.0,-0.010481302397370704
5376.0,0.011073785010566741
5384.0,0.01240067839563404
5389.0,0.003549352685599849
5398.0,0.0025396496686701762
5403.0,0.011187583490338061
5414.0,0.006280286372905049
5423.0,0.005137924268034581
5431.0,0.00725271673618846
5438.0,0.013965438622315657
5447.0,-0.0019703032872746052
5456.0,0.0063564088634478575
5464.0,0.006548020427171163
5473.0,0.006011639900346469
5481.0,0.003659539307404447
5490.0,0.0015324981889556692
5495.0,0.010683266754848719
5503.0,0.016888213181069874
5511.0,0.004079064640711202
5519.0,0.010315519119391835
5530.0,0.006405916347006466
5538.0,0.005274981803273782
5547.0,0.007275880411066328
5554.0,0.007295345640074149
5560.0,0.004409571059236324
5569.0,0.006506188896719648
5574.0,0.010530252784849443
5579.0,0.0015157540873036775
5584.0,0.0013804621870995176
5592.0,0.004684268398303842
5600.0,0.002508947529896993
5608.0,0.0020875438449447985
5613.0,0.002294631343482168
5625.0,0.0025613073936170466
5631.0,0.00900475383439013
5640.0,0.003986371811359206
5645.0,-0.0002330966144279263
5655.0,0.01134486398374559
5660.0,0.005253902619360515
5669.0,-0.008381435711126525
5678.0,-0.013955400764664689
5686.0,0.005185243812934012
5693.0,0.01543957713019622
5701.0,-0.0021268323411608447
5709.0,0.006544864444596931
5716.0,0.0060425113735180554
5723.0,0.01273734178685226
5730.0,0.0002097143325356938
5737.0,0.0047338012464288835
5742.0,-0.00629411597035979
5748.0,0.00654440528852687
5757.0,0.0022480890737636167
5765.0,-0.007174072037333842
5772.0,-0.01190724464870206
