,6
1940.0,0.0017507162796385482
1948.0,-0.0007032055227859351
1959.0,-0.0002648145262020458
1967.0,-0.00014071367447138016
1971.0,-0.0002750205231618626
1979.0,0.0021898026085358856
1987.0,-0.0007657489960530801
1993.0,0.0019058651906964483
2000.0,-0.0012920390076675027
2004.0,-0.002253031314530459
2011.0,0.004691183376616799
2015.0,0.012662497371821355
2023.0,0.004090093357624947
2031.0,0.002905030428743053
2039.0,0.0021516714182319503
2047.0,0.0014653729323060758
2055.0,0.001089000508905481
2067.0,0.0032029727779938114
2078.0,0.001981307066092794
2082.0,0.003137897446683039
2089.0,0.0017816677884355699
2098.0,0.0016207752073690896
2109.0,-0.00080346793841887
2114.0,0.0016148675921676824
2120.0,0.0021648743122751482
2129.0,-0.0015488606115734538
2137.0,0.003752125178613823
2148.0,-0.0034179927194560532
2157.0,0.006150738688975533
2165.0,0.001935983846774296
2172.0,0.0053851938292972384
2178.0,0.001119081098656264
2186.0,-0.0025731348740714965
2195.0,0.0010851003642411822
2203.0,-0.0005149721379050971
2210.0,-0.0006125292497479145
2219.0,0.003761260225238045
2225.0,-0.0008816093087454897
2232.0,0.0019097580507886518
2243.0,-0.008276886379765678
2251.0,-0.006227931043456955
2259.0,-0.0008662303130674581
2267.0,-0.000750020659061951
2279.0,0.00021003588164388335
2287.0,-0.0003963586554130765
2295.0,-7.252101051348401e-05
2303.0,0.0010648807284115009
2314.0,0.0018981543827178906
2322.0,-0.0009100710274008171
2329.0,-0.0018866952423918343
2333.0,0.0020954127319127614
2340.0,0.009499721457786808
2344.0,0.0010194433969820018
2354.0,0.001403634992991316
2365.0,0.005473739921205323
2369.0,0.001820106821084179
2378.0,0.00047629665141248035
2382.0,0.0023785314086254023
2390.0,0.0002858592175008089
2401.0,0.0009776811033686565
2412.0,0.0005963428095139573
2420.0,0.001286255878890518
2431.0,-0.0007378932032466442
2440.0,-0.00246115238061212
2448.0,-0.0023652609871549638
2456.0,-0.00035822258722110746
2464.0,0.005389836213086347
2472.0,0.006365887427699708
2480.0,0.0014570191924326609
2491.0,0.0033210204289551883
2498.0,0.0012796417927630381
2509.0,0.003952981346398769
2518.0,0.0013315350727087613
2528.0,0.0021748283137144595
2535.0,0.005248230791598173
2544.0,0.002135351043491851
2552.0,0.0015812151992671993
2561.0,-0.0005540942234738072
2572.0,0.000581287208330317
2584.0,0.0005736712923129277
2591.0,-0.0010792346630972246
2598.0,0.0009245372430852245
2602.0,-0.0013142076802968158
2609.0,0.0014999604221858944
2615.0,-2.9469050151132977e-05
2623.0,-1.2119263709663105e-05
2627.0,-0.00042438025696672207
2635.0,0.0019076236637886258
2644.0,0.0013784852150660804
2652.0,0.001448391303303084
2660.0,0.00012196464926315776
2671.0,-0.00022341642532544128
2680.0,-1.1042615836546426e-05
2689.0,0.0002607845139853386
2695.0,0.0012382256343852495
2704.0,-0.00116753962898153
2713.0,-0.001920353620745228
2718.0,-0.00599565834832746
2725.0,0.014915597006347163
2729.0,0.005030177704563836
2736.0,0.002265806602369498
2745.0,5.650790268818096e-05
2749.0,0.0005733736158481396
2757.0,-0.0006838277109810187
2763.0,-0.00024062306039536607
2771.0,0.0024217753475314916
2779.0,0.0009567325815383531
2788.0,-0.0016339960545482949
2792.0,-0.0003455440249721439
2800.0,-0.0001178816094386228
2807.0,0.00010249148427152005
2814.0,-0.0004540258304522952
2823.0,-0.0029850524492951733
2831.0,-0.0001766830589105596
2842.0,-0.000493967107063471
2848.0,0.005000614758608781
2859.0,-0.00240085065502622
2870.0,-0.00132002646251051
2878.0,0.004272762579943636
2885.0,0.003516860816966322
2895.0,0.0013654563971337139
2903.0,-0.002399876372294219
2907.0,0.0030558048596084626
2921.0,0.003706017339378683
2929.0,-1.878860775995272e-05
2938.0,-0.00021347246051777293
2945.0,0.00247684269745507
2953.0,0.0022400127667531076
2964.0,0.0033394390067706292
2973.0,-0.00012644173189403656
2981.0,-0.013030813408803186
2988.0,0.0007362324220003888
2999.0,-0.0023250176171161034
3006.0,0.0030299413826656166
3014.0,-0.001187454181223706
3018.0,0.00088288968845617
3030.0,-4.455795940200974e-05
3042.0,0.000233390335305385
3054.0,0.0014410089502286685
3065.0,0.0019132259387061247
3072.0,-0.001862257891281025
3082.0,-0.0026498227015867726
3089.0,0.00013674229564549712
3101.0,-0.00042262925710464974
3112.0,0.0006012301036020489
3117.0,-0.0004573754358395055
3124.0,0.005899777516307057
3130.0,-0.0004094369948573221
3139.0,0.005061333626083199
3148.0,0.0016595846947967683
3157.0,0.001586084219001367
3167.0,0.0007544173103255405
3174.0,0.0005172874264848167
3182.0,0.0014513748569913926
3186.0,-0.0012113978916182863
3193.0,0.0008992067861059281
3200.0,0.0015322020081970332
3209.0,0.0014975071673308058
3221.0,0.0012916858569519078
3229.0,-0.000656070159574648
3233.0,0.00189765830632288
3242.0,0.0022687190390494835
3250.0,0.002823786319293863
3261.0,0.00042399414891411386
3268.0,-0.00011162041331895219
3274.0,0.00048581572176965203
3279.0,0.0007411922825206139
3286.0,-0.0005061151036621366
3297.0,-0.0031249488249379892
3306.0,-0.010770761307670391
3310.0,0.0009972520264829973
3321.0,-0.002927323240559694
3329.0,-0.0015722105084155081
3337.0,-0.0006414316823620319
3341.0,-0.0002670505738942522
3352.0,-0.0005766572756518558
3361.0,-0.00010587310183837482
3372.0,0.00044600120540414515
3382.0,-0.0007223997498902275
3389.0,0.000191312149120044
3398.0,0.003858572721626142
3407.0,0.0006353259189978266
3413.0,-0.00011004643334682888
3419.0,0.00480010280487728
3428.0,0.0023656995327761767
3436.0,0.0005168781441374195
3440.0,0.0017487353251237486
3451.0,0.0011678234734215076
3460.0,0.001174931430019327
3468.0,0.0038962435969317442
3476.0,0.0026442145414051575
3485.0,0.0020767911693509947
3494.0,0.003478362280621649
3501.0,0.001161799683453746
3509.0,2.6404954534561544e-05
3518.0,0.004443775274667394
3524.0,0.0005867646642341691
3530.0,0.005390579993150922
3538.0,0.005155415506986559
3544.0,-0.001099833892756648
