,4
1940.0,0.009849225385676527
1948.0,0.001596612201074077
1959.0,0.006116888989880166
1967.0,-0.001420706160122628
1971.0,0.00584012287483449
1979.0,0.009549596216146136
1987.0,-0.003451849918512409
1993.0,0.00183915446430332
2000.0,0.003623207184727962
2004.0,-0.00592186737661001
2011.0,0.009886542532391615
2015.0,0.007481354756302955
2023.0,0.007022516200564954
2031.0,-0.00283632620746751
2039.0,0.006159641862832883
2047.0,0.0006161516258467778
2055.0,0.0032500520755656148
2067.0,0.008326575381147215
2078.0,0.0002912111686474377
2082.0,0.006017346685458538
2089.0,0.0015318621800658558
2098.0,0.0050705720872902
2109.0,0.0008943935450563047
2114.0,-0.00041010040027258856
2120.0,0.0036855985383934553
2129.0,0.006640879884610829
2137.0,-0.004324844610829566
2148.0,0.012862440513551223
2157.0,-0.015355299654954193
2165.0,-0.001684486629922762
2172.0,0.014655719809758385
2178.0,-0.0029317039390996955
2186.0,0.004116343437301389
2195.0,0.004823863324356133
2203.0,0.0044288470791584485
2210.0,0.00900328253896601
2219.0,0.000256694433746413
2225.0,0.004693239341476544
2232.0,0.01565614207835152
2243.0,0.008015199258415828
2251.0,0.005273106785443991
2259.0,0.008226470707496103
2267.0,0.003443010364815451
2279.0,-0.0010502773062918565
2287.0,-0.005762700016564625
2295.0,0.004290018349699942
2303.0,0.0036810026747763074
2314.0,0.0007038049795634
2322.0,-0.006743200370230131
2329.0,-0.007351482001274404
2333.0,0.0009516423052785542
2340.0,0.0016813069936831738
2344.0,0.007347210179383875
2354.0,0.0029220652397199042
2365.0,0.015450602904410755
2369.0,-8.36159840108725e-05
2378.0,-0.0018592861882590038
2382.0,-0.0050385587101329805
2390.0,0.014176008711537836
2401.0,-0.0010029171748256263
2412.0,0.005018945384061268
2420.0,0.007252136555631344
2431.0,0.0016744854888432721
2440.0,-0.004046144770276859
2448.0,-0.007003584145469055
2456.0,-0.0005129720318666675
2464.0,0.006658537055056924
2472.0,0.012117944860777894
2480.0,0.006375992666491977
2491.0,0.004555077492091135
2498.0,0.009559149649874211
2509.0,0.0007267536206640024
2518.0,0.0021413634004147216
2528.0,0.0037645973842556253
2535.0,0.014576065612652263
2544.0,0.006269038592157959
2552.0,0.0029567615139430787
2561.0,0.004428169440208996
2572.0,0.00498403411994793
2584.0,-0.0032666747951976124
2591.0,0.005224935768153679
2598.0,0.013270247392839704
2602.0,-0.0005769456442191494
2609.0,-0.009882649318204526
2615.0,0.01249231420985248
2623.0,0.008326171576904885
2627.0,0.00307280005284985
2635.0,0.008581928151480653
2644.0,0.005886429231341843
2652.0,0.012178496370431337
2660.0,-0.0011243506246156954
2671.0,0.004148721128409273
2680.0,-0.0018735509316815128
2689.0,-0.0008507209518941578
2695.0,0.008654446101784974
2704.0,0.0012484284558824728
2713.0,-0.007741504348830594
2718.0,-0.007173489324359104
2725.0,0.00621542333354093
2729.0,0.0027397096138654666
2736.0,0.005476565755555486
2745.0,0.0021761655842789727
2749.0,0.00808152680486836
2757.0,-0.002076602788508734
2763.0,0.005540117166916806
2771.0,0.003532227099333318
2779.0,0.004748894345558789
2788.0,0.0005396278818532244
2792.0,0.00119577823969654
2800.0,0.006167376293134254
2807.0,0.002389264270282624
2814.0,0.004642744001906085
2823.0,0.007562820453061309
2831.0,0.002681621087508378
2842.0,-0.0014506286567537322
2848.0,0.018794560033649547
2859.0,-0.010307701487238722
2870.0,0.006383207311311241
2878.0,0.009272192345948076
2885.0,-0.0044876785073395715
2895.0,-0.0024307786372441916
2903.0,-0.012387248526980369
2907.0,0.008025293670010125
2921.0,-0.0008164569214468168
2929.0,0.003469832827793781
2938.0,0.0013937454104024597
2945.0,0.0068893043001365655
2953.0,0.0027561758690632784
2964.0,0.0040524574126227335
2973.0,0.000257572937888891
2981.0,0.0015957637535823212
2988.0,0.013585715455435736
2999.0,0.0015283893520932307
3006.0,0.009428511993320366
3014.0,0.0014859645664082356
3018.0,0.004082644757231472
3030.0,-0.0007949210200634062
3042.0,0.0028377190650791784
3054.0,0.0031390451663022923
3065.0,-0.008277108773302637
3072.0,-0.0002070458789234892
3082.0,-0.006682440041028098
3089.0,0.003363116481960473
3101.0,0.009884520388236012
3112.0,0.011259249127624969
3117.0,-0.0026563860903601483
3124.0,0.00414299863298061
3130.0,0.011658000663551922
3139.0,-0.0028121095459236844
3148.0,0.010247472759883806
3157.0,0.0012112380980987122
3167.0,0.009269841999221928
3174.0,0.0048519864445517365
3182.0,0.0023508036635598753
3186.0,0.00695453571253889
3193.0,0.00047428582765146154
3200.0,0.006256090347474898
3209.0,-0.002633278011220895
3221.0,-0.013197935810904539
3229.0,-0.0012624770903486196
3233.0,0.005095066578034779
3242.0,0.007200193953058917
3250.0,0.0017851798024089247
3261.0,0.005299721371123555
3268.0,0.0010573063452858017
3274.0,0.0020622525444488754
3279.0,0.008834492950888374
3286.0,0.00613393708669198
3297.0,-0.022079558772930545
3306.0,-0.0033406482625148266
3310.0,0.00841780353384155
3321.0,0.009622914155447712
3329.0,-9.393274485073435e-06
3337.0,0.009685558056253867
3341.0,-0.0027078399861049803
3352.0,0.0009633506649465461
3361.0,0.00855128867279923
3372.0,0.006428063415223111
3382.0,-0.0014360303293713096
3389.0,-0.00022545282379295395
3398.0,-0.008480211588182964
3407.0,0.003474343185968222
3413.0,-0.006170721668212472
3419.0,0.017565379409918733
3428.0,0.0002312085888295862
3436.0,0.010986777511812125
3440.0,0.006567606933765646
3451.0,0.0066856612997800505
3460.0,0.0010781112137642423
3468.0,0.007691312609101275
3476.0,0.005998510322963654
3485.0,0.00768944223943336
3494.0,0.0013605135975672516
3501.0,0.004152394712617733
3509.0,0.009980032160769552
3518.0,0.008591355642622684
3524.0,-0.005072198178737433
3530.0,0.010910774374435765
3538.0,-0.006986671362656261
3544.0,0.006638350077099937
