,8
0,-0.005566772410451476
1,-0.0024401597544660403
2,0.0012483343341949216
3,-0.0005086842865672116
4,0.0011444708962379717
5,-0.00015389050041493083
6,0.00015039331767259973
7,0.00020706136367282637
8,0.000868904507432145
9,0.00016583177817573207
10,4.299674684807966e-05
11,0.0005966462705031476
12,1.3212993675665744e-05
13,0.001312484684858012
14,-0.0012349516454894642
15,-0.00047513825953928915
16,-1.55683523824461e-05
17,-0.0002562664992957091
18,-0.0013091129518099773
19,0.00044579244640915257
20,-0.0022319266148362405
21,0.004227842739894198
22,0.006496815359223781
23,0.009208826793416579
24,0.007374888596726725
25,0.0037699885442717385
26,-5.263057189952551e-05
27,-0.00016408925089822382
28,0.001092272260970005
29,-0.0011966057344786874
30,-0.002247449580546564
31,-6.559234015028517e-06
32,-0.0006878602842046054
33,0.0007603195649979764
34,0.0006043883639931631
35,-0.00012055476907873617
36,-0.00019627137482756228
37,0.0014548975313857099
38,4.846080869082685e-05
39,0.00015496456232221307
40,-0.00037128277657927036
41,-0.001343088503610803
42,0.0006295631400845742
43,-0.00017621890837753705
44,-0.00039845380464676166
45,-0.0004481337475074824
46,0.000389554394901909
47,0.0010702926794556524
48,0.00031742722660074344
49,0.0015600675342758977
50,0.000725882523780417
51,-0.0001906471070134939
52,-0.0014394390177294822
53,-0.004154082820627303
54,-0.0034318853201864776
55,0.003023696762744986
56,0.0026694475049455933
57,2.218404232284607e-05
58,-8.586308220226924e-05
59,0.0029552954287110694
60,0.0008702295201903532
61,0.0009981202217529952
62,0.001638598009345833
63,0.0017283990801212083
64,0.00019942922720945513
65,-0.00045424067682489237
66,0.00025721503943581495
67,0.000918079367836258
68,-0.00017476496829386075
69,-0.0006192984969037741
70,0.001603164989478396
71,0.002095385547799917
72,-3.679785051628433e-05
73,0.0025626384802235488
74,0.00014752322118751808
75,0.0006201890730117992
76,3.91825290177387e-07
77,3.990863467994724e-05
78,6.84276376699162e-05
79,0.00075292605054447
80,0.0007568005519424583
81,-0.0034359005856228397
82,-0.0003392387962982876
83,-0.0003596257314811257
84,0.00017199405740997054
85,0.00029786092210282286
86,0.0026376298726680882
87,0.0018523074950556962
88,0.00017678704803324684
89,0.0008287495339424912
90,0.0012701435877075585
91,1.1727756917960365e-05
92,0.0003832700254791581
93,0.003027458210019426
94,0.000513463344888997
95,-0.00021782039315026283
96,0.0003849841665272819
97,0.00035253244201328065
98,0.00013499314421312479
99,0.0005330697778231003
100,0.0001938870632230903
101,0.0005284116923003229
102,0.00011445539618113112
103,-0.0015229800207936111
104,0.0017535134237084207
105,-0.00040556945124868175
106,-0.0005650540455142281
107,0.0021919315854350744
108,-0.00038203765633289537
109,-0.0004136119687201076
110,0.00018173614287004915
111,3.8938511170546665e-05
112,0.0001795498436514892
113,-1.821008331313103e-05
114,0.0005785666426030419
115,0.0003571845713619185
116,-0.00041726874271815617
117,0.00023779687559046748
118,0.0015847058664536938
119,-0.0017279496310997724
120,-0.0016744858293064207
121,-9.025618403669463e-06
122,0.0005699469933948283
123,-0.0004583887361045353
124,0.00042662696637177665
125,0.0005875582001091347
126,0.0004547057738494201
127,5.9655152610595274e-05
128,0.0002311665752192844
129,-0.00027456025818112283
130,-0.00013159594923830805
131,0.0003066939046319511
132,-0.00015355443158893484
133,0.0015443794560837353
134,-0.0021441007017263536
135,0.00567274807972416
136,0.0006492959924932377
137,0.0001361344766000462
138,0.0007140656758397725
139,-0.00015199015532099648
140,0.0007650297944711649
141,-0.0008180249644223794
142,-0.002733988701740173
143,-0.002253268510316336
144,0.0008143809575661805
145,0.003036396650119563
146,0.0013498012434541523
147,0.0007375463355890859
148,0.0007012030938893936
149,0.0013450955158959932
150,-0.001878543048047576
151,-0.0004159801784472617
152,-0.00021070000364521726
153,0.0003447563797547452
154,0.0011966223569667997
155,-0.00031815427539607695
156,0.0005617704745007856
157,0.00111127483467022
158,0.0007191561276746667
159,0.00016277896829768425
160,-0.0005212568117137217
161,-0.0005314947470666073
162,-0.0011152662478084343
163,-7.271281630487096e-06
164,0.00038130787947418917
165,-0.000582218586589062
166,0.0005115940087721413
167,0.0010117381133279745
168,0.0009610567389726474
169,0.0002059827376166134
170,0.0013692213978865832
171,0.00020599435573650648
172,-0.0008691428076475668
173,0.0029289054216989864
174,0.0007554154044839285
175,0.0004954840115741435
176,0.000855600251309217
177,0.001596168009186892
178,0.00304402380512792
179,0.0002653606993459003
180,0.0006138596316174255
181,-0.0004137215192297139
182,-0.0007721828600254398
183,-0.001617063781402951
184,-0.00078642005570954
185,0.0002659260138270342
186,0.00031900400006538515
187,0.0004688489458832499
188,9.459303441312756e-05
189,0.0009100468225908354
190,-0.00042645307102558524
191,0.00102661209809257
192,0.0006778238790863289
193,-0.0016133045942106304
194,0.0008423313379808512
195,0.0015610947155743167
196,0.0007647746638882827
197,0.0003428619454840547
198,0.0005152883838920701
199,-4.187563181049505e-05
200,0.00016589899196629057
201,-0.0009290612133469114
202,0.0006745802961523886
203,0.00035405954851355195
204,0.0013868047082628192
205,7.223846297838959e-05
206,0.000932093248776569
207,0.0002451540157570967
208,0.00042953105458072647
209,2.4079325324587623e-05
210,-0.0003778179562339657
211,0.00030319669105973454
212,-0.00014014947926702708
213,-5.971812077484268e-05
214,0.0035195776132021946
215,0.0007880012194614797
216,-0.0006738123252690194
217,0.00043108091859779416
218,-0.0004454965059127652
219,0.0005899503593495133
220,0.0001788991879680675
221,-0.00010103823430212964
222,0.0007875757014417532
223,-0.0002107275109986165
224,0.0003625755150500847
225,0.0006114606887937178
226,-0.00016980538811705703
227,-0.0003054826627140435
228,-0.0007187209328290399
229,0.00042547400934988405
230,1.2921707313401177e-05
231,-0.00030972840136505745
232,0.0013094893866288327
233,-0.0001310559356327048
234,-0.0005265538636575927
235,0.0005834076169511424
236,0.00034283616709997276
237,0.00014306561652822843
238,0.002396970634613241
239,0.0015033118576877117
240,0.00023214762455616347
241,0.0012789468084998753
242,0.002804016840845407
243,0.0015151421339788943
244,-0.0008546548883090588
245,-0.0005170566126905543
246,-0.0002331405105817603
247,-0.0003620878351364457
248,0.0001462044328232801
249,-0.0009074932078387397
250,0.0023300224577344508
251,0.0008649007192952547
252,-0.004772540921490812
