,6
2.0,-0.006849190385920761
10.0,-0.0019429294864335177
18.0,0.0015801275576532371
23.0,-0.0007562625275344983
32.0,2.7650283430823565e-05
43.0,0.00012092825369360363
51.0,-0.0012007074368752273
59.0,-0.0008816050080940573
64.0,0.00021511178305018335
70.0,0.0014989762892784083
78.0,-0.00013961393893618167
86.0,-0.0023975071088220942
93.0,-0.0015004886576776564
102.0,-0.002110842351593292
110.0,-0.0022442037334887374
114.0,-0.0018028620885237232
125.0,0.001245514771010216
132.0,-0.0001867819692908655
139.0,0.0009091266984709919
148.0,0.010502727118674948
152.0,-0.009464440888353628
159.0,0.004478544590521771
167.0,0.00663758314360817
178.0,0.01162144002661688
183.0,0.004488331820144309
188.0,0.002110920468840361
196.0,0.003798705278132258
207.0,-0.003615235415026611
215.0,0.0010035882542517847
221.0,-0.0011462356956143855
225.0,-0.0029253114630700635
233.0,-0.0007537210335428502
240.0,-0.0012008815157435692
247.0,0.0033858891838868207
256.0,0.004148012681566882
264.0,0.0007110705901890307
268.0,0.002042956117328879
277.0,0.0012627907783850625
288.0,0.0012146831856754486
300.0,-0.0008582055968290196
306.0,0.0021219858831392643
315.0,0.002576830279327681
323.0,0.0007458163964041861
327.0,-0.0008698801331446011
335.0,-0.0007018312586833633
343.0,0.0009627887955876438
352.0,0.0007126752032243578
360.0,0.000118061625566225
367.0,-0.0002597369558159499
378.0,0.0002487082038612379
386.0,0.000751813109747952
394.0,-0.00033091897730220946
402.0,-0.00039147992499235655
409.0,-0.002331111756226436
414.0,-0.007979407423663857
420.0,-0.006362559102978492
427.0,0.005483969714225372
436.0,0.0022576528945384357
445.0,0.002187285434928033
456.0,0.007402735958664718
461.0,0.002632726329469253
468.0,0.001826055522330355
476.0,0.0024035654397546904
484.0,0.003911909893039544
493.0,0.004223374349692375
501.0,0.0003358031574305551
508.0,0.000995431183967019
517.0,0.0011290174473398335
526.0,0.0015070794629617743
533.0,0.0013589176696579726
538.0,0.006279103757610722
547.0,-0.0008495372391637885
556.0,0.005239282242055274
564.0,0.004438538712867925
572.0,-7.692992428806448e-05
580.0,0.0005981811783417532
587.0,0.0006157958713043352
598.0,-0.0025733533917319243
605.0,0.0006650775494898968
612.0,0.0005485710876970523
616.0,0.00360383681922826
620.0,0.01391032311661284
624.0,-0.0012019079495579244
632.0,0.0006132780555170776
642.0,-0.0013759963030336296
650.0,0.0001735107835490293
661.0,0.002827382426884194
670.0,0.0016186067968434958
677.0,0.0016795969266299622
682.0,0.0021743684015824247
688.0,0.002061680068281572
697.0,0.002558048298206975
705.0,0.0009531821529316087
713.0,0.0009533169853706648
721.0,0.0015559956774841494
732.0,-0.0013054666485048062
736.0,0.0012382571962239542
741.0,0.0019850447417111613
749.0,0.0011180717228274162
758.0,0.0018436793869436967
765.0,0.0007714736236303194
771.0,-0.0006462141221718288
779.0,0.0017868469119575296
787.0,-0.001580347392090314
794.0,0.0008632123406192178
799.0,0.002555024721006483
804.0,0.002399442550819549
811.0,0.002758271349125648
820.0,-0.0034681235259879173
828.0,0.0006366188672826958
835.0,-0.0006562438079319509
841.0,0.0014783871450159602
849.0,0.0006426881189080753
857.0,0.0018775196328586611
864.0,0.0006882825108661231
873.0,0.0016442617955279887
881.0,-0.0008860454902700027
886.0,0.0052038752527586605
895.0,-0.0019590005580637938
902.0,-0.001812328012335862
913.0,6.971193292832423e-06
917.0,0.0014642920951054806
923.0,0.002823999323924414
932.0,0.0005405320317506346
937.0,0.00010002313849544153
944.0,-0.00027795416898013367
951.0,-0.00022915797788943123
958.0,-7.37480181309652e-05
963.0,0.000269765612607014
971.0,-0.0017790464987708346
979.0,-8.917009309311742e-06
984.0,8.942845918527297e-05
993.0,-0.0004185410725870667
1004.0,0.0030182721913927105
1011.0,-0.0041803108456761814
1019.0,-0.014276417993116223
1023.0,0.0014019273822216474
1032.0,-0.00020955064418770567
1043.0,-0.00010488164087619945
1051.0,0.00027284940838927273
1058.0,0.0006861319127259883
1069.0,-0.00036883373729593914
1076.0,-0.004898103489716564
1088.0,-0.010297752458238075
1094.0,0.0034970433092398347
1098.0,0.005908092176436357
1107.0,0.0019599424937772354
1116.0,-0.0007282085161275197
1124.0,0.0017649078617513682
1131.0,-0.0022678135059996042
1135.0,0.0010753686430581885
1143.0,0.0022268212272955426
1151.0,-0.0006945413502245445
1159.0,0.0005764470419125923
1170.0,0.0053023592769078165
1178.0,0.0010989302697818715
1192.0,0.0022884606095999634
1199.0,0.004086019039680955
1206.0,0.0013743338018633844
1215.0,0.00057461266628127
1222.0,0.0006339606218108378
1231.0,0.0009079203363814968
1240.0,-0.0009419867251396808
1251.0,0.002456890956669391
1255.0,0.00012852334510227625
1260.0,-0.0009570962535375863
1264.0,0.0009655905464309778
1273.0,0.0013908358354050839
1281.0,2.3160317196815074e-05
1289.0,0.0011265521360599821
1297.0,0.00012789743655169388
1304.0,0.000324828555538423
1310.0,-0.001919589693124963
1318.0,0.001906271558673221
1326.0,0.0016652618840881594
1337.0,0.00019539272963963245
1345.0,-0.0002750519104967523
1349.0,0.005428317011713474
1356.0,0.0030748851460019717
1365.0,0.003355391695208721
1371.0,-0.0014355299751610939
1375.0,-0.0005878206225687586
1387.0,-0.001938251184736669
1395.0,0.0016302741537768577
1402.0,0.0005019395089716655
1411.0,0.0005248220368782742
1419.0,0.001816539195388818
1427.0,0.0027709137091145976
1438.0,0.0029237232486001826
1449.0,0.0021467015825953777
1456.0,-0.0003485945875822055
1467.0,-0.00011214048187015456
1474.0,0.0010724363214288967
1482.0,-0.001549872097575764
1489.0,-0.0002076872315048131
1496.0,0.0008714788061428569
1504.0,-0.0003342877704900867
1511.0,-0.00012538212229336267
1519.0,-0.0003501240485451176
1527.0,0.0012409657782894603
1532.0,-0.0021154495818104684
1538.0,2.093060024927061e-05
1542.0,-0.0013929267825781295
1546.0,-0.00010261581906484781
1551.0,0.0015545739843975954
1555.0,-0.00030454622099475466
1564.0,7.159159839073329e-05
1572.0,0.0006195280343002715
1581.0,0.0013052229148173896
1591.0,0.0005146828945657708
1602.0,0.002769534745989998
1610.0,0.00441148754700684
1619.0,0.0006162521687717368
1624.0,0.0021085107329047188
1635.0,0.0053679631478492935
1643.0,0.0008919823939146728
1648.0,0.00454494661855874
1652.0,-0.001189840692963094
1657.0,-0.0014140427481477758
1665.0,0.00016953457150283477
1670.0,-0.0008989673550559972
1675.0,-0.0013994187968291664
1683.0,0.0017376705139474293
1688.0,-0.00041799087645970194
1693.0,0.0011104434605272878
1699.0,1.869168079393269e-05
1706.0,-0.0007041150187001902
1717.0,0.0001157308472797077
1727.0,-0.0009520971465408403
1738.0,0.005223296856842711
1749.0,0.0036797445804593342
1758.0,0.003261452446119296
1766.0,0.003007354397061669
1774.0,0.0005972355714976
1781.0,0.0011942264436936641
1792.0,0.0024223896320170004
1801.0,0.0027077749984840346
1809.0,0.0010808648463429477
1818.0,0.002763982856564077
1827.0,0.0023641843570186773
1839.0,0.0014969239889430896
1847.0,0.00028913155046339517
1856.0,0.0011719453419303202
1865.0,-0.0023565902066679124
1875.0,-0.007068064226402258
1879.0,-0.0025363987316357473
1886.0,0.0012907317544312155
1894.0,-0.002245511271339249
1901.0,-0.001823803671079713
1912.0,-0.0006599075828367199
1920.0,0.003966470165467897
1929.0,0.002391289032341269
1933.0,0.006182836468164461
