,4
2.0,0.011854639414926468
10.0,0.010027524694744739
18.0,0.0010618577549138938
23.0,0.007018799809249321
32.0,0.012092409414274459
43.0,0.005839334493630069
51.0,0.005332234450373246
59.0,0.0054930787860352145
64.0,0.006845029945746389
70.0,-0.005199563764161863
78.0,0.009023279984066592
86.0,0.005762421586047346
93.0,0.00420522836522013
102.0,-0.006489609057020427
110.0,-6.358619432073772e-05
114.0,0.003038309821874457
125.0,0.008521716794938829
132.0,0.004339626367266214
139.0,-0.004636479292202424
148.0,-0.005667381734424827
152.0,-0.004667353796662801
159.0,0.0015770605730642036
167.0,0.011030967486310758
178.0,0.017015620970896952
183.0,-0.005885537135519513
188.0,0.004685704493621513
196.0,0.00870655494737345
207.0,0.0038862688430396615
215.0,-0.0019681417510018684
221.0,-0.0065988589583614865
225.0,-0.002451875300913639
233.0,2.382918761022474e-05
240.0,-0.002056289608952996
247.0,0.009352195884928652
256.0,0.006390962834532608
264.0,0.012528289866674569
268.0,0.008457163089098807
277.0,-0.0009194419513799371
288.0,0.0027196593631200723
300.0,0.006925583602698163
306.0,0.008201384291344762
315.0,0.014879595969505256
323.0,0.006719368025118753
327.0,0.007066584561362284
335.0,0.006333268454488312
343.0,0.001828847066314383
352.0,0.002006083022285646
360.0,0.0010508308453394122
367.0,0.006319182885322595
378.0,0.002441310977021028
386.0,0.0028480174848575564
394.0,0.010003307140369152
402.0,3.980204289928343e-05
409.0,0.008662819646681376
414.0,-0.001520158339286188
420.0,0.00796683749549472
427.0,-0.011071499991655862
436.0,0.00014817918279310394
445.0,0.014281874639429511
456.0,0.004310544001912045
461.0,0.007124905621080255
468.0,0.012928885418780824
476.0,0.014806003606571022
484.0,0.004352926216009067
493.0,0.005051182550474951
501.0,0.005780583215470833
508.0,0.004818126424758726
517.0,0.004690362909966776
526.0,0.00512304534453854
533.0,0.007045656693956276
538.0,0.014312273968362382
547.0,-0.002489420612090434
556.0,0.00974026563506703
564.0,0.011335496481650205
572.0,0.011070163618402622
580.0,0.012643315857940027
587.0,0.0036828479422157862
598.0,0.007390092959561501
605.0,0.002455815691564573
612.0,0.00043067308481149974
616.0,0.007193313516803685
620.0,0.00787830120265376
624.0,0.0029501723452599903
632.0,0.003859843508846348
642.0,0.012660720982453307
650.0,0.009619852199634904
661.0,0.007753390019318748
670.0,0.003889345891718095
677.0,0.0015362363321408245
682.0,0.002239493425312374
688.0,0.007015553372485359
697.0,0.0059003060814139295
705.0,0.006662504877123139
713.0,0.010877542401503033
721.0,0.005124331218353044
732.0,0.0033320959581849582
736.0,9.5248329862409e-05
741.0,0.0049977456313670884
749.0,0.0021063676540424236
758.0,0.008371450781495588
765.0,0.006228472006639164
771.0,0.007056126816514013
779.0,-0.01227745539482976
787.0,3.206517866719246e-05
794.0,0.00984391464151632
799.0,-0.0005069064698832894
804.0,-0.006023202686471584
811.0,0.015814546384228054
820.0,-0.006214309345404696
828.0,0.0006879932509390795
835.0,-0.002190115183222852
841.0,0.006218157169850139
849.0,0.004957860005981469
857.0,0.00033692759978864214
864.0,0.0018784106868435355
873.0,-0.0025148375635950645
881.0,0.0030027261322062345
886.0,0.01811879512790861
895.0,-0.005293972951679009
902.0,0.0005899027011672192
913.0,0.002102266141168765
917.0,0.005308071043470503
923.0,-0.0016172246710420917
932.0,-0.007885605982743163
937.0,0.008406998711101222
944.0,0.0064724047983229106
951.0,0.003581243249111229
958.0,0.003415952856667286
963.0,0.0006436851358688113
971.0,0.00701924313313921
979.0,0.004310472246964191
984.0,0.007446260959241731
993.0,0.007674188390222254
1004.0,-0.002350289946618843
1011.0,-0.014467640172381082
1019.0,-5.142888359743051e-05
1023.0,-0.00014065290743611093
1032.0,0.006465497105386003
1043.0,0.0044570268901498915
1051.0,0.003378713169347308
1058.0,0.0015855496081105898
1069.0,0.009055938719435667
1076.0,-0.012474716922339988
1088.0,-0.014490014286210866
1094.0,-0.003492903243093654
1098.0,0.004874482897661576
1107.0,0.003673335824857631
1116.0,-0.0030396909538643116
1124.0,0.00437892929622108
1131.0,-0.007846316507600091
1135.0,0.009873136741527287
1143.0,0.010167925256863762
1151.0,0.00964879061575393
1159.0,-0.0007711746670395485
1170.0,0.01201594083593625
1178.0,0.006964089288284039
1192.0,0.007813622692569742
1199.0,0.0003327269369494117
1206.0,0.0037267443351492275
1215.0,0.00614087354582641
1222.0,0.00570207062230068
1231.0,0.006454376574657682
1240.0,0.001093243502752114
1251.0,0.0013331500000082553
1255.0,0.007931546111452952
1260.0,0.01049431201397805
1264.0,0.0006612663405033225
1273.0,0.005614935220163244
1281.0,0.0038531379205237978
1289.0,3.062564638888428e-05
1297.0,0.004900608080127023
1304.0,-0.0011409299362143647
1310.0,0.011356952664950801
1318.0,0.00650457223302893
1326.0,0.00023902588644243939
1337.0,0.0036045244922340218
1345.0,-0.0020234156273824053
1349.0,0.0058057158199497985
1356.0,-0.0013979531766898673
1365.0,0.015520634023694373
1371.0,0.0027222241808606083
1375.0,0.00496134494121582
1387.0,-0.010176246567861001
1395.0,0.0028508708388534166
1402.0,0.001146614894984753
1411.0,0.0019220931800834767
1419.0,0.004839478132717287
1427.0,0.003048340914204194
1438.0,0.005397472130563022
1449.0,0.0012754768860582417
1456.0,0.010427970723820266
1467.0,0.003094854985510023
1474.0,0.011126231691471538
1482.0,-0.0031610562586631393
1489.0,-0.0019405028311791285
1496.0,0.00890138389272779
1504.0,0.015998269164122177
1511.0,0.00833509044836915
1519.0,0.0085142396758971
1527.0,0.014113200134386461
1532.0,0.0018556672299352764
1538.0,0.02001365870131886
1542.0,0.004342354078494503
1546.0,0.007490326510496035
1551.0,0.0005340335774561394
1555.0,0.003348909776661594
1564.0,0.006393549354943845
1572.0,0.011606061572736116
1581.0,-0.0008006446580674657
1591.0,0.005761109717502964
1602.0,0.00608495531809826
1610.0,0.007950207315899982
1619.0,0.008088459951363248
1624.0,0.004242847910356466
1635.0,0.006167447037896378
1643.0,-0.002575963820950586
1648.0,0.006404355528082984
1652.0,0.009698272097063617
1657.0,0.00010096614342318126
1665.0,0.0030758205458925173
1670.0,0.011325019203733683
1675.0,0.007010418007931259
1683.0,-2.3696305635830502e-05
1688.0,-0.009859297514601016
1693.0,0.005692115046563673
1699.0,0.00664191515626741
1706.0,0.0029615246314064116
1717.0,0.0020026175527422525
1727.0,0.011681190381049564
1738.0,-0.006535937148221887
1749.0,0.010555340481534264
1758.0,0.0006655123647622037
1766.0,0.003484720719043719
1774.0,0.009374980072793098
1781.0,-0.0005917221946856458
1792.0,0.006636851992456737
1801.0,0.004119566065194191
1809.0,0.009149824281062126
1818.0,0.008181485094818296
1827.0,0.004886457011927303
1839.0,0.006099184706349386
1847.0,0.0021989284462209137
1856.0,0.00649326422414949
1865.0,-0.003283764910793446
1875.0,-0.001388464502627617
1879.0,0.004361467850299808
1886.0,-0.0010535513826048332
1894.0,0.013277287285791872
1901.0,-0.011183383482543009
1912.0,-0.005732185196350101
1920.0,0.007955593611960663
1929.0,-0.005477959610234437
1933.0,-0.005485777651329402
