,4
1497.0,0.004438964643517626
1502.0,0.0010493707152793462
1509.0,0.003291788677339118
1517.0,0.00020072675672080988
1526.0,4.9955782426500074e-05
1535.0,0.0019040233308832866
1546.0,-0.012647111918188875
1550.0,0.0013976370588417743
1557.0,0.002991970379222673
1563.0,0.017110585498345866
1571.0,0.0058531403213359
1580.0,0.006457190067838827
1590.0,0.006954452897132756
1598.0,0.00866303473704033
1607.0,0.007210764413438835
1616.0,0.017790159075197712
1625.0,0.0036247600441581176
1633.0,0.005731814458755439
1640.0,0.009360563051989481
1649.0,0.0006582482405614982
1658.0,-0.001923258638440025
1667.0,0.0063391684606225965
1674.0,0.0013757615594432537
1682.0,0.006591624967179425
1689.0,0.0044487007632468874
1697.0,0.007412014066405144
1704.0,-0.0004457655077213379
1712.0,0.0052016308192120156
1723.0,0.013608450787414699
1732.0,0.006618272016474403
1739.0,0.00902260628499314
1746.0,-0.003414857111470325
1751.0,0.006242947106928668
1763.0,0.013779759694756642
1771.0,0.0022906522377182264
1780.0,0.00739526845449062
1785.0,-0.005764989721711993
1795.0,-0.010116677560317694
1800.0,0.019003404694225408
1808.0,0.005243627455476077
1815.0,0.008262376282820595
1822.0,0.0002811195134694164
1831.0,0.0030382297374933133
1835.0,-4.891913751179539e-05
1843.0,3.3170571472231464e-05
1854.0,-0.0016080430005622982
1865.0,0.014614501819191564
1876.0,0.008848464161855531
1882.0,0.0013244173764779558
1887.0,0.0051479452997054915
1895.0,0.0046729094174674714
1902.0,0.002404369291475979
1911.0,-0.0007435730754294719
1918.0,0.002846378688201519
1925.0,1.4913646442437932e-05
1936.0,0.003419026521675072
1945.0,0.005740004962580877
1952.0,0.00423435876320512
1961.0,0.007045567036223637
1970.0,0.008230589229420623
1979.0,0.004992587797234151
1991.0,-0.00187576622090548
1999.0,-0.002930374498012238
2007.0,1.582967972658049e-05
2011.0,0.00996168733778105
2019.0,0.0009986750070760963
2026.0,0.0015718892485580653
2033.0,-0.004717142373396505
2041.0,0.004346340980005296
2052.0,0.0037618652651137618
2060.0,0.016459251612207352
2069.0,0.005008192629649233
2081.0,-0.01625573243544411
2089.0,-0.007919803365538134
2098.0,0.014847524988277527
2106.0,0.009367569416023841
2116.0,0.005531936758950263
2124.0,0.005675122231463714
2131.0,0.00023331262848114699
2136.0,0.006122523051127206
2143.0,0.0038967311121272143
2151.0,0.0019280645287133658
2159.0,0.008544209592699872
2168.0,-0.0012828401584018252
2175.0,0.0022462795883589205
2186.0,0.005526765119272792
2194.0,0.005945111155227895
2205.0,0.008741342580167745
2214.0,0.008975399384883457
2222.0,0.009305312607959427
2229.0,0.007417460558778965
2238.0,0.0007704509713500397
2245.0,0.005839665966291833
2253.0,0.011894760478784927
2261.0,0.001010145701560724
2268.0,0.014678336915122464
2279.0,0.010049899484183538
2287.0,0.01228246588261408
2295.0,0.008455273650827096
2307.0,0.002534147736227414
2314.0,0.005475471940029381
2324.0,0.005262664724111439
2331.0,0.0023020997851090574
2338.0,0.0071059083912595345
2342.0,0.004253917582982087
2353.0,0.00392482195227968
2361.0,0.009571624381515724
2369.0,0.007392739088576638
2377.0,0.015035264301682115
2385.0,-0.003742866800869748
2394.0,0.007694718299962998
2400.0,-0.0033495881675408715
2409.0,0.01476653890985234
2420.0,-0.00024419215295439807
2427.0,0.005676035982054702
2434.0,0.001831935785421296
2439.0,-0.0015053546798791942
2446.0,0.0051143385813765515
2454.0,0.006033586219622333
2463.0,0.002853223355238542
2470.0,0.007586632142104672
2478.0,0.009964339889390054
2487.0,0.004739956721030067
2494.0,0.0070315075545169916
2502.0,0.008429855409856869
2509.0,0.009495053791686827
2518.0,-0.004142163457053416
2527.0,0.0010070540032742184
2535.0,0.0054794321763786385
2547.0,0.001692717473814902
2556.0,-0.0008813276579388219
2563.0,0.006685681241280715
2571.0,-0.0010303428360446704
2582.0,0.004143755243864874
2593.0,0.00462752918861036
2601.0,0.005944677373637324
2608.0,0.0007731945734777781
2613.0,0.00011518089791606647
2624.0,0.007500810006319674
2632.0,0.006172879293359754
2639.0,0.008778171506730758
2648.0,0.0036421588425715012
2656.0,0.0002545723692130895
2662.0,0.01545273571062848
2667.0,-0.0027397890611677565
2677.0,-0.0016718523480641675
2683.0,0.00899604416260497
2691.0,-0.0020274376868029856
2700.0,-0.0026703539877111298
2708.0,-0.005458884319323512
2717.0,-0.00024321960844214725
2725.0,-0.0006680744947537058
2732.0,0.013884202033176347
2740.0,0.0014252328120681744
2747.0,0.007686015627981717
2755.0,0.0125569332681306
2763.0,0.002399275100619509
2768.0,0.0014305811285833673
2775.0,0.01348212686091594
2782.0,0.0019502167234591887
2793.0,0.005810590337306297
2797.0,0.005413366140441177
2804.0,0.0074761039000503385
2812.0,0.00760430645425454
2820.0,0.004003177845141974
2828.0,0.008691382738974223
2842.0,0.006023242532284458
2847.0,0.01192123588282186
2856.0,0.0043563585075199725
2864.0,0.01264840332532219
2869.0,0.009651498148762372
2874.0,0.004100353422745831
2882.0,0.001885741290881444
2889.0,0.006184448135686581
2897.0,0.0035584250076368265
2906.0,0.0030072350907669777
2911.0,0.004322342534967001
2919.0,0.005364173189083275
2927.0,0.004388691809479995
2934.0,0.0005372011467461345
2942.0,0.006640465364071645
2950.0,0.003700136123534959
2957.0,0.00021798343376433114
2968.0,0.0058061283925827
2975.0,0.006419876537721929
2984.0,0.007415805331667754
2995.0,0.0021754101978048715
3003.0,0.006334495447421924
3011.0,0.0017159284754704243
3019.0,-0.006801013676666125
3029.0,0.01065203934770413
3038.0,0.007814000849994182
3042.0,0.006261840263496889
3051.0,0.00045110695163133867
3059.0,0.0031585598082993094
3070.0,-0.00379290110291308
3077.0,0.002062546530082282
