,6
1497.0,-0.006234662124100605
1502.0,-0.0006147285088086568
1509.0,-0.0002587913670371657
1517.0,0.0014844657097582174
1526.0,-0.0001597787865000462
1535.0,-0.0031418333764415816
1546.0,0.0026500337150628895
1550.0,0.0036515575546934484
1557.0,0.002870601065508008
1563.0,-0.0009930747260959627
1571.0,0.0020777514532954963
1580.0,-8.176474920451273e-05
1590.0,0.0016822824894415095
1598.0,0.001869063659306633
1607.0,0.004667094018930721
1616.0,0.005154883679824832
1625.0,0.00018563470771800207
1633.0,-0.009152916662055095
1640.0,-0.0015980728173057774
1649.0,0.0004166312199852021
1658.0,0.0007105463710518604
1667.0,0.0018340725644820878
1674.0,-0.000866819822804832
1682.0,-0.0007699182443415304
1689.0,-0.0006947578988809474
1697.0,-1.735196506526337e-05
1704.0,0.001487241593573942
1712.0,0.0002631700536572342
1723.0,0.002089464995861108
1732.0,0.0002727045284922095
1739.0,0.0016613422436674108
1746.0,0.00486301719566096
1751.0,0.0016415044130949528
1763.0,0.002424971049297794
1771.0,0.0004006918172177636
1780.0,0.00436420200833072
1785.0,-0.0034973444248192383
1795.0,0.005034233113442715
1800.0,-0.0023705213377820783
1808.0,-0.002277326697642472
1815.0,0.0015553205948524937
1822.0,-0.0022279782052571943
1831.0,0.0006393057588308987
1835.0,0.0011298228605043845
1843.0,-0.0014688269576072308
1854.0,-5.5571247236851536e-05
1865.0,-0.0003518374000012927
1876.0,0.011279818985790842
1882.0,0.0031185823406082317
1887.0,-0.003149570148865759
1895.0,0.0037223306592901882
1902.0,0.001128260832795117
1911.0,0.0021188962021152914
1918.0,0.002254872368107947
1925.0,0.0023179659822327513
1936.0,0.0036653767974119634
1945.0,0.0013217561172912896
1952.0,0.0019793774613205816
1961.0,0.0034701549217680296
1970.0,0.0019392130704751814
1979.0,9.051577319693373e-05
1991.0,0.00023921892351033393
1999.0,0.0009551429481507389
2007.0,-0.0030159933420935035
2011.0,-0.004884484275980861
2019.0,-0.009951440870516578
2026.0,-0.0007639266293021787
2033.0,-0.0032106623741899793
2041.0,-9.875586413489714e-05
2052.0,0.002239253233882541
2060.0,0.00274235446364734
2069.0,-0.0006167781342231683
2081.0,-0.001376093857435622
2089.0,-0.0014600532385256088
2098.0,-0.0012782879630937956
2106.0,0.00018540343637567794
2116.0,0.0029282116273470177
2124.0,-9.49673833718007e-05
2131.0,0.0009200455778622526
2136.0,0.0015206141822690974
2143.0,0.003660591305935711
2151.0,0.0013903008358074692
2159.0,0.00039637853505392805
2168.0,0.0010069525861199223
2175.0,0.00028098754073607496
2186.0,0.0001893643562217496
2194.0,0.0005578606261617623
2205.0,0.002098367183236794
2214.0,0.005383825103917651
2222.0,-0.00587712212801401
2229.0,0.004307948669932251
2238.0,-0.0008129603788490366
2245.0,-0.0003128344251556211
2253.0,-0.00029239811614386886
2261.0,-0.001829963780793633
2268.0,-0.0016459368147205859
2279.0,0.006911723078082664
2287.0,0.0006547685119372438
2295.0,0.0035502837362097928
2307.0,0.006416654016167879
2314.0,0.0035143604829996804
2324.0,-0.00029463495521885356
2331.0,0.0011350899823576455
2338.0,0.003863878968887409
2342.0,0.002730463487098068
2353.0,-0.00014298125158985643
2361.0,0.0034493549957596045
2369.0,-0.0002106944950690533
2377.0,-0.0039331880010022155
2385.0,-0.0017374885093639036
2394.0,0.0031391061872997534
2400.0,0.0027406036448983755
2409.0,0.0010315652128285498
2420.0,0.0011788644036035568
2427.0,0.0058194231380209
2434.0,0.0020006332679610122
2439.0,0.0019248805445984728
2446.0,0.0029504542821414967
2454.0,0.004108020408762374
2463.0,0.0009926961219552787
2470.0,0.001558998133516098
2478.0,0.0024548092222984757
2487.0,0.007768906323400891
2494.0,-0.0013629732734053263
2502.0,-0.002065155723385757
2509.0,0.003802740057889848
2518.0,0.0025088339938556872
2527.0,0.0006540405133373277
2535.0,0.0016457492541326905
2547.0,0.0026216401507697515
2556.0,0.002148317927106206
2563.0,0.002054438994342318
2571.0,0.0006340358139318861
2582.0,-2.287965579638106e-05
2593.0,0.0031818699524732586
2601.0,0.0014342536338743524
2608.0,0.0035795311912234593
2613.0,0.0014577684364032474
2624.0,0.00026377681521963384
2632.0,0.001954831816060312
2639.0,0.001017982172759602
2648.0,0.0024453113309290536
2656.0,-0.0006795531332010812
2662.0,0.006930123841268524
2667.0,0.0012707813949783089
2677.0,0.00038120737655388795
2683.0,0.0020640910192491115
2691.0,-0.0012848273562841217
2700.0,-0.0014316779936653708
2708.0,-0.000402987364824092
2717.0,0.00011052823856391408
2725.0,-0.0005156757899204893
2732.0,-0.0011299038669919659
2740.0,-0.000290498798390131
2747.0,0.0014089266488100942
2755.0,0.002819676497390583
2763.0,0.0008077307017125473
2768.0,0.00468112481662031
2775.0,0.0007558217914315679
2782.0,0.0020308328878817206
2793.0,-7.819418643697929e-05
2797.0,0.00480033520428123
2804.0,-0.0017055652277148969
2812.0,0.0003312540408221135
2820.0,0.0015404734818954071
2828.0,-0.0005987520945950043
2842.0,-0.003995363612952752
2847.0,-0.006107406127493854
2856.0,-0.0008341170602793361
2864.0,0.0035081707810378643
2869.0,0.007017815829348932
2874.0,0.0023710291668099337
2882.0,0.0005326727586918424
2889.0,0.0033440360769379147
2897.0,0.0036164258474586726
2906.0,0.0017926595240734498
2911.0,0.00470562529387473
2919.0,0.0041542051101650605
2927.0,0.003006365217552683
2934.0,0.001772854028533411
2942.0,0.0015625726469618649
2950.0,0.006743663725608965
2957.0,0.001190892266962608
2968.0,0.0017385881252144143
2975.0,0.0007676229373505379
2984.0,0.0010077173806286735
2995.0,0.002242050780155074
3003.0,0.0005837762544038929
3011.0,-0.000336306725510125
3019.0,0.00048041981661513315
3029.0,0.0012735005727123865
3038.0,0.0037847518315412268
3042.0,0.002385016652310415
3051.0,-0.002020352111929137
3059.0,0.000730629662630713
3070.0,-0.010206185209808469
3077.0,-0.014256532325280454
