,5
9925.0,0.009612931384161857
9931.0,0.02796442959716397
9937.0,0.008494007921522221
9943.0,-0.004952928649654466
9949.0,0.005040854846413322
9956.0,0.008499026202458286
9963.0,-0.0002893084117528696
9973.0,0.0006877266850770384
9980.0,-0.0002825774392772103
9989.0,0.00151175460990692
9998.0,0.0037577908168292726
10003.0,-0.0011914502323858024
10014.0,0.0008673845222481162
10020.0,0.0031153983539348425
10028.0,-0.0036038373375419457
10033.0,-0.0018495529288530344
10041.0,0.0006783631978654166
10048.0,0.0008368832731047203
10055.0,0.0015341784534847265
10063.0,0.0017308858430686675
10074.0,-0.0027812321757333166
10079.0,-0.00028606395177322585
10088.0,0.0010535035455233254
10093.0,-0.0036057477875372675
10100.0,-0.001912985110844387
10106.0,-0.002315480320842357
10115.0,0.0008139889474136452
10124.0,0.003105089100202768
10133.0,-0.002928090804475153
10140.0,0.00673254938868949
10148.0,-0.0008351344318855556
10154.0,-0.0024892890176974386
10158.0,0.0004202231372209265
10166.0,-0.003136437501578764
10174.0,0.009531103217515926
10182.0,-0.007328707133913065
10194.0,-0.00291639419129368
10198.0,-0.0015221135024904842
10206.0,-0.0005397592996484248
10213.0,-0.00018987457682297248
10221.0,0.002230676671112809
10230.0,0.002874441632397213
10241.0,0.0022861053992342434
10249.0,0.00024325011582046604
10258.0,0.000368148104376346
10270.0,-0.0008424495574301908
10279.0,0.005141853965084362
10287.0,0.003182199186707498
10296.0,-0.0014469105656432055
10305.0,0.0007836597864031653
10313.0,0.00045725019220111085
10322.0,-0.0036655945437012666
10330.0,-0.0021032451892265456
10341.0,0.004633369516687558
10350.0,-0.000570360103853434
10354.0,-0.004478823609609405
10361.0,0.0016738131579647402
10370.0,-0.003644180220824671
10379.0,-0.0010057610075451897
10387.0,0.0023494335631365454
10395.0,0.0006877350836791785
10404.0,0.0015318628757014566
10415.0,-0.000624600782435574
10423.0,0.0012019684667029479
10435.0,0.003172984603679839
10442.0,-0.004889776677262004
10447.0,-0.004579101971500474
10454.0,0.0073561857242723395
10460.0,0.005642051076245628
10466.0,-0.000533576516324931
10471.0,-0.0005865489603720452
10478.0,0.0016200170688060638
10484.0,-0.0007657177426003742
10488.0,0.0038273357566708842
10495.0,0.005397862525496673
10501.0,-0.0008093248453724341
10509.0,-0.007074352625510072
10517.0,-0.002502548270165675
10524.0,0.007071791763483775
10528.0,0.004277342684095871
10532.0,0.0014407184564442367
10541.0,-0.004985372271639029
10550.0,0.0019734788503148327
10559.0,-0.0016161633501333432
10571.0,0.001287698387992682
10579.0,-0.005715430919713296
10587.0,0.0016987076823643818
10592.0,0.001850597671984074
10596.0,-0.0015209035719510949
10605.0,-0.0017136401881570663
10610.0,0.0006862611408803994
10619.0,-0.0031421727864553066
10623.0,0.003313272372597646
10631.0,-0.00034467507115086934
10635.0,-0.00047178698375382826
10644.0,0.001375938907846147
10652.0,0.0015260018368369506
10662.0,0.0007956650608240064
10670.0,0.0026097979519676354
10677.0,-0.0019454395751111848
10685.0,0.00041356707419654354
10691.0,-0.002897628034130595
10699.0,0.002397810541697908
10710.0,0.0037902689899605995
10718.0,0.0007956909937052727
10725.0,0.0012840897761289113
10732.0,-0.0009947895108395257
10746.0,-0.010747216399223398
10754.0,0.0018077752783580996
10761.0,0.003914691888473479
10769.0,0.004531082688807967
10775.0,-0.004071277061273481
10782.0,0.0022174113661419244
10789.0,-4.9562813688648074e-05
10798.0,0.0006810284926946265
10807.0,-0.0003170211833152565
10816.0,0.0006956839618864528
10822.0,-0.000492908874042659
10830.0,-0.004485340912723178
10838.0,0.002356466632927545
10848.0,0.001195188341760741
10859.0,-0.004218813593451257
10871.0,-0.0013341313405297035
10880.0,0.0032336938087791887
10888.0,-0.002004765921180663
10892.0,0.006420920805388931
10898.0,-0.004392613304736656
10907.0,0.0015532885637304806
10913.0,0.006017316962455908
10922.0,0.0018514431135486984
10930.0,0.0001914669639410983
10937.0,0.0009174044188502737
10948.0,-0.004684716399256219
10954.0,-0.012007046046750427
10961.0,0.001003407077379994
10969.0,-0.0007122235392275846
10977.0,-0.0064746290667442
10984.0,-0.002441527498040996
10990.0,-0.0022656764114179742
11002.0,0.0035562934275854296
11010.0,-0.003295592857809978
11016.0,-0.0020515308583932148
11022.0,-0.005328018650224398
11029.0,-0.0013358583343503544
11037.0,0.0022611002165843306
11046.0,0.0010254924076383326
11052.0,0.0010064483549843044
11060.0,0.0014972234642613236
11074.0,-0.0008353569353070872
11082.0,0.004756892410605859
11090.0,-0.00453620079796006
11104.0,-0.0017315044130723923
11111.0,-0.001197594749081649
11118.0,-0.0032379899287065476
11127.0,-0.006669952635474513
11136.0,0.00780003677522045
11144.0,0.004716074350109789
11152.0,0.003661949442434413
11160.0,0.0013320113435471186
11164.0,-0.004157033799737786
11174.0,0.0003652908670121511
11183.0,-0.0006910494655421473
11188.0,-0.001992724106982839
11197.0,-0.0013860463287799572
11208.0,0.0027957584221099427
11219.0,0.003411491481411501
11224.0,0.0005780197685294595
11230.0,0.003407414292837722
11238.0,0.0015888018686869532
11247.0,0.0035587023561509334
11258.0,-0.01018082924486209
11264.0,0.005469057107841287
11272.0,0.005563228642224179
11276.0,-0.0020996422823917863
11282.0,0.002965607773134418
11288.0,0.0011398116051008554
11293.0,0.0010111825003854473
11307.0,0.0012510974945227024
11319.0,-0.017257179924697778
11330.0,0.008318733221019609
11334.0,-0.036466988265955194
11339.0,-0.001874725384072287
11344.0,-0.0035081883402342216
11351.0,-0.022600535701211174
11358.0,-0.007989704483355809
11367.0,-0.0033329690367052906
11376.0,0.016732738265873022
11385.0,-0.004703540188264933
11396.0,-0.0024607849274326955
11404.0,0.0030755149051493076
11412.0,0.007536480504601109
11420.0,-0.00022848296955600881
