,4
9925.0,0.012707383360542375
9931.0,-0.002197727441402747
9937.0,0.009611827658171108
9943.0,0.02023987899079805
9949.0,0.0032193404390639586
9956.0,0.005407498157799531
9963.0,0.0077579338246781225
9973.0,0.008614121053596997
9980.0,-0.0021830397644591127
9989.0,-0.0018391019263981863
9998.0,0.007226688542989882
10003.0,0.005345208983016301
10014.0,-0.006703276019007328
10020.0,0.012371795261732477
10028.0,0.01054356364524811
10033.0,0.012452631788500649
10041.0,-0.002327350932755841
10048.0,-0.0044328568963605056
10055.0,0.0018386074091130177
10063.0,-0.0016709363342441287
10074.0,0.001281801036870201
10079.0,0.007840334758647616
10088.0,0.007397854273040435
10093.0,0.003864692764682437
10100.0,0.0010724808031743428
10106.0,0.0030615042999643065
10115.0,0.0003413649886481448
10124.0,0.006359201898945037
10133.0,1.8528472275260982e-05
10140.0,0.005513019532924324
10148.0,0.006000573415490325
10154.0,0.0038519448203686527
10158.0,0.001135791574299407
10166.0,-0.01333983860968347
10174.0,0.006617029634508073
10182.0,0.014841222571476546
10194.0,-0.00016845277000447992
10198.0,-0.005503662810590706
10206.0,0.0012872297993124571
10213.0,0.011173325471473573
10221.0,0.014850988707953377
10230.0,-3.9390678346022854e-05
10241.0,-0.0007975520228561627
10249.0,-0.0019899801535500214
10258.0,0.0023349169923314247
10270.0,0.002649589678828849
10279.0,0.00611104110749888
10287.0,-0.010560523283444114
10296.0,-0.0018189788891003267
10305.0,0.0011537719664355636
10313.0,0.002012116451369132
10322.0,0.003989193564473494
10330.0,-0.0044290075415129885
10341.0,0.00028712323733916635
10350.0,0.0016945479644936948
10354.0,0.005512109178052458
10361.0,0.013007117607831981
10370.0,0.0013164730538675362
10379.0,0.004295824608128623
10387.0,0.004608135306930522
10395.0,0.004657430226043261
10404.0,-0.0014291118770329615
10415.0,0.005058800646573623
10423.0,-0.001271767487298454
10435.0,0.001150954997336054
10442.0,-0.00012074334159798115
10447.0,0.009745749238352204
10454.0,0.0009055440088760605
10460.0,5.9229258970623766e-05
10466.0,0.00649181726054422
10471.0,0.0010137679374546005
10478.0,0.00012648683109717327
10484.0,0.011985915690899159
10488.0,-0.00672432990301713
10495.0,-9.838246531278408e-05
10501.0,0.008353854414203846
10509.0,0.007416263101218114
10517.0,-0.006057027465651167
10524.0,0.00011543089954327836
10528.0,0.01029798412284399
10532.0,0.004272965552259967
10541.0,0.009698885784817576
10550.0,0.007818424989953289
10559.0,0.0008739640982255327
10571.0,0.0017514201621554246
10579.0,-0.0034259100393413166
10587.0,-0.01090107643472977
10592.0,0.01352584373496594
10596.0,0.0009868941057678694
10605.0,0.01539392168476211
10610.0,-0.0007783486973271883
10619.0,0.0008834820417934209
10623.0,-0.00475153806023666
10631.0,-0.004504827570215702
10635.0,0.0018298851998486837
10644.0,0.005951898685934856
10652.0,0.0032411039407302697
10662.0,0.0012841967938134837
10670.0,0.002103848526008709
10677.0,0.011070130368422058
10685.0,0.003478997307189954
10691.0,0.0033844092652042315
10699.0,-0.006234716732573373
10710.0,0.0020959069561914652
10718.0,0.001328419211664827
10725.0,0.0021963647660292666
10732.0,0.01563668051889288
10746.0,0.017386939966175935
10754.0,0.0037205238029021006
10761.0,0.012575222592535332
10769.0,0.010831655935296924
10775.0,0.011384439722135615
10782.0,0.0029826576828646833
10789.0,0.004854251522222474
10798.0,0.00969620146960688
10807.0,-0.0001603357748996459
10816.0,-0.0025508067907370684
10822.0,0.012236100546636916
10830.0,0.006258406622735531
10838.0,0.004047730104663741
10848.0,-0.0035626497876326047
10859.0,0.0014261496607124832
10871.0,0.0026464929100410055
10880.0,0.0020983455483524383
10888.0,-0.005603813781648327
10892.0,0.007752409611171291
10898.0,0.013681044385269204
10907.0,-0.0040308313001727394
10913.0,0.015791461493006507
10922.0,-0.0012981716227042435
10930.0,0.004148935271237452
10937.0,0.0019823630268268684
10948.0,0.007047473818776865
10954.0,-0.001595290375595585
10961.0,0.0031343733912908077
10969.0,-0.0016088189895858774
10977.0,-0.015431429622246402
10984.0,0.00421208685486283
10990.0,-0.001969046820382058
11002.0,0.0006061169397170869
11010.0,-0.013968127957132695
11016.0,0.007049807342015403
11022.0,0.007472966556809275
11029.0,-0.0023081346985903387
11037.0,0.010302078916443268
11046.0,0.00631226822781702
11052.0,0.0005956531944479247
11060.0,-0.0017413589717319585
11074.0,0.0005799455974327052
11082.0,0.008265104403734139
11090.0,0.00371225010515008
11104.0,-0.0013824482207182975
11111.0,0.0038031803517672843
11118.0,-0.00789087753923276
11127.0,1.4028633780843352e-05
11136.0,0.010780807876642345
11144.0,0.004734521322094683
11152.0,0.005514291271499289
11160.0,0.00626692702738759
11164.0,0.003983690589647142
11174.0,0.002974443455030279
11183.0,-0.010672594967266916
11188.0,0.0008886593724272301
11197.0,-0.008809544974107854
11208.0,0.0008020788491408458
11219.0,0.014916958228847586
11224.0,-0.0018336853505985717
11230.0,0.0034635656117424896
11238.0,0.001321611981210445
11247.0,0.008477308270479789
11258.0,0.01351996949168292
11264.0,0.007317679878640517
11272.0,-0.003297399343350553
11276.0,-4.061947492453808e-05
11282.0,0.0012218849001670842
11288.0,0.0013244063238943879
11293.0,0.0038239363911224786
11307.0,0.005917731680581301
11319.0,-0.009591394444947589
11330.0,0.009439253633652134
11334.0,-0.009167668732995257
11339.0,0.006064670913621574
11344.0,-0.007903120011949516
11351.0,-0.0003599789495945833
11358.0,-0.003764818066558719
11367.0,-0.0025996334820445723
11376.0,0.007557206520390758
11385.0,-0.003591828627786971
11396.0,0.0032918797002629125
11404.0,0.002522219147848511
11412.0,0.004255656529999974
11420.0,-0.015101393339735104
