,5
2.0,-0.005478593476063726
9.0,0.0052446465158988926
16.0,0.0022897391228323136
21.0,1.1692241527458045e-05
29.0,0.0025850200077387905
36.0,0.0015921995875213086
42.0,0.0007917279398438196
50.0,0.0026488842804639344
58.0,0.002023157541265247
62.0,-0.004604160214811448
68.0,0.0029538491530294317
72.0,0.0011765397896556947
80.0,0.0003653147906382014
87.0,0.0008122906872766331
96.0,0.00026633862980305863
101.0,-0.002812158018853299
105.0,0.0021405953206663467
116.0,0.003552265482274386
121.0,-0.00024887730929386504
125.0,0.004099650571573236
133.0,-0.0004938322383822159
141.0,0.0035858557992467658
146.0,-8.472979080361937e-05
153.0,-0.001197509077276048
164.0,0.006333724364848194
169.0,0.00011204289832608158
176.0,0.0006847798324407839
187.0,0.0047205903192606
194.0,0.0022113464457236415
200.0,0.00288180196931412
208.0,0.001448760615179387
215.0,0.0005442819174584582
219.0,0.006326264301667321
230.0,0.003735906139207602
237.0,-0.004344932454161247
248.0,0.00187128452119848
258.0,0.00021513594606910428
266.0,0.0009190438278847483
273.0,-0.012131955315730438
277.0,-0.008728510682823567
285.0,0.0011209990486797368
289.0,-0.0027637522876343607
298.0,-0.005078474152960377
307.0,0.006363360711972817
315.0,0.0029842494928731356
321.0,-0.000815829939686816
333.0,-4.206431654144324e-05
340.0,-0.0017003993829535595
344.0,-0.0011736727532418172
352.0,0.0012254838106547069
357.0,0.0008081131161063329
362.0,0.00022706315474150369
371.0,-1.534948728812304e-05
377.0,-0.0041431990593799786
386.0,0.004004829062143456
397.0,0.00620849729354576
401.0,-0.001546701425724406
409.0,0.004361642538971537
417.0,-0.003238773276495312
424.0,-0.001929316682649965
432.0,0.0027962951414222535
441.0,-0.006501246726802474
453.0,0.004112622979269303
460.0,0.002657198600723179
468.0,0.0014944324153584809
477.0,-0.0012810656674865871
487.0,-0.0010218046286495771
491.0,0.0035146287833407565
499.0,2.459437237841641e-05
507.0,0.0036063217572031877
514.0,0.002127852215818888
522.0,0.0010122879181939058
536.0,8.10632909762254e-05
544.0,-0.0006958900454133309
552.0,0.0005960028331373256
560.0,0.0012536599046417327
569.0,0.002905205037325369
578.0,0.0009370420246857426
586.0,0.0011335518858241653
600.0,-0.000395868632295101
610.0,0.0009485805755013023
620.0,-0.0003931960077414023
627.0,-1.9459949871023082e-06
638.0,0.001413818322367455
650.0,0.00021155516472492585
658.0,0.0002961765053952881
667.0,-0.002088460452739065
675.0,-0.0030402154371509437
686.0,0.005749143359123079
693.0,0.003321223740617992
698.0,0.0014245445486166443
705.0,-0.0019027205356717963
714.0,-0.002299838320433983
723.0,-0.004506114280165844
733.0,-0.0008450130900294782
740.0,0.0010052218076063565
747.0,-2.6105675727616153e-05
755.0,0.0007536336272302528
763.0,0.002382751672210698
770.0,-0.0030161698014918134
779.0,-0.006269151463484439
784.0,-0.009016153625354666
791.0,0.002051195569531399
799.0,-0.005262678999827774
807.0,-0.003890298258408292
814.0,0.0022225060418127472
823.0,0.0038856639792277632
828.0,0.0002499049715687706
836.0,0.0004619264942472413
847.0,0.0023032289395806
856.0,0.0004462288678602071
865.0,-0.0014980098759605764
873.0,0.0007483769994771516
880.0,-0.0009636867715545911
889.0,0.001577683885073846
897.0,-0.0016807923508265065
905.0,-0.00056222763912743
916.0,0.0008777752101567285
925.0,-0.005622291940590613
932.0,-0.003964696946449953
943.0,0.0001693154616281081
951.0,-0.002560494704336771
958.0,-0.009797577338338158
965.0,2.00489411608967e-05
970.0,0.001963899794548429
978.0,-0.0006556597690351669
990.0,0.0027554299699219273
997.0,-0.0014330058016269265
1002.0,-0.00449925104493274
1010.0,-9.056763234662618e-05
1019.0,0.0018834638126692495
1024.0,-0.0006713133359356568
1031.0,0.00114261703713214
1039.0,0.00046050686101421474
1045.0,0.00019863947594260636
1053.0,-0.001100158169307124
1065.0,0.002606472560450859
1070.0,0.003228190349171106
1076.0,-0.007956943071238495
1080.0,0.0041193325432215214
1091.0,-0.0016897235963262704
1098.0,0.0008919165286650241
1105.0,-0.0015461809691919282
1109.0,-0.0002008575657346271
1117.0,0.004587391422764821
1124.0,0.0030915664267635277
1132.0,0.0022743523136783744
1140.0,-0.00015194604188909668
1146.0,-0.006345762703987147
1150.0,-0.00022447885104094715
1158.0,-0.0074289509299544304
1162.0,0.0020930155869563556
1169.0,-0.003075620813444874
1176.0,-9.19291690688684e-05
1186.0,0.0006111288115216975
1194.0,0.0014945449677400897
1201.0,0.0008154449412895433
1208.0,-0.0012300526702938618
1216.0,0.00021590268786463227
1228.0,0.001225245733495036
1237.0,-0.003367897778851979
1241.0,-0.001326950107597526
1253.0,0.0013243134548341729
1258.0,-0.006568837297558993
1266.0,-0.0008260980135313042
1273.0,0.00768436480041815
1283.0,0.0007112002131984351
1288.0,0.0027900983936466157
1296.0,-0.00013479340672433723
1304.0,0.000924001950995553
1315.0,-0.0006703820260134033
1323.0,-0.004450903512969944
1331.0,0.004186194005986117
1339.0,-0.00013127099988585836
1344.0,9.437930184146854e-05
1348.0,-0.0008761446407801312
1359.0,0.0029653976792060493
1367.0,0.0004459577377027002
1375.0,-0.0014704154195239628
1382.0,-0.00042437205262048117
1390.0,0.0027430069497095745
1402.0,-2.9431996839936004e-06
1410.0,0.00029375213520373394
1418.0,0.000683544168836922
1427.0,0.0007707557285493581
1435.0,-0.00029825659731953324
1443.0,-0.0013329345386430755
1450.0,0.0015911739341425868
1459.0,-0.0025143357169859887
1470.0,-0.007956176252827142
1474.0,0.00040149284803879976
1486.0,-0.0015654161162754377
1492.0,0.00667899402430916
1503.0,-0.0028823869573195186
1510.0,0.0033979243532477397
1517.0,0.0010630770927647047
1524.0,0.003922406234979356
1529.0,0.0022768257711655512
1538.0,0.0012334207701047166
1549.0,-0.0010906222450822443
1558.0,0.002442333054524661
1566.0,0.0027541260526852077
1573.0,0.001003715870590946
1584.0,0.00031510510985483035
1592.0,0.0006233018494514147
1600.0,0.0011211215992019178
1609.0,-0.003183114934032179
1618.0,-0.0030716339455275233
1627.0,0.0033499365162780784
1635.0,0.0021745203380097214
1641.0,0.0018483173897249348
1653.0,0.0003755805870029189
1660.0,-0.0035621892444937723
1665.0,-1.005922496664464e-05
1673.0,-0.00362100977276721
1681.0,0.0011844683732290617
1692.0,-0.0014247543540105156
1701.0,0.0011317224564881313
1709.0,-0.0001453041460772458
1718.0,-0.0001898516159988902
1726.0,0.003596545041891117
1731.0,0.0014999798409321783
1738.0,-0.001168000360317865
1743.0,0.004110922542294485
1748.0,0.002944137865474544
1754.0,0.008660301178402488
1760.0,0.005344694005786129
1766.0,-0.007011684551221644
1772.0,0.0013438569497699311
1780.0,0.0018086797979123912
1789.0,0.003077584244258253
1798.0,0.0044895908363334815
1804.0,0.0010819533604658367
1816.0,-0.0005333372885314845
1825.0,-0.0005815614597062128
1833.0,-0.001451551614044667
1840.0,0.002501951463727813
1848.0,-0.0033461185128049447
1852.0,0.002605207980786852
1861.0,0.004845824342379808
1868.0,0.0014452775393829368
1876.0,0.003559185873137505
1883.0,0.004508351987557208
1891.0,-0.004018674520192537
1895.0,0.0024678045982734916
1903.0,0.0005037200944625009
1912.0,0.000726130911721548
1923.0,0.0005896644565530067
1934.0,0.0001288168697432323
1945.0,0.0014607953090501717
1951.0,-0.0006768062538115393
1958.0,0.00134273323464242
1967.0,0.0016605130037912778
1974.0,-0.0024469714644638862
1982.0,0.00033608679571533654
1993.0,-0.0040178102180970935
2002.0,0.0006086824121567284
2009.0,-0.0017302122577485045
2015.0,-0.0020277798669022036
2026.0,-0.005090515645597198
2034.0,-0.005303747774724604
2038.0,0.003632142395457296
2046.0,0.0033339401248291636
2055.0,0.0022293438228597356
2061.0,-0.009135522417063563
2066.0,0.0017618425303591737
2070.0,-0.0003004812513244723
2078.0,0.001200932754268167
2088.0,-0.0001006372061525873
2097.0,0.00013612199064790248
2104.0,-2.4502824648929174e-05
2111.0,-0.003478745897191459
2123.0,-0.000627381340731539
2131.0,0.0003263409601556507
2137.0,0.0017623909134670199
2145.0,-0.0015362782846281536
2153.0,-0.0007993425537626373
2162.0,0.0005936672858968326
2168.0,0.004293244421717422
2176.0,-0.004155926930975655
2184.0,-0.003987453578955765
2192.0,0.006798461531665352
2200.0,0.0022814472372261205
2211.0,-0.0012456053614183474
2220.0,0.00048087397309918954
2228.0,2.8702266173069527e-05
2236.0,-0.001582346041131898
2248.0,0.002230102840221452
2253.0,0.0016929828524493676
2261.0,0.0002833590564292775
2269.0,-0.000649534115822062
2276.0,0.0015212197939087405
2284.0,0.0013947137341574676
2290.0,-0.0036621624066718625
2294.0,0.0016356059780977083
2298.0,0.002692200084290117
2305.0,0.002656848749356061
2312.0,-0.0011909839227935396
2320.0,0.000972299069219942
2332.0,-0.006056547724457651
2339.0,0.003261675247335068
2343.0,0.004337291935487678
2351.0,-0.00135151625592717
2356.0,0.000390466456641412
2364.0,0.0018539246663970101
2375.0,-0.00041991281354101807
2383.0,0.0004727673612271581
2392.0,0.0032717429392793342
2401.0,2.030067906140711e-06
2410.0,0.004108270883760731
2418.0,0.0006307736009271399
2425.0,0.003409306429878731
2430.0,0.00024473646249278274
2438.0,-0.0025800200990546587
2443.0,-0.0015368307649527688
2450.0,-0.007129678843705569
2456.0,0.002711828583001228
2463.0,-0.007696002955291452
2471.0,-0.00560157327241938
2480.0,0.0012437413717853259
2488.0,-0.0011310668315763909
2497.0,0.003117059202311982
2505.0,0.0029237418343542646
2513.0,-0.0008700757087106545
2518.0,-0.002950306544695795
2525.0,-0.01397819072313715
2532.0,0.002569944307724418
2541.0,0.0005438618536165329
2552.0,-0.0032143606939451807
2561.0,-0.0008136711234283321
2573.0,-0.0009829762003799051
2579.0,-0.0005447438374927393
2586.0,-0.002198324633520738
2600.0,0.003565822531378783
2608.0,0.0005005880727154493
2612.0,0.0003362463238580398
2616.0,0.0007303632083883927
2622.0,0.002130676590118979
2630.0,0.0028158838696995462
2638.0,-0.0028767066892102793
2643.0,0.00020479046774527756
2649.0,0.001291295535840704
2657.0,-0.0038675256327934575
2663.0,0.0018810387524883683
2670.0,0.001150483489037761
2681.0,0.0013531782266561453
2690.0,-0.002270855624987296
2699.0,0.0056795825820884355
2707.0,-0.006239630367861368
2721.0,0.00047689646153968455
2729.0,0.0005710787704859474
2736.0,0.001454261972277161
2745.0,0.0029981497910717097
2754.0,0.0022895962167336628
2763.0,0.0007866203281519841
2775.0,-0.0030213477411436137
2783.0,0.0006915617015654033
2792.0,-0.0016909196149433236
2797.0,-0.004124550820765512
2801.0,0.005072589219613919
2808.0,-0.0008386615276327605
2814.0,0.0011304061454425422
2822.0,5.847403706677753e-05
2829.0,-0.0009139234779258087
2839.0,0.0042795508637367445
2850.0,6.924114974281382e-05
2859.0,-0.0003933759062313284
2865.0,0.010787956569977051
