,3
2.0,0.001622517478934437
9.0,0.0016610862429785427
16.0,-0.005840205407276731
21.0,0.004525338057591801
29.0,-0.009420292804255579
36.0,-0.011600602227587397
42.0,-0.01878754729618483
50.0,0.005797789123546739
58.0,-0.01779556408753288
62.0,0.016668361559459492
68.0,-0.037557884987906624
72.0,-0.01081407361584564
80.0,-0.011389665763487964
87.0,-0.008079969488463009
96.0,-0.0171581430518235
101.0,0.003410956113562941
105.0,-0.0021412401198477116
116.0,-0.004885788230982027
121.0,0.030975636216982873
125.0,0.022678914900987345
133.0,0.017144329820336052
141.0,-0.006501888633946949
146.0,0.0035664580209064304
153.0,0.009196554428397867
164.0,-0.022785087176289368
169.0,-0.013435045009387662
176.0,-0.00709889751044496
187.0,0.0015656886552116182
194.0,-0.0013827840453294886
200.0,0.002357960442881584
208.0,-0.013605162661726091
215.0,-0.023285678347968818
219.0,-0.004075159696028286
230.0,0.0015568557824571165
237.0,0.00984527987434033
248.0,-0.01877751725446379
258.0,0.02042361951543432
266.0,-0.0024332506182016328
273.0,-0.02498363664145511
277.0,-0.008259043486939132
285.0,0.024887743875376758
289.0,-0.005494497320063522
298.0,-0.01846801765670088
307.0,0.006477485858942826
315.0,-0.018852744310023702
321.0,-0.0011416122618763947
333.0,-0.005887948179116058
340.0,0.01184426368811057
344.0,0.007689590178825634
352.0,0.002700161394118477
357.0,0.008550910981639123
362.0,-0.0011812408742357641
371.0,0.014389523436649822
377.0,-0.009612303899092463
386.0,0.013980347008212884
397.0,-0.007261669107056976
401.0,-0.010521418327644902
409.0,0.006683077264416195
417.0,0.004240543279257117
424.0,-0.009337821573780549
432.0,0.0003290476691895572
441.0,-0.010178073460698774
453.0,0.004680520678198533
460.0,-0.01176393779283659
468.0,-0.015102904134401402
477.0,-0.012410731241168305
487.0,0.01772999139580534
491.0,0.0028604457858510883
499.0,0.006865970374260321
507.0,0.0017426463855753813
514.0,-0.026149252804879078
522.0,0.013644382837098585
536.0,0.016021477974847268
544.0,0.02027609707683884
552.0,0.007449343679881963
560.0,0.013828768125552103
569.0,0.015726986151256044
578.0,0.010217752599707383
586.0,0.018458470820899978
600.0,-0.007412073573476599
610.0,0.010278980953315617
620.0,0.0032517464347868396
627.0,0.016297976258991705
638.0,0.01741774329606596
650.0,0.0018645221571441273
658.0,0.0015853591623924816
667.0,0.01703418430270714
675.0,-0.011194046155499003
686.0,0.006812934725988553
693.0,-0.009602639105043992
698.0,-0.004789689608877821
705.0,0.012304172215743333
714.0,0.018043572084639147
723.0,-0.008047604568611658
733.0,0.0016911324746008527
740.0,-0.01058484246267142
747.0,-0.007154733837040995
755.0,0.0013380433841949113
763.0,0.009417292007041745
770.0,0.007297197534160754
779.0,0.013497930461697144
784.0,-0.0006002993869552574
791.0,0.008274312678657919
799.0,0.011049252417860513
807.0,-0.0006361896032743699
814.0,0.015548904476898651
823.0,-0.00031002026058375275
828.0,0.01436378708257596
836.0,0.00834742987194377
847.0,0.007347627661375641
856.0,0.007152564887619458
865.0,0.006852480111958316
873.0,0.009372731124352277
880.0,-0.0009006688254031156
889.0,0.009619444706696869
897.0,0.021123808741966815
905.0,0.004039908842369391
916.0,0.014487082965274834
925.0,0.005380292432324756
932.0,0.002373448723700265
943.0,-0.01076913455740962
951.0,0.011860686615154697
958.0,-0.005648346304496396
965.0,-0.006461653242613662
970.0,0.006348456710771772
978.0,-0.00599730421966332
990.0,-0.013815942040426736
997.0,-0.012340991777859106
1002.0,-0.002658805503499938
1010.0,0.00349315379560473
1019.0,0.004257255583629889
1024.0,0.01015689319422692
1031.0,0.015049768607666266
1039.0,0.018265598025414057
1045.0,-0.0023763584453371876
1053.0,0.01543757353427723
1065.0,0.0051892174161772605
1070.0,0.016083549848920443
1076.0,0.01924728373374541
1080.0,0.005344775083299387
1091.0,0.008943792009308827
1098.0,-0.00808356012979419
1105.0,0.023670972892114322
1109.0,-0.005073380006901534
1117.0,0.004873226128890942
1124.0,-0.019420040571992054
1132.0,-0.016782326559200433
1140.0,-0.017392646033300263
1146.0,-0.03290517992257324
1150.0,0.014428387260414389
1158.0,-0.040713823134155135
1162.0,0.00040472714773628085
1169.0,-0.007985483984144373
1176.0,-0.007006689477463727
1186.0,-0.012519830133492666
1194.0,-0.015216816525274478
1201.0,-0.00526790908496223
1208.0,-0.010826574032620492
1216.0,-0.021102363711527766
1228.0,-0.011783987984208221
1237.0,0.017757712707251978
1241.0,-0.011604185878078486
1253.0,0.0029869339455874137
1258.0,-0.002887401057166782
1266.0,0.002087834105113249
1273.0,0.006007888962695756
1283.0,-0.0007418502391941771
1288.0,0.015115188594513758
1296.0,-0.015484486661017259
1304.0,-0.01058297736801206
1315.0,-0.01756247136367621
1323.0,0.0012321483251569731
1331.0,-0.008548339129488818
1339.0,-0.008042032014884898
1344.0,-0.0076465446569787925
1348.0,0.01305048004123264
1359.0,0.013274480813512098
1367.0,0.02621953025181347
1375.0,0.0011785972758057207
1382.0,0.018147013343781267
1390.0,0.010611998153053543
1402.0,0.015730408414484087
1410.0,0.011304340694456662
1418.0,0.0020853873266235916
1427.0,0.004435568663355891
1435.0,0.020164864668438347
1443.0,0.0037606585855482757
1450.0,0.018625777305579603
1459.0,0.022033216143907023
1470.0,0.024750916074200633
1474.0,0.018591852115552705
1486.0,-0.022270809696840147
1492.0,-0.01901716816394853
1503.0,-0.008920079434052087
1510.0,0.015400931035680437
1517.0,0.010014657490443014
1524.0,0.00497020517642307
1529.0,0.017100890938772102
1538.0,0.010871811284571598
1549.0,0.01974301851706906
1558.0,0.0008787967819939178
1566.0,0.01169898936670621
1573.0,0.012264372501766672
1584.0,0.011845610308077242
1592.0,0.015461869394373587
1600.0,0.00813810241846494
1609.0,0.01790284246748241
1618.0,-0.002330406452048944
1627.0,-0.0054258376585884956
1635.0,0.019748540631381747
1641.0,0.006918811733764434
1653.0,-0.006215652124246257
1660.0,0.003521105392342953
1665.0,0.013517815170993265
1673.0,-0.024928372704499043
1681.0,0.008189029665937342
1692.0,0.012725280656858417
1701.0,0.01518159324767176
1709.0,0.013637529642227796
1718.0,0.01846691360222094
1726.0,-0.005541792910709316
1731.0,0.01087906709578633
1738.0,0.004534508013926991
1743.0,0.0005270408534336635
1748.0,-0.008520764942975117
1754.0,0.018410204815502058
1760.0,0.011522692784214245
1766.0,0.002743176716831909
1772.0,0.01679743440352101
1780.0,0.019318393381295935
1789.0,-0.010208839013964334
1798.0,-0.003041501529303251
1804.0,-0.01778636115060678
1816.0,-0.011071473983853367
1825.0,0.02631790744785139
1833.0,0.005123083202239541
1840.0,0.00835455580133376
1848.0,0.018825901815681282
1852.0,0.0088410252662233
1861.0,-0.007495704413709554
1868.0,0.007509768841738667
1876.0,-0.008443174075811596
1883.0,-0.0006529836473643004
1891.0,-0.04062709721477573
1895.0,-0.00710198680289519
1903.0,0.0077768365889009355
1912.0,0.016887407402915743
1923.0,0.0040994338764857256
1934.0,0.017721648687350836
1945.0,-0.013876327850756846
1951.0,0.0027312426401968856
1958.0,0.01581528278179585
1967.0,0.01340368059914409
1974.0,0.0190391567840463
1982.0,0.01971836700567147
1993.0,-0.01025076795744342
2002.0,0.005002854181298897
2009.0,0.010284692534103024
2015.0,0.024740298226218524
2026.0,0.010133825827076032
2034.0,0.017727348039591223
2038.0,0.01727030777485808
2046.0,0.0048696631913221
2055.0,0.015075427352551123
2061.0,0.006948534954714869
2066.0,-0.020384505113049702
2070.0,0.01221837638923414
2078.0,-0.002343920363550669
2088.0,0.011463657292142137
2097.0,0.009880829168766906
2104.0,0.008044914282281573
2111.0,-0.00523959094127123
2123.0,0.018283304330015324
2131.0,0.002374440762525672
2137.0,0.014115692106751692
2145.0,0.02454715666509488
2153.0,0.016065692369093956
2162.0,0.011127792377783958
2168.0,0.013617692756146651
2176.0,0.008683384157224775
2184.0,0.012642705350264885
2192.0,0.020338860149896058
2200.0,0.017208531615577945
2211.0,0.010783281729610737
2220.0,0.021008812764708906
2228.0,0.02108099024553029
2236.0,0.020348848801218695
2248.0,0.007114216952264116
2253.0,-0.013000161853912489
2261.0,-0.0056531991139294685
2269.0,-0.007540672907191356
2276.0,0.01366965106653207
2284.0,0.008455219420050095
2290.0,0.024670034011516375
2294.0,-0.008999651250529187
2298.0,0.020610039026588336
2305.0,0.017727680247910705
2312.0,0.01580994585465419
2320.0,0.008944130665318337
2332.0,0.0006321778627498594
2339.0,0.021339787794277622
2343.0,0.003833314436709181
2351.0,-0.007444707135105488
2356.0,0.01985821319281366
2364.0,0.003673537059109684
2375.0,0.013236152680582694
2383.0,0.0037986491493613894
2392.0,-0.006868413071504917
2401.0,0.009521979441569328
2410.0,0.016345827372026445
2418.0,0.0185471477301838
2425.0,0.0038154684626075857
2430.0,-0.0009961510997155843
2438.0,0.018573284688026766
2443.0,0.003167189941274744
2450.0,-0.009433462485966377
2456.0,0.006317168586496933
2463.0,0.004674270928799388
2471.0,-0.007836524125768188
2480.0,-0.0006065721647122076
2488.0,-0.01096165937927742
2497.0,-0.013890669107699214
2505.0,0.003121052252568045
2513.0,-0.009254409959630247
2518.0,-0.0019628809109973402
2525.0,0.003441642019326365
2532.0,0.00991913075712586
2541.0,0.007439068005117173
2552.0,0.02284271459699149
2561.0,-0.006544614040622113
2573.0,-0.003737788080803087
2579.0,0.005498583476738078
2586.0,0.004479524946882064
2600.0,0.008771076653943109
2608.0,-0.01822354322160407
2612.0,-0.01329403847405784
2616.0,0.0028039713023062943
2622.0,0.012052633675841194
2630.0,0.009110086612507675
2638.0,0.006512499218992042
2643.0,0.017962740548554602
2649.0,0.019404595837639906
2657.0,0.0012518657623117792
2663.0,0.015617309491338884
2670.0,0.007593239079089388
2681.0,0.006263621438114838
2690.0,0.02240360140727137
2699.0,0.02143733317055579
2707.0,0.02111507574324331
2721.0,-0.011772943966875176
2729.0,0.01118240101356452
2736.0,0.007826327659691561
2745.0,0.003374631062068986
2754.0,0.010610030811015064
2763.0,0.007363266889009464
2775.0,0.022322496151188042
2783.0,1.3390529977778506e-05
2792.0,-0.002846164899787942
2797.0,-0.014849910101329536
2801.0,0.0013093069972009153
2808.0,-0.005911782602680173
2814.0,0.006702245179194141
2822.0,0.005354868369549657
2829.0,0.012923205377637534
2839.0,0.0048366748998063015
2850.0,0.017052561308816952
2859.0,-0.008272160257546757
2865.0,-0.002842506446386518
