,3
2.0,-0.008265232513296049
7.0,-0.022612324877915008
12.0,0.02013515063350278
17.0,0.013954605827630182
22.0,0.006620790370724222
32.0,0.005741101276643966
39.0,0.0255636452947347
43.0,-0.019968122716967452
52.0,0.0012871014056975087
60.0,0.0059819161198658025
67.0,0.019193290953827023
78.0,0.015701050064771686
85.0,0.022871449139297003
93.0,0.001261273266148351
99.0,0.003446284440889212
106.0,0.0033039958713880157
114.0,-0.01326698754778744
125.0,-0.0030363931084487258
133.0,0.005958289499887764
139.0,0.01515678412295298
145.0,0.006610888967639089
152.0,0.015130580193123185
160.0,0.0022268292175147506
167.0,0.012794850840410071
174.0,-0.012162680242471958
184.0,-0.008273425418368908
198.0,0.008161206660081655
209.0,-0.0009151688037258251
215.0,-0.01104513862098633
223.0,-0.006461679685180186
232.0,0.008762024887110543
239.0,0.023179779285276637
247.0,0.0002372481339804263
254.0,0.006586500383603629
262.0,-0.019057233658284385
267.0,0.005575087010727189
278.0,-0.007898035425544143
287.0,-0.009722309336089887
294.0,-0.005767090349669438
301.0,-0.014899885417937596
306.0,0.003936317994356367
314.0,-0.005772603844406317
318.0,0.01678327423377729
326.0,-0.004388401652991254
333.0,0.0018585472771687813
340.0,0.02335526946215334
348.0,0.016352873108434553
352.0,0.00818061667983901
359.0,0.020861555930419894
367.0,-0.011609174059621976
374.0,0.004561983800579828
381.0,-0.005894708835998702
388.0,-0.011951282274844387
396.0,-0.01692116071118268
401.0,-0.008465679170769257
405.0,0.022139854925335836
413.0,0.007892194076920406
421.0,-0.009738771610395942
430.0,-0.01559435236521902
438.0,0.008976470155546944
450.0,-0.022071582393097568
456.0,-0.002289546782896788
461.0,-0.004981901593103277
470.0,0.00013565517694387946
478.0,-0.012404964668923832
489.0,-0.014391464011618789
497.0,0.003927458489425157
502.0,-0.007035533658987365
509.0,-0.013192750002103687
514.0,-0.019719630583773583
519.0,0.013194443527608991
527.0,-0.01956297530881266
536.0,-0.02141726021968659
544.0,-0.0009194485456196092
553.0,-0.010115706815706109
560.0,-0.025054058757955862
565.0,-0.013074214899665634
576.0,0.007976796670113072
587.0,-0.011309610138430237
595.0,-0.020691784236051832
603.0,0.002667229562103499
611.0,-0.012912889036512823
622.0,-0.007948153061967623
633.0,-0.00019476591856424982
640.0,-0.013862338255648919
644.0,0.010678908076140707
655.0,0.012696942910282004
661.0,0.02563301616315581
665.0,0.011985040973498576
676.0,0.003991726900877826
680.0,-0.0035029843554344607
689.0,0.004315522771185289
695.0,0.020369343411657817
706.0,-0.004610207251744889
713.0,0.010720031172329508
721.0,-0.015072546749531618
728.0,-0.004469478138294392
736.0,-0.011408633427828078
743.0,-0.009622520637868247
750.0,-1.0162711904713674e-05
761.0,0.01764605162614698
768.0,-0.002796756423989797
776.0,0.0006731319753938979
783.0,0.005227249861918962
790.0,-0.00792060676861348
799.0,-0.007966845643423077
806.0,-0.02324598341426997
811.0,0.01353449321778001
818.0,-0.019610920507554853
830.0,0.01611728718666841
840.0,-0.011998704373055447
851.0,-0.001121446272208411
856.0,-0.003437909409238975
864.0,-0.008024054954509542
873.0,-0.011804889891807896
881.0,0.007633221043821346
888.0,0.016388858131054142
895.0,0.009940734532432575
903.0,-0.013123242349102518
907.0,0.0036221634314235196
914.0,-0.007017190473129468
925.0,0.015907765125290286
934.0,-0.0011700326941074003
941.0,-0.011230146817749767
952.0,0.0001332472375210429
