,4
2.0,-0.0016080602938270462
7.0,-0.00844075370992011
12.0,0.008247500504616857
17.0,0.009404322085818125
22.0,0.0061947766354981445
32.0,-0.0061536212236892665
39.0,-0.009025041004961626
43.0,0.0006925950231612582
52.0,0.007814426325478923
60.0,0.00676346241578342
67.0,0.009900618885083841
78.0,0.014593530768111627
85.0,0.013765079346720227
93.0,0.008290235242182295
99.0,0.005168990304624283
106.0,0.00015465296012264604
114.0,-0.002094532358806581
125.0,0.004513288734295523
133.0,0.006696417575842764
139.0,0.0014757911521196302
145.0,0.01575395202833711
152.0,0.011388014552040016
160.0,0.0045526528502663685
167.0,0.007459285552362058
174.0,-0.0012148781458338072
184.0,0.0059737202882860115
198.0,0.004106969889839808
209.0,0.007904390779840408
215.0,0.0026792952825506187
223.0,0.007253998830700234
232.0,0.007906425449390811
239.0,0.009221912273380206
247.0,0.00637929130924292
254.0,0.015884962602307876
262.0,0.0017952734880934632
267.0,-0.0023507625028341434
278.0,0.00437814519481795
287.0,0.00963159110610414
294.0,0.007589258426038999
301.0,-0.0044891289050543095
306.0,0.0054391505428202916
314.0,0.009064477684626432
318.0,-0.0038913948095861484
326.0,0.008197022617918423
333.0,0.0018918940712769762
340.0,0.017038049150080475
348.0,-0.005959448586137758
352.0,0.010853026202997062
359.0,0.013411559048828164
367.0,0.00515896756434858
374.0,0.00861304825360151
381.0,0.004003455565853187
388.0,0.003392162846311993
396.0,0.0037712270077069525
401.0,-0.0007425518876945792
405.0,0.006402578644722962
413.0,0.007282745774302981
421.0,-0.0030161363234637206
430.0,-0.0033016974177371263
438.0,-0.00010292505570357938
450.0,-0.005080606404805243
456.0,-0.001730377830526935
461.0,0.006495304228121444
470.0,0.0071348412990020465
478.0,-0.0023175860222679253
489.0,-0.009496079476435819
497.0,0.0040145861755042644
502.0,0.002372202364988412
509.0,0.003469418447876562
514.0,0.0059991367277413155
519.0,0.005267374785162669
527.0,0.0007280910562732081
536.0,-0.007083035135388517
544.0,-0.003248542747849266
553.0,0.003098607076375735
560.0,0.00399187533544289
565.0,0.0034225405217865384
576.0,0.0075224063919751534
587.0,0.002404276661487615
595.0,-0.012135968766212916
603.0,0.004301762109771488
611.0,0.002402834679617244
622.0,-0.00015178941591719846
633.0,-0.010829360542407771
640.0,0.011953156663722408
644.0,0.01222108024308788
655.0,-0.007506023618706803
661.0,0.017374517505173322
665.0,0.006460139417526619
676.0,-0.009356465384600726
680.0,0.008080270125026993
689.0,0.004661996621421131
695.0,0.0037901983081825197
706.0,0.009301366658574485
713.0,0.008140642524331396
721.0,0.007780193864270808
728.0,0.007357240963624889
736.0,0.0028555370456607083
743.0,0.008237673844582157
750.0,0.013791394422746238
761.0,0.006871838815525411
768.0,0.005204158915726058
776.0,-0.001758532254279191
783.0,-0.0015154838207236533
790.0,0.004919905648903645
799.0,0.0044138151600437775
806.0,-0.0027812334383114845
811.0,0.005694490216382687
818.0,-0.015954015272681907
830.0,0.005691816790811343
840.0,-0.002495410579276928
851.0,-0.0018033750308006891
856.0,-0.002670625837142139
864.0,0.002207704619623387
873.0,0.0009964518007130202
881.0,0.014503186426618242
888.0,0.013789194392932478
895.0,0.0018856009485160613
903.0,-0.0030777170212651565
907.0,-0.0026026778989883363
914.0,0.0005235318738765516
925.0,0.019766521139790168
934.0,4.506034796173202e-05
941.0,-0.002463466951543738
952.0,-0.016815528056244974
