,4
958.0,-0.010709625412411779
965.0,0.013676331421343337
976.0,0.0025392408547552166
983.0,0.016744194052889162
990.0,0.005687842975653575
997.0,-0.01676799733741301
1005.0,0.0027674498171826934
1014.0,0.006811145354765211
1025.0,0.005597507930224345
1031.0,0.00583902114060132
1040.0,-0.004072794842145252
1051.0,0.0064907088626973706
1060.0,0.0010155393372244497
1068.0,0.01163044741948491
1077.0,0.01191239869176726
1086.0,0.00649305826575243
1097.0,-0.0003452795922639818
1108.0,0.0011752411131293772
1119.0,0.011291707636679624
1128.0,-0.004155663248393933
1136.0,-0.0010779134785619262
1142.0,0.005265326732538301
1153.0,0.0039018409203583617
1162.0,0.0026178649582890017
1168.0,-0.0035587464130235618
1177.0,0.008570754306001493
1185.0,0.0013785593560344308
1194.0,0.0019912758916434186
1206.0,0.010822759028158815
1213.0,-0.002188759839645605
1217.0,-0.01934210983346998
1228.0,0.0017013602057497378
1239.0,0.005170529991180771
1247.0,0.021667751027405306
1258.0,0.006647440698052268
1265.0,0.01019300921363595
1275.0,0.007320681836698175
1284.0,0.004710177064840625
1293.0,0.008413238349642704
1304.0,0.0018053262636046699
1313.0,0.004480184727560626
1318.0,0.0006030914364357608
1329.0,0.0030934106236518944
1340.0,0.010277140812578054
1349.0,3.776527217080488e-05
1357.0,2.9273898560813784e-05
1362.0,0.00208598958722072
1368.0,0.00994114973936757
1379.0,-0.001861329528324359
1387.0,0.0056051431331330115
1391.0,0.00020144450804881973
1402.0,-0.00128321892670504
1408.0,0.0030382114047597607
1417.0,-0.00011144128176747965
1425.0,0.008831313107039178
1430.0,0.009249267202468364
1441.0,0.005996620050368903
1448.0,0.010587007552308228
1453.0,0.003144589957080351
1460.0,-0.0019910016696925996
1464.0,0.009231730436367288
1471.0,0.01037104198431753
1479.0,-0.00047717555943428507
1487.0,0.012798851741394153
1493.0,0.0039893234918174205
1501.0,0.0004010860060390049
1510.0,0.003027402921409497
1521.0,-0.003571205140212853
1532.0,-0.0028965688497413697
1539.0,0.00712870313254738
1546.0,0.0007980586699205587
1553.0,0.0121340208248255
1559.0,0.0033208270793870253
1570.0,0.009057306889778185
1579.0,-0.0020874152015821785
1591.0,0.0013021471672261086
1598.0,0.00035328405630370284
1606.0,0.005081335029119609
1614.0,0.0030870624659474107
1623.0,0.004609112564511021
1634.0,-0.00392272759949426
1643.0,0.01138990333425398
1648.0,0.004957121622095127
1652.0,0.0030538316022547846
1661.0,0.004104143167095481
1668.0,0.006769132745101966
1680.0,6.744826904060183e-05
1688.0,-0.003845752028292533
1697.0,0.011180654597886218
1702.0,0.0014312091899957046
1709.0,0.012441996551620215
1717.0,0.0020551229669273246
1725.0,0.000523217912655142
1733.0,-0.015506558356870162
1741.0,-0.002877094841666612
1745.0,0.0063872038624494575
1752.0,0.013599623484851546
1758.0,0.002322390061141654
1765.0,0.0045252826200546025
1773.0,-0.00038912076367443984
1787.0,0.0021729763357728354
1796.0,-0.0023924270664775946
1800.0,0.009641605963106804
1814.0,0.0049370062045611
1822.0,-0.0032944627609180757
1830.0,0.006286891542761789
1838.0,0.0019345197440916691
1847.0,0.0018649549858620353
1858.0,-0.002597164637988409
1866.0,0.0039007035765459843
1874.0,0.0015855907386286543
1878.0,0.0006789719336444717
1886.0,-0.0013317949596002073
1890.0,0.004956653664664299
1896.0,0.007631043217647594
1904.0,0.0016755975204222043
1913.0,0.004508247283362706
1924.0,-0.0038976068731361286
1932.0,0.004566249932913104
1941.0,-6.408098207741375e-05
1950.0,-0.0007993477192975043
1961.0,0.0008834978274339597
1966.0,0.011682880774428856
1975.0,0.00886357074035346
1984.0,-0.007946555625031153
