,5
2.0,-0.0016506629688333295
7.0,0.003336615142920764
12.0,-0.012338018411538748
17.0,0.021469374163686668
22.0,0.004719167967143148
32.0,-0.005744628293353401
39.0,-0.01521197632273429
43.0,0.009304869971950923
52.0,0.004506295390720199
60.0,0.004949594919141697
67.0,-0.0004071427784229061
78.0,0.007762503463462043
85.0,0.008433075621773608
93.0,0.004770989145155318
99.0,-0.006303055673892572
106.0,-0.0011087388327812057
114.0,0.0011673862357623203
125.0,-0.0012973917945014672
133.0,0.0033175852847015666
139.0,0.002492899072999527
145.0,-0.00041170730386795324
152.0,-0.0037862667007966607
160.0,-0.012097025142688482
167.0,-0.007615798977862695
174.0,0.0005215954481187724
184.0,-0.0009293536576509677
198.0,0.000975641024488617
209.0,-0.0017334732982955724
215.0,-1.3877681273789149e-05
223.0,0.0013815722116305765
232.0,-0.0011832013960191182
239.0,-0.0019493135037731313
247.0,-0.010345700676038296
254.0,0.014755162454117341
262.0,0.0017982579402343634
267.0,-0.0008431200620099791
278.0,0.0009676454467958655
287.0,0.002545579818781291
294.0,0.0016588245358975665
301.0,0.0012099406756642405
306.0,0.001988567003387867
314.0,-0.0025080676694528865
318.0,0.005646959263093928
326.0,0.00878250310580846
333.0,-0.0032703364500666363
340.0,0.0006164886267101383
348.0,0.0036801871675648423
352.0,0.0031356554867433277
359.0,0.0008426370093977908
367.0,-0.0006288932480868871
374.0,0.0021607620790754798
381.0,0.0026777350371202336
388.0,0.0019842137651402774
396.0,0.0015655053613805837
401.0,0.0029419163113963594
405.0,0.0047831311450539545
413.0,0.004848270927898593
421.0,0.00029433971662911793
430.0,-0.004700326568169651
438.0,0.007316725964714658
450.0,0.0024361178776294975
456.0,0.0028497855464909103
461.0,0.002759747366230829
470.0,0.0030462589084052968
478.0,0.0006806401582561885
489.0,0.0022001557349244755
497.0,-0.0006768627938845885
502.0,0.0027145020294243095
509.0,0.0017224665192300842
514.0,0.004284015659456659
519.0,-0.0008655794549353249
527.0,-0.0006161033343896038
536.0,0.0005063545427410173
544.0,0.0019672682110648218
553.0,0.0011255302902810121
560.0,-0.0001420289246740681
565.0,-0.0007945902834186809
576.0,-0.0007615171221520216
587.0,0.004189668347357836
595.0,0.0021502376412407837
603.0,0.0007062928076293699
611.0,-0.00165002972699997
622.0,0.00029490632078077477
633.0,-0.000706462028726481
640.0,0.003609070899670952
644.0,-0.0006999182006538126
655.0,-0.0014420367190974583
661.0,-0.0017406598207886509
665.0,0.008919415320366594
676.0,0.007789923753623596
680.0,0.0019470464810869656
689.0,0.003564758682799858
695.0,-0.0016516221596704424
706.0,0.0011120258116997855
713.0,-0.00036394818218972116
721.0,0.0035916265278965044
728.0,0.0011227524178350594
736.0,0.0005529923108679297
743.0,0.001848478272752474
750.0,0.00401275147505645
761.0,0.006446587948285763
768.0,0.006396590528292867
776.0,-0.015172072584485873
783.0,0.0018192058792787155
790.0,-0.001028723380054105
799.0,0.0045302381866627215
806.0,0.00033207250104465015
811.0,-0.00043209467919155115
818.0,0.0004713329824801244
830.0,-0.0024935391843435325
840.0,0.002736867223678107
851.0,0.00031538899874828443
856.0,0.0028565717624818563
864.0,0.00027353755371727664
873.0,0.0013258943729986064
881.0,0.002507492350932165
888.0,-0.007166514691681174
895.0,4.409830427761741e-05
903.0,-0.004007667722537926
907.0,-0.0005505182012574182
914.0,0.005862542890520667
925.0,0.0035947938441442313
934.0,0.004302496603527972
941.0,-0.009116212495667568
952.0,-0.016815528056244974
