,4
2.0,-0.010031137681215637
6.0,0.005777251808340596
10.0,0.002867785336916047
16.0,-0.0025463832597280725
25.0,0.0027109588421140203
32.0,0.005653888070663516
37.0,0.0052507016564820284
44.0,0.0002520211018153908
49.0,0.013394707676631677
55.0,0.005421150507396582
66.0,0.0017743367481301096
77.0,-0.006638952064754416
81.0,0.008486833641723403
90.0,0.01614286121814003
98.0,0.010787134302301918
103.0,0.0035358138620954
110.0,0.006233258444341104
116.0,0.009517946123671163
124.0,0.004474787059633393
129.0,0.0018557631814373515
136.0,0.009211672333249486
142.0,-0.0005460757283361564
146.0,0.0023174548855204764
160.0,0.005238657986111012
167.0,0.009315310836996389
174.0,0.011402499710986643
182.0,-0.0018839419188963727
193.0,0.002670697696640503
200.0,0.006588038319379564
207.0,-0.0010290660128667126
212.0,0.00591757006610803
219.0,0.0044311262599515495
227.0,0.014813125156236609
235.0,0.0053262079611302564
246.0,-0.0026787474471246775
250.0,0.014556301282393137
257.0,0.008950478847815559
266.0,0.006306674531425174
273.0,0.006560186515359801
282.0,0.010268084535411844
289.0,0.014069005937219103
297.0,0.0018233073907342903
301.0,0.0028673428109512967
310.0,0.01189772116676852
317.0,0.003539614003182049
324.0,0.0057876852975682425
329.0,0.011444760673972605
334.0,-0.005074402021613567
338.0,0.0007073261091138947
342.0,0.008394185766504473
348.0,0.006425998935708552
355.0,0.00564387852609201
363.0,0.00878585018857989
374.0,0.000393279037854635
383.0,-0.00021715362314994897
395.0,0.0028466542958295983
406.0,-0.0033247745662636583
417.0,0.005001974222259574
426.0,0.006083235167065937
433.0,0.015118662712576171
444.0,0.009328836578235774
450.0,0.0034096112039806972
456.0,0.012267276432603277
461.0,-0.007415987285672724
469.0,0.008334697506492664
476.0,0.0037994739012069813
480.0,0.01373571239945281
485.0,0.006188522487806743
489.0,0.002193862783922007
493.0,-2.8952792571966763e-05
497.0,-0.0014815897641742353
501.0,0.0026994931984292685
507.0,0.010768645836180783
518.0,0.0018077225347036645
522.0,0.011029312462526331
529.0,0.0016323871908089254
537.0,0.009514356980973828
544.0,0.011962512776547408
555.0,-0.0037345757993487347
565.0,-0.005189129589708354
579.0,0.0016682864979777915
586.0,0.006490788096228445
592.0,-0.0007277220248561872
601.0,0.005804180216798525
607.0,0.0023967293251821353
616.0,0.012042919621840476
621.0,0.007907044113139024
630.0,0.01053208360701767
639.0,-0.0003311504944243058
645.0,0.003462403426738326
657.0,0.006639274417108449
664.0,0.004928339283033076
675.0,0.007016139229249166
680.0,0.0046756237927994704
688.0,0.0023817618151572165
695.0,0.0018326534142622277
700.0,0.00842506202165557
708.0,-0.004857061645620426
713.0,-8.055483094323009e-05
722.0,-0.006899476230920511
726.0,0.010001126799472808
732.0,0.009835335365550302
739.0,0.002158671082137534
743.0,0.0009305650070034931
757.0,0.004120784517149423
768.0,-0.001062558874632102
782.0,0.0052751706410469
790.0,0.0056959413734770535
801.0,0.01399123425064325
809.0,0.010399822238587014
817.0,0.004729517440625346
824.0,0.004364087983404054
829.0,0.0013283278766634717
835.0,0.00801841817566175
842.0,0.002045215870101321
848.0,0.005012289697039719
855.0,0.004083215011379782
863.0,-0.007852241939608038
871.0,-0.002557931818208679
877.0,0.008029890625992226
888.0,0.004091467179735312
896.0,0.010838123972169008
903.0,0.01075946586763602
908.0,-0.0038409508213846414
915.0,-0.005505656202456013
920.0,0.0030792736828851573
926.0,0.013935693872107408
937.0,0.00897937163364927
948.0,-0.009010946159917876
952.0,0.0036686011736035457
961.0,0.009313660319331748
969.0,0.009755029549834713
974.0,0.0069819454089745814
981.0,0.00044555013576042364
987.0,0.01567879249898244
995.0,0.0041667472199179425
1000.0,0.0021555278609640223
1007.0,0.000958256373718841
1013.0,0.000468392821009921
1017.0,0.003223045177983545
1031.0,0.0033896004564395797
1038.0,-0.0022488646146007337
1045.0,0.005629659265063279
1053.0,-0.004156011759923484
1064.0,0.012892034938265056
1075.0,0.005603863844561235
1082.0,0.000985096418286456
1087.0,0.0025139365127230476
1094.0,0.00214765550210166
1102.0,0.0027955957765321768
1110.0,-0.003020393388984442
1121.0,-0.008761033242417114
1125.0,0.010066827189410162
1136.0,0.00954324555460725
1145.0,0.0068917835321882035
1152.0,0.0016705962419447254
1161.0,0.0066920071864507635
1168.0,0.012596860904726725
1176.0,0.003039819270650156
1180.0,0.0032113920563600503
1189.0,0.0018441355867515954
1196.0,0.0052839327474675695
1203.0,0.007509435432032197
1208.0,0.00967365128259455
1213.0,0.007974525049107862
1219.0,-0.002491236272905667
1226.0,0.0035614435917954725
1234.0,0.002761191276506134
1240.0,0.004555514021480897
1249.0,0.0030347036070819565
1261.0,-0.003051914816065885
1272.0,-0.003389910355277861
1283.0,0.004990565425225505
1292.0,0.005679156883975824
1299.0,0.008166785642899143
1310.0,0.008677131352877487
1316.0,0.005752373253907902
1322.0,-0.001057930043586993
1327.0,-0.007326707154436302
1335.0,0.0025098720459896464
1340.0,0.0043219281376095766
1349.0,0.012190180594313123
1358.0,0.016008170934223215
1362.0,0.011338077387419794
1366.0,0.008975024359873312
1373.0,-0.0025930588029999505
1377.0,0.007788874052740546
1382.0,0.0037600407606283087
1386.0,0.011129398455473422
1390.0,0.003148996539412013
1394.0,0.005790869517251288
1398.0,0.0025915791418202492
1404.0,0.00922036983963922
1415.0,0.003523937543054016
1419.0,0.01030219617559251
1426.0,-0.00024172105399756691
1434.0,0.010267687058096798
1445.0,0.012553128975567346
1456.0,-0.004367693574713409
1466.0,-0.0031080467266385403
1480.0,0.005054247435586198
1487.0,0.004924941563337422
1493.0,-0.0020094041622867515
1502.0,0.006374657643740647
1508.0,0.004538719693934246
1517.0,0.01361373187036826
1522.0,0.005390131162404817
1531.0,0.007843617583773952
1540.0,0.009961984851445713
1546.0,0.0038912406321116298
1558.0,0.001111685451184071
1565.0,0.003501874095549626
1576.0,0.0067157741995240786
1581.0,0.0010193093602231785
1589.0,0.0016292802874937945
1596.0,0.006328612607518335
1601.0,0.009354173905838502
1609.0,0.012828884795798301
1614.0,-0.0033960901192503674
1623.0,-0.007773957299401009
1627.0,0.010162848091586131
1638.0,0.009556844138069991
1645.0,-0.004792276161791895
1649.0,0.001515152408002846
1663.0,0.0019434353901979303
1674.0,0.001101680058532755
1688.0,0.00453417298052871
1696.0,0.005492985465479887
1707.0,0.01144811856514499
1715.0,0.008311648434318525
1723.0,-0.0010732619411062798
1730.0,-0.00022831844867506038
1735.0,0.004223097798011436
1741.0,0.00859667303988834
1748.0,0.0037647804810690476
1754.0,0.006440116026585732
1761.0,0.00555083858393766
1769.0,-0.007722724129005472
1777.0,-0.0004089306453499909
1783.0,0.005846423350720001
1794.0,0.004210174381884356
1801.0,0.01955097407822964
