,5
1806.0,0.011033365495084078
1812.0,0.002893894769535604
1822.0,-0.0014639244752361546
1830.0,0.004178169881822705
1835.0,-0.0010788579081909763
1842.0,0.003103723233583722
1849.0,0.002124785000096935
1857.0,0.003936396871069418
1864.0,0.0006541223714064486
1875.0,0.0042957368076088605
1883.0,0.002267161597407581
1892.0,0.003304893986440372
1898.0,-0.0012311442399623221
1905.0,-0.0004184910000283926
1912.0,-0.007354948204126696
1918.0,0.005855348575087637
1926.0,0.0006284268065379309
1936.0,-0.0014148464654135974
1946.0,-0.00019841570459657183
1960.0,0.0032409135709093773
1966.0,0.0010523515996484236
1974.0,-0.0016041865402538257
1981.0,-0.0012054450209484783
1992.0,-0.0010263800448445759
1999.0,0.0029996018576283964
2006.0,0.0024292719822603653
2015.0,-0.000794811194436146
2019.0,0.0030710247355617334
2027.0,-0.009936152483735186
2034.0,-0.0033208642095807987
2043.0,0.003107987915921671
2050.0,0.004087089445190662
2055.0,0.006242225756227771
2063.0,-0.0002488823324302477
2072.0,-0.004296581682549655
2086.0,0.00025003855305877223
2097.0,0.0014804585419448426
2109.0,-0.0034950522008943058
2117.0,-0.006174685336548516
2121.0,0.006218333431320302
2126.0,8.544820524449788e-05
2134.0,-0.003313160733259973
2142.0,-0.0046208483685360935
2150.0,0.001530049728001529
2159.0,0.0010361481786908976
2165.0,-0.0035693267307448837
2174.0,-0.005418884940246653
2186.0,0.004996759175812415
2194.0,-0.0036706870338087403
2200.0,0.004453850673232138
2207.0,0.0022214820742033677
2216.0,0.0023003907856961234
2224.0,-0.006119583395294276
2234.0,0.001009309579259241
2241.0,0.0011051876496574202
2248.0,-0.0007877562388955409
2256.0,-0.0015142368245577703
2266.0,0.006003439451665854
2273.0,-0.0009562626325900169
2282.0,0.000996541920035656
2294.0,-0.0008296199264141548
2304.0,0.001222519971452952
2308.0,0.0012452240517767882
2314.0,2.6918371634978093e-05
2322.0,-0.0015196192227647004
2331.0,0.0005844912971610519
2339.0,-0.001375723281827553
2347.0,-0.0017694549131050084
2355.0,0.0037245980626785177
2362.0,0.001956126350408715
2369.0,-0.0007634108535117259
2379.0,-0.0039101146714216484
2387.0,0.0022923740166051784
2395.0,-0.0013204460128706612
2403.0,0.0011835969004573017
2407.0,-0.0010475447958717622
2415.0,0.002116042288169401
2427.0,-0.0004470735220944029
2434.0,-0.0002456904240752784
2442.0,0.003138378456613452
2450.0,0.0030665004218637984
2455.0,0.0007386038280591543
2464.0,0.0027198258159960072
2472.0,0.0007191594779641945
2481.0,-0.003500826184668546
2493.0,-0.01033173094863226
2497.0,0.0018506913566812032
2506.0,0.0009310995071140593
2514.0,0.004608721493484646
2520.0,0.010269972407472627
2529.0,0.004934495385882956
2538.0,-0.0015234708653086826
2546.0,0.0028850019274832854
2552.0,0.007518121179856801
2557.0,-0.002169011705463669
2567.0,0.0006130783499716875
2578.0,-0.005712015685719208
2586.0,0.0010001608561698086
2590.0,0.0012574239908697538
2604.0,0.008119278163416063
2611.0,-0.01459700111136913
