,5
2.0,0.0014696156258963103
6.0,-0.006290809591717109
10.0,-0.008178465948094184
16.0,-0.0003678272993498449
25.0,0.012819842882577192
32.0,0.004129241843880846
37.0,-0.010437716561456787
44.0,-0.003868051129663282
49.0,0.002065426843887553
55.0,-0.005023631682719376
66.0,-9.72552994556324e-05
77.0,-0.010062069271677803
81.0,-0.0011014393983076575
90.0,0.002469563444253333
98.0,-0.000145819666479646
103.0,-0.0024995247978189016
110.0,-0.001259164256882043
116.0,0.003774869245536858
124.0,0.006707599660362523
129.0,0.006675538875711936
136.0,0.004405202378068235
142.0,0.00209672525774235
146.0,0.0005674255209771915
160.0,0.00714132848871525
167.0,-0.0026183427918849114
174.0,0.00495848721146107
182.0,0.0033324151425205926
193.0,-0.0016140657636649484
200.0,0.006465694285889611
207.0,-0.00012168470867860863
212.0,0.0010106508435828764
219.0,5.694385785659212e-06
227.0,-0.000938117462683354
235.0,-0.003106993087293976
246.0,-0.006779673762839211
250.0,0.0023205055931805546
257.0,0.00041170115703531975
266.0,0.003380668846774763
273.0,0.0005244744059283723
282.0,0.0040154038148617795
289.0,-0.0017433691213932414
297.0,-0.005215893476420315
301.0,0.0005524587698741153
310.0,0.002854680539246446
317.0,0.00656139797822688
324.0,0.0012423277496976973
329.0,-0.0020800344667838014
334.0,0.023850276002020797
338.0,-0.0023121508604904586
342.0,-0.0019482197996981998
348.0,0.00244475528349557
355.0,0.004672179785011381
363.0,0.002380133098165136
374.0,-0.0004786425507558226
383.0,-0.0018088252862328421
395.0,0.001334028880176504
406.0,0.0010613169598594763
417.0,0.0019070083111515667
426.0,-0.0004917054620969212
433.0,0.0018718233875274486
444.0,0.0027871331690161112
450.0,-0.0003777794903364075
456.0,-0.006639951845757278
461.0,-0.013158852109539685
469.0,-0.0001407664910811602
476.0,0.0009381184485965247
480.0,0.0017002344096625779
485.0,0.0019055630125620587
489.0,0.006407896596051596
493.0,0.014173795250953813
497.0,0.006844753363566161
501.0,9.539214507671937e-05
507.0,-0.0014375040823904654
518.0,0.002551555764275173
522.0,0.0047112301348412045
529.0,-0.0028671298364498212
537.0,0.002408388375792635
544.0,0.002889015698543701
555.0,-0.0016822467170954647
565.0,-0.00023484259953066266
579.0,0.00041780641491235003
586.0,0.003002518664817172
592.0,0.002256151850619016
601.0,0.0005969628412117431
607.0,0.0017017381909267871
616.0,0.006561079516478625
621.0,0.0038686204244865385
630.0,0.0003398480533574399
639.0,-0.0010647832373408147
645.0,0.0005624589803811134
657.0,0.002809718741966143
664.0,0.001466361078371995
675.0,0.00043659097127432957
680.0,-0.0013266234339378829
688.0,0.0009537568896257245
695.0,-0.00022485967694528693
700.0,0.004028219166691119
708.0,0.0021439188467520178
713.0,-0.0026240425627428164
722.0,-0.00570793434792781
726.0,0.0066699293650340176
732.0,0.002328964619317985
739.0,-0.00027701142617447794
743.0,0.002316822498412765
757.0,0.0018365620726835997
768.0,-0.00042993095324689925
782.0,0.00019015319664259149
790.0,0.0008589713816022673
801.0,0.000901595748479832
809.0,0.0017527412682606732
817.0,0.0023095991536073103
824.0,-0.0004321606970870873
829.0,0.002671702543753414
835.0,0.0010715561612419718
842.0,0.0010731677383584784
848.0,0.00034341898066454947
855.0,0.0001318123665834625
863.0,0.0006535618155432296
871.0,-0.003186783260024649
877.0,-0.005695582473443155
888.0,-0.0004434774670734632
896.0,0.0019143011428725432
903.0,-0.008774424862787912
908.0,-0.0020373200240933224
915.0,-0.0012906510642945745
920.0,0.0017157962324090101
926.0,-0.0011449694424646903
937.0,0.0013059161111736743
948.0,-0.012999132979557257
952.0,-0.001364910157626847
961.0,0.002926647456247732
969.0,5.697425840303189e-05
974.0,-0.00240950755979458
981.0,0.0005324892178585894
987.0,0.004539000351606571
995.0,0.006234695001472734
1000.0,0.0071099978299283065
1007.0,0.0043039256337472865
1013.0,-0.005672698723185721
1017.0,0.0019309147679469577
1031.0,0.007464690120221559
1038.0,-0.0026302678242168995
1045.0,0.005512761367760678
1053.0,0.007513601489900637
1064.0,0.0003960421012942686
1075.0,0.006215446796198999
1082.0,0.0013870870026295103
1087.0,-0.00013212776281895137
1094.0,0.0005822861385667218
1102.0,-0.000750836811240576
1110.0,-0.0008446375349164279
1121.0,-0.0068240362345127455
1125.0,0.0021389609001505514
1136.0,0.005134162270698141
1145.0,0.0044674213592181145
1152.0,-7.979368204461592e-05
1161.0,0.0016265801734813375
1168.0,-0.0026226225141579075
1176.0,-0.005352920794800083
1180.0,0.0012357397233605386
1189.0,-0.002499699196100931
1196.0,-0.00834475077347384
1203.0,-0.0024007867160939942
1208.0,-0.0019764956184885776
1213.0,0.009956890093532648
1219.0,-0.004790171114738829
1226.0,-0.0012567243289411994
1234.0,0.0034426320797835354
1240.0,-0.0024320061286350232
1249.0,-0.00029187030740059826
1261.0,0.0011348563100267149
1272.0,0.000839392860482602
1283.0,0.0015188822375832444
1292.0,-0.00039178311240392833
1299.0,0.0018717110802996162
1310.0,0.0038510768092234536
1316.0,-0.00425757520692914
1322.0,0.014192149547174399
1327.0,-0.00011089678710623875
1335.0,-0.02071109179049801
1340.0,0.004410019739194567
1349.0,-0.008064084016242139
1358.0,0.012041909276215323
1362.0,-0.003868964575028115
1366.0,0.0010391198610465785
1373.0,-0.0004561124814267476
1377.0,0.01048974836602682
1382.0,-0.0010097127839591503
1386.0,0.012225753173936683
1390.0,0.004812584452296056
1394.0,0.004609123064096214
1398.0,0.0006032418537035095
1404.0,-0.0010484253070696533
1415.0,0.003225059892210614
1419.0,0.004412350857665723
1426.0,-0.005015371470626131
1434.0,-0.0017882261889133296
1445.0,0.0009671765620107635
1456.0,-0.0009365638622610865
1466.0,0.0001928062966054596
1480.0,0.010393686888374465
1487.0,0.0065700636480409465
1493.0,0.0013526454915966672
1502.0,0.0003644484618043578
1508.0,0.005367666842328187
1517.0,0.004348031943368684
1522.0,0.0036998977588054505
1531.0,0.0002545118818797052
1540.0,0.0012509395663479832
1546.0,0.0013251174304191276
1558.0,0.0032487132431061492
1565.0,-0.00022463531895511606
1576.0,0.00020080156180922655
1581.0,-0.0009571141875312085
1589.0,0.0008822737210475888
1596.0,0.001751227249815637
1601.0,0.0003414644571769185
1609.0,-0.007127157513345232
1614.0,-0.00496725027424326
1623.0,-0.0008965683845061794
1627.0,0.00011959157792061215
1638.0,0.0011979621431213083
1645.0,-0.0019369381531193675
1649.0,0.002377204624191635
1663.0,-0.00011431807133298163
1674.0,0.0004699101511512313
1688.0,0.0007437961395837341
1696.0,0.0025690697704711936
1707.0,0.0007112040385621222
1715.0,0.0009854693949175803
1723.0,0.0024661545029543877
1730.0,-7.316982995125982e-05
1735.0,0.0008035005802843882
1741.0,0.003137300567503811
1748.0,0.0008774633684047935
1754.0,0.0022430319803731944
1761.0,0.0010890078556452254
1769.0,-0.0027710372623710746
1777.0,-0.0015176443247223908
1783.0,0.009083099012818169
1794.0,-0.0028379186848724825
1801.0,-0.006792733639614887
