,4
1806.0,-0.004832336675599473
1812.0,0.00373010606282453
1822.0,0.010592059415561052
1830.0,0.0038900166988954064
1835.0,0.0057482121808812596
1842.0,0.001943591783983308
1849.0,0.009059168234885279
1857.0,0.012932831780448819
1864.0,0.004106943951572655
1875.0,-0.004536515176662793
1883.0,-0.0036835889068673124
1892.0,0.013150130960004157
1898.0,0.007203745340481602
1905.0,0.005235518342067267
1912.0,-0.00464011657136344
1918.0,-0.002028909625502959
1926.0,0.006443961414672233
1936.0,-0.0019744409827055645
1946.0,0.006115773198767155
1960.0,0.00808499629724885
1966.0,0.0011388959724974172
1974.0,-0.00402414822460023
1981.0,0.0029636132786095967
1992.0,0.0063694019325791695
1999.0,0.007588673596085689
2006.0,0.0022857664799099953
2015.0,0.0034586852050902837
2019.0,-0.010761408156166417
2027.0,-0.006993692230516677
2034.0,0.004804040833202955
2043.0,-0.0020622040988662283
2050.0,0.0126545060595083
2055.0,0.008339870306503398
2063.0,-0.0015209896165093943
2072.0,0.0016115382290774489
2086.0,0.005000374198509558
2097.0,0.004524230020274285
2109.0,-0.014081269574181184
2117.0,0.0025429758831632203
2121.0,0.007090203589045091
2126.0,-0.0008881156526453838
2134.0,0.000316955622665191
2142.0,0.009138211192055044
2150.0,0.014885441066869995
2159.0,0.006227782637335951
2165.0,0.017506141912318134
2174.0,-8.880792939005913e-05
2186.0,-0.004393129682936745
2194.0,0.002159007014051862
2200.0,0.0120582906776433
2207.0,-4.630077634226928e-05
2216.0,0.004054108568534035
2224.0,0.0007808839938424518
2234.0,0.0033540932800815142
2241.0,0.0025468968919703577
2248.0,-0.006649225012929021
2256.0,-0.009309183388387926
2266.0,0.006366182379041635
2273.0,0.006565222770710465
2282.0,0.006275431062436134
2294.0,0.003682019488654113
2304.0,-0.001634587775386173
2308.0,0.002515909310768341
2314.0,0.002432992626066022
2322.0,0.006846517469791916
2331.0,0.002947869228030637
2339.0,0.0008883754709511505
2347.0,-0.009713178306351367
2355.0,-8.24592908639601e-05
2362.0,0.002371240901470145
2369.0,-0.0030789556486706202
2379.0,0.007142984080475762
2387.0,0.0029204540875683973
2395.0,0.006523773992206174
2403.0,-0.00393713654135609
2407.0,0.010032344376050311
2415.0,0.004251458655902658
2427.0,0.009012947596399064
2434.0,0.006151845018569681
2442.0,0.004506156540639776
2450.0,0.006348473774943681
2455.0,-0.00010494895279617076
2464.0,0.014767515102555914
2472.0,0.007658273818793888
2481.0,0.001739171356675571
2493.0,0.002470947412493085
2497.0,0.004398403196703941
2506.0,0.001520334063533557
2514.0,0.003457013930828603
2520.0,0.0065521040226011315
2529.0,0.00453489154233507
2538.0,-0.0007813899010084065
2546.0,0.008148491424545826
2552.0,0.008025081121812386
2557.0,-0.0016261228780982018
2567.0,0.0005990268979597274
2578.0,0.00018637897312794762
2586.0,0.013158261714135295
2590.0,0.006753675209267288
2604.0,0.0016129015951528499
2611.0,0.007066077972911038
