,6
1806.0,0.009321515412730852
1812.0,0.0020800724442552646
1822.0,0.00025816305432029956
1830.0,0.0032320607429219142
1835.0,-0.000500717437650512
1842.0,0.0038047176974609154
1849.0,-6.391087319140922e-05
1857.0,0.0017540298813368146
1864.0,0.003901121861713743
1875.0,0.00021559653374539798
1883.0,-0.00015174655595141714
1892.0,0.0003101791735017543
1898.0,-7.95830829954935e-05
1905.0,0.0004182890607809836
1912.0,-0.004050646269377407
1918.0,0.006071729748435602
1926.0,-0.009900578516898857
1936.0,0.0014480920765019716
1946.0,-6.685473824574129e-05
1960.0,0.0009543504275333533
1966.0,0.0008082938463326295
1974.0,0.0019590601382617023
1981.0,-0.0007837092702271552
1992.0,-0.0033961406184068047
1999.0,-0.0009948953084832086
2006.0,0.00033034361195216443
2015.0,0.00039402157800191953
2019.0,-0.001444354341579287
2027.0,-0.004324193815792332
2034.0,-0.006332091416958975
2043.0,0.001935715797210614
2050.0,0.006097990555120758
2055.0,0.002180569992567468
2063.0,0.0017572754815339102
2072.0,0.0009503977643183524
2086.0,0.0003782074204360195
2097.0,-0.00037007178003893804
2109.0,-0.004557482525812258
2117.0,0.008177871647086863
2121.0,0.008655717717445053
2126.0,-0.00040128443802196604
2134.0,-0.0009211661208794672
2142.0,-0.001692299587747013
2150.0,-0.0008803431891604935
2159.0,-0.007255286413272927
2165.0,-0.010255204069230374
2174.0,-0.002328183699527603
2186.0,0.0025342759273896
2194.0,0.001755538767947719
2200.0,0.0020958431542715495
2207.0,0.0007612894732173345
2216.0,0.000594051743810337
2224.0,-0.0010913419287899811
2234.0,-0.0007539865078044022
2241.0,0.00031802177000594766
2248.0,0.002659671245622707
2256.0,0.004309809825866805
2266.0,0.002158374182423675
2273.0,-0.0007835254354641935
2282.0,0.00028978245817896746
2294.0,-0.00013119409802499142
2304.0,-0.0006694892858208676
2308.0,0.00021482656794971305
2314.0,0.0005072239774162526
2322.0,0.0012952201805930413
2331.0,0.0002587841138722812
2339.0,-0.0021295141999763505
2347.0,0.0009040177938424268
2355.0,-0.0007320008248172901
2362.0,-0.0009441053527485873
2369.0,0.0010944240230109086
2379.0,-0.002195367580473173
2387.0,0.0022583365123356584
2395.0,0.0007361649967143969
2403.0,0.0020861982092300214
2407.0,-0.0014896909077934549
2415.0,0.0007601820749563781
2427.0,-0.0008757374402198869
2434.0,0.000731461315515915
2442.0,-0.00015322381198060994
2450.0,0.0008362427289507672
2455.0,0.0004992734655817162
2464.0,0.0033215051584609126
2472.0,-0.0012520434658498283
2481.0,-0.004562459502642671
2493.0,-0.0014440689605861373
2497.0,-0.00021702792433981092
2506.0,-0.0004004057428048385
2514.0,0.0021643588014224916
2520.0,0.0021073631097279573
2529.0,0.0033991016132438735
2538.0,0.0009983834796661222
2546.0,-0.0004627445778695842
2552.0,0.002301326452450503
2557.0,-0.002828322885813936
2567.0,0.00021580970646511386
2578.0,-0.002882171565852854
2586.0,-0.002156351232362686
2590.0,4.1690207129166556e-05
2604.0,-0.00902803801765099
2611.0,-0.007565404362006557
