,3
2.0,0.00961677003456158
6.0,-0.03747077764106082
10.0,0.0029833998803042838
16.0,-0.003990630301218954
25.0,-0.009525257296108614
32.0,0.0035959817487800074
37.0,0.0044709470665345126
44.0,0.008623665988202966
49.0,0.010871323270741034
55.0,0.009800649189068
66.0,0.002897230852856086
77.0,-0.019614489993150828
81.0,0.006842834823955956
90.0,0.010698263525639008
98.0,-0.005827813907322631
103.0,0.007569627846499064
110.0,-0.01704672634441318
116.0,0.017830982186391675
124.0,-0.01377157254882571
129.0,-0.013410088940164688
136.0,0.004103588173942826
142.0,-0.008566286907566752
146.0,0.008879720161888883
160.0,-0.014351086153615156
167.0,0.016444216233276326
174.0,0.021100839670280376
182.0,-0.014155441587661698
193.0,0.009029113088883461
200.0,0.000755230895501883
207.0,-0.0059682997491760925
212.0,-0.0034694197156482968
219.0,0.01660906686216878
227.0,0.02955359937307728
235.0,0.010980474941432752
246.0,0.017413442113637375
250.0,0.01708003552506197
257.0,0.003992434012173122
266.0,0.004909891893271753
273.0,-0.0012971702853866913
282.0,-0.009484740856970892
289.0,0.026282236043126395
297.0,-0.017721563638737836
301.0,-0.005663667897971766
310.0,0.001823688201290313
317.0,-0.006055280235942992
324.0,0.010619147063920056
329.0,0.006544897409073174
334.0,0.012131504712217266
338.0,0.0026229214156092925
342.0,0.02390971605621031
348.0,-0.0007238200199603342
355.0,-0.0070251923163596845
363.0,0.011708474612176306
374.0,-0.011388274625132328
383.0,0.0038827776062485596
395.0,-0.010509372439579442
406.0,-0.020467130741857215
417.0,-0.0036826346311931864
426.0,-0.016977073760738943
433.0,0.011841951054432372
444.0,0.01586716068694858
450.0,0.0057729927343384314
456.0,-0.002207476300709531
461.0,-0.01369372783907545
469.0,0.012736742840623311
476.0,0.024708620840497634
480.0,0.0017537798661482187
485.0,-0.01839389422406954
489.0,0.0244953923428046
493.0,-0.01519005977526087
497.0,-0.006945421646721517
501.0,0.010667829608397607
507.0,0.006557026218261748
518.0,0.016110612723870536
522.0,0.010685869618501856
529.0,-0.016468700904645212
537.0,0.023467001580518867
544.0,0.017621562206038686
555.0,-0.0042342435783557925
565.0,-0.010565772616484894
579.0,-0.013517029398566548
586.0,0.00369881467950723
592.0,-0.00967915554422573
601.0,0.002824924774417998
607.0,-0.007415660884187845
616.0,-0.007666774276003879
621.0,-0.006025528610374539
630.0,0.005201668062474897
639.0,-0.002530924732089178
645.0,0.002323679726742471
657.0,0.005152787371560111
664.0,0.011265143150008285
675.0,-0.01676987658947586
680.0,0.0032738721005923744
688.0,0.0056051597180799845
695.0,-0.023211876402910912
700.0,0.005804825939412086
708.0,-0.0005104100419310907
713.0,0.004870527403917561
722.0,0.005638103152186183
726.0,0.006838604218937071
732.0,0.009591113195522942
739.0,0.016214170306340883
743.0,0.004021823448661717
757.0,-0.008964827243775163
768.0,-0.0032571750379281708
782.0,0.01320282876367482
790.0,-0.004255462311994993
801.0,0.005245740580172262
809.0,0.00917112679391732
817.0,0.008773379069804903
824.0,-0.006542735763826109
829.0,-0.01877180074420211
835.0,0.01320220846613984
842.0,-0.005175736851521868
848.0,0.0038020058529159417
855.0,-0.003261794269100793
863.0,-0.01079944588490661
871.0,0.0055786868686114955
877.0,0.004041868204376884
888.0,0.006591866094829453
896.0,0.009412109357061944
903.0,-0.004525520540270349
908.0,0.0042411462926423135
915.0,0.009582759836904986
920.0,-0.004069899487946425
926.0,0.022091249712658426
937.0,0.009371197718429784
948.0,-0.022733754311111562
952.0,-0.00026681980353510077
961.0,0.009559629944559245
969.0,-0.008670621928313471
974.0,0.015433582305547961
981.0,-0.01742761800150811
987.0,0.01641190149529617
995.0,-0.013142977114914328
1000.0,-0.014667747533586364
1007.0,0.0014678058170826264
1013.0,0.0029525933008782124
1017.0,0.0066694811563490376
1031.0,-0.013770460372501249
1038.0,0.016605559712202917
1045.0,0.01655470868019175
1053.0,-0.013057457135607908
1064.0,0.011992312707636654
1075.0,0.0020147033875561856
1082.0,-0.011946546948468174
1087.0,-0.009288240722225456
1094.0,0.010179812002839798
1102.0,0.016545608318294307
1110.0,-0.0026417081062436775
1121.0,0.013092737230282174
1125.0,0.004446158842790481
1136.0,0.0025362191726530795
1145.0,0.003975291725661428
1152.0,0.008183341587413684
1161.0,-0.0079048762878516
1168.0,0.023073769362094276
1176.0,-0.017273280418278143
1180.0,-0.016350710796648127
1189.0,0.008404860953664196
1196.0,0.009099258563780584
1203.0,-0.0010293116047142966
1208.0,-0.0030947888736227347
1213.0,0.006950713444510325
1219.0,0.005778250716020626
1226.0,0.004604441576136165
1234.0,-0.007586573064351133
1240.0,-0.006442105009811983
1249.0,0.004150757532201514
1261.0,-0.007037328065376378
1272.0,-0.021623585989948693
1283.0,-0.0014206840342177727
1292.0,-0.014557292737392808
1299.0,-0.0006380431061358064
1310.0,0.011361150871964355
1316.0,-0.0031593088558847576
1322.0,-0.011682470873564298
1327.0,-0.014501630320532673
1335.0,0.008072502739119374
1340.0,-0.008752006561897145
1349.0,0.016540857325998814
1358.0,0.03171548276569848
1362.0,0.0031928751238062478
1366.0,0.0037346420914526734
1373.0,0.01844342437391722
1377.0,-0.0158859749770452
1382.0,-0.018677181573176622
1386.0,0.025304826354968578
1390.0,-0.027383064564363565
1394.0,-0.01032804312471294
1398.0,0.00706333207529052
1404.0,0.0050626943796950935
1415.0,0.015451436618279397
1419.0,0.00958264390466618
1426.0,-0.010633962461902067
1434.0,0.025230561051419128
1445.0,0.018118720760699033
1456.0,-0.006225626146928601
1466.0,-0.012310018526789633
1480.0,-0.00788508201086584
1487.0,0.006641724693791025
1493.0,-0.010732885206879974
1502.0,0.003564758856722838
1508.0,-0.0023379668768732467
1517.0,-0.00017142217100419178
1522.0,-0.011553616179869233
1531.0,0.0004345505553172184
1540.0,0.011052513461678463
1546.0,0.0034473096514381976
1558.0,8.135353120983433e-05
1565.0,0.005692282830748303
1576.0,-0.019626175360834174
1581.0,-0.007583940882386814
1589.0,0.005862843555319567
1596.0,-0.02286808569495221
1601.0,0.0082801026307161
1609.0,0.0077965292831466285
1614.0,0.01425333017174217
1623.0,0.014504926027587938
1627.0,0.00901011798052069
1638.0,0.01125773212096308
1645.0,0.008651099867137713
1649.0,0.011581216055045971
1663.0,-0.012416705504446951
1674.0,-0.0003597420288160824
1688.0,0.004838330922759098
1696.0,-0.003766530642681197
1707.0,0.004382696306121916
1715.0,0.009853307788969378
1723.0,0.011705875435409274
1730.0,-0.005652038779611061
1735.0,-0.013576662268999519
1741.0,0.006451931235970627
1748.0,-0.0006050576184340895
1754.0,0.0045217571383624
1761.0,0.0015683859206102465
1769.0,-0.012872922320069771
1777.0,0.01741569507255485
1783.0,0.006064474419396325
1794.0,0.014742772539345424
1801.0,-0.018496680787359585
