,5
1998.0,0.0016263069024678367
2005.0,0.0005998321665033675
2014.0,0.002608620026487188
2019.0,0.004850261307186833
2027.0,0.0028902621816205465
2036.0,-0.00023603623927135093
2042.0,0.0005983119203780825
2049.0,0.0029208909356772993
2056.0,0.005678636751968333
2063.0,-0.002656405791836663
2067.0,-0.0010275944241596798
2075.0,-0.007413053132733725
2079.0,0.016902826726272382
2084.0,0.0005769020411368272
2091.0,-0.00042639439452024197
2095.0,0.0019348411587772607
2104.0,0.0002963463447842516
2111.0,0.0011701858967698546
2117.0,0.0014501367154114778
2125.0,-0.00030182088979086415
2133.0,0.00072590789654617
2141.0,-0.000520129988746559
2147.0,0.0002600067855747179
2159.0,-0.001462187339871755
2166.0,0.00032314770455145356
2173.0,-0.00242353688153119
2181.0,0.006444668436906882
2186.0,-0.002603667405526922
2197.0,-0.010726787087918228
2204.0,-0.012572540330287919
2208.0,-0.015163306075017514
2217.0,0.0059782942144214505
2229.0,-0.005692423667602928
2237.0,-0.0036881356611879954
2244.0,-0.00014476116494875697
2251.0,-0.005517250957970713
2258.0,0.004062008987048267
2269.0,0.0010068836130267917
2277.0,-0.0010434349386449924
2285.0,-0.003741586249090583
2297.0,0.005561600972021493
2303.0,0.008639744774381241
2308.0,0.001990605894813842
2316.0,0.0034747933718717785
2323.0,0.00026044853364835433
2331.0,0.005976607864990474
2338.0,-0.0015474386902247965
2346.0,0.0010321368602307112
2350.0,0.0013172846680318334
2359.0,-0.0028844853599746026
2366.0,0.0025476279677390783
2373.0,-0.000524056570557783
2381.0,-0.002203131494961737
2389.0,0.001464947854470829
2393.0,-0.00034196576371162374
2401.0,0.004489024889527499
2415.0,0.0019028918332281996
2423.0,0.00046070229076329507
2430.0,-0.002774470120608542
2435.0,-0.0008000090517379576
2439.0,0.000883946277298266
2448.0,0.0009967403655570723
2457.0,-0.006875316269821759
2465.0,-0.002497187275884441
2477.0,0.005683435865679192
2485.0,-0.0018171133024490207
2496.0,7.249472079340118e-05
2504.0,-0.0011980393994573057
2515.0,0.002390481503189937
2522.0,0.002659694715800855
2530.0,0.000747809035340408
2536.0,0.0013694857873978454
2548.0,-0.004693824420186796
2555.0,-0.0012666623453447515
2564.0,4.95218898282023e-05
2571.0,-0.0009480810823049151
2579.0,0.0009429693328425756
2586.0,-0.0002644231849760168
2597.0,0.001115765704099637
2605.0,0.0025376283726086094
2613.0,0.0016665062345575389
2619.0,0.0007590608673081365
2630.0,0.0011418345900492588
2636.0,-0.002388191657467431
2644.0,-0.0048804873175804855
2651.0,-0.00022691050308145354
2657.0,0.005228408009723359
2664.0,0.0043343331893201
2669.0,0.00013447589543867064
2675.0,0.0015405906222089693
2686.0,-0.0012855840132302823
2695.0,0.0016394250822466458
2703.0,-5.310202011777403e-05
2710.0,-0.0004087007177735855
2721.0,0.003059914683199741
2726.0,-0.0017619614462802634
2735.0,0.0016733296538667044
2749.0,-0.0004788404060979874
2761.0,-0.0027198064493887822
2768.0,0.0025829986738467093
2777.0,0.002724351095297512
2784.0,-0.0026491707630538087
2795.0,0.0016959249174356417
2805.0,-0.004297003195528232
2815.0,-0.0016774877800468627
2821.0,-0.005948845484699188
2828.0,0.0022037072315251637
2836.0,0.0024770227788553606
2843.0,-0.002700061997642767
2850.0,0.0008142638168776615
2858.0,0.00048415817164594544
2866.0,0.0002565453870691702
2874.0,0.0018099422234881476
2881.0,0.0002562701339175252
2885.0,0.0013505113506282536
2892.0,0.0015069507135669006
2901.0,0.0007967876350860957
2909.0,-0.0010741777541022801
2917.0,0.0012961863654513638
2925.0,-0.002336619205767075
2936.0,-0.0036347495378370462
2944.0,0.002079910050624478
2952.0,-0.0010717084169675182
2961.0,0.0007786725933223686
2969.0,0.004292416894398719
2976.0,0.0022934532587191294
2984.0,0.0011062501171442642
2993.0,0.0014568300337594235
3002.0,3.33606720870593e-05
3010.0,0.0005408202473279574
3019.0,0.003633402060728143
3028.0,-0.0008425271953380625
3037.0,-0.0026633648346630484
3046.0,0.001547693621755089
3054.0,-0.007092010507864116
3061.0,0.0026009943861145146
3068.0,0.001599397442827797
3076.0,0.0018533006365106979
3083.0,0.0015444106272465368
3095.0,-0.0021129237213965437
3102.0,0.0006954810104595528
3111.0,-0.0004765405981194506
3115.0,9.758687649059592e-06
3123.0,0.002948635928182561
3128.0,0.0015188822850815856
3136.0,0.0003644196303998021
3141.0,0.0022574376999095853
3150.0,0.0008174268634887723
3159.0,-7.0815890933915065e-06
3167.0,-0.008199924241190896
3171.0,-0.002252962954901868
3176.0,-0.0015571831487033818
3183.0,0.004991235225071899
3192.0,0.0011567927592012297
3204.0,0.002831052219709049
3212.0,0.003837350867206879
3221.0,-0.00024788215889370727
3227.0,-0.0001924478168315184
3233.0,0.0003270097925403086
3238.0,-0.002455777644323863
3246.0,0.00117806436472442
3253.0,-0.0015851113184489815
3262.0,0.005078332691145014
3273.0,0.000940777488003237
3277.0,0.004664270607943935
3285.0,7.7776494812896e-05
3294.0,0.003114107401136849
3301.0,-0.001319846124155368
3308.0,0.0016884482472978484
3319.0,0.0006578265240442295
3327.0,0.0012514285147758643
3336.0,0.002223777941346815
3341.0,0.0019024957968833281
3349.0,0.001888779804009341
3360.0,0.0031019379733739304
3365.0,-0.004905515056082927
