,6
6072.0,0.004889884282632498
6080.0,0.0009108582390251364
6087.0,-0.0003512593468884779
6096.0,0.0005208593061153538
6108.0,-0.001688114496957965
6117.0,-0.0018138488563049524
6125.0,0.0008309546745993772
6132.0,0.00022671286436843792
6139.0,0.0005268649265071682
6146.0,-0.0010768233573873473
6150.0,-0.0006459339780477204
6155.0,-0.007324901556281567
6162.0,-0.0019876794907726274
6166.0,0.00042322339827932117
6173.0,0.0033941886691613373
6177.0,-0.0009495317422900126
6186.0,0.0018214905876925136
6192.0,0.00085920042418866
6197.0,0.0024419200614168237
6205.0,0.0014708456012511087
6212.0,0.0029901433436400238
6220.0,0.0011202397713814326
6229.0,0.001209390320081803
6237.0,-9.757588267477363e-05
6245.0,-0.003653286756125037
6254.0,-0.004060026131296079
6262.0,0.0003198203500814563
6272.0,-0.0009246224037475729
6283.0,0.0014720952135880655
6290.0,0.004923255723287856
6298.0,-0.003589810822524703
6307.0,-0.0064601436255416434
6319.0,-0.002762530697534983
6327.0,-0.005152883465891537
6334.0,-0.0002333002196892195
6341.0,0.0012525483245995092
6349.0,0.0011002258448540594
6358.0,0.0021152860522107276
6366.0,-0.002653856495150632
6372.0,0.0022179595155213954
6384.0,0.0021531288254925353
6395.0,-0.0021275391020761933
6404.0,0.0007598084669854265
6413.0,0.0029914618627475496
6420.0,0.0009137708027579039
6427.0,-0.0002637821759378483
6435.0,-0.0003613805950602624
6443.0,0.002787576711678153
6447.0,0.004137342429659658
6456.0,0.0014543336784589077
6463.0,-0.0003215260913787666
6469.0,-0.000392086722520808
6477.0,0.0009904237690397419
6485.0,-0.000653573442166446
6493.0,-0.0013472183345231365
6501.0,-0.0009082496684570691
6509.0,0.0004394315812397981
6517.0,-0.0002987590797259347
6524.0,-0.0013181492984418082
6529.0,0.0016887783265122915
6533.0,-0.0028461795763131043
6542.0,-0.0011648541474551417
6551.0,0.0035296157993828267
6560.0,0.0008104459449253366
6572.0,0.0015269678618158643
6578.0,0.004548654636172503
6583.0,0.001817392795477027
6591.0,0.0008296985692792019
6602.0,0.001842049581149462
6610.0,0.0017834464921379063
6619.0,0.0016813039621403254
6631.0,0.0011956450043222786
6639.0,0.00019561093778340435
6650.0,0.00780454237778178
6657.0,-0.0002683088760274332
6661.0,0.00099020858865377
6670.0,-5.862165623423106e-05
6674.0,3.8252510079638696e-05
6685.0,0.0008054576950439044
6693.0,0.0010157904788585944
6699.0,0.00046057445779024413
6706.0,0.00047748142338310893
6717.0,0.0005178471223229018
6722.0,-0.00014869204905176695
6730.0,-0.0014812560067509715
6738.0,-0.001329138690749333
6746.0,0.0020541891992907767
6753.0,0.001542820514505911
6762.0,0.0001124440407641666
6768.0,-0.00046204265156688667
6779.0,0.003034594020812357
6788.0,0.002270183918327015
6796.0,0.0026334095404770895
6804.0,0.0027832965248080145
6814.0,0.004116427831203442
6823.0,0.0030721152692679814
6835.0,0.0005780646438805712
6846.0,0.002180046695797977
6855.0,0.0014393397124102363
6864.0,0.001219658252892996
6872.0,0.0001952855789141486
6881.0,0.00328534452499505
6892.0,0.00047977652850931743
6899.0,0.00019528703894035793
6908.0,0.0003542336983772225
6916.0,0.00688690731819117
6922.0,-0.001562169197912101
6930.0,-0.00020197250766794503
6938.0,0.0018789537960241208
6945.0,-0.00038163543201502934
6952.0,-7.747014423517613e-05
6960.0,-0.0006342963626158468
6967.0,-0.0014399269470184606
6975.0,-0.0007095070313415453
6982.0,-0.0002903587670640477
6986.0,0.00013437383838921398
6994.0,0.0007318594478794575
7003.0,-0.0006635616660371189
7009.0,-0.001574802273992943
7017.0,0.002403550528677728
7025.0,-0.0012378429594309263
7030.0,0.00947754052516659
7035.0,0.0007531793994735437
7046.0,0.000993221146227053
7053.0,0.0006340564419384374
7060.0,-0.0013460305528587
7069.0,0.0007611564892972092
7075.0,0.0024907998231395723
7086.0,0.0035254922882654274
7095.0,0.000639035369313044
7100.0,0.001729288704229585
7109.0,0.002808653766604092
7117.0,0.002505247401119123
7125.0,6.382948213798537e-05
7130.0,0.00250187759005687
7141.0,0.003054688033364637
7147.0,-0.004347595241852297
7159.0,-0.005527961563545081
7163.0,-0.0012315305672663973
7171.0,-1.0514496133523985e-05
7178.0,7.363338646555824e-05
7190.0,-0.001426522174663164
7198.0,0.0026989593086973276
7207.0,-0.0004884019693131487
7214.0,0.000538725469294154
7220.0,-0.000381607506682032
7225.0,0.001157177476656965
7234.0,-0.002985867974508107
7241.0,-0.00018588225764083107
7252.0,0.00316830368146215
7261.0,-0.001794642058852254
7265.0,0.003215502099786424
7272.0,0.0004382497123503091
7281.0,0.002369490463392248
7289.0,0.0019415645867604824
7294.0,0.0020917688201399385
7305.0,0.0016164270868140656
7317.0,0.00333236676223315
7324.0,0.001477440885561023
7332.0,0.0015980323765220354
7339.0,0.0008288874719505683
7350.0,0.0009611942173421697
7359.0,0.00029618354020390065
7367.0,-0.00021606774004444452
7378.0,0.004431737405036333
7387.0,-0.0038672444928322305
