,5
2.0,-0.0026740514900943308
8.0,-7.8331569814459e-05
17.0,0.0003381870723652292
26.0,0.0037362261518250994
32.0,0.0010253536774247798
41.0,0.0037144284092371026
46.0,0.0022527063571897727
57.0,-6.01780677443756e-05
66.0,0.0016915955588687136
77.0,-0.0002926936528558443
86.0,0.0005026414421352353
94.0,0.003304123415696497
101.0,0.00503622956165493
106.0,0.0007813034621256874
114.0,-0.001679260549735037
122.0,-0.006106915799521513
126.0,0.002552524736192623
138.0,-0.003808976649978711
146.0,-0.0035245940773117276
153.0,-0.0026107644162606716
160.0,-0.0010967631261476964
168.0,0.0012158333009037508
175.0,0.002167947822208828
181.0,0.0027264994246216584
189.0,0.018543241049194026
196.0,0.0006741509982940781
206.0,0.005199113470816957
214.0,0.010471680735600888
222.0,0.0008955179495808774
231.0,-0.00286041569153569
239.0,0.0011088728828825784
248.0,0.0006379985517049816
259.0,0.0020072178228338297
266.0,-0.000625733172293216
277.0,0.002240173680125105
288.0,0.002017211174472458
292.0,0.0018728083002998092
300.0,-0.0006032091298905759
307.0,0.001964488067430175
314.0,0.0016697323909362924
321.0,0.0006209355590751463
332.0,0.0014450180909502497
340.0,0.0037518766406122264
345.0,0.0006117132115599519
354.0,0.0016429872607496556
361.0,0.0026164727148713348
366.0,0.004140824024221739
372.0,-0.00042141378569083556
383.0,-0.0033226893526145545
391.0,-0.005604987111362777
398.0,-9.361549123273547e-06
407.0,0.0017174521162317193
415.0,0.0012570623882288312
427.0,-0.002156734277801787
432.0,0.0011609697790880547
440.0,-0.0026354396248408473
450.0,-0.004787597949100258
457.0,-0.005172479880609373
471.0,0.00759634949483582
478.0,0.0002741613039414965
485.0,0.0030439589627036124
491.0,0.0011925808905178777
500.0,-0.015629051308209244
507.0,-0.0037755583427162977
515.0,-0.00509240868301095
522.0,-0.0009896361362330547
531.0,0.0016228577158529675
543.0,-0.00032516993281932926
551.0,0.0028490356714922873
565.0,0.002695602525094
574.0,0.0011540867341787054
583.0,0.0035343639419848894
591.0,0.004711623245364165
596.0,0.001919581947742156
604.0,-0.006283503312544008
612.0,0.006250111092715657
618.0,0.0022579193399824
626.0,-0.00026876057182095934
637.0,0.0018176738327319187
645.0,-1.9391378174479583e-05
654.0,-0.0005618960607430302
662.0,3.93543828328352e-05
672.0,-0.00029378254931579015
683.0,-0.0011469444910562464
689.0,0.0017037782226339841
696.0,0.005086142768003999
703.0,0.0003615534623213188
709.0,0.00793331954146362
718.0,0.002257582609227782
725.0,0.0022899522906011174
733.0,0.0031292805358659917
742.0,0.008917614972438185
749.0,0.0003625170011494833
755.0,0.0008838642298381815
762.0,-0.0062896842833613876
770.0,-0.00027073832226077077
778.0,-0.0012776675393853876
785.0,0.001752319694611729
792.0,0.005325676973939916
796.0,-0.0006300079545572316
801.0,0.003764926921078748
809.0,0.0006873951997664585
817.0,0.0011580634932909814
826.0,0.0036706954083313616
832.0,0.0019559808818897786
843.0,-0.0014470806670819267
854.0,0.002610965429863735
861.0,0.0036153425502615686
870.0,-0.0001217291964160274
878.0,-1.752666828641054e-05
883.0,0.0045964107269248254
892.0,0.0015663262773436422
901.0,0.0016291045906101785
910.0,-9.816398981273277e-05
916.0,-0.00029442471303321466
924.0,-0.00035384674780510446
932.0,0.0007471397683331324
940.0,-0.00016715561357710223
948.0,-0.0015147864197351912
955.0,-0.0021114621044828505
964.0,0.006261964662901331
970.0,-0.002575725192872666
979.0,0.0032776466976126716
985.0,-0.000868657993534915
994.0,-0.004198245511631084
1003.0,0.0017324158418824587
1011.0,0.0008104844514055405
1022.0,-0.0011890560344858933
1029.0,0.0005222884667314219
1037.0,-0.0012714493212276738
1048.0,0.0008368003578546929
1055.0,-0.00056283971045461
1061.0,0.003349274571832601
1065.0,0.001529291429641715
1076.0,0.0017431427120867574
1084.0,0.0014181642077099681
1093.0,0.0014635789591850791
1105.0,0.003108391196299197
1113.0,0.007154236501663243
1120.0,-0.0009181319576722037
1124.0,0.00374569740249188
1133.0,0.002746193091768871
1140.0,0.0037563715116920118
1147.0,-0.0008962694215666514
1155.0,-0.00024377243120498777
1164.0,-0.001462315331800955
1172.0,0.0022594375900569664
1183.0,-0.0003828125960471031
1192.0,0.0029633522899679813
1206.0,0.0015626333705428626
1213.0,0.0015856279984037321
1224.0,0.001956071487539622
1234.0,0.0012573719229954866
1240.0,0.00034564541664092093
1248.0,-0.0005602501105603136
1257.0,-0.0014933913313786
1265.0,-0.010449382785041601
1269.0,0.0016185292591762597
1278.0,-0.0037868598667769415
1287.0,-0.0044824566756327955
1295.0,0.002754619961517291
1305.0,0.002891316612112031
1312.0,0.0018060787557308178
1319.0,0.0028728980250699128
1327.0,-0.0001269689795019901
1335.0,0.00042620580773705365
1342.0,-0.0020161537053422253
1349.0,-0.015500351183921391
1356.0,-0.00499020616573964
1364.0,0.00433985402385122
1371.0,0.003929116103104121
1376.0,-0.003151809343960047
1384.0,0.0011286561290761044
1392.0,0.0009540816980387878
1401.0,-0.0011954771839539932
1408.0,-0.00785380057290655
1419.0,-0.013129409438973432
1428.0,-0.004455712341738106
1437.0,0.003227624375994755
1443.0,0.0022069439843902623
1451.0,0.0008531445067332561
1465.0,-0.000957640992120848
1473.0,0.003541314023393482
1479.0,-0.00014827148268250253
1487.0,0.002330669871174929
1498.0,-0.0003923710536932072
1507.0,0.0012831101426656472
1518.0,0.0011812600093380884
1529.0,0.0007503628231860749
1536.0,0.0003301829950118657
1545.0,0.003831917783886065
1553.0,-0.0009523781146719408
1564.0,-0.00044425505464384463
1568.0,-0.004317691896345056
1576.0,0.0015227796503088442
1584.0,-0.0022979905322694383
1592.0,-0.013794216182192114
1599.0,0.0028535663337660084
1606.0,-0.008221894019274888
1614.0,0.01425695310744254
1621.0,0.008527320543947784
1629.0,0.0025263368600443293
1636.0,0.003872244580572332
1643.0,0.00221849269457379
1654.0,0.0035799703921524997
1661.0,0.0014036204957645476
1670.0,-0.0009197152399416648
1675.0,0.0007255710483277962
1683.0,0.0013113183469713025
1691.0,0.0014249066932794435
1700.0,-0.0034232229748976176
1710.0,0.005934474712651882
1714.0,-0.001688821574559523
1723.0,0.0015344832220180141
1732.0,5.042771084989131e-06
1739.0,0.003115979600179672
1747.0,0.0026486032766507863
1753.0,0.0014385598896898327
1762.0,0.004332133211342325
1773.0,0.0019239944766198968
1784.0,0.0054622334358968155
1791.0,-0.0029936069663518525
1797.0,0.002439834897932876
1804.0,-0.0008907871999945884
1813.0,-0.0043408896501044006
1820.0,-0.005322678430692651
1831.0,0.007913307010433699
1838.0,-0.006632501084861494
1847.0,-0.002087716948169884
1856.0,0.002685930617454762
1863.0,0.0010640240693565682
1871.0,-0.0035247726948277017
1885.0,-0.0005797529952191895
1893.0,0.0034641793446650473
1900.0,-0.003703427201907786
1914.0,0.0034003186050943672
1922.0,-0.000646217688630283
1931.0,-0.001273959390746085
1942.0,0.0005118583466879518
1948.0,-0.00211650075345912
1956.0,0.0016643526486869445
1965.0,-0.00065265127509979
1973.0,-0.00338337150718264
1982.0,0.003761816494108491
1990.0,0.0018208270614112419
1998.0,-0.006097570117503347
2005.0,-0.00280888837289382
2014.0,-0.00372883645518059
2018.0,0.00110011091450865
2023.0,0.00016797589168108048
2031.0,0.00011328173552879851
2039.0,-0.0008971209009559192
2047.0,-0.0010509003173633704
2055.0,9.736537933309984e-05
2064.0,0.0021091852356477396
2072.0,7.958586614151018e-05
2084.0,0.0019727596806395275
2090.0,-0.011453849959878843
2099.0,-0.00352234911282123
2106.0,0.0038036598763664616
2117.0,0.0018591154128775591
2125.0,0.0005531649564339077
2133.0,0.0024030419348725672
2145.0,0.0007227579690254546
2157.0,0.0015917695359453257
2164.0,0.0025512113699095906
2172.0,0.003645783245340645
2180.0,0.0008173990295442646
2188.0,-0.0009588756377276368
2196.0,0.006340575687208774
2204.0,0.001454401682301679
2212.0,-0.00017940452334515538
2222.0,-0.0036437419029517553
2233.0,-0.0035228144915511964
2244.0,0.001858736245731175
2252.0,-0.002279001790440416
2260.0,-0.001031193084480753
2271.0,-0.0003479600429383963
2282.0,0.0017213979528685954
2286.0,0.002844002897536651
2295.0,0.001080871163583322
2307.0,-0.000233742038802161
2314.0,0.0005645717245285623
2322.0,0.0006421448486194056
2332.0,0.0008251148884279847
2340.0,0.0010438068036739802
2354.0,0.002613368010210121
2363.0,0.0029953109231194526
2371.0,0.007043050556869597
2377.0,0.003270368412271027
2385.0,0.0006921151700809732
2390.0,0.0009124799181425805
2398.0,-0.003862582122750683
2407.0,0.0011233196409141243
2415.0,-0.0006442299434886928
2422.0,0.00035119085821947506
2428.0,0.0018221544793214338
2433.0,-0.0011251189558933988
2440.0,-0.0005646948334700816
2448.0,-0.00316440186045045
2455.0,0.00226435105743632
2463.0,0.004585951723548981
2472.0,-0.004323431499255285
2481.0,0.0026448364624250074
2489.0,0.005773559451533407
2495.0,0.00023128048458442976
2503.0,0.004323717367298938
2509.0,-1.014264868209944e-05
2517.0,0.0018847574862576467
2523.0,0.0018181762578164554
2531.0,-0.0006349107040829693
2539.0,-0.00037105970684556187
2547.0,-0.0028424084631220982
2555.0,-0.00823269183442945
2563.0,0.00156206577170223
2575.0,0.008990485950022038
2581.0,-0.0006021157721760209
2591.0,-0.015875090586254074
2598.0,-0.009163172907630805
2606.0,-0.0030910029157272946
2612.0,-0.0030713176035685203
2617.0,-0.003254395107237157
2625.0,0.005571369595042989
2633.0,0.011357541573001199
2640.0,-0.0008728208611535522
2644.0,0.0005232192297725594
2652.0,0.007345899063913416
2659.0,0.0009957099433227329
2667.0,-0.0009592524128127133
2676.0,-0.001974047283376041
2684.0,0.0014582470220512336
2692.0,0.0037481723122273843
2700.0,-0.0031443398187103087
2706.0,-0.003400183614218818
2714.0,0.0024919915807386094
2725.0,-0.0006861405700294175
2731.0,0.0007489301603514531
2739.0,-0.0010356753992522567
2748.0,0.001352220590068629
2756.0,0.003151545896017994
2763.0,-0.0008427400894539198
2774.0,0.0021273017093354995
2779.0,0.0007647476921496947
2787.0,-0.00024730922451952095
2792.0,0.0033545341637779805
2799.0,0.001550359368172795
2808.0,0.0012335562021154546
2817.0,0.0002813878039642382
2825.0,-0.0014742527538771251
2834.0,0.005337107089601372
2840.0,-0.00480460904381527
2848.0,-0.0027285602969589384
2857.0,-0.0011537331526729115
2865.0,0.0016883131943950269
2873.0,0.0022550778192311147
2881.0,0.0026542945210008494
2888.0,0.0017860632102103177
2896.0,-0.0010065311340029803
2906.0,-0.0001724171234533539
2918.0,0.001298651872995412
2926.0,-0.0011904981157942075
2934.0,0.001050668098941282
2943.0,0.0007739813156916331
2951.0,0.0029582106146860366
2958.0,-0.00025691147360599434
2967.0,0.0016421404014479789
2972.0,0.000274265595107739
2979.0,-0.0006333087786987209
2988.0,-0.0014012821614375348
2999.0,-0.0008312811498611495
3008.0,-0.012351260712323594
3015.0,-0.0012790720992916723
3027.0,-0.002014901903894663
3037.0,4.242485231979645e-05
3045.0,0.0034340360813738522
3051.0,-0.006429151643072296
3056.0,2.6141021737137405e-05
3064.0,0.0007461929854215808
3069.0,0.003965009678107334
3080.0,0.0010902427266607458
3091.0,-4.215927761315217e-05
3099.0,0.002049806250180488
3107.0,0.002532108767665488
3116.0,-0.0014463645341744984
3127.0,0.0007355820518414518
3131.0,-0.0018335528672345325
3139.0,-0.0015005724146105038
3150.0,-0.0019344526259548892
3158.0,-0.0002683219448881181
3167.0,0.0026714492169670864
3178.0,0.0041339955662738105
3186.0,0.0004937403562755405
3190.0,-0.00023216291556825395
3200.0,-0.0012078487680865827
3211.0,-0.0005169103624109723
3219.0,0.0006731684832961329
3230.0,-0.0005853900205472847
3244.0,-4.050440046991782e-05
3255.0,-0.00018209862203025148
3263.0,0.00045183381872321955
3274.0,0.0012601350338392455
3280.0,0.00013281413298941666
3289.0,0.0012115510559234871
3297.0,0.005638023620630068
3302.0,-0.004405963756938549
3311.0,0.01522555843333111
3317.0,0.0011064149579464917
3328.0,-0.006075108453263824
3338.0,0.0012667751894536886
3350.0,0.0015218807310383338
3359.0,6.289688010630094e-05
3368.0,-0.0018279913499077418
3379.0,-0.00025297555751505984
3390.0,0.0016757850400116478
3395.0,0.0009916945876829082
3402.0,0.0002456002468139746
3410.0,2.3596506350074367e-05
3418.0,0.000703271590793813
3427.0,0.0016291112174624254
3432.0,0.0014987596237968773
3444.0,0.00043151989528108397
3452.0,0.004002407941574728
3463.0,0.0032749383602905485
3467.0,0.0001619390590679959
3473.0,0.003151100676933125
3477.0,0.004745867331895112
3484.0,0.0025459672137262464
3489.0,0.0008865448024174832
3497.0,0.00047955782776749005
3505.0,0.0007973778136410674
3515.0,-2.554053180036744e-05
3523.0,0.0011438055582454294
3534.0,0.0024013077734010378
3541.0,0.0010549880749338217
3550.0,0.00024955168966217794
3559.0,0.0025492412101340866
3566.0,-0.00029204374143277447
3575.0,0.0032454063579197673
3582.0,0.0002568478103732124
3590.0,-0.00046824170878264644
3599.0,0.002404782724429352
3607.0,-0.0006640790767897388
3615.0,0.0010816573930463702
3624.0,0.0026135709939439774
3633.0,0.0032579050979033184
3640.0,0.0005963685884482861
3647.0,0.0011931056308867928
3655.0,0.001189799355892179
3663.0,0.0021981913867382833
3671.0,0.002494011036546681
3680.0,0.0026510354512128517
3686.0,-0.0030271779768932254
3694.0,-0.003950984789616825
3700.0,0.0013634563528112788
3706.0,0.002348859225790682
3715.0,0.0017500639421284738
3722.0,0.0013934845846199735
3730.0,0.0008852959033604138
3736.0,-0.00044213895116709855
3745.0,0.0010857286584379186
3753.0,0.0005714795669607027
3762.0,0.001810833396240477
3771.0,0.0011866500688950347
3780.0,0.0007876820390788395
3788.0,0.001984155416993421
3797.0,-0.00014823894986585437
3805.0,5.328248876516084e-05
3813.0,-0.0005546228016626911
3822.0,-0.0013544155862676853
3830.0,0.003652736621013431
3836.0,-0.0013166965466123066
3845.0,0.0009972496829543716
3853.0,-0.0032123148272636555
3860.0,0.003537375192429514
3869.0,0.006312656454349718
3875.0,0.003266274829617273
3886.0,-0.0003757827303075565
3897.0,-0.0001363008094762043
3904.0,0.0008972823423083344
3911.0,0.0022238219340779356
3923.0,-0.0008217684963547813
3931.0,-0.003096724373309411
3938.0,-0.00405144957948227
3942.0,0.0017154937441994148
3950.0,0.002145913443536847
3959.0,0.0006394777605140605
3964.0,6.067131142436054e-05
3968.0,-0.0003265604324346529
3973.0,0.0004144199438371327
3981.0,0.0019187756411624347
3986.0,0.0008150590645997881
3994.0,-0.0035053692787456775
4003.0,0.002734209145144407
4012.0,-0.0002782234559833988
4018.0,0.0009135147939687347
4027.0,0.004744973340021293
4034.0,-0.00277567517311153
4042.0,0.0057784418507391775
4047.0,0.006184350234131343
4053.0,-0.010732628931256273
4062.0,-0.0004662563474663582
4071.0,0.0036377271009192633
4080.0,-0.0024377592342935002
4087.0,0.0018387590041489652
4095.0,0.002182267770937094
4109.0,0.0028895483167090297
4117.0,-0.0016071655528042976
4126.0,0.002479481992609793
4137.0,0.0018131798936307448
4146.0,-0.005077154190165732
4152.0,-0.003825120635671723
4157.0,-0.0038453483396081825
4165.0,-0.012150540704565409
4172.0,0.005241087286073248
4179.0,-0.0001905953475490574
4184.0,-0.00815475670319025
4192.0,0.014450893325433294
4198.0,-0.003506564087870439
4206.0,-0.005655493903305184
4215.0,0.004814982040542994
4222.0,0.0016550227409485635
4230.0,0.002491476763790585
4234.0,-0.00022030463103648722
4242.0,0.001532296575584217
4250.0,-0.000514809127520669
4261.0,0.004814783084590785
4270.0,-0.0007425718919466145
4280.0,-0.0020366893137503572
4284.0,0.005263423983193154
4292.0,-0.00548921393583971
4300.0,0.004084011167043029
4308.0,0.00292257227844586
4319.0,0.0004470865602783383
4328.0,0.0016847586392771791
4336.0,0.0012167254800668598
4344.0,0.0011539578911529053
4352.0,-0.0005785961372798307
4360.0,0.0005423613789555771
4368.0,0.0013854787101069644
4377.0,0.0020030922344372475
4385.0,0.0018689481747099037
4393.0,-0.0004456503863092892
4404.0,0.0016312445694909626
4412.0,0.0002954629731063492
4420.0,0.0015086727946112702
4429.0,0.0016088556590104336
4435.0,0.0007775904419627507
4443.0,-0.00048483921771792787
4457.0,8.696353892510612e-05
4466.0,0.0008467660627559196
4473.0,-0.003927653511059919
4482.0,0.0015868363433630438
4488.0,0.0014751836626198365
4496.0,-0.006627449035015753
4504.0,0.00034930001409590465
4512.0,-0.0005704056798825098
4518.0,-0.002043990683145708
4526.0,-0.006174058383282727
4534.0,-0.00227629976757935
4541.0,0.0048293356916265465
4553.0,0.004513416569825432
4557.0,-0.00019953937980292177
4563.0,-0.00045832046009439516
4571.0,0.002593374213277854
4577.0,0.0006519795011533085
4584.0,-0.001916051321256431
4588.0,-0.003262606562801558
4596.0,-0.0010885844927062697
4605.0,-0.0022679775724299338
4613.0,0.0025651474760209417
4617.0,-0.0003809341630997947
4625.0,0.0016039887228555965
4633.0,-0.001052047321618661
4642.0,-0.007606745190969793
4650.0,-0.0019149153585103333
4657.0,-0.011956665288626142
4666.0,-0.0057181567516774645
4674.0,0.0008038222049535788
4679.0,0.0018065003681224682
4686.0,0.0013996690077327186
4693.0,-0.001807336627020653
4701.0,-0.0009934892155444531
4706.0,0.0008867084105099282
4715.0,0.0017793790770562323
4723.0,-0.0011860922041983836
4732.0,0.001784115701048883
4741.0,-0.00032239377010073386
4747.0,-0.0039119105748063165
4754.0,0.003327496000284398
4765.0,-0.0005866468778958979
4774.0,0.001704577440731821
4782.0,-0.002456306171005053
4791.0,0.0010050591648144349
4798.0,0.0011318428486245863
4806.0,-0.0018424211983692153
4814.0,-0.0007665262338994644
4824.0,-0.00013919983186664304
4838.0,0.0011672722089881194
4846.0,0.0012257821071898788
4855.0,0.0011169544378892642
4864.0,-0.0012879276257342712
4873.0,-0.001445406055854253
4879.0,-0.010301593262390272
4886.0,-0.0010012560936642813
4893.0,-0.0012741107984472694
4902.0,0.002673633386865095
4911.0,0.0002319617522467401
4920.0,0.0029711372732478215
4931.0,-0.0016425750844663684
4940.0,0.004181217828411712
4945.0,0.0027120583254405723
4950.0,0.0022497850468719558
4957.0,0.000559805759616322
4966.0,-0.000906283801774596
4977.0,-5.020420932654481e-07
4988.0,0.0009373712223636635
4995.0,-0.000122966437109555
5007.0,0.0011553245607452127
5013.0,0.0016076821470569261
5019.0,0.00035765688900043043
5024.0,6.984944358425325e-05
5028.0,0.0035763640089052
5040.0,0.0017586560296260158
5046.0,0.0009269029690713018
5053.0,0.0011980594657285911
5058.0,0.0008434472964160701
5065.0,-0.00015681319669282788
5076.0,-0.0020919026085176864
5083.0,-0.0005677551554457575
5091.0,-0.006600746400128019
5095.0,0.008192144375912556
5103.0,-0.0011940545965964595
5107.0,-3.853359060567245e-05
5115.0,0.004415334886753483
5126.0,-0.0017786229526532734
5136.0,0.00036132727007634236
5144.0,0.00140704088996847
5152.0,-0.0012396621809240007
5160.0,0.0020477673408357978
5168.0,0.0007297177732733216
5176.0,-0.0004378459974294654
5184.0,0.0014449215248377402
5191.0,0.002133949307497171
5200.0,0.003225694183436326
5207.0,-0.00029958556760024626
5211.0,0.0006414574936657398
5219.0,8.000489706447452e-07
5227.0,-0.0007718285251864536
5238.0,0.0012749919100555208
5248.0,0.0004915474936811511
5256.0,-0.004290285080172126
5264.0,0.002787867327429689
5275.0,0.006811026328394595
5279.0,-0.007858215974504744
5289.0,0.009539336461258674
5298.0,0.008311344326192039
5309.0,-0.0020358870286362922
5316.0,-0.0034911302474247953
5323.0,-0.0015361162562031456
5334.0,0.01648778722937338
5341.0,0.0035223884441852467
5349.0,-0.0018021357855149138
5356.0,-0.004236057873715605
5363.0,-0.0015080515279486761
5371.0,0.0010567605936577518
5382.0,0.00040102843725397803
5390.0,0.0008675454707432245
5401.0,-0.002561814270207393
5408.0,-0.0008904278107159567
5416.0,-0.0036739189404233078
5420.0,0.003376207849487922
5427.0,-0.0017796873736416355
5433.0,-0.0029022144417923815
5437.0,-0.000446078363339476
5446.0,-0.0007485172185659884
5455.0,-0.0006149752006890997
5462.0,-0.0033672132444668144
5468.0,-0.0011676867254281204
5475.0,-0.0016648189618509463
5485.0,0.0006159144657947888
5496.0,0.0012420072350765108
5505.0,0.001285957992951323
5514.0,-0.00026997886199592395
5525.0,0.00023655377803810963
5534.0,0.001776679148317095
5542.0,0.003166719358422068
5550.0,0.0011775193129662043
5556.0,0.0038804963711729272
5563.0,0.003135393143901675
5572.0,0.0018062003933036392
5577.0,0.0012929265810636545
5589.0,0.000150616239231732
5597.0,0.0002165508146168755
5602.0,-0.0005544535572941684
5610.0,0.0004343891936166827
5621.0,-0.0010420333236383769
5631.0,-0.00525016423330642
5641.0,0.001953739138458745
5648.0,0.0007836636445738378
5656.0,-0.00014907858795853323
5664.0,-0.00034786437729907775
5672.0,0.0012180482225287485
5680.0,0.0014938121133987103
5688.0,-0.0016870267642316893
5696.0,0.00022078534739741556
5707.0,0.0008696479085998305
5713.0,0.002636538591297671
5721.0,0.0014411379345454123
5729.0,-0.0020487559487116108
5737.0,0.0024709960839383563
5745.0,0.0007087748297022359
5752.0,-0.003506369113479663
5760.0,0.00558341179810432
5768.0,0.0025030911172051204
5777.0,-0.0006427933415413817
5789.0,0.0017118829412193985
5797.0,0.0011988232227282314
5808.0,0.0024820877402314642
5816.0,0.002339121286465427
5821.0,0.0010768595671505326
5829.0,0.0020008717306809606
5836.0,-0.0005717555010915121
5843.0,-0.003719940579338851
5847.0,0.008033969605116596
5856.0,0.0030157055828573874
5864.0,-0.0012666869255533602
5873.0,-0.002193334041171595
5882.0,0.0034260598712843463
5890.0,0.0013376910858639206
5895.0,-0.00043671977966988255
5904.0,0.00031798092237981824
5913.0,0.00031232995215388815
5925.0,0.0002851376959793786
5936.0,0.0010396075316628118
5944.0,3.29127440809291e-06
5952.0,0.0013251405199028636
5961.0,0.0006650427071155937
5969.0,0.0004209099953398805
5978.0,0.0015506943834222465
5985.0,0.0008516906866086939
5991.0,-0.00019802749748795744
6002.0,-0.0034230231293895636
6010.0,-0.003038237551905267
6019.0,-0.003062770149334403
6023.0,-0.002728107447350199
6037.0,0.002951886013044728
6044.0,-0.003962131166638385
6051.0,-0.008456008998224455
6060.0,-0.004138042130748138
