,3
2.0,0.01987934915447578
8.0,0.0036893173446271906
17.0,0.004741299844139462
26.0,0.014743822409002983
32.0,0.012594274384474033
41.0,0.004438652266984512
46.0,0.011417744570362038
57.0,0.007229155191087075
66.0,-0.0033141580833127085
77.0,0.007204433101939632
86.0,0.011129680713873692
94.0,0.017845044114235563
101.0,-0.005900353900303441
106.0,0.004805148791942837
114.0,0.006647054951374505
122.0,0.019900092516183084
126.0,-0.006593358648917526
138.0,-0.014676694009701442
146.0,0.01699522304875588
153.0,0.018761329327692155
160.0,0.011526562609838253
168.0,-0.008542656934426646
175.0,0.0030032047586567717
181.0,-0.01927168005702018
189.0,-0.013139739113801044
196.0,0.018186817846319467
206.0,0.019006142870292387
214.0,0.013757826075289857
222.0,0.00670677342343677
231.0,0.01127662604125441
239.0,0.012479083215425889
248.0,0.012320232571494751
259.0,0.011807652171409557
266.0,0.018111310450755872
277.0,0.009904943769851321
288.0,-0.011297455791993146
292.0,0.020277737542688776
300.0,0.011617315993486641
307.0,-0.0010762186724074779
314.0,0.00503941769781069
321.0,-0.009822830593217605
332.0,0.010288015708960563
340.0,8.467821954457125e-05
345.0,0.009699322498248333
354.0,0.006357364327210881
361.0,0.008221345295701246
366.0,0.00931766220225078
372.0,0.004564537423887536
383.0,0.0007955412784043553
391.0,-0.0022775560965710945
398.0,-0.0010829913700654982
407.0,0.020751492479580132
415.0,0.0006383244887383956
427.0,0.008421252015454593
432.0,0.011391065904136704
440.0,-0.0019354757796150818
450.0,0.003666896087841006
457.0,-0.01998375551295281
471.0,0.011256920325309195
478.0,-0.0032900550071449713
485.0,0.011832630586561038
491.0,0.014657292844837844
500.0,0.00334862166126625
507.0,0.0018426707022888913
515.0,0.006206110695672724
522.0,0.013156688490243327
531.0,0.0113879519155545
543.0,0.00552243204759308
551.0,0.018604480733852378
565.0,0.013081078043692811
574.0,0.007292789978118945
583.0,-0.004024015283209756
591.0,-0.017943941436760452
596.0,0.02341420308886507
604.0,0.003358541312688904
612.0,0.004733728838914392
618.0,-0.013781226078562738
626.0,0.011141603984192002
637.0,-0.007848891294493326
645.0,-0.0093723429469417
654.0,-0.006367825958035677
662.0,0.002527660448920878
672.0,-0.021289484625889615
683.0,-0.004085873370093664
689.0,0.01829211257318971
696.0,-0.005965596551855924
703.0,0.00889640462368081
709.0,-0.020361656388370855
718.0,-0.004289283632485856
725.0,0.0024175536791167045
733.0,0.008946338622981
742.0,-0.007789823238380099
749.0,0.006681187872649784
755.0,0.0060239625098687495
762.0,0.016641919551052247
770.0,0.013799598906381907
778.0,0.012134410294610204
785.0,0.0034101643258730584
792.0,-0.010744765701844223
796.0,-0.0022235633990183258
801.0,0.01407058101121312
809.0,0.01568615413235112
817.0,0.010819056437091551
826.0,-0.0172306967648197
832.0,0.011594294386631912
843.0,0.018045245251792276
854.0,0.009783595710429773
861.0,0.020077105800558083
870.0,0.0058602650597884215
878.0,0.006042769259661943
883.0,-0.009486862876205359
892.0,-0.008341059497838355
901.0,0.020177968200569156
910.0,0.003094380348199016
916.0,0.0070160432976714895
924.0,0.018154658061850824
932.0,-0.007508592554122888
940.0,-0.0072470250177878795
948.0,0.0002819204301164685
955.0,-0.003478718829442738
964.0,-0.007104489188913271
970.0,0.009000576276975933
979.0,0.005683972889318565
985.0,0.007077380355505203
994.0,0.021433606853248424
1003.0,-0.006508042041739909
1011.0,-0.0057898654502748816
1022.0,-0.0007589520887285749
1029.0,-0.006266230155695327
1037.0,-0.007320919358435016
1048.0,0.00880882525965413
1055.0,0.009794073838730249
1061.0,0.014880779984295071
1065.0,4.095794503158882e-05
1076.0,-0.00397011016081538
1084.0,-0.011349834742507201
1093.0,0.008719251188233877
1105.0,-0.011422723609118404
1113.0,0.004653495093076694
1120.0,0.0207442972620784
1124.0,0.006995244822090927
1133.0,-0.006610478550670251
1140.0,0.0037168346231140417
1147.0,0.0067322876928634185
1155.0,0.010600276156613159
1164.0,0.011588387157784222
1172.0,0.003614923877178919
1183.0,0.01316423329586312
1192.0,0.011732263302877558
1206.0,0.004742711439464306
1213.0,0.008444103799364337
1224.0,0.004032312378226822
1234.0,0.008168839296346478
1240.0,0.008965885399323279
1248.0,-0.010530099422568127
1257.0,0.023868234697024343
1265.0,0.01590688885620373
1269.0,0.010251754369575691
1278.0,0.012771474542834131
1287.0,-0.009112804407636335
1295.0,-0.010649485051621173
1305.0,0.0015215233645870319
1312.0,-0.005952278339258609
1319.0,-0.019083579227653386
1327.0,0.014395990560641517
1335.0,-0.002727744703870723
1342.0,0.006755747133302559
1349.0,0.005196033740201171
1356.0,-0.008098945259457764
1364.0,0.0059775789831039445
1371.0,0.0105546183279249
1376.0,0.01932928486700121
1384.0,0.008046360599998094
1392.0,0.010383704411061085
1401.0,-0.00685408819127363
1408.0,0.023795631994443348
1419.0,0.004137456817788889
1428.0,-0.0037991733503908278
1437.0,0.002877162686303044
1443.0,0.014709931982516947
1451.0,0.014981525278004655
1465.0,-0.011241427670368051
1473.0,0.011369733670047103
1479.0,0.008552360166793053
1487.0,0.004514978568144629
1498.0,0.008931364245728202
1507.0,0.015343481741922618
1518.0,0.00043437561088176713
1529.0,0.0004294845291691429
1536.0,-0.015098716636274311
1545.0,-0.008066106182616837
1553.0,-0.002027813787022149
1564.0,0.007677675486940505
1568.0,0.019675377429465755
1576.0,-0.0007372209057739283
1584.0,-0.007650923784782073
1592.0,-0.0026328642858905508
1599.0,0.004844776722048433
1606.0,-0.0007429375796085536
1614.0,0.0015369814281714312
1621.0,0.003977516956209733
1629.0,0.010248507616691114
1636.0,-0.010332999712842107
1643.0,0.01300796343640512
1654.0,-0.002626174325768662
1661.0,-0.01534585812528708
1670.0,-0.026492680730289438
1675.0,-0.011740450220757195
1683.0,-0.0012938875528966378
1691.0,-0.004921189148793239
1700.0,-0.025014053350971455
1710.0,0.03283383854562504
1714.0,0.023429205095578453
1723.0,-0.012417403038004263
1732.0,-0.0015840794091525052
1739.0,0.0014255097032263716
1747.0,0.01597022538643394
1753.0,-0.0070791492779498635
1762.0,-0.0062476731231911765
1773.0,-0.003712847313989663
1784.0,0.0054639922460551545
1791.0,-0.0170271738982432
1797.0,0.0057384315247235255
1804.0,-0.000936611337667503
1813.0,0.001443773636284383
1820.0,-0.01465888271226471
1831.0,0.01331713522914657
1838.0,0.006632551642552903
1847.0,-0.020944460343862163
1856.0,0.009995222790255116
1863.0,-0.004294079666972679
1871.0,-0.011795803266877828
1885.0,-0.01400039259880712
1893.0,-2.707107699695896e-05
1900.0,0.005161934048550944
1914.0,-0.0108292560952731
1922.0,-0.0010667207110095053
1931.0,0.008223810940359845
1942.0,0.009130390442830942
1948.0,0.009192611910788498
1956.0,0.009458488297522483
1965.0,0.006429221026417435
1973.0,0.017159650750425377
1982.0,0.019783120409082457
1990.0,0.01151888149762776
1998.0,-0.004497316813046466
2005.0,0.0034792570133496295
2014.0,0.014688487907850621
2018.0,0.005635760770454701
2023.0,-0.0008791949945589254
2031.0,-0.02154801467700014
2039.0,-0.002597951786997849
2047.0,-0.01376777505138794
2055.0,-0.012695373447898567
2064.0,-0.0045151831207734675
2072.0,-0.002100298700123744
2084.0,-0.008648479939518085
2090.0,0.002825447341139609
2099.0,0.012054947061104706
2106.0,-0.010953356007878088
2117.0,0.0011522383103527666
2125.0,-0.011663563286702084
2133.0,-0.008175300212266192
2145.0,0.005040362089920956
2157.0,0.0016270469316538028
2164.0,0.000780121666768923
2172.0,-0.013797928868516128
2180.0,0.006213301874930019
2188.0,0.016125695401797677
2196.0,-0.012172548608555938
2204.0,-0.0005650723205765444
2212.0,-0.008026528300921707
2222.0,0.014510073842095884
2233.0,-0.016684056871423113
2244.0,-0.01121286772828418
2252.0,0.006447173449226679
2260.0,0.01512515459196007
2271.0,-0.009930087550848954
2282.0,0.035581143113928765
2286.0,0.006942842287228137
2295.0,-0.010786461803040806
2307.0,-0.019904970054324497
2314.0,-0.00760260504535278
2322.0,0.0031804310049113587
2332.0,0.021441215118066553
2340.0,0.004628313041389813
2354.0,-0.00900052743472084
2363.0,0.013763610992722468
2371.0,-0.011382241345937707
2377.0,0.026531048278404093
2385.0,-0.0014158535091801329
2390.0,0.02478930880175507
2398.0,0.020315944306738904
2407.0,0.004264360014186587
2415.0,0.0014481745754254206
2422.0,0.012511248477798853
2428.0,0.0015449900577394187
2433.0,0.015965887109572474
2440.0,-0.00016320776308128394
2448.0,0.00449352511338361
2455.0,-0.02519103985930168
2463.0,0.019168641747302137
2472.0,0.01647950208711402
2481.0,-0.005100418066007793
2489.0,0.0017660735165503586
2495.0,-0.0027020288797735296
2503.0,-0.011993391343224791
2509.0,0.007875474014655916
2517.0,-0.016436843115460464
2523.0,0.0017718224260538156
2531.0,-0.015961563435901095
2539.0,-0.002466249589712459
2547.0,0.010796711854321258
2555.0,-0.0038235982427281536
2563.0,-0.012250602215722065
2575.0,0.006645243162392206
2581.0,-0.02018172835252931
2591.0,0.00848157959765956
2598.0,-0.014338860323070276
2606.0,0.006002105282952545
2612.0,-0.025755906833408903
2617.0,0.022658496944144898
2625.0,-0.0002287330660756153
2633.0,0.013603492103315375
2640.0,-0.0065113362217512445
2644.0,0.021575373245175052
2652.0,0.017228761637949105
2659.0,0.02193049095922326
2667.0,0.01350781270166982
2676.0,0.019397286879346207
2684.0,0.005677920323704078
2692.0,0.01723590691062656
2700.0,-0.0016506966188642059
2706.0,0.017266598741821848
2714.0,-0.01351735134261045
2725.0,0.011542417340987094
2731.0,-0.01174231554107231
2739.0,0.00512058309825203
2748.0,0.011339351378659147
2756.0,0.007768317204127141
2763.0,0.013116069468450158
2774.0,-0.008054288769029083
2779.0,0.00697780422645932
2787.0,-0.005508834197149936
2792.0,0.011377419760045589
2799.0,0.006236774639213026
2808.0,0.017468790926983384
2817.0,0.022446595924348306
2825.0,0.022913193177519425
2834.0,0.012976155608238104
2840.0,0.019892403293286398
2848.0,0.007064348251927037
2857.0,0.01788444336028247
2865.0,0.019856931417609747
2873.0,0.01655192149100557
2881.0,0.013599554304550848
2888.0,0.01721167962788229
2896.0,0.02134604859719151
2906.0,0.0006078476950025339
2918.0,0.011046362352786701
2926.0,0.003783790146575857
2934.0,0.009798699505730302
2943.0,0.010226096826922545
2951.0,0.002483484487833469
2958.0,0.011801176157718961
2967.0,0.010499126295258523
2972.0,0.016589432370589074
2979.0,0.0182329858427745
2988.0,0.02136915016614716
2999.0,0.008332300379418818
3008.0,0.001859773351399984
3015.0,0.0007737449450973805
3027.0,0.013202891374790596
3037.0,-0.005197039648988809
3045.0,0.0013585130337658983
3051.0,-0.003378746327284741
3056.0,0.02025181804115554
3064.0,-0.00017984282993130634
3069.0,0.017511070591429204
3080.0,0.004500922128333938
3091.0,0.010460438602472096
3099.0,0.00820409327882412
3107.0,0.013477425411124781
3116.0,0.02137002776509635
3127.0,-0.033872190116447515
3131.0,0.021599405464889462
3139.0,0.011841102048748345
3150.0,-0.01664664591513748
3158.0,0.02317404982686225
3167.0,0.01084581904188806
3178.0,0.007274906174359887
3186.0,-0.005998811424772288
3190.0,-0.003739891146588871
3200.0,0.019345681285269506
3211.0,0.01223176541565552
3219.0,-0.010720929587175318
3230.0,0.01987656209706738
3244.0,0.018609965679927287
3255.0,0.011221850975074606
3263.0,0.01686159408222878
3274.0,0.00018572660620554834
3280.0,0.016904652716133846
3289.0,0.014626557216489013
3297.0,0.009517285540006058
3302.0,0.005686851935981777
3311.0,-0.024497997078464232
3317.0,0.005743874125662425
3328.0,0.021191483929634786
3338.0,-0.006202026353972513
3350.0,-0.009929966271114931
3359.0,0.008765876360263068
3368.0,-0.004841833920387325
3379.0,0.01899430865900728
3390.0,-0.004322654892561588
3395.0,0.012114948366215612
3402.0,0.005526759318863368
3410.0,0.01612316153485873
3418.0,0.009528470356717365
3427.0,0.0027095057291946422
3432.0,-0.005253964049385938
3444.0,0.016911278687824872
3452.0,0.023998759661415382
3463.0,-0.020290297856963815
3467.0,0.01964173918041422
3473.0,0.020232340058665026
3477.0,0.010714391347611235
3484.0,-0.00816063329266286
3489.0,0.015482675019539562
3497.0,0.012981136856601598
3505.0,-0.0016657258628120712
3515.0,0.018815544816641987
3523.0,0.016126661000520223
3534.0,0.011907542436521455
3541.0,0.013213367300677133
3550.0,0.011165500092317026
3559.0,0.0111644096540775
3566.0,0.012799273115776291
3575.0,-0.001592233718876604
3582.0,0.009075732344573935
3590.0,0.015827238797935336
3599.0,-0.012310933691292299
3607.0,0.016779051599662934
3615.0,0.0018155867965332436
3624.0,-0.002143981866981878
3633.0,0.011464123970881935
3640.0,0.01198082640698124
3647.0,0.014887406778966078
3655.0,0.021377273758223306
3663.0,0.00669262369801442
3671.0,0.017162243184302525
3680.0,0.017297553822050636
3686.0,0.01416252459826483
3694.0,0.00037103734647450816
3700.0,0.01744699154180203
3706.0,0.020206498695608786
3715.0,0.004992698071339435
3722.0,0.015552746213577417
3730.0,0.007140880556283919
3736.0,0.005312603759510742
3745.0,0.012636097458203818
3753.0,0.0035980671469910863
3762.0,-0.00017921351649952664
3771.0,0.014061123881305697
3780.0,0.01859204096470991
3788.0,0.014906845925590021
3797.0,0.013286528031909833
3805.0,0.002455997068520985
3813.0,0.016405688851291244
3822.0,-0.0018806939721616076
3830.0,-0.018074886877816842
3836.0,0.0005341249144916896
3845.0,0.00334727448135144
3853.0,0.006162689496668286
3860.0,0.020402871527612217
3869.0,0.00043473647619567536
3875.0,0.005606618455009702
3886.0,-0.013127635344408653
3897.0,0.00010506881085301867
3904.0,0.002633579045050813
3911.0,0.011606007773453672
3923.0,-0.024440095148870626
3931.0,0.006203737076077069
3938.0,-0.019353254234768823
3942.0,-0.0038572289075809937
3950.0,-0.008302757492881984
3959.0,-0.014754717561761083
3964.0,-0.034958311040339654
3968.0,0.008816800092851657
3973.0,-0.013098948659425775
3981.0,-0.022108476186057574
3986.0,0.014270756251103415
3994.0,0.003033155178295303
4003.0,0.020974276806748317
4012.0,0.013523343095470066
4018.0,0.0026382439547690283
4027.0,-0.019186568718163335
4034.0,0.007462303019258138
4042.0,-0.022891638646017835
4047.0,0.012337632072061287
4053.0,0.0013263205599536798
4062.0,0.017493635399386594
4071.0,-0.005491192977265832
4080.0,0.005415886505855882
4087.0,-0.004847743360444836
4095.0,-0.019447592737502437
4109.0,-0.0040422000446973475
4117.0,-0.008233870593820001
4126.0,-0.015149425472863716
4137.0,0.011116874383130979
4146.0,0.01222662259414516
4152.0,0.005580193673122182
4157.0,-0.005124490460692253
4165.0,0.003062434691064693
4172.0,0.013002572623373227
4179.0,-0.00924227109353509
4184.0,0.0036700422085170913
4192.0,-0.004478447764615166
4198.0,0.01659073191137039
4206.0,0.02179807951718989
4215.0,0.013020817759116069
4222.0,-0.0012598385546644343
4230.0,-0.048427199430321886
4234.0,-0.011457571351334404
4242.0,-0.009164289305474558
4250.0,-0.017607002061029546
4261.0,-0.0060454797292493565
4270.0,-0.003537082357855821
4280.0,0.035981698772864716
4284.0,0.01843651568195559
4292.0,-0.008908307064287467
4300.0,0.024627484522408045
4308.0,0.01377108031180558
4319.0,0.0006205642983977442
4328.0,0.010047643430357895
4336.0,0.013217041439643118
4344.0,0.018141704515940087
4352.0,0.013039288420634077
4360.0,0.01137138654880912
4368.0,0.013427036182734612
4377.0,0.006857194180820651
4385.0,0.026943868217601842
4393.0,0.014905484351692673
4404.0,0.018994618814521132
4412.0,0.007311771257301045
4420.0,0.021244448926225262
4429.0,8.087789611104761e-05
4435.0,0.010911622514668694
4443.0,0.016360567989006463
4457.0,0.012941775836156987
4466.0,0.019291011508937157
4473.0,-0.009798777979726687
4482.0,-0.0074587422251254955
4488.0,-0.004611731604591717
4496.0,-0.02716425674085154
4504.0,0.017431337191348407
4512.0,-0.015261647387732127
4518.0,0.018681434301384813
4526.0,-0.021305153073278668
4534.0,-0.002505772617789582
4541.0,0.004338862132396612
4553.0,-0.024606596882117606
4557.0,-0.007635918893623836
4563.0,0.002128276549663073
4571.0,-0.009766687257168295
4577.0,0.01814291063325569
4584.0,0.0026693893077820038
4588.0,0.0002797544081075308
4596.0,-0.017923447626506783
4605.0,0.00741616171724911
4613.0,0.019755659016698707
4617.0,-0.004527829048128407
4625.0,-0.011454192632206614
4633.0,0.016698495739403792
4642.0,-0.005395042412373066
4650.0,-0.007599545232478529
4657.0,0.02428871551095339
4666.0,-0.025621801813563803
4674.0,-0.016654574802230572
4679.0,0.00398781338986464
4686.0,0.012513928070619611
4693.0,0.011296819833473078
4701.0,-0.00710944622112142
4706.0,0.012132363632141327
4715.0,0.011921580286193624
4723.0,0.016775698351799904
4732.0,0.018407267018804404
4741.0,0.007011353684972113
4747.0,-0.011844937072379665
4754.0,0.020976791627902582
4765.0,0.0066030261430829445
4774.0,0.024984851806379972
4782.0,0.006667619269417008
4791.0,-0.002971818251158131
4798.0,0.011385869370321992
4806.0,0.010353462756357058
4814.0,-0.005881012838814664
4824.0,0.006462087170679458
4838.0,0.010030706777757569
4846.0,0.010275825092304482
4855.0,0.022819914216425964
4864.0,0.006802341598130524
4873.0,-0.016869209614769044
4879.0,-0.004990134849827798
4886.0,0.006799039026331073
4893.0,0.020201775016116676
4902.0,0.002658442312583981
4911.0,0.011998100340711608
4920.0,0.0022148316380035007
4931.0,0.02149551587785419
4940.0,-0.014601406140378177
4945.0,0.004835979295216432
4950.0,0.008784136692577781
4957.0,0.004666663681168748
4966.0,0.010284537243118001
4977.0,-0.002159827572762227
4988.0,0.005042899380801764
4995.0,0.009938030648466236
5007.0,-0.010688846562484249
5013.0,0.011872405546776522
5019.0,-0.0009693220406219639
5024.0,-0.013964515682167807
5028.0,0.01598112107533781
5040.0,0.0050537000773464335
5046.0,0.001965402154238752
5053.0,-0.0009402871360506946
5058.0,0.008132578000614663
5065.0,0.0014440701785350285
5076.0,0.01721410330564205
5083.0,0.01568529545506453
5091.0,0.02422223642586506
5095.0,8.311526113698058e-05
5103.0,-0.01984378478082369
5107.0,-0.011585079735156958
5115.0,-0.008768701194067271
5126.0,0.00022645778590923453
5136.0,0.023762792713395226
5144.0,0.023572087368557697
5152.0,0.013642498911674095
5160.0,-0.010186123994765471
5168.0,-0.003120598988821556
5176.0,-0.002594830435882971
5184.0,0.009339585484163993
5191.0,0.017967596991436137
5200.0,0.018840794206392727
5207.0,0.02089354698727749
5211.0,-0.02187348897133673
5219.0,0.015398929013407007
5227.0,0.0005986855992508143
5238.0,0.018247495588074168
5248.0,0.006804524332516095
5256.0,-0.01665677976697932
5264.0,0.0001209447405571614
5275.0,-0.007373962899091054
5279.0,-0.01448424586632309
5289.0,0.0165869191936116
5298.0,0.01716417314774418
5309.0,-0.006187389952306734
5316.0,0.002308894699351458
5323.0,-0.007512546065221186
5334.0,-0.009564248568717758
5341.0,-0.018937352027100892
5349.0,0.014871494245640679
5356.0,0.0019642149836041657
5363.0,-0.015333658333683784
5371.0,0.01187228266206134
5382.0,0.01689195451378688
5390.0,0.0036616043459924896
5401.0,0.01706116638778708
5408.0,0.020343932633682
5416.0,0.025125511061944644
5420.0,-0.008933317033850502
5427.0,-0.002196104550234735
5433.0,0.048237442613554345
5437.0,-0.005092160673173179
5446.0,0.02470627178392151
5455.0,0.010078046321059176
5462.0,-5.179190885164217e-05
5468.0,0.003952264483116473
5475.0,0.013299537680831601
5485.0,0.012882855935820827
5496.0,0.009666321063041652
5505.0,0.00568344748792413
5514.0,0.0006258404684138023
5525.0,0.007604989603529959
5534.0,0.009746658290633807
5542.0,0.006891590958522952
5550.0,0.005229091279081066
5556.0,0.011398981583181568
5563.0,0.00504196649070742
5572.0,-0.004117968107386247
5577.0,0.0049382572427136735
5589.0,0.012887758426481431
5597.0,0.0060974360147504235
5602.0,0.017013592046267536
5610.0,0.019021646892075857
5621.0,0.02142561846684443
5631.0,-0.007166833496877155
5641.0,0.013157519257051952
5648.0,0.001698925140082389
5656.0,0.022273888343584583
5664.0,0.018135224672102542
5672.0,0.01243165849165304
5680.0,0.0033382769578526104
5688.0,0.019362882798105968
5696.0,0.013952487877032852
5707.0,0.0075511750468820055
5713.0,0.015412381203588113
5721.0,-0.009231094551263646
5729.0,0.020205979167074513
5737.0,0.022966983935183125
5745.0,0.0031701912742484457
5752.0,0.014279712152189386
5760.0,0.01519931220817437
5768.0,0.018221132473841682
5777.0,-0.0025383283495098567
5789.0,0.00470299943304688
5797.0,0.013890243000324128
5808.0,0.00960933419207663
5816.0,0.006021831665646951
5821.0,0.018606760459882753
5829.0,-0.017368431899988365
5836.0,0.008724972213796492
5843.0,0.03065971807759511
5847.0,0.017461404427749842
5856.0,0.0031069915001140096
5864.0,0.0016788629553776222
5873.0,0.024527881577205538
5882.0,-0.0038893951528642455
5890.0,0.000984248254719878
5895.0,0.00899086330292026
5904.0,0.011294209957164441
5913.0,0.00640277825371451
5925.0,-0.0007717495002722538
5936.0,0.008328221192675274
5944.0,0.018546527239760708
5952.0,0.018957149137342044
5961.0,0.007861122654444946
5969.0,0.02060568191572876
5978.0,0.007981723816980486
5985.0,0.01608546440762468
5991.0,0.02465714037377605
6002.0,-0.003974899155282315
6010.0,0.02072420792815173
6019.0,0.011720378558564153
6023.0,0.008668989952059192
6037.0,0.0028629479235137696
6044.0,0.014085082808449343
6051.0,0.017068188466679162
6060.0,0.002109539359399775
