,5
6072.0,0.00357688142208563
6080.0,-0.0011958133433509135
6087.0,-0.004852196999850333
6096.0,0.00032351173554074985
6108.0,-0.0017491228100240785
6117.0,0.0018841558444482143
6125.0,0.0027018434317758705
6132.0,0.00302787786079723
6139.0,0.004466189421774842
6146.0,-0.0020102410517623677
6150.0,-0.002781946988742644
6155.0,-0.010187915136507526
6162.0,-0.003720205395659696
6166.0,0.0018162438049198894
6173.0,0.0007416088791322228
6177.0,0.0027267509081215003
6186.0,0.002085552568012688
6192.0,0.002482850103803895
6197.0,-0.0011972857834331807
6205.0,0.0005779522972566128
6212.0,0.0020603494645005434
6220.0,0.00019882790923346578
6229.0,0.0006282444486029849
6237.0,0.0008216905478871621
6245.0,-0.0002974559360229015
6254.0,-0.00237750532211122
6262.0,0.0031119149852926725
6272.0,-0.002868307587378097
6283.0,0.005235230247150561
6290.0,0.000200568823410208
6298.0,-0.00028816818856001916
6307.0,-0.004774752661815913
6319.0,-0.010046637949038139
6327.0,-0.004185809880469045
6334.0,0.006774936656013805
6341.0,-0.0006560786971916865
6349.0,0.0064955757248180215
6358.0,0.003475436677743049
6366.0,0.00026604901375476813
6372.0,0.00025196258659152904
6384.0,0.003183487524845539
6395.0,0.0007048200847140268
6404.0,0.0012877611801581832
6413.0,0.00524019301658604
6420.0,-0.0018598876717626606
6427.0,0.00015463221865112236
6435.0,0.002269197428045481
6443.0,-0.0013908970689175187
6447.0,0.011403359870856868
6456.0,-0.00020649952641879765
6463.0,0.0009248857935196133
6469.0,0.00121071035013416
6477.0,0.0016252934118358528
6485.0,0.001218141751436051
6493.0,0.00021875525673483107
6501.0,0.0001775933540930952
6509.0,0.0038976693106872492
6517.0,-0.0005449838313031371
6524.0,-0.000830149790375723
6529.0,-0.0024740713997537626
6533.0,-0.0018094437327609396
6542.0,0.000788185189024176
6551.0,-0.0002699793552538193
6560.0,-0.003875089021072032
6572.0,0.0017795948474514567
6578.0,-0.00027453290048780994
6583.0,0.002183763545876024
6591.0,0.0011012128352311265
6602.0,0.002514790266764234
6610.0,0.0016269473227646521
6619.0,-0.0002799950936634543
6631.0,-0.00025506029469893245
6639.0,0.0007860053369146084
6650.0,0.005701736920451089
6657.0,0.0021571438775202303
6661.0,0.0042422887444627695
6670.0,-0.001211565664006104
6674.0,0.0019258368977257306
6685.0,0.0010931633217113636
6693.0,0.0008877492073803422
6699.0,-0.0001838399658932021
6706.0,0.0014591227028769086
6717.0,0.001337679871010697
6722.0,-0.0001568102306593629
6730.0,-0.0014161132615681425
6738.0,0.0013383384601626579
6746.0,-0.0003804117950714837
6753.0,0.0011111915317798366
6762.0,0.00024729183361264675
6768.0,0.0011004678990647557
6779.0,0.0007941838079668831
6788.0,0.00011171410661429618
6796.0,0.0011549128389550492
6804.0,0.001470588890610964
6814.0,3.487387048569871e-05
6823.0,0.0014659212453492858
6835.0,0.001129478934155553
6846.0,-0.0007123278510816673
6855.0,0.00046100290578852076
6864.0,0.00029479192148014634
6872.0,-0.0007260421307245368
6881.0,0.0014650252032340537
6892.0,-0.0025016654850833486
6899.0,-0.0017349334393799
6908.0,-0.004073545854833474
6916.0,0.009991516620813658
6922.0,-0.010707813439274455
6930.0,-0.0008220182391220515
6938.0,-0.004698806451407689
6945.0,0.0035595679046969177
6952.0,-0.0006336972591555482
6960.0,0.0024444060372655224
6967.0,4.691082071231098e-05
6975.0,5.857312195883454e-05
6982.0,0.0007997722190546588
6986.0,0.00036800513113243724
6994.0,0.0008974955413571868
7003.0,0.0008540795630685753
7009.0,-0.0010254952218499318
7017.0,-0.0019035125308252859
7025.0,-0.006044279893701192
7030.0,0.016407784240599552
7035.0,0.0020692185303644735
7046.0,-0.001526698116196398
7053.0,0.0035141443953732375
7060.0,-0.0038070930232372746
7069.0,0.0008896945190685121
7075.0,0.0014525152473181732
7086.0,0.00324655230359893
7095.0,0.00019170382533117416
7100.0,-0.0001773637300678114
7109.0,0.0007550035447121994
7117.0,0.0013818064221201016
7125.0,0.0007310235434554146
7130.0,0.0007822670789501916
7141.0,0.000997348846680704
7147.0,-0.0020391472439955298
7159.0,-0.007414275628004271
7163.0,0.00281595778350317
7171.0,0.003442968040129064
7178.0,0.0014816253275080837
7190.0,-0.0021826590336925748
7198.0,0.0032085585623582895
7207.0,-0.001244496747278213
7214.0,0.0020220505053262076
7220.0,-0.00033530928580932743
7225.0,-0.0036892111254556792
7234.0,0.0020899525742658627
7241.0,-0.004001618508735623
7252.0,0.0053728620839457964
7261.0,0.0020948569052229057
7265.0,0.006227950564412483
7272.0,0.0021095854797221346
7281.0,0.00352166021493618
7289.0,3.4078963096634407e-06
7294.0,-5.417978876297397e-05
7305.0,0.0004720239683849699
7317.0,0.003685445512732748
7324.0,0.0009044570521323896
7332.0,0.0019268590893332133
7339.0,-0.00045009202149383175
7350.0,0.0003614147527241143
7359.0,0.0005344935414879462
7367.0,0.00016555447359347015
7378.0,-0.001049937352435278
7387.0,-0.0023801999792046613
