,3
2.0,0.003415773460796013
10.0,0.006208446773542636
18.0,0.00669050241733431
22.0,-0.022001275176584973
26.0,0.008061207848599485
37.0,0.006570896442981905
46.0,0.01637095609832841
52.0,0.01724972881664935
61.0,0.025820490613605796
70.0,0.008085654584441888
78.0,0.013580056308798405
84.0,0.008132328801938947
94.0,-0.0001988266492971103
101.0,0.005173135146991124
115.0,-0.003187651132745749
124.0,0.004428484287550464
131.0,-0.02377446641853414
136.0,-0.012008937053835291
144.0,0.004343270362165889
156.0,-0.024547384243891905
166.0,-0.013832149952805616
178.0,0.010737597763378464
184.0,-0.004117176590935577
190.0,0.008048763324723781
201.0,-0.013933183033343224
210.0,-0.010526810354807818
216.0,-0.02626375918207243
220.0,-0.006604540397734443
224.0,-0.011879222412871576
231.0,-0.014133466006745237
239.0,0.01050129134478935
246.0,-0.003448698890273036
254.0,0.007911739620298711
261.0,0.01586388770987459
270.0,-0.010353228993537147
284.0,-0.003919918262182089
291.0,-0.008732258934718743
299.0,0.0071660330753646395
306.0,-0.0011569395994596894
311.0,0.005229537634647296
316.0,0.014533551008982269
326.0,0.02117570296816677
332.0,0.008696188937780425
341.0,-0.01512631236989043
349.0,0.004182713477669507
357.0,-0.011177687708548063
365.0,-0.009459551227312367
377.0,-0.020888173840146455
386.0,-0.0004078223854662059
393.0,-0.007619068941258753
407.0,0.003119849943361257
415.0,0.012715474252108809
419.0,0.009483948309461242
430.0,-0.011413273782735229
440.0,-0.021106472818088088
448.0,0.01863358830541638
456.0,-0.0028139571762214894
467.0,0.011423663340148897
476.0,0.0035282417885441368
484.0,-0.0017655525537347459
493.0,0.015448861152499835
501.0,0.013681515391461065
508.0,0.005952920551534158
513.0,-0.017404772044678437
522.0,0.0032673149085248915
533.0,-0.010683490588987586
544.0,-0.026291114580103945
548.0,-0.00826589087769964
555.0,0.014010776374629112
562.0,-0.013697270710211654
567.0,-5.896474346775342e-05
575.0,-0.011823310592918666
586.0,-0.004207495613432125
593.0,0.005684011503767383
603.0,-0.0006342990428704991
610.0,-0.025944426553249272
614.0,0.005499389239788951
625.0,-0.018351084061146973
633.0,0.007363495803117351
641.0,-0.009846045163989762
649.0,-0.00551187922606094
653.0,0.008214466053249055
662.0,-0.01963879069095349
670.0,0.00935265799797558
682.0,0.016192277007947172
688.0,-0.0007343554967345085
698.0,-0.016329529540919787
706.0,0.005085202686737161
714.0,-0.006932189591767877
722.0,0.003038808604993139
730.0,-0.009888500126067214
738.0,-0.01398639783710188
749.0,0.016048918251296448
757.0,0.00411184292275212
766.0,-0.009780567190190938
772.0,0.002953908874115145
779.0,0.003610534431507406
784.0,-0.0068455752123382585
793.0,0.0035850372776703022
801.0,0.0077405576666738345
808.0,0.022704190028902047
816.0,0.0014260859837527612
821.0,-0.015855670638068618
828.0,-0.012123006781357987
837.0,0.012938487438708849
844.0,-0.0035762184733573138
852.0,0.01733924611191417
861.0,0.025280347874871063
869.0,-0.004315645050179267
876.0,0.012805210395815966
883.0,0.0007531921121396934
892.0,0.026071745891128477
901.0,-0.0020407057624869324
908.0,-0.006945710389650327
917.0,0.013709165103433266
925.0,0.020204918183093223
929.0,0.00617158658663703
935.0,-0.0017534237160636333
942.0,-0.00433076713205121
948.0,-0.01019215470202039
957.0,-0.01117191633453938
962.0,-0.00013476830672771694
968.0,0.014707640088554992
972.0,0.01050806212053114
986.0,-0.007934933665521492
990.0,0.011768534832011422
996.0,0.018355115362724744
1004.0,0.0038836197165976697
1013.0,0.004000635457234948
1020.0,-0.013047476076780007
1024.0,4.905043078591599e-05
1031.0,-0.005341667622132299
1039.0,-0.013134905911140408
1047.0,-0.014514292547742546
1058.0,-0.011277124097899204
1067.0,-0.001935044273521139
1078.0,-0.0027693973679312517
1085.0,0.01056638307079748
1093.0,-0.0007868717950682824
1102.0,-0.0003984822593972516
1110.0,0.002416600912037559
1119.0,-0.008894896510966477
1125.0,-0.0006971056423783618
1132.0,0.0005226527928511268
1141.0,-0.011724135981028684
1149.0,-0.000985146867372477
1156.0,-0.012143079607766923
1164.0,0.007444286301099193
1172.0,0.012818152687627775
1181.0,0.026474973394890647
1189.0,0.015875062968209407
1196.0,0.019712415889861043
1207.0,0.009519672157028562
1213.0,-0.000438225969295547
1218.0,0.01202863511988511
1226.0,-0.0019166281944173417
1231.0,0.00422929878497397
1241.0,-0.0019916919613584823
1248.0,0.008797848782575706
1256.0,0.011435936491511412
1265.0,-0.011311839844001316
1272.0,0.013348573471293349
1279.0,0.005035487592945868
1288.0,0.015570220559422431
1294.0,-0.00861897845975857
1302.0,0.0037982685499512027
1310.0,-0.013070311070249453
1316.0,-0.020830657523977194
1321.0,0.008095621325744007
1325.0,-0.024370856026784498
1337.0,0.027420285131837654
1345.0,0.004834932014912857
1352.0,0.02338371532046779
1356.0,0.022837825903330854
1360.0,-0.017950994875038397
1369.0,-0.006787369639527232
1377.0,0.015835468141826566
1384.0,-0.00573449063250851
1390.0,0.0026565498166453965
1398.0,0.02707093095053263
1402.0,0.013796352464452767
1410.0,0.014961208771617874
1416.0,0.014616294456844882
1420.0,0.009757738787075216
1424.0,-0.004087419755121201
1431.0,-0.0237655772597205
1439.0,-0.007770179525024922
1447.0,-0.012980675604770571
1453.0,-0.02228767159869841
1461.0,0.009514977927671074
1465.0,-0.00754027872876471
1473.0,-0.007387583461757528
1487.0,-0.004243014072930073
1496.0,-0.021826303404989787
1500.0,-0.0005753104191621161
1508.0,0.010412386162619955
1515.0,-0.023802477063183194
1521.0,0.0028951698106161883
1535.0,-0.0061680479527627995
1539.0,0.005543144366647838
1549.0,-0.013380683675496264
1556.0,-0.004820360021110624
1563.0,0.013477440226393592
1569.0,0.018496593851850485
1573.0,0.01927489376896938
1579.0,0.0020492834654486968
1584.0,-0.012528385978164821
1592.0,-0.01784997258847752
1601.0,0.00258909580803904
1608.0,0.0021585771333586063
1614.0,-0.0004769464317957538
1622.0,-0.01415005484176117
1634.0,0.012073975451523502
1641.0,-0.017641014701235896
1650.0,0.01972446612943547
1658.0,0.009709235432527295
1666.0,0.01939455764290401
1677.0,0.004946535025265324
1689.0,0.017272883691564427
1697.0,0.016430764203222776
1705.0,0.01164149136832284
1719.0,0.004911579941045199
1727.0,0.022505815480824493
1735.0,0.017410622376309862
1743.0,0.010006302252744076
1750.0,0.011119318757813414
1758.0,0.006013249332819705
1765.0,0.0214901955315281
1774.0,-0.007303829410054337
1782.0,0.008707683879243724
