,4
2.0,0.003762210101258679
10.0,0.00731567182042908
18.0,0.0039699234218735285
22.0,-0.0016717671729895632
26.0,0.0037069729079337965
37.0,0.0033497512558410734
46.0,0.01270338476896487
52.0,0.007613150245872128
61.0,0.005488859214437543
70.0,0.008680785836210023
78.0,0.0012873436202200579
84.0,0.006500715785975066
94.0,0.006229187801548234
101.0,0.003597078030553869
115.0,0.004575222282857519
124.0,0.009528319843299203
131.0,0.0007992820881154382
136.0,0.005925430536191029
144.0,0.0033089510736418887
156.0,-0.003256250701353058
166.0,-0.008411778625396946
178.0,0.0026508372578972752
184.0,0.004997081707666231
190.0,0.0037266885118153793
201.0,-0.004331399480875783
210.0,0.006123034402025803
216.0,0.002297616214525776
220.0,0.005093575128749513
224.0,0.007845698345367458
231.0,0.002213431984177725
239.0,0.004128129930864386
246.0,0.00440571269388813
254.0,0.007938192626102188
261.0,0.004130529078913567
270.0,-0.0002240218947842881
284.0,0.009477794285803842
291.0,0.0038740165713205747
299.0,-0.0005557170914027573
306.0,0.004693293289199499
311.0,-0.004731171071265378
316.0,0.007581725051983864
326.0,0.0015734539271970752
332.0,0.003425905648934658
341.0,-0.011159846138498934
349.0,0.004111373119982968
357.0,0.005427613072460616
365.0,0.001225377136854586
377.0,-0.0020710621331337152
386.0,0.008696315739175856
393.0,-0.0015088068226766019
407.0,0.0031904902951278573
415.0,-0.017899169687462177
419.0,0.011856311804028736
430.0,-0.0003328152819415035
440.0,0.005164117956677736
448.0,0.013141107820429052
456.0,0.002045432059783982
467.0,0.0017507736971924034
476.0,0.001946592145755024
484.0,0.001934687143152099
493.0,0.01012452171543453
501.0,0.008591863214777397
508.0,0.0013569766090650171
513.0,-0.0052145052553011235
522.0,0.0036712548324814393
533.0,0.0004177050975253148
544.0,0.012638298991245328
548.0,0.00566392421077633
555.0,0.006137894141624464
562.0,0.0029236476016384657
567.0,0.0014377846518588058
575.0,-0.001941711728605811
586.0,-0.005854686822783365
593.0,0.005709590767432938
603.0,0.0054144265891942454
610.0,0.0009143105403894331
614.0,0.0023585055596800075
625.0,-0.013762839412300406
633.0,0.00040987638512772197
641.0,-0.012221295040046945
649.0,-0.008954601233686448
653.0,-0.0004763451243970719
662.0,-0.01242664728016484
670.0,0.006612882749557795
682.0,0.005531876218774856
688.0,-0.010185019125780742
698.0,-0.006807602489815675
706.0,-0.000615656886149998
714.0,0.0032008347285964185
722.0,0.003823431992069905
730.0,0.0024298738449224657
738.0,0.0075646731125738565
749.0,0.010680753364022655
757.0,0.00591100134052237
766.0,0.001648336419031781
772.0,0.004587820926294319
779.0,0.004437781082821028
784.0,0.005046019163125921
793.0,0.00768000071743384
801.0,0.005136298945725057
808.0,0.016948174984541885
816.0,-0.0013030270011786232
821.0,-0.00019643923041896472
828.0,0.0017111691302710624
837.0,0.011338605928491301
844.0,-0.0019877322490363582
852.0,0.006527409737100731
861.0,0.016639610737538647
869.0,0.009058057572751662
876.0,0.003797695290104866
883.0,-0.004814150364912967
892.0,0.020953103068580163
901.0,0.0019407991439634599
908.0,0.0029737151609388595
917.0,0.011254008796017168
925.0,-0.00798695042229936
929.0,0.0018360095840248725
935.0,0.005827812021305559
942.0,-0.0015650098592791422
948.0,0.0073030515525986635
957.0,0.0018153481795117167
962.0,0.0024434588988920813
968.0,0.0020123772753011825
972.0,-0.0020142256304612935
986.0,0.005559844121583377
990.0,0.00010259379437133806
996.0,0.00249863196412322
1004.0,0.0011435640941748328
1013.0,0.014718362100257534
1020.0,-0.0004096940693763117
1024.0,2.087737838699544e-05
1031.0,0.002436032450042527
1039.0,0.0011847466392546806
1047.0,-0.004068033763843374
1058.0,-0.0009274474713553514
1067.0,0.005629210164799244
1078.0,0.0008494108291838293
1085.0,0.0010605678095722078
1093.0,-0.0015256043872397364
1102.0,0.003877277941385553
1110.0,0.002269591483571644
1119.0,0.0017446895834821736
1125.0,-0.002146873780107811
1132.0,0.00915874295702193
1141.0,-0.006076271285902029
1149.0,0.006518398554142758
1156.0,0.0028474139224460397
1164.0,0.007354183655352103
1172.0,0.013709685550445617
1181.0,0.020080526566826414
1189.0,0.006162047287910089
1196.0,0.007139617732031033
1207.0,0.0021429971333031673
1213.0,0.005644737595918296
1218.0,0.008669008919470172
1226.0,-0.0009931333006112288
1231.0,0.005267525503908207
1241.0,0.002917182946041725
1248.0,0.003188637067751384
1256.0,0.012538246425086622
1265.0,-6.073230865660482e-05
1272.0,0.016931201421628905
1279.0,-0.0032525624602416582
1288.0,0.005269424924873349
1294.0,0.008739147516330288
1302.0,0.005987724453303113
1310.0,0.004142433884394282
1316.0,0.006330004463488666
1321.0,-0.004313352540577736
1325.0,-0.009754526481274828
1337.0,0.013390506924572675
1345.0,0.008366294907137877
1352.0,0.0032024926632602735
1356.0,0.008282843887130775
1360.0,-0.0009379658544501299
1369.0,-0.003100339582250788
1377.0,0.008707254750472165
1384.0,-0.002548807953873607
1390.0,0.01288525450918493
1398.0,0.005483554841127868
1402.0,0.007625054186997494
1410.0,0.009501767104664556
1416.0,0.00629416457711618
1420.0,0.012929541919978966
1424.0,-0.0030477946719291646
1431.0,-0.0010947666759019098
1439.0,0.008295833515849782
1447.0,-0.004241202956580901
1453.0,-0.014366737903592575
1461.0,0.010625760835436433
1465.0,0.003013911616954677
1473.0,0.0008072346692917901
1487.0,-0.009871535265802428
1496.0,-0.0006426460219126687
1500.0,0.004380143912154015
1508.0,0.003917089144209434
1515.0,-0.008452529835063623
1521.0,0.005285439346187335
1535.0,-0.0013988795143490655
1539.0,0.010230462386536706
1549.0,0.0011322129641004402
1556.0,-0.006342013474439937
1563.0,0.007572262496573793
1569.0,-0.026691590190598472
1573.0,0.018241710071273804
1579.0,0.008526891769364752
1584.0,-0.012079152872204206
1592.0,-0.003718889840186076
1601.0,0.004177716999962537
1608.0,0.007939931670602772
1614.0,0.0030763064689920214
1622.0,0.0008306272416558205
1634.0,0.00988302845651923
1641.0,0.0035320822457071163
1650.0,0.011102272756580756
1658.0,0.011082635287801951
1666.0,0.006785610716234059
1677.0,-0.003746626468022079
1689.0,0.016858250287163437
1697.0,0.011499124063707372
1705.0,0.006645117761549864
1719.0,0.004914550106884183
1727.0,0.008543350117706053
1735.0,0.006079473697062674
1743.0,0.005564456159243255
1750.0,-0.0002187296185666485
1758.0,0.003969176406047646
1765.0,0.004461114500836418
1774.0,0.0016456795431301385
1782.0,0.009125057266022378
