,6
1791.0,0.009701254053371354
1798.0,0.0029025915310492735
1804.0,0.0028259665381413115
1808.0,-0.0019666549955653684
1812.0,-0.00025238987400933235
1821.0,0.00021981210018788729
1828.0,0.002170414492031252
1834.0,0.0003185506394344451
1840.0,-0.003073802075238425
1845.0,0.0013427637964478014
1850.0,0.0003211891299308659
1859.0,0.004316576173718226
1866.0,0.0019142703773603932
1872.0,0.00392112204004195
1880.0,0.0009000786194018277
1889.0,0.002015504413870235
1893.0,0.0019652058491925776
1902.0,0.0016536341694513537
1908.0,0.0034637671271567543
1915.0,-0.00048654639491139555
1921.0,0.0029846371059135384
1929.0,-0.0037281712255627956
1938.0,0.0009593512985309015
1945.0,0.0008553131855120419
1955.0,-0.003670903281952676
1961.0,-0.0048980470095446715
1972.0,0.006218889236897495
1980.0,-0.0014836694978987758
1991.0,-0.001766645495152661
1997.0,-0.005275988807493874
2006.0,-0.002236738810341669
2018.0,-0.003307034173215554
2022.0,-0.0003738377909351552
2030.0,-0.00016757784464590706
2039.0,0.0016111589905320894
2048.0,0.001284959746426198
2056.0,0.00010802655092293409
2065.0,-0.00162862343943244
2073.0,0.0009781910762337222
2077.0,-0.0019741071299686362
2083.0,0.000875001519248355
2092.0,0.0003508892302665097
2104.0,-0.0025601627356348525
2111.0,0.004368553301554498
2117.0,-0.0004541157838409968
2123.0,0.0023563999156397614
2129.0,0.002016612619645197
2134.0,0.0013840981749669453
