,5
1791.0,0.007394275609168175
1798.0,0.0036518361615343075
1804.0,0.01309513439876659
1808.0,-0.006758113652986863
1812.0,0.003234366619181342
1821.0,-0.0022634893790327982
1828.0,0.0003950675541034109
1834.0,0.0001918460938796299
1840.0,-0.002682006922437861
1845.0,-0.002802451327192774
1850.0,0.0008047317805197568
1859.0,0.0013824985202281297
1866.0,0.0012004301525256635
1872.0,0.006452333036263162
1880.0,0.008814107776535495
1889.0,0.0021547399460060167
1893.0,0.0007803201193513622
1902.0,0.0021719684719899313
1908.0,0.004113390538214356
1915.0,0.0008766981121193559
1921.0,0.001057204460112417
1929.0,-0.0021791079526327422
1938.0,0.003700531818346034
1945.0,0.002186187614026677
1955.0,-0.0028007679363656114
1961.0,0.0029971779292491253
1972.0,0.0066436929768284025
1980.0,0.0023308122697921394
1991.0,-0.00494523317762662
1997.0,-0.014196450099042147
2006.0,-0.002530927188262755
2018.0,-0.011188563582040659
2022.0,-9.986731753791173e-05
2030.0,0.0010430500510958626
2039.0,0.004291555963692377
2048.0,0.003936405725619003
2056.0,-0.0008887402397174072
2065.0,-0.00023759229338226175
2073.0,0.0009599168745305493
2077.0,0.0020115150093040117
2083.0,-0.0013889613140123404
2092.0,0.0004707058447660345
2104.0,-0.004907230601738899
2111.0,0.006848463894180277
2117.0,0.0021411703585254177
2123.0,0.0036371124293112216
2129.0,0.002229324753351539
2134.0,-0.002663156063223395
