,5
2.0,0.003141246112295292
10.0,-0.001226780807040168
18.0,0.0028814674185140064
22.0,0.0034588906704478813
26.0,-0.0020426999198001534
37.0,-0.000987620691459594
46.0,-0.0007912109320576105
52.0,-0.001325514436654722
61.0,-0.0056952547583201145
70.0,0.0035701470280810536
78.0,0.0009330160785119513
84.0,-0.0003026768959520206
94.0,0.00439207614638982
101.0,1.955421888872631e-06
115.0,-0.0013568486707059495
124.0,0.0016268372212275273
131.0,-0.00011198724167467483
136.0,0.0021398169947761804
144.0,0.0007036558601398069
156.0,0.0017470528805959595
166.0,0.0005295798900485032
178.0,0.0022696304238047386
184.0,0.008347501028099093
190.0,-0.0011265414766408203
201.0,0.008674978648689135
210.0,0.00012898038747459449
216.0,0.00040283351263431245
220.0,0.001132586894090343
224.0,0.00364218131597337
231.0,-0.0015528057188781326
239.0,-0.0009218809800441944
246.0,-0.0019585059138159926
254.0,-0.0004403921987206514
261.0,-0.0010555257379110702
270.0,0.0011261574085703518
284.0,0.0027949922291550474
291.0,0.0012956743947627422
299.0,0.0029633749311259038
306.0,0.0024869961198676865
311.0,0.0010624861701439292
316.0,0.0008929482383222925
326.0,-0.0029464642965342336
332.0,0.0019229274137434003
341.0,-0.0013741264771025255
349.0,-0.0003910264330897475
357.0,0.005317845991918763
365.0,-0.0012090693433844165
377.0,-0.0007271677207580394
386.0,0.0031374180670974607
393.0,-0.0006627198960931541
407.0,0.002304968635411061
415.0,-0.0004467050298482631
419.0,-0.0022270516748787296
430.0,0.0010731618653160853
440.0,0.0014456959815199635
448.0,0.0025244469946006706
456.0,-0.00036417905362177077
467.0,-0.002785066793739301
476.0,-0.002641820914804042
484.0,-0.004115355677045253
493.0,-0.002628227480576725
501.0,0.000140714094008096
508.0,0.0006931181726457058
513.0,0.0006069135554890837
522.0,0.0010742518194864726
533.0,0.0025736109112460192
544.0,0.005019470388681254
548.0,0.0030453935058402915
555.0,-0.0009992741295652484
562.0,0.0016020797784841898
567.0,-0.0008117648250648115
575.0,0.001802531530633204
586.0,-0.0011476267844523023
593.0,-0.0008409020328247
603.0,-0.009053535609980203
610.0,0.0017226946499558603
614.0,0.0030630162848735805
625.0,0.0024817908441474978
633.0,-0.004805445274932628
641.0,0.000699194187439561
649.0,-0.0036759875790769577
653.0,-0.001050601777148474
662.0,-0.0054137570984392125
670.0,0.0008643460647265441
682.0,-0.007518464931942489
688.0,-0.0033408591886396233
698.0,0.0010843287524065438
706.0,0.0037760533830268517
714.0,-0.00041684755042720054
722.0,0.0014764913403117058
730.0,0.0009142964043557333
738.0,-0.00015506975888744795
749.0,0.0006188762877000365
757.0,-0.0013231332360623738
766.0,-0.005473535092844878
772.0,0.00271643512162741
779.0,0.0013484330317053551
784.0,-0.0012098296333037078
793.0,-0.0004284577721112242
801.0,0.00033396172544582193
808.0,-0.0022381160156226217
816.0,-7.794770155845941e-06
821.0,0.002930381851700668
828.0,6.4061261093131075e-06
837.0,0.0003126637731032226
844.0,-0.004422071759950406
852.0,-0.00569947536486965
861.0,-0.0015989738466143564
869.0,-0.0007696422159107856
876.0,-0.0004314670875568852
883.0,-0.0052600187582848845
892.0,-0.001989722086073383
901.0,-0.004241341802242618
908.0,-0.008564071720876372
917.0,0.00030866074786069524
925.0,0.00011263897182757896
929.0,-0.001664491165251306
935.0,0.002781030073513195
942.0,0.0009550497205809614
948.0,0.0018310805088618206
957.0,0.0009955541887883643
962.0,0.002584853816390868
968.0,0.00010296247996820345
972.0,0.0012540118581027858
986.0,0.0013381865581383375
990.0,0.0008303060070503006
996.0,-0.00031449403603590664
1004.0,-0.0018890112570688472
1013.0,0.0023057453100612866
1020.0,0.0007803260926752345
1024.0,-0.008737309722604945
1031.0,0.001133631914298084
1039.0,0.003557750733101521
1047.0,0.0003699960625748313
1058.0,-0.001839403108602815
1067.0,0.0004905630975595726
1078.0,-0.0011599568212639741
1085.0,0.0008185365975732059
1093.0,0.0009948171519043138
1102.0,-0.0018331526262778067
1110.0,0.0010115293029467841
1119.0,0.002117234647290506
1125.0,-0.0009613680095514893
1132.0,0.0010676860758788266
1141.0,0.0012012021448978873
1149.0,0.004249416948767044
1156.0,-0.0005627946457855323
1164.0,0.004896742500839131
1172.0,-0.0035215517511247457
1181.0,0.0018914006575786039
1189.0,0.004934411997650035
1196.0,0.0006967626138923752
1207.0,-5.473415130048434e-05
1213.0,0.002419217848997138
1218.0,0.0021891039164736816
1226.0,-0.002227539586720525
1231.0,0.0005247270843473839
1241.0,-0.007645544495754201
1248.0,-0.0005436900807682951
1256.0,0.005530948785818625
1265.0,0.0041160439346783675
1272.0,0.007486687361605491
1279.0,-0.0026876798756785792
1288.0,-0.0026281972633069917
1294.0,0.003921232104456766
1302.0,0.0008133751548957367
1310.0,0.0029069751037266484
1316.0,0.0029606713561452303
1321.0,0.00046184920922726866
1325.0,-0.002641831601543855
1337.0,0.003998766762206867
1345.0,0.002124310856458777
1352.0,-0.003153010687413181
1356.0,-0.02023267504486499
1360.0,-0.0011744227452884668
1369.0,-0.000452140714776231
1377.0,0.0002316400291896571
1384.0,0.00019835594648979195
1390.0,0.0048006454938914105
1398.0,0.0014775660941111794
1402.0,0.004743735495424808
1410.0,-0.0031100909267178433
1416.0,0.0003338027605448179
1420.0,-0.002317304567168345
1424.0,0.003142856890406491
1431.0,-7.928677422834932e-05
1439.0,0.002137784512537954
1447.0,-0.0018946949984882694
1453.0,-0.004781198497395197
1461.0,-4.49284910747464e-05
1465.0,0.002798609688251702
1473.0,-0.0009766535204445473
1487.0,-2.3138757622142164e-05
1496.0,-0.000682896203221966
1500.0,0.001472079848838755
1508.0,-0.0010678659982068517
1515.0,0.0008219393259772866
1521.0,0.0039958033150187785
1535.0,0.002771713089147148
1539.0,0.004341656221959931
1549.0,0.008701508924157482
1556.0,0.0026913389429775647
1563.0,0.00192732273033129
1569.0,-0.002711227597618221
1573.0,0.006362587746914466
1579.0,-0.007475326131286172
1584.0,-0.0012442989912198404
1592.0,0.002259139249015788
1601.0,0.0018954447620827821
1608.0,0.0005633164799698472
1614.0,-0.0005011843823068585
1622.0,0.0021669282802178097
1634.0,0.001147986972253147
1641.0,-0.005225158722289793
1650.0,3.479179592432359e-05
1658.0,-0.0028800238344116416
1666.0,-0.0034530238460494587
1677.0,0.00175879714193868
1689.0,0.005663327375582669
1697.0,-5.134448359594025e-05
1705.0,-0.0010640186930960054
1719.0,-0.0004529714820560867
1727.0,0.00037647592882216976
1735.0,0.0017767646644205176
1743.0,0.0024865351001316567
1750.0,-0.0008117220451064957
1758.0,0.0014495356131526641
1765.0,-0.001958293703391651
1774.0,-0.0005789757411777998
1782.0,-0.0007658588717759672
