,4
1349.0,0.025849227064575958
1358.0,0.015808339228638148
1365.0,0.006224457404034583
1371.0,0.006237784287427738
1381.0,0.009332166167518164
1392.0,0.006550132130333845
1398.0,0.014048439406053123
1408.0,0.010762119411873649
1414.0,0.0024849908000832335
1421.0,0.0081181951495233
1430.0,0.0008273153238022066
1437.0,-0.0006882886948902117
1441.0,0.004956709647633262
1449.0,0.006920939325209124
1456.0,0.0037024751220371536
1464.0,0.008375563316759864
1471.0,-0.0018119889648431484
1479.0,-0.008615397492415286
1483.0,0.005096764790514205
1492.0,0.0012098344896654142
1496.0,0.005215772699779108
1504.0,0.00033233598050361245
1511.0,-0.0026836387770564347
1515.0,-0.005769754455966832
1524.0,0.010505530423982211
1532.0,-0.0030666488803463357
1536.0,0.006887115688168967
1544.0,-0.012976161157076479
1548.0,0.014062741358047064
1557.0,-0.004658074267390424
1565.0,-0.0033874393481773185
1572.0,0.0024175923249385167
1580.0,0.0002643041779480132
1589.0,-0.00028725336595324845
1600.0,0.01721305681423085
1609.0,0.008346912056818699
1618.0,0.005619707819951694
1625.0,0.008112518726011668
1630.0,0.003246288357305083
1638.0,0.007619213134694188
1645.0,0.013312329424632618
1651.0,0.003579971107544801
1659.0,0.00892808123461199
1666.0,0.0032208820877797865
1675.0,0.011996569001672707
1683.0,0.007752477847544961
1690.0,-0.0042619029574110755
1697.0,-0.0009608626146351756
1706.0,0.00540539924623381
1711.0,0.0012656024903006046
1720.0,0.013277331279643636
1725.0,0.006593530529205043
1729.0,0.0157342190455341
1733.0,-0.014986934052173207
1741.0,0.0005468799256207649
1751.0,0.006430480157655638
1758.0,0.0061368756183480385
1765.0,0.008264986268710445
1771.0,0.0038542950180554987
1779.0,0.003661612825120534
1785.0,0.00974089877204061
1794.0,0.0032583679358438125
1800.0,-0.003124676933487549
1804.0,0.008001452494412009
1813.0,0.006504054483077896
1820.0,0.0014505192809910023
1832.0,0.005092469475719138
1838.0,0.0006074177028026936
1849.0,-0.00026230840216001584
1853.0,-0.0020110397624690814
1859.0,0.0003845282531633288
1867.0,0.019375966167327126
1875.0,-0.011722932254219358
1884.0,-0.005639991644082507
1888.0,0.013490635672248374
1893.0,0.008534110646669264
1901.0,-0.004746844917694116
1905.0,0.002886334230034646
1916.0,0.0011115284700727454
1924.0,-0.0006682632771617974
1931.0,0.013627373677842117
1937.0,0.009545115654422998
1944.0,0.0047687412760398255
1953.0,0.006951384892201631
1957.0,0.0029330916625651573
1963.0,-0.005182685163393104
1972.0,-0.004398825712984739
1980.0,0.01247234962184103
1987.0,0.004587757920533238
1994.0,0.001973067156919008
1998.0,0.009490114921560343
2007.0,0.006388931432395651
2014.0,0.005211200247316497
2023.0,-0.0061958991079405406
2031.0,0.00383895361010852
2040.0,-0.000751368566222367
2049.0,-0.0070462252628822695
2058.0,0.009043636391908812
2065.0,0.005074368602625546
2072.0,0.003271974923369216
2081.0,0.007453716021057851
2088.0,0.008785161850239549
2094.0,0.009307522325465787
2099.0,0.0011156753468951263
2103.0,0.012978559705914133
2111.0,-0.004360759993788626
2117.0,0.005402138359970256
2127.0,0.0033927366791811223
2134.0,0.008794008497099439
2139.0,0.01252813139644767
2144.0,0.0034647237295459057
2152.0,0.008620857250197124
2159.0,0.006243596243970645
2167.0,0.01031945666017095
2175.0,-0.0015569955102801081
2179.0,0.010708916246891008
2190.0,0.004577911676893068
2197.0,0.002643225798222452
2208.0,0.0009171208050044881
2216.0,0.0033384479156723084
2230.0,-0.0036343953906533516
2234.0,0.003925226572832795
2240.0,-0.000288849820848239
2251.0,0.004225059179554885
2262.0,0.0010069009599125698
2270.0,0.005838785009389097
2278.0,-0.005494726896397415
2286.0,-0.005925555613735001
2290.0,0.009734387514979504
2297.0,0.006991733843167845
2305.0,0.002999727347102479
2309.0,-0.0029530003033666186
2317.0,0.004550490501519122
2325.0,0.00694777170419198
2334.0,-1.4071540574667142e-05
2341.0,-0.007903118958158711
2349.0,0.0050064254287456485
2358.0,0.008309135816369733
2367.0,-0.0075389525227966435
2373.0,0.00899152812525434
2381.0,0.012394165014622725
2388.0,0.00934978463405006
2395.0,0.0046344535470904105
2402.0,0.00477067805320033
2411.0,0.010212804696094549
2418.0,0.007779905399845184
2427.0,-0.002404891568171799
2435.0,0.01260433654878582
2443.0,0.011048340562203685
2450.0,0.00810964490915813
2457.0,0.010125044986276878
2464.0,0.002815995330223265
2471.0,0.0008739406948577009
2480.0,0.007199876426807786
2487.0,-0.0011525096275257416
2492.0,0.012177887948837566
2498.0,0.0009117315487269562
2502.0,0.006205663304005479
2510.0,-0.01291700549023333
2518.0,0.00024837694184710397
2528.0,0.005265113231344522
2536.0,0.007164716798696867
2543.0,0.009209346875752047
2551.0,0.004290907956450824
2559.0,0.007152183357636903
2566.0,0.0090989754174641
2571.0,0.0019656052827901464
2579.0,-0.0055916482598279355
2583.0,0.00746254187896089
2591.0,-0.0004275656020066709
2599.0,0.004974541278037254
2611.0,0.009086635279933374
2618.0,-0.0009385825151593756
2626.0,-0.00461826006390762
2630.0,0.010330569286865455
2636.0,-0.00282908717749188
2640.0,0.011375681038229377
2649.0,0.0026978427029212106
2658.0,0.00222360067716633
2662.0,-0.0048837939278083085
2671.0,0.01119557337561285
2679.0,-0.005625788300701129
2683.0,0.00314696428157878
2694.0,0.001635827363816809
2701.0,0.006847026484287023
2708.0,0.00537985730471302
2717.0,0.01499869560865532
2725.0,-0.0028654369737880943
2736.0,0.010364667574850888
2741.0,-0.010056677557044992
2749.0,-0.004481813705059627
2760.0,0.011843043750884939
2764.0,-0.013277253263512099
2768.0,0.018994088368057938
2779.0,0.02017563513307044
2788.0,-0.0012978550293259823
2792.0,0.010290802514045521
2800.0,0.013616766876858748
2809.0,0.013409521662002646
2820.0,0.007959402740866895
2828.0,0.005886821106872634
2836.0,0.01134360655202468
2843.0,0.007140690295753366
2850.0,-0.0006516731147584603
2859.0,0.007304910875521905
2865.0,0.009159114104759536
2872.0,0.007491637795376134
2880.0,0.0012996444983681594
2888.0,-0.015991095580228085
2897.0,-0.018809102756825912
2907.0,0.011498921875637535
2914.0,0.009857533370438452
2925.0,0.0007741970037020915
2936.0,0.00731737446410235
2945.0,-0.0018282163655489838
2953.0,0.002758080923588842
2958.0,-0.004467461723248985
2969.0,0.013633651281639533
2975.0,0.0016040272494994938
2979.0,0.006890562080124579
2984.0,-0.01104826407401719
2996.0,-0.0005842878463658563
3007.0,0.006337210597780702
3014.0,-3.2690338447063656e-05
3025.0,0.011496723920871579
3030.0,0.007105414169654598
3038.0,-0.00413103616821221
3044.0,0.004638456476873621
3054.0,0.006574431642721744
3063.0,-0.003860587609323167
3067.0,0.011854436715339856
3077.0,0.006006007167367405
3084.0,0.002536526994800642
3096.0,-0.0001456142680620799
3100.0,0.00028959637639604393
3111.0,-0.0030414731705031162
3115.0,0.002603511589543321
3123.0,-0.002176900900016202
3129.0,0.004715059364002006
3137.0,-0.007441880601239979
3149.0,-0.0005821037338931192
3159.0,0.0028612615001358714
3168.0,0.0030882903398072345
3176.0,-0.007952118054828485
3180.0,-0.00046002044407885437
3187.0,0.006764631052544486
3194.0,0.0011493671889175818
3198.0,-0.0035532466969376043
3205.0,0.0204205318420496
3214.0,0.010166722316934622
3220.0,-0.006133697934992898
3226.0,0.0022407650951566595
3237.0,0.007880977586379491
3245.0,0.01048107037408476
3252.0,0.0050289492333041915
3261.0,-0.0032767473299931903
3269.0,0.006700000174530272
3277.0,0.011770029811658873
3284.0,0.014439388300243033
3290.0,-0.010584206773301708
3301.0,-0.0021869305772055135
3310.0,0.004591249726562033
3318.0,0.002059441613843577
3324.0,0.004803598209779765
3331.0,0.004616036399086726
3340.0,-0.0009410470382558739
3346.0,0.0012201084828061591
3360.0,0.0005267300587689511
3367.0,0.006177186131115017
3371.0,-0.0005102784423095019
3382.0,0.0024284353119799523
3388.0,-0.0024433201259204673
3392.0,0.00040365473193104104
3396.0,-0.0008204442670619765
3405.0,-0.00162662136493302
3415.0,0.00042650002470934255
3425.0,0.007231241205118916
3432.0,-0.00021828715175594335
3439.0,0.0007036192703812402
3445.0,0.005125740332955362
3453.0,0.007889213887087522
3461.0,0.00828857147265667
3467.0,0.005184355409225512
3476.0,-0.007762650411824376
3480.0,0.010414089503155373
3489.0,0.006938727612572543
3494.0,-0.001045129262193413
3506.0,0.006685245612378808
3512.0,-0.00290660696514325
3520.0,-0.008851956800363544
3524.0,0.008479061475080875
3535.0,-0.018541493352195113
3540.0,0.017126290836394192
3549.0,-0.003248882914904746
3561.0,-0.003528761844766361
3565.0,0.003986566593539427
3576.0,0.012339066609664875
3584.0,-0.004895777730149005
3588.0,0.011864677222570253
3596.0,-0.009983279968118788
3600.0,0.00912905086672988
3609.0,0.0003392982433922298
3613.0,0.010464264464794074
3618.0,0.00727028405303908
3627.0,0.008633568619144018
3636.0,0.006018669226692288
3645.0,-0.00560465590274069
3651.0,0.007969763949020015
3659.0,0.0011958414949708434
3666.0,0.005064405314805664
3673.0,0.004527062295788999
3681.0,0.0063208141172384075
3689.0,0.008394553229550395
3695.0,0.01215657877927279
3706.0,0.0006077376592846115
3714.0,0.002597564689146935
3721.0,0.011239870803174267
3726.0,0.009347881300421822
3733.0,0.0019476493953195604
3739.0,0.0021648711961466767
3745.0,0.007531165429317505
3752.0,0.0006728288930807203
3757.0,0.010848651813999488
3763.0,0.0007476231580530969
3767.0,0.011205640957496347
3772.0,-0.011236412131867067
3778.0,0.00814107997476405
3785.0,0.003170579230809103
3789.0,0.00039291895061745375
3801.0,0.007163443770519955
3806.0,0.00923678676682807
3813.0,0.0048950796834809195
3820.0,0.010972431001493232
3829.0,0.009494368985777433
3837.0,-0.009614489113557546
3841.0,0.010923453607832097
3852.0,0.00023729499589115945
3859.0,0.004291369260290163
3870.0,0.007131637901041087
3875.0,0.0019465677521931773
3889.0,-0.0021328990507616663
3893.0,-0.000446155965155575
3901.0,-0.003231368036451741
3905.0,-0.0028426667871065386
3912.0,0.007140492079204045
3920.0,-0.009687862709453406
3932.0,0.015572646097781062
3941.0,0.01781413949739484
3949.0,-0.0012960126054486368
3953.0,0.010292716032306795
3960.0,0.00511588741562888
3964.0,-0.0057641744029030655
3973.0,-0.00022001237362491126
3981.0,0.018417555243118253
3990.0,0.0070009967189684184
3998.0,-0.004924887750991264
4003.0,0.0012317303173357168
4017.0,0.011218332847701972
4023.0,0.010525859145499552
4030.0,-0.0001542032480497988
4037.0,0.002899471662593596
4046.0,0.016687612259652183
4054.0,0.005280073593872102
4062.0,0.0013123614082762795
4066.0,0.0020141709419614117
4075.0,0.0011447682898906983
4084.0,0.0021668010272717173
4092.0,0.014399948210534088
4101.0,-0.01737644681385244
4109.0,0.0011593583513174928
4120.0,0.010530902228300316
4127.0,0.012178208570626957
4134.0,0.005396427167753878
4142.0,0.01081390139798432
4148.0,-0.0005255993718340761
4155.0,0.0020759871155915143
4161.0,0.0010392469209521587
4167.0,-0.006897438865821311
4171.0,-0.003337747040489114
4175.0,-0.00016862706039587306
4184.0,0.002015929975314574
4194.0,0.010332910288929967
4201.0,0.006041317892826294
4208.0,0.001742751218994913
4216.0,0.0011830522536199393
4224.0,0.0049029468371772095
4231.0,0.009748756136373283
4240.0,0.0026060630101441733
