,3
1349.0,0.004595258961964347
1358.0,0.012269717345815428
1365.0,0.003099192333305674
1371.0,-0.005957591289620652
1381.0,-0.0002569018088821145
1392.0,0.008229722306546934
1398.0,0.014280103851090718
1408.0,-0.0027688274814632974
1414.0,0.006765461087801016
1421.0,0.0027167859578790246
1430.0,-0.005667181303570277
1437.0,-0.02484258448892667
1441.0,-0.003276508338195148
1449.0,4.324548785399144e-05
1456.0,-0.01105029861533782
1464.0,0.004490522870798682
1471.0,0.004614867247699426
1479.0,0.04195687332988076
1483.0,0.00908432004272994
1492.0,-0.02414113447440355
1496.0,0.013663025554557845
1504.0,0.015796947722477913
1511.0,0.02338533538169797
1515.0,0.008471748260520181
1524.0,0.01638157711031303
1532.0,0.01266528939971095
1536.0,0.00919879937997943
1544.0,0.02074727129832467
1548.0,0.017576616396699062
1557.0,-0.002183799197213126
1565.0,-0.010468951924064529
1572.0,0.011852494449469531
1580.0,-0.00690840866647788
1589.0,-0.014735464681323066
1600.0,0.017332957060353454
1609.0,0.003798790097286889
1618.0,0.0033302155233088807
1625.0,-0.022431860031347367
1630.0,0.0001341170713002157
1638.0,-0.0032257918536738378
1645.0,4.584220747659128e-05
1651.0,-0.002604806093669464
1659.0,0.008114131488188526
1666.0,-0.012333543791033368
1675.0,0.01983095378700575
1683.0,-0.0013837117124076666
1690.0,0.011277066972059414
1697.0,-0.009821031477417285
1706.0,-0.027283640033018208
1711.0,-0.0033652006434709914
1720.0,-0.02124998434462509
1725.0,-0.018809355158569113
1729.0,-0.014647928910722384
1733.0,-0.009422386033870113
1741.0,0.008958867334755672
1751.0,-0.010266286830336773
1758.0,-0.013488095025498829
1765.0,-0.009609630494256977
1771.0,-0.012986917180327968
1779.0,0.010431454825466084
1785.0,0.015628985035725934
1794.0,0.015702102327565946
1800.0,0.02624864983616406
1804.0,0.0014678642488855785
1813.0,-0.001118840631700581
1820.0,-0.007707424073742875
1832.0,0.001243748218402574
1838.0,-0.010370023286022073
1849.0,0.03793173090887117
1853.0,-0.003324350143418164
1859.0,-0.0016229361175184713
1867.0,0.02394250324979258
1875.0,0.006671261815823572
1884.0,0.021398791508070985
1888.0,0.008217245078883134
1893.0,0.019269663135877226
1901.0,0.010348459927075393
1905.0,0.002633550934821291
1916.0,0.001047807741619871
1924.0,0.012145802038578471
1931.0,0.013869691887805125
1937.0,0.005738737245224821
1944.0,0.0027947871766257613
1953.0,0.01748242955302038
1957.0,0.0023308764337796268
1963.0,0.010662188541567969
1972.0,0.018010697273288658
1980.0,0.005727425421754938
1987.0,0.0038862255667023453
1994.0,-0.03783947150841779
1998.0,0.009222285609294216
2007.0,-0.0038814680605272324
2014.0,0.001471361968997746
2023.0,-0.020403270994914464
2031.0,0.0022420891600031887
2040.0,-0.01278624150519752
2049.0,-0.02030255817675574
2058.0,0.008308396766480264
2065.0,0.011033274130332726
2072.0,-0.005517602821958103
2081.0,0.005160136284832124
2088.0,0.005636917366541095
2094.0,-0.02194545247444978
2099.0,-0.025467723016987413
2103.0,0.020344350759224496
2111.0,-0.004829166571358185
2117.0,0.008116664415737605
2127.0,-0.01071669452147326
2134.0,-0.01875036789478595
2139.0,-0.02302467400084241
2144.0,-0.011946568229551596
2152.0,0.013992897616137565
2159.0,-0.007274313051652064
2167.0,0.01975524344664556
2175.0,0.023329273008816466
2179.0,0.009647303434081444
2190.0,-0.007261759649891973
2197.0,-0.001147260282168007
2208.0,-0.0049565954237791076
2216.0,-0.000660410175216321
2230.0,0.04155832709312222
2234.0,-0.00639859468287408
2240.0,-0.0020228239650365598
2251.0,-0.007564790008057826
2262.0,0.020717783129950113
2270.0,0.013635342092364163
2278.0,-0.0028155508580154625
2286.0,0.03627246309165908
2290.0,0.006787821260044045
2297.0,0.013776191191553792
2305.0,0.029026335618970094
2309.0,-0.022182720532362542
2317.0,0.003376365014182141
2325.0,-0.0007979909781843462
2334.0,0.005141608858716334
2341.0,-0.016332954475051134
2349.0,-0.01426370486141184
2358.0,0.009886731374293562
2367.0,-0.018246487415814753
2373.0,0.018985408182294633
2381.0,0.005714744836795814
2388.0,0.0026062667175700783
2395.0,0.0006071451282334572
2402.0,0.004711132827236941
2411.0,9.612002474885431e-05
2418.0,0.008701037716755525
2427.0,-0.011715638855433738
2435.0,0.013344533724636426
2443.0,-0.0002754324856911261
2450.0,0.002608051940727452
2457.0,0.0016285645938025114
2464.0,0.010977870757712433
2471.0,-0.009999961772384403
2480.0,0.0034157490257557305
2487.0,-0.018857007212140488
2492.0,-0.009433408171296516
2498.0,-0.02192696113459339
2502.0,0.019758333586890303
2510.0,-0.007668804795768643
2518.0,0.003950564873988162
2528.0,-0.0069631088581009245
2536.0,0.0005594159729205866
2543.0,-0.01742680060747489
2551.0,-0.006751836080287909
2559.0,0.015687403925435932
2566.0,0.00905184742086906
2571.0,0.01629948185106173
2579.0,0.023075096084000622
2583.0,0.015266550367033987
2591.0,-0.018092800810605856
2599.0,0.0029905563614615535
2611.0,0.0027601286238374827
2618.0,0.006771871801599322
2626.0,0.042703443018602835
2630.0,0.004608785631284831
2636.0,-0.027145201153388157
2640.0,0.018363355049235502
2649.0,0.01388719838528636
2658.0,0.021469485432456265
2662.0,0.01094715881313571
2671.0,0.014557429720562053
2679.0,0.006902025345942187
2683.0,0.009835288648462566
2694.0,-0.005826050025117417
2701.0,0.005089315329627437
2708.0,0.015504644619982924
2717.0,0.019411918325278547
2725.0,0.004666188305090088
2736.0,0.0023390784951986075
2741.0,-0.012621886980099946
2749.0,-0.01712383744141471
2760.0,0.014667965672105652
2764.0,0.012090218969863769
2768.0,0.019760361399501603
2779.0,0.022506754662004747
2788.0,0.014636747482528596
2792.0,0.022592917033901525
2800.0,0.011766020473354174
2809.0,0.013710012790338646
2820.0,0.012014395474750484
2828.0,0.01615910205589832
2836.0,0.003195360301465809
2843.0,0.000773983553575112
2850.0,-0.009819566023686058
2859.0,0.01344673337195696
2865.0,-0.0061528228189425506
2872.0,-0.009548672062767834
2880.0,-0.014551007870892911
2888.0,0.010839847346553456
2897.0,-0.007368365532692705
2907.0,0.011381641295022909
2914.0,-0.0004982483877381951
2925.0,-0.007356186694585538
2936.0,0.0106790672458574
2945.0,-0.010350087103686009
2953.0,-0.01549971241194172
2958.0,-0.01491163516518151
2969.0,-0.01166959928467103
2975.0,-0.02227864325368197
2979.0,0.0010810504338527008
2984.0,-0.008541506344111304
2996.0,-0.005764244382619392
3007.0,-0.010825264312080208
3014.0,-0.005872834041695765
3025.0,-0.02135710011059384
3030.0,-0.007540107377167594
3038.0,0.01033820686884888
3044.0,0.01890984205436171
3054.0,0.02166563522098738
3063.0,0.023419207596663785
3067.0,0.014176539757577348
3077.0,-0.00511349335663881
3084.0,0.00020854859686258404
3096.0,-0.03330184013739199
3100.0,-0.010908803063944338
3111.0,0.03989481531348424
3115.0,0.006393189883074373
3123.0,-0.01611523251877807
3129.0,-0.004959371960750781
3137.0,0.0009200482052110371
3149.0,-0.005487884044620269
3159.0,0.0058264250279753725
3168.0,0.009753553393184388
3176.0,0.0470270991831656
3180.0,0.004542082009870938
3187.0,0.0068752965149286496
3194.0,0.018004176733091824
3198.0,-0.0036144177043292893
3205.0,0.02396062575949639
3214.0,-0.018767200504574956
3220.0,-0.021338244000530266
3226.0,0.015035687835887749
3237.0,0.0011003735798641578
3245.0,0.004374069085006349
3252.0,-0.011290087798264794
3261.0,-0.011395043558762476
3269.0,0.0002807445565145509
3277.0,0.011311793061767859
3284.0,0.022374596437480163
3290.0,-0.00042873846859036764
3301.0,-0.0023900774990642643
3310.0,0.004898512238523855
3318.0,0.01987078653730652
3324.0,0.013021134497662146
3331.0,0.008733653049135965
3340.0,-0.015197011404082961
3346.0,0.008387038440026114
3360.0,0.0077154515251662776
3367.0,-0.028970386434738007
3371.0,-0.010167847193933285
3382.0,0.0036041678357103886
3388.0,-0.018437917291649987
3392.0,-0.025908076914480414
3396.0,0.006804632661582097
3405.0,-0.0002844825661652331
3415.0,0.005702941337060237
3425.0,-0.007792601717054504
3432.0,-0.011576474348420141
3439.0,0.0026225456112917407
3445.0,0.0014707174991322358
3453.0,0.01481972708568332
3461.0,0.009310128687778849
3467.0,0.013680242076366934
3476.0,0.01794202610759351
3480.0,0.004268761999758939
3489.0,-0.01380067491863747
3494.0,-0.011973436050306431
3506.0,0.004057399341255591
3512.0,0.0031305036537063948
3520.0,0.038804094201491224
3524.0,0.008470664753257936
3535.0,-0.0026232792017722457
3540.0,0.026007121084756012
3549.0,-0.014936556553054951
3561.0,0.016510630826919726
3565.0,0.008462648805997263
3576.0,0.015909876060068003
3584.0,0.010504926768058219
3588.0,0.015579116522516138
3596.0,0.02052127047386581
3600.0,0.02082329440843892
3609.0,0.014883097617347735
3613.0,0.0065885632668541035
3618.0,-0.0033996674472291655
3627.0,0.008553361152891842
3636.0,-0.007154321131903196
3645.0,0.014964084356777449
3651.0,0.001960578826422292
3659.0,-0.00634801020100591
3666.0,-0.007707640147068546
3673.0,0.002819017530082523
3681.0,-0.011480482140387415
3689.0,0.0002933609101674077
3695.0,0.016141716710218707
3706.0,-0.0013447479836870481
3714.0,0.007687626660283155
3721.0,-0.000617539474725929
3726.0,0.0016533625413082166
3733.0,0.00445437769799564
3739.0,0.004699173768770359
3745.0,0.004904036117455615
3752.0,-0.012988120366464267
3757.0,-0.009121584346472348
3763.0,-0.024366844928861594
3767.0,0.001480550747537775
3772.0,-0.009846558311257393
3778.0,0.00460996367049739
3785.0,-0.03919380707596966
3789.0,-0.011447301668784339
3801.0,-0.020141874392151003
3806.0,-0.004681655837492111
3813.0,0.015636200071991787
3820.0,0.013371505568222341
3829.0,0.015654629885016053
3837.0,0.023638835846872815
3841.0,0.011279715003666604
3852.0,-0.004355346771049383
3859.0,-0.0005269559468621828
3870.0,-0.017541620405648776
3875.0,0.0025893810495621755
3889.0,0.035719793702671594
3893.0,0.002232717012135694
3901.0,-0.021881074016560805
3905.0,0.012520588459757533
3912.0,0.01765884956223853
3920.0,-0.009014662738238075
3932.0,0.018914072933121893
3941.0,0.018407121145423522
3949.0,0.013826251081170197
3953.0,0.013649638451949714
3960.0,0.022281141397114863
3964.0,0.002287120518526703
3973.0,0.013667995439039238
3981.0,0.015872082138062602
3990.0,0.020334973786613406
3998.0,-0.028419444838759862
4003.0,0.020830486212428438
4017.0,0.001500571545243793
4023.0,0.00434351418954887
4030.0,-0.0037918260240097914
4037.0,0.0034628742266392394
4046.0,0.009442661055121997
4054.0,-0.011020603934901157
4062.0,0.007816003862498611
4066.0,0.009516571269932638
4075.0,0.020545363318183418
4084.0,0.01108618788402485
4092.0,0.010174706277031294
4101.0,-0.026468889544438684
4109.0,-0.004045569211198362
4120.0,0.003789980127189525
4127.0,0.002254667727064973
4134.0,0.00575306261119809
4142.0,0.007228897030641133
4148.0,-0.0016665051798974593
4155.0,-0.009589362893981893
4161.0,-0.009235975254900856
4167.0,-0.02720721438828404
4171.0,-0.0246001827836987
4175.0,-0.005471040149868872
4184.0,0.01125904264555593
4194.0,-0.0052087750282193606
4201.0,-0.011894192615054715
4208.0,-0.0051818248354017615
4216.0,-0.014686440013734786
4224.0,0.006938226725442364
4231.0,-0.005102540840816569
4240.0,0.022229849640881837
