,3
2.0,0.01502793250823631
11.0,-0.0011344742181728152
18.0,-0.008891047551008054
27.0,-0.013705230769636131
38.0,-0.01043856807628132
47.0,-0.014042653066171492
55.0,-0.0018797103064016123
62.0,-0.016315851531225826
70.0,0.003864034886478742
77.0,0.010978286052626785
81.0,0.02897766657965037
89.0,-0.012454121223094555
93.0,0.01582243808021005
97.0,0.01949607655786463
104.0,0.022967011670131265
108.0,0.011523107936602717
117.0,0.006531746167353722
124.0,0.010790854629958215
131.0,0.002523927657231448
142.0,0.007200472677380084
149.0,0.011709537125398635
158.0,0.023523440451996735
169.0,0.01139056834696259
179.0,-0.004163644821920491
187.0,0.0008519549583174474
196.0,0.00662086393497061
205.0,0.005392589573855561
217.0,-0.004141344764959575
224.0,-0.001143425349764777
229.0,0.003012048666588783
236.0,0.010132653490515531
244.0,0.006011008043646012
248.0,-0.015692394123117844
255.0,0.005326561359570432
264.0,-0.006621893804894018
271.0,-0.00820745838619561
281.0,-0.006869402764441218
288.0,-0.013919997873854699
296.0,-0.004356094106568267
303.0,-0.009303531456780232
314.0,0.007272211615470382
324.0,0.005071860670316889
331.0,0.006063675274404178
339.0,0.0009945064477516225
350.0,-0.010480055479007482
354.0,-0.00377872817426893
361.0,-0.011759367226766458
369.0,-0.009772454461472447
378.0,-0.007809191002587652
389.0,-0.0010815003656371401
397.0,-0.00306472990790237
404.0,-0.003741073893484022
418.0,-0.01718108709479987
426.0,0.010079988128999946
433.0,-0.006785850018720323
438.0,0.01374995015906271
442.0,0.022037043073152303
451.0,0.006027303526979909
460.0,0.0042153068691498565
469.0,0.003258456872078115
480.0,-0.014954110632920962
484.0,-0.028255183567879965
488.0,0.023833082429261094
496.0,-0.022069434103241255
507.0,0.02541805083458556
515.0,-0.0068561605461312245
519.0,0.01393303360435995
531.0,0.010969460883000553
543.0,-0.001324070271065489
551.0,-0.0039344845046530375
560.0,-0.002439085489205295
565.0,0.01039596018503523
574.0,0.0030753024892659097
580.0,-0.015096129607298038
585.0,-0.012215042913970058
593.0,-0.00676604298981222
601.0,-0.005504301206885612
609.0,0.009319893470221476
620.0,-0.01112175317638351
628.0,0.011961424957970378
635.0,0.018484357146126975
642.0,-0.024700690215567273
648.0,0.025485800967087146
659.0,0.00927821107731257
666.0,0.019191584222636237
673.0,0.01522683285950539
685.0,0.005247680632254035
694.0,0.020945005589120855
702.0,0.011792304330960374
709.0,0.005078058608730721
716.0,0.01775371245502108
724.0,0.013473306592676095
738.0,0.007208998659124009
748.0,0.013617911180368415
759.0,0.02014864719952757
767.0,0.01607700214191968
775.0,0.0133377507925892
782.0,0.005243981122737277
793.0,0.010538962368586818
800.0,-0.0020543642538762923
806.0,0.006735171241495438
815.0,-0.014555870014731149
823.0,0.009940799453950374
831.0,-0.005459129533681932
838.0,-0.01177678824768666
846.0,-0.005504568604430873
853.0,-0.011292822903559114
861.0,-0.010376218586911906
867.0,-0.04917356350071622
871.0,0.002541067149311844
879.0,-0.022224216539843272
888.0,0.00861407344468904
895.0,-0.017835749838974235
903.0,0.009078656192756303
911.0,-0.014146147438480045
920.0,0.011925090026350154
928.0,0.0026158066854513134
939.0,-0.007857659424159677
948.0,0.007762274200972977
955.0,0.012079049053675626
964.0,-0.01901651548699408
969.0,0.01987937740363077
978.0,0.005005175162677209
984.0,0.012802541572583285
992.0,0.01727559184549111
999.0,0.010015546851606294
1010.0,0.01920550687931479
1020.0,0.01038794949878037
1031.0,0.008131792210840861
1040.0,0.012741711939663752
1049.0,-0.013982153985570091
1057.0,-0.0036121406167370007
1065.0,-0.0015395728095704288
1074.0,-0.005531309365480021
1086.0,-0.011149944383854494
1098.0,0.010081916516819781
1106.0,0.0051344128346371455
1114.0,-0.009005035459741483
1120.0,-0.015398129721420885
1125.0,0.015758284183404147
1134.0,0.0047224231064589405
1140.0,-0.03399390813382777
1148.0,-0.0013968321327142354
1160.0,-0.02427381287297007
1168.0,0.03139160154366218
1179.0,0.004940325836800857
1188.0,0.001642644387377952
1197.0,0.002796590618648883
1204.0,0.01372862539965553
1215.0,0.0057713202859410746
1223.0,0.005035301781557474
1237.0,0.011980804547902601
1245.0,-0.00020003241732315232
1250.0,0.014718906618049931
1261.0,0.013982477144127974
1270.0,0.01373298808898713
1278.0,0.011532007009510131
1286.0,0.017690127460913214
1290.0,-0.020451149509303816
1298.0,0.007653123243298082
1305.0,0.014720372461328282
1313.0,0.007013517376750954
1321.0,-0.01150694838633082
1330.0,0.012755475882115187
1341.0,0.0205830452515983
