,5
2.0,-0.027031000415847817
11.0,0.010064993121259616
18.0,0.000992094920823922
27.0,0.00197087872686886
38.0,0.00013390676068703478
47.0,0.0002576665161960045
55.0,0.002798392251479994
62.0,-0.00026549802553927585
70.0,0.008001136882630728
77.0,-0.002824107335201919
81.0,0.0032091333866261862
89.0,-0.016577961875984516
93.0,0.018858618531555328
97.0,0.003687816570791495
104.0,0.001040118136280074
108.0,0.002745908253574133
117.0,-0.0001807202331806855
124.0,0.0009217345120552563
131.0,-4.295808498134638e-05
142.0,0.001010983324013086
149.0,0.0019294652797280892
158.0,-0.0005865188150530926
169.0,-0.004003730613211323
179.0,-0.0013456887006831613
187.0,0.004694198417763529
196.0,0.002546287159991121
205.0,0.00443225461694174
217.0,0.00477570288033154
224.0,0.0002713783067617022
229.0,-0.0035861762327350356
236.0,0.006063421093324384
244.0,-0.00046610758753567306
248.0,0.013406787619038697
255.0,-0.0004969312369691857
264.0,3.690126806230207e-05
271.0,-8.080946422797373e-05
281.0,0.003300416274282525
288.0,0.0031777879176353866
296.0,-0.0017955242440249777
303.0,-0.0017866956265806659
314.0,0.003325483281834945
324.0,0.0018377490443171791
331.0,-0.000741645850680148
339.0,-0.0017477385040265696
350.0,-0.013577289031886307
354.0,0.0032075815415958287
361.0,0.0038511659534834885
369.0,-0.0004124123693320416
378.0,0.0019922576034976333
389.0,0.000674171411216593
397.0,0.0003407522266431792
404.0,0.0014494022249334974
418.0,-0.0019754484766815123
426.0,-0.0009337938684121541
433.0,-0.006427530417766552
438.0,0.002387741467767149
442.0,0.0009188165489315058
451.0,-0.0013892704436616185
460.0,-0.0007337641261937016
469.0,-0.003319720414481387
480.0,0.00865483632740533
484.0,0.008502838760156565
488.0,0.0032835213705102095
496.0,0.0010838410243393926
507.0,0.001995726173160843
515.0,0.0033836152567444603
519.0,0.0025523022566732623
531.0,-0.0009867670365028302
543.0,0.0006019094697942663
551.0,-0.003358681223716341
560.0,9.831208999270224e-05
565.0,-0.00044962218402067554
574.0,0.00017048466575133358
580.0,-0.0003579435827549609
585.0,0.002233362055019998
593.0,0.00023461683040235028
601.0,0.0016959402790676765
609.0,0.001227477238096377
620.0,0.0013774430812583786
628.0,-0.0015987837059013113
635.0,-0.0011387187909492813
642.0,0.003940175030341555
648.0,0.002494083541527292
659.0,0.009589312879687535
666.0,-0.0029492749265391006
673.0,0.0011655548589211144
685.0,0.0026653985037829887
694.0,-0.000252155497149775
702.0,0.0002407487497052237
709.0,-0.0017027028993935333
716.0,0.0008712925176659269
724.0,0.0003663270653087293
738.0,0.0009656275039367398
748.0,0.00012216917522494964
759.0,0.0007526508075525584
767.0,-0.00033945592828357605
775.0,0.001513720943092593
782.0,0.0019738476701957135
793.0,-0.0009299400608261099
800.0,-0.0018724432103125331
806.0,0.004365411951806551
815.0,0.01172595264302313
823.0,0.006944051460906281
831.0,0.0049651912114881324
838.0,0.0016164539890080464
846.0,0.002334337403738607
853.0,0.0012703625147696361
861.0,-0.0005495299221868982
867.0,0.00018549410177987318
871.0,-0.003015731382647587
879.0,-6.940354364497459e-05
888.0,0.0014358180490181634
895.0,-0.0012713490817059753
903.0,0.0009493938169330961
911.0,-0.006041317578984169
920.0,-0.012573359439484044
928.0,0.009529884020210046
939.0,-0.0014283374761670127
948.0,0.007331643146196249
955.0,0.0037677474949360727
964.0,0.0049469885876133775
969.0,-0.000639572945510501
978.0,0.0030993611448263004
984.0,0.005421028914431774
992.0,0.00015670480337632602
999.0,-0.0017653426996048554
1010.0,-0.004228226066931339
1020.0,0.008328315721870087
1031.0,-0.018857297399658034
1040.0,-0.0026966923038146025
1049.0,0.003373932249037933
1057.0,0.0036492601214715746
1065.0,0.0010564318084334613
1074.0,0.0019807616778522155
1086.0,-0.0006782860649020637
1098.0,0.0022219817111569667
1106.0,6.90482844586509e-05
1114.0,0.0025485633065393315
1120.0,-0.0017905452429108318
1125.0,0.0016227433112747049
1134.0,0.009883269940643088
1140.0,0.0006673065451607813
1148.0,-0.0011468781119126942
1160.0,-0.0004801017115609553
1168.0,0.005681154045441748
1179.0,0.004278589072091458
1188.0,-0.0023654119394626756
1197.0,0.001347274833292056
1204.0,0.00045076308687276475
1215.0,-0.0010454099253715142
1223.0,-0.0006404833250684503
1237.0,0.0008654609387132253
1245.0,0.00017039821192380857
1250.0,-0.0009886085462866411
1261.0,0.002427250613832653
1270.0,-0.002276131513343775
1278.0,-0.002716644742910041
1286.0,-0.013284569340693322
1290.0,0.0008657200054999875
1298.0,0.0009493336988588928
1305.0,-0.003161808722921275
1313.0,-0.0011550927561243597
1321.0,0.0038303271281755545
1330.0,0.0011114821653071092
1341.0,0.0025141627229460007
