,4
2.0,0.013850141820094575
10.0,0.007197542210898581
19.0,0.005909472667988555
27.0,0.004579304630984735
36.0,0.003508362311605645
44.0,0.003615861733263374
51.0,0.008356338275026026
60.0,0.0021937980569472037
69.0,0.006518680082287866
74.0,0.00834736561451717
83.0,0.0057632005730624035
91.0,0.0032288143814084135
96.0,0.009071665155112586
105.0,0.0074196121861171745
114.0,-0.002867626110020126
119.0,-0.0029846317424827356
128.0,0.0008101872480022369
139.0,0.007784642319026935
151.0,0.0013629842695877202
159.0,0.006830514217074207
167.0,0.0047745346318087845
175.0,0.007349781933085135
180.0,0.008096085229636407
185.0,0.007249176157305688
191.0,-0.0013182329219122572
199.0,0.007079529033448519
208.0,-0.0063863521054425675
214.0,0.0072620980912963895
221.0,0.004627649806406335
228.0,0.004537070964142292
237.0,0.011959021712362608
246.0,-0.015259516402626735
250.0,0.010884542665023391
255.0,0.0033802622373428335
264.0,0.010804627211131219
272.0,0.011718271332429172
278.0,0.014739115033302854
286.0,0.003688253142828273
295.0,0.007941535168549084
304.0,0.005663705735186118
315.0,0.0066826442663068695
323.0,0.008145546615116689
331.0,0.0037256879087825467
339.0,0.0059246235451482065
345.0,0.005114174871054595
352.0,0.005607746080359077
357.0,0.0017137208288259596
369.0,0.007280191964811274
378.0,0.0033306999063494294
386.0,0.0075806129701943776
393.0,0.004241027074119563
400.0,0.009212931731840002
404.0,0.009739936457239511
409.0,0.0062836347462462624
420.0,0.007366545583252134
431.0,-0.0008415874731819287
437.0,-0.0006582290719632307
443.0,-0.0009400730940828293
457.0,0.003661679802717153
468.0,-0.0012442305655472445
475.0,0.0026875405957417003
482.0,0.003980927496863958
488.0,0.005859290684025796
494.0,0.01128725772803271
502.0,0.002112690893887403
511.0,0.005660645222730376
520.0,0.004162008518610795
529.0,0.002608352192597285
536.0,0.0014017821795392993
545.0,-0.008430269298530392
549.0,7.747137335247362e-05
554.0,0.000788106921546321
563.0,0.015926451692195368
572.0,-0.010461298998927516
581.0,0.0023146443047028582
590.0,-0.007355781832572775
599.0,-0.001980813373307835
607.0,0.0029293008966613954
612.0,0.006556316744069614
623.0,0.0021012844481707463
632.0,0.007847463782322582
644.0,0.005968921870161797
655.0,0.0028908915419703055
664.0,0.006900815333387728
673.0,0.007234683511277443
681.0,0.00928321197120121
690.0,0.006196543085753096
697.0,0.004326046590939692
706.0,0.005910613478125753
714.0,0.004108404540839247
725.0,0.007499509030091577
733.0,0.0048804886445129045
741.0,0.004846128640609127
747.0,0.006133829291729489
755.0,0.008012614809490396
763.0,0.002585502648163801
770.0,0.006344357013659062
778.0,0.004985882111293142
784.0,0.006823523975802495
792.0,0.002161827133524236
800.0,0.005477084193925688
809.0,0.00617836237568061
818.0,-0.004458849307533646
829.0,0.005893263930792536
837.0,0.0052611876520120586
845.0,0.007466405980748494
852.0,0.012030404948022879
860.0,0.0067518021163258555
865.0,0.00820086222245858
871.0,0.005794773571602405
880.0,-0.004771821953721636
885.0,0.0021486415935713828
894.0,-0.00423584705854856
900.0,0.0052433133387010025
909.0,0.004463280291799746
916.0,0.0037654509872991227
927.0,0.011850898009407473
939.0,0.005513098064242774
947.0,0.004508629101788217
956.0,0.0013376564601525304
964.0,0.0038126064887622738
973.0,-0.0005322320983386817
977.0,0.001075995151283711
985.0,0.00474834487819293
997.0,0.0012523581924363668
1009.0,0.0015470479971143212
1020.0,-0.004260796328292179
1032.0,0.007187073442855606
1040.0,0.0019420358157984025
1045.0,0.011994848612224586
1054.0,-0.0004384406639755933
1061.0,0.0060975385780651075
1066.0,0.004230115464910483
1071.0,-0.005726522999746031
1075.0,0.017577203794593987
1083.0,0.012985702773371436
1091.0,0.0065184032562165435
1100.0,0.0022598107817954766
1109.0,-0.0022270222854558416
1113.0,0.00585457268006517
1121.0,0.00630830064571237
1128.0,0.005609733301172696
1136.0,0.0028977358206788203
1145.0,0.009415843474434858
1151.0,0.003526648102701
1160.0,0.017364164241690908
1169.0,-0.000928077272322701
1174.0,0.005455723524709295
1186.0,0.002886583464505308
1195.0,0.006787825774388053
1204.0,0.006424641124919758
1209.0,-0.0004975608118369185
1220.0,0.0036380946601919373
1229.0,0.005914255373084283
1237.0,0.002835874783249402
1243.0,0.009650101038242102
1252.0,0.001387418204787434
1261.0,0.0034805249990961587
1270.0,0.006580821201010281
1278.0,0.0058561650083387064
1287.0,-0.006216391474416988
1294.0,0.003819219833395819
1301.0,0.004501071837040665
1311.0,0.006383527152624771
1318.0,0.008214659675068355
1326.0,0.00296940216153859
1337.0,0.014315184291681151
1345.0,-0.0006731010828382227
1349.0,0.005513780715389917
1357.0,0.002826264147547413
1362.0,-0.0003777667310680984
1370.0,0.009160821955347872
1378.0,0.0076615658345809004
1389.0,0.0025243480010263405
1395.0,0.006494715206755477
1402.0,0.001986313318083842
1413.0,0.0019476533148783893
1425.0,0.006295464744875939
1437.0,0.00624636952282909
1446.0,-0.0010205417185774083
1454.0,0.0036773339800646623
1462.0,0.0017174199998066695
1470.0,-0.0005440956632469299
1476.0,0.012486945000753551
1483.0,-0.005267970482187167
1492.0,0.004029053862514944
1501.0,0.005905167862078896
1506.0,0.007759292695106331
1512.0,0.006604155116581095
1518.0,0.0038966678820990808
1526.0,0.003949437611591695
1531.0,0.0034193662749503265
1540.0,0.007149764550989263
1547.0,0.0048165282252084635
1552.0,0.004776961202122124
1563.0,0.007040386217367094
1571.0,0.014927784877150066
1580.0,0.0004220411852482797
1585.0,0.003922568902568324
1593.0,0.0072076986451650215
1598.0,0.006432899283096749
1607.0,0.0021357627665712343
1615.0,0.010960018880580305
1623.0,0.013601071897619436
1630.0,-0.004002918260596909
1638.0,0.012055139755713134
1644.0,0.00041316584353163756
1653.0,0.011552344519561709
1662.0,-0.0015717279275047125
1668.0,0.005958108761165018
1680.0,-0.010567037764915445
1689.0,0.011690297117538703
1697.0,0.005302849280390288
1703.0,0.006206196943312255
1710.0,0.008923577943147496
1718.0,0.008392527240325392
1726.0,0.0003876644466757089
1734.0,-0.0017173521139777568
1743.0,0.007203916580056423
1751.0,0.005663006589519794
1759.0,0.002738658208902542
1770.0,0.007222453070349241
1778.0,0.0024124618134256067
1786.0,0.006240001443808172
1794.0,0.00561173697821072
1801.0,0.006356661328163872
1809.0,0.00634132288730684
1824.0,0.013753505319626184
1832.0,0.007653395606210548
1841.0,0.004601494684402585
1849.0,0.005296227955246671
1858.0,0.003496794016428168
1866.0,0.003755716850696877
1873.0,0.00671576499403731
1882.0,0.0021790822279772032
1891.0,0.006560758219130204
1896.0,0.008697764284455909
1905.0,0.005622149827099924
1913.0,0.003197743510834229
1918.0,0.009304578724682794
1927.0,0.007617718078887727
1936.0,-0.0027973342131962465
1941.0,-0.0024902135768094047
1950.0,0.0010870414354380705
1961.0,0.0077923228773130295
1973.0,0.0017165411264446959
1981.0,0.007006583314374117
1989.0,0.005053754985250222
1997.0,0.0016943737008285242
2002.0,0.00841117778332168
2007.0,0.007366470391973687
2013.0,-0.0013728951743975546
2021.0,0.007257474292299757
2030.0,-7.370704378770887e-05
2036.0,0.007706161260645836
2043.0,0.004464566335910115
2050.0,0.004639968399033206
2059.0,0.01137075795469347
2068.0,-0.014537954186886505
2072.0,0.010678339007739339
2077.0,0.003172296155881497
2086.0,0.013861154152157601
2094.0,0.012045263113593451
2100.0,0.01543695213965413
2108.0,0.003636917303143667
2117.0,0.0054524072018015445
2126.0,0.005593180873700256
2137.0,0.0064325734721375205
2145.0,0.008105292185775529
2153.0,0.003752165045748539
2161.0,0.00573264860286555
2167.0,0.005343629170081114
2174.0,0.005355651256782468
2179.0,0.0016190569432688292
2191.0,0.007260446767759087
2200.0,0.0032764033189346593
2208.0,0.007533728854347391
2215.0,0.003723768885933868
2222.0,0.009034152102381022
2226.0,0.009195888661383607
2231.0,0.00627008640706957
2242.0,0.007733929380041589
2253.0,-0.001192264628797415
2259.0,-0.0005748034273765512
2265.0,-0.0009278163632128803
2279.0,0.003456112432248416
2290.0,-0.0015152134647150402
2297.0,0.0026952878814953244
2304.0,0.004007085212125868
2310.0,0.0009627581888109077
2316.0,0.011130883754489437
2324.0,0.005463136908135965
2333.0,0.008906207543187342
2342.0,0.0006951864722094214
2351.0,0.004128287299492629
2358.0,-0.003066805780011777
2367.0,0.012307805246865018
2371.0,0.0021615371820539278
2376.0,0.013634281880570507
2385.0,0.004780535976036426
2394.0,0.01004084111771352
2403.0,0.0020392558971428438
2412.0,-0.0019678722512768156
2421.0,0.005537392831451548
2429.0,-0.004852301547105977
2434.0,0.003866941703245843
2445.0,0.001841586975107927
2454.0,0.007122333704366656
2466.0,0.005064447428673729
2477.0,0.0030627457533527547
2486.0,0.006700781428657313
2495.0,0.007575946323997423
2503.0,0.009459024878882867
2512.0,0.0059904069168940635
2519.0,0.004573396485728495
2528.0,0.0061264009083360355
2536.0,0.0040695243184935646
2547.0,0.007410409554101206
2555.0,0.005097726742686374
2563.0,0.004590643836436341
2569.0,0.006035120254366895
2577.0,0.007880098808988273
2585.0,0.0027367862354045576
2592.0,0.006275737385350302
2600.0,0.004855077042377863
2606.0,0.0070040863859955815
2614.0,0.0020284491125503326
2622.0,0.006010049757333338
2631.0,0.012280695109669618
2640.0,-0.004462545819832538
2651.0,0.006136667642942065
2659.0,0.005593089439183614
2667.0,0.006993732933044235
2674.0,0.012092282900200702
2682.0,0.01072582017054175
2687.0,0.008436800421511651
2693.0,0.00591222295397951
2702.0,-0.005274245710412802
2707.0,0.0025799856647058393
2716.0,-0.004716695170468731
2722.0,0.005161332292661517
2731.0,0.004341716577183422
2738.0,0.0033161032213183048
2749.0,0.012371713408165442
2761.0,0.005591898386187638
2769.0,0.004486905729240817
2778.0,0.0013027155836841497
2786.0,0.004057417501862756
2795.0,-0.0014608578667407608
2799.0,0.0012797974662512334
2807.0,0.004749250281520818
2819.0,0.0015143163534520586
2831.0,0.0016300990950779317
2842.0,-0.004140947330514589
2854.0,0.00715101497632811
2862.0,0.006882901054770575
2867.0,0.011775427537586208
2876.0,4.207886075385007e-05
2883.0,0.014139806200831712
2888.0,0.000610529313550803
2893.0,-0.005368308887569271
2897.0,0.0023262554047958042
2905.0,0.010950797073155513
2913.0,0.005484789619481464
2922.0,0.007686434548819852
2931.0,-0.0016514637019697494
2935.0,0.006980384665141445
2943.0,0.010673360040834808
2950.0,0.005675915560823671
2958.0,0.0031319240274335605
2967.0,0.009881935848951843
2973.0,0.003585215035578303
2982.0,0.017071682403729232
2991.0,-0.00015478497245336603
2996.0,0.0055491271940774365
3008.0,0.0025779931852809345
3017.0,0.007033203286362593
3026.0,0.0062023883216785125
3031.0,-0.0006287176763233671
3042.0,0.0036862680458681274
3051.0,0.005839483643655712
3059.0,0.00292606045432189
3065.0,0.009683076483580305
3074.0,0.0012090527474077565
3083.0,0.0037903548982124967
3092.0,0.006963900279402593
3100.0,0.00621276517632908
3109.0,-0.006596080181948294
3116.0,0.0035427143562828172
3123.0,0.0031203440213562997
3133.0,0.00670721447545641
3140.0,0.008298085784874098
3148.0,0.003427599872043976
3159.0,0.014876916837002981
3167.0,-0.000635089442445046
3171.0,0.0043478825111019845
3179.0,0.0027031205452480336
3184.0,-4.214614652139979e-05
3192.0,0.00882918860026112
3200.0,0.007629235040798821
3211.0,0.0030081213162323254
3217.0,0.006646939994514712
3224.0,0.0007529445875648513
3235.0,0.0016880862954491297
3247.0,0.006046846737061249
3259.0,0.006543472883268464
3268.0,-0.0012053052938608933
3276.0,0.002848851560255645
3284.0,0.0015462237363870579
3292.0,-0.001067680691526879
3298.0,0.012812915127936909
3305.0,-0.005378719605538699
3314.0,0.003968041825951872
3323.0,0.006158929653483641
3328.0,0.007616898767752181
3334.0,0.006731530949596486
3340.0,0.004006076887604412
3348.0,0.004039920702045836
3353.0,0.0035742627085667234
3362.0,0.006994433266428317
3369.0,0.004826318760832056
3374.0,0.004856013542043192
3385.0,0.006943139862763873
3393.0,0.015152885823814239
3402.0,0.0005335029246552177
3407.0,0.003857260819658916
3415.0,0.0067310599142913615
3420.0,5.1163815023553554e-05
3429.0,0.005966830061689339
3437.0,0.00920984494080284
3445.0,0.0022369677440775755
3452.0,-0.008982307160310255
3460.0,0.0016395295694406598
3466.0,0.009456391168457045
3475.0,0.014383132827622783
3484.0,0.003438838821474282
3490.0,0.0021567386801699786
3502.0,0.001683656548497058
3511.0,0.013542234954015797
3519.0,0.006155103503469833
3525.0,0.006188489390409276
3532.0,0.008670388327849488
3540.0,0.008893820353720487
3548.0,-5.122342060681599e-05
3556.0,-0.0016322451778701063
3565.0,0.015749623166179744
3573.0,0.005145976563717398
3581.0,0.0030353777273676927
3592.0,0.00712995122002376
3600.0,0.0026489547369212404
3608.0,0.006045664532217471
3616.0,0.005572751469372618
3623.0,0.00572235907672439
3631.0,0.006676762405375035
