,4
2.0,0.004948440624271636
9.0,0.000997127966810076
18.0,-0.0026005835038732223
29.0,0.0011607744045481773
38.0,0.0010562858128015285
46.0,0.005331851330060161
53.0,0.001990275582903981
61.0,0.0036211510885346015
68.0,-0.0028470419841867245
72.0,0.021228126943156726
80.0,0.005695986754830803
84.0,-0.015089275367176493
88.0,0.013995604575862105
95.0,0.02106897623868698
99.0,0.005174829290604998
108.0,0.005737415518367523
115.0,0.00229355845932826
122.0,0.003980114653909999
133.0,0.0023755917843878453
140.0,0.0004377312592490555
149.0,0.0037855996548863476
160.0,0.0030805336151484538
170.0,0.005164187516712717
178.0,0.003332454309227177
185.0,-0.012795430427877865
189.0,0.006529443989079381
198.0,-0.0013752102276450712
209.0,0.004460279384272787
218.0,0.014603171537575023
227.0,0.013125883383360584
236.0,-0.00680573411099269
248.0,-0.008923016102487516
255.0,0.004457581179577924
260.0,0.012272769976104093
267.0,0.0001670859492941917
275.0,-0.0028196768554061133
279.0,0.0006229481001764944
286.0,-0.0020849819788599034
295.0,0.004749551947890536
302.0,-0.0011221731041956976
312.0,0.006037188582462451
319.0,0.0004612159154254558
327.0,0.006069924806678694
334.0,-0.001535194953271994
345.0,0.008476094252327168
355.0,0.0022476070181626324
362.0,0.010945505884115614
370.0,-0.011189139829873518
381.0,0.0025537048331816855
385.0,0.0019308953215000076
392.0,0.0065872910344992415
400.0,0.0065047105788328214
409.0,0.004240459914459281
420.0,0.005093687255994708
428.0,0.00602476338543141
435.0,0.009325260834716274
449.0,-0.0036325103742985863
457.0,0.0014612243927504408
464.0,0.013084989172250027
469.0,0.006261671276388228
473.0,0.01009731459836604
482.0,-0.00015593997446497357
491.0,0.00714565476165013
500.0,0.0019276172362238406
511.0,0.001036024292207364
515.0,-0.014336195647180089
519.0,0.014939180169407467
527.0,-0.0008581353356134011
538.0,0.008478528720566661
546.0,0.009769036304784984
550.0,0.0031597520227423727
562.0,0.013120745727317773
574.0,0.008660305983032527
582.0,-0.0028027338872760946
591.0,-0.000796600968141859
596.0,0.004218099297505793
605.0,0.00346348068395264
611.0,0.003900980805408429
616.0,0.0012609767998614098
624.0,0.00868988601699222
632.0,0.003355770792917811
640.0,0.0068278533423529655
651.0,0.005220628548335282
659.0,0.007656048118081593
666.0,0.004271314122667866
673.0,0.005822612062172124
679.0,0.0034715699526774446
690.0,0.008660538445212352
697.0,-0.0007085437070462451
704.0,-0.0018370367575956696
716.0,0.007349687623087975
725.0,0.013547754046494092
733.0,0.006061053051975088
740.0,0.00795168215684941
747.0,0.007582717732870026
755.0,-0.0011794628340192834
769.0,0.005022315135507141
779.0,-0.0006920685749041968
790.0,0.006889378063812743
798.0,0.0025371591866925813
806.0,0.005302145524917508
813.0,0.015767501070548317
824.0,-0.007176407403257752
831.0,0.008304320870606896
837.0,-0.0037260224220642194
846.0,-0.015330716547525672
854.0,0.010059778724685883
862.0,0.0040878269652227395
869.0,0.0016554728055037397
877.0,0.009746067061059493
884.0,0.004806872045072175
892.0,0.00818701179313187
898.0,0.0014538791890755087
902.0,0.003604569005799612
910.0,-0.0010096992035731286
919.0,0.01401522106833066
926.0,0.0030922769118500977
934.0,0.007289910712076209
942.0,0.00301529275756805
951.0,-0.005541407404567686
959.0,0.011992370680684252
970.0,-0.0004825003026795009
979.0,0.0020659447022088285
986.0,0.01990381360568543
995.0,0.011827461784298368
1000.0,0.016093384681864616
1009.0,0.007344202331846632
1015.0,0.006672229192111668
1023.0,0.0021321065891513596
1030.0,0.012443968727206203
1041.0,0.0019240522207377223
1051.0,0.007946436039124883
1062.0,0.00548472237509431
1071.0,-0.0014088656948245302
1080.0,-0.00482813113435296
1088.0,0.016012988388607673
1096.0,0.0058383391413540445
1105.0,0.005287582898230945
1117.0,-0.005372100627864448
1129.0,0.0060386996861121495
1137.0,0.001820734884684322
1145.0,-0.008615114965502685
1151.0,0.01105390704579424
1156.0,-0.0014540548033457063
1165.0,0.005676626489852291
1171.0,0.0018172122657527311
1179.0,0.0027346655896875877
1191.0,-0.01153363397319729
1199.0,0.006179104802727119
1210.0,-0.00553630887072194
1219.0,0.005716918777341785
1228.0,-0.00436057266687577
1235.0,0.004995053724487867
1246.0,0.003312192549444619
1254.0,0.00479082767996287
1268.0,0.006080458725149145
1276.0,0.006283705228080053
1281.0,0.005084628383173189
1292.0,0.007891237547978646
1301.0,0.005599255006194028
1309.0,0.006844716249178535
1317.0,0.0007828208296913298
1321.0,-0.011982547187372704
1329.0,0.005717974244778255
1336.0,0.004171820102499008
1344.0,0.002267253375128599
1352.0,-0.0031786743354683127
1361.0,0.007153507114200051
