,4
1374.0,0.018036937633508814
1383.0,0.0039165663608849354
1391.0,0.012569793804575354
1399.0,0.0026580414163902173
1406.0,0.004299764533251957
1414.0,0.0013351440804325032
1422.0,0.011505576706695482
1431.0,0.012559126608888943
1440.0,0.00011342286154347029
1447.0,0.0036928759720560216
1454.0,0.009570988702493574
1460.0,0.003987196123813961
1467.0,0.0027626044400693383
1475.0,0.008842121464586381
1486.0,0.008947625425069532
1494.0,-0.000499485904989069
1503.0,0.006588538110141001
1511.0,0.01357226762595627
1520.0,0.005140918897313059
1525.0,0.005855341711947437
1530.0,0.006070461987282599
1539.0,0.00631232626258812
1548.0,0.004607802159811947
1559.0,0.00584142481408976
1567.0,0.007273872157869285
1576.0,0.006725718157860302
1587.0,0.007257688875187283
1592.0,0.004285372737148211
1597.0,0.005847445741389851
1604.0,0.00728000272585204
1613.0,-0.015125241638519716
1621.0,0.01143086376805335
1629.0,0.002844463521807788
1636.0,0.0029022396647899198
1643.0,0.005226127721390171
1654.0,0.014657741463373482
1662.0,-0.00019297200353151224
1669.0,0.006182032727869009
1678.0,0.011477284159933354
1686.0,0.0030291231242532
1692.0,0.008476737297482226
1703.0,0.00460488081365004
1710.0,0.005030542806648595
1718.0,0.0009747667522255099
1723.0,0.0006639482127984845
1731.0,-0.010148323883901172
1738.0,0.00937710597190089
1742.0,0.00817393853749197
1750.0,0.012282353979845825
1756.0,0.007029991590119933
1765.0,0.005688516059046873
1772.0,0.006682751291223694
1777.0,0.007946990955337439
1788.0,-0.0010323171241694703
1795.0,0.012056230882564386
1800.0,0.005468138513812871
1805.0,0.009003663353113719
1809.0,0.006527004917512498
1817.0,0.0028852339449833833
1826.0,0.004215338279313406
1834.0,0.006257950552767595
1843.0,0.0051754134096074446
1851.0,0.0020852769416125185
1857.0,-0.0009393510735928994
1865.0,-0.006352146701427039
1872.0,-0.0005267961268207986
1878.0,0.018565048412828498
1887.0,0.004599045881774152
1895.0,0.00544663707015149
1902.0,0.0050752100729442905
1910.0,0.0007932078903420822
1918.0,0.008592451955601292
1927.0,0.007397381167752737
1932.0,0.00665056700650677
1941.0,0.008544614604124638
1953.0,0.007449115346623434
1962.0,0.00686272075188802
1971.0,0.006958428132182803
1982.0,-0.0012485012692506254
1996.0,0.00687939908618166
2004.0,0.007823034861508626
2009.0,0.008656037427495192
2017.0,0.004048714452070558
2025.0,-0.0028664389063750044
2030.0,0.004663736889533996
2038.0,-0.004722671526511833
2043.0,0.004016577617186159
2054.0,0.007256299211945989
2065.0,0.009026891730522908
2074.0,-0.0011702874416708016
2081.0,0.008130149147213097
2090.0,0.003480575009271934
2098.0,0.0015569443373896871
2110.0,0.0026773111266428116
2117.0,0.006474348255036587
2125.0,0.009013418696158145
2134.0,0.0027563899020898314
2141.0,0.0015295355854368737
2149.0,-0.009280376142014383
2153.0,0.002436948467561783
2160.0,-0.003265704966062053
2169.0,0.014356649191610374
2176.0,0.009036121916153519
2188.0,0.007960540865138139
2199.0,-0.0007178563595103473
2206.0,0.0014403133226376897
2212.0,0.0017241289860438645
2218.0,0.011119538860069887
2223.0,0.006714697766312547
2229.0,0.008875935816634997
2238.0,0.003647059501726075
2244.0,0.006288537103038856
2251.0,-0.0028083270347867436
2256.0,0.011698395828234412
2260.0,0.011279651879660207
2268.0,0.005767911085511277
2273.0,0.008562429800044026
2279.0,-0.003924542720568293
2284.0,0.012022221702688442
2293.0,0.006232566309258798
2301.0,0.00486370497193228
2308.0,-0.005688626413383175
2315.0,0.0007200655334116408
2323.0,0.0014419600787727884
2332.0,-0.012846065078510579
2346.0,0.005755617813477257
2353.0,0.008642677849633067
2362.0,0.0005030787303602894
2370.0,0.006516641850648719
2378.0,0.0075161630543398
2385.0,0.003413335076110051
2394.0,0.007096779853229158
2402.0,0.005370812711730134
2409.0,-0.001757396183381516
2414.0,0.004902057866050288
2422.0,1.6304380559324306e-05
2429.0,0.009621480960282754
2436.0,0.005970948404235491
2444.0,-0.004647869606127904
2451.0,0.005867139239968128
2459.0,0.013407781744387804
2465.0,0.01762883486474827
2472.0,0.0017837036095918533
2481.0,0.011646148171663337
2491.0,0.002040271917982835
2499.0,0.007891086132944394
2508.0,0.007458578379367293
2517.0,0.008684013435573913
2523.0,0.00934447712323067
2530.0,0.005284977217750852
2538.0,0.005851155202117873
2547.0,0.007546641815175326
2552.0,0.006243833532649741
2560.0,0.006240543361513053
2564.0,0.0069249093033127256
2576.0,0.005790678113401563
2584.0,0.005139955727675679
2590.0,0.004818874032562869
2599.0,0.004982459004272394
2607.0,0.007753908964720973
2615.0,0.0049189936491792876
2623.0,0.009251141736537577
2630.0,0.004418317027302708
2639.0,-0.00409489869239822
2648.0,-0.0013555183759590354
2656.0,0.009399532674309588
2665.0,0.005649083907569176
2673.0,-0.006544884536295299
2682.0,0.007654737573201915
2688.0,0.018883055690229363
2696.0,0.0053839331335771646
2705.0,0.006304205625450494
2713.0,0.010642897325539096
2721.0,0.006136727479159802
2728.0,0.002070263137519924
2733.0,0.006312745115948818
2741.0,0.00658061999020028
2749.0,-0.0006584432839492292
2758.0,0.001050353042152464
2762.0,0.0011413307736093535
2770.0,-0.005370648039150442
2781.0,0.0074843466971183945
2790.0,0.011978323264808726
2799.0,0.0031262206932801294
2808.0,0.0007604447057722524
2815.0,0.005922270882202629
2821.0,0.012908640702674758
2829.0,0.005669064108496296
2837.0,0.001227114659852434
2844.0,0.0026856953333046613
2853.0,0.00423064185660944
2861.0,0.007434936593755642
2866.0,0.007321613479263131
2871.0,-0.0026149947303258196
2878.0,0.005309756687366782
2886.0,0.006672707568322691
2891.0,0.005693296347997946
2899.0,0.006941798550447416
2907.0,0.006456023196105008
2915.0,-0.0025245516604080614
2921.0,0.0074469075250659525
2929.0,0.01604529211047454
2938.0,0.007023627970862073
2949.0,-0.000999979734447321
2956.0,0.0027205252270910605
2965.0,-0.0032873998060415524
2970.0,0.00276756132685394
2978.0,0.005762506372883801
2989.0,-3.975006668197884e-05
2997.0,0.006896783906656873
3006.0,0.00568908276001788
3015.0,0.007181116854916418
3021.0,0.007965359235459176
3030.0,0.007683145641069658
3041.0,0.0013136216219487972
3051.0,0.0028071466358544237
3062.0,0.005593548598384992
3070.0,0.0007251683906189981
3078.0,0.0018704353000031427
3087.0,0.0022347466665278504
3094.0,0.004510664247458275
3101.0,0.0055352610889889105
3107.0,0.0038021962156278436
3116.0,0.008570894959431917
3121.0,0.002883504930744477
3128.0,-0.006679762788476005
3137.0,0.008282919032528238
3143.0,0.008446452568573189
3150.0,0.0038136157672517715
3158.0,0.009022327131476363
3165.0,0.00897463503196029
3176.0,0.003277058141267884
3183.0,8.139782925839548e-05
3194.0,0.0059357276847328755
3201.0,-0.0010813405191579884
3206.0,0.0009442517453138761
3211.0,0.006426958287239075
3219.0,0.004480239461633164
3228.0,0.0029178358986471104
3236.0,0.00801515259684835
3244.0,0.0014629209485726058
3251.0,0.007175929724791505
3260.0,0.006526673694162309
3268.0,0.0063813496869515665
3276.0,-0.001329869198742066
3282.0,0.006095591896624491
3290.0,-0.005112448628717941
3302.0,0.009382747201878023
3314.0,0.014355790923528207
3323.0,0.0005887588606318698
3335.0,0.008544071929348073
3343.0,0.008171443753561904
3352.0,0.012067485706743587
3359.0,0.0023616527497112762
3371.0,0.009368524536589163
3379.0,0.017705294115970775
3383.0,0.005914960288589863
3390.0,0.0013865942485862257
3395.0,0.013947036254533326
3403.0,-9.189089706837483e-05
3414.0,0.010706602312232609
3419.0,0.004599790680458706
3427.0,0.009188099222631743
3434.0,0.002212178120309082
3442.0,0.005394277810480094
3451.0,0.006268458055829993
3456.0,0.007979838843319018
3464.0,0.010324024855649837
3473.0,0.006738755962906448
3479.0,-0.005541506814679875
3487.0,0.006022558912325788
3495.0,0.01242661701352792
3503.0,-0.00263018385311413
3512.0,0.0016811795918016729
3519.0,-0.0017353826007266908
3524.0,0.012155625821004181
3532.0,-0.0008389271052253195
3541.0,0.004820009268172395
3545.0,0.005426932513311257
3553.0,0.004769051835382509
3562.0,0.003800575907553479
3573.0,-0.0027690286867754622
3587.0,0.006603013335638739
3593.0,0.006472617525834634
3601.0,0.007327954592049816
3608.0,0.008435072889587862
3614.0,0.007697739695537974
3622.0,0.0024755214930103522
3631.0,0.008408384198331287
3640.0,0.014719906913734827
3648.0,0.004262704596769903
3656.0,0.004563992151805835
3664.0,0.0018760335889930393
3669.0,-0.00023854785389539656
3677.0,0.0036994969540805186
3686.0,0.007374406763754804
3691.0,-0.001337995818199502
3697.0,0.007892566746123153
3706.0,0.0033483472924725815
3711.0,0.009041632564107843
3716.0,-0.00011510905246380383
3725.0,-0.010288790251908238
3734.0,-0.007923581560930324
3738.0,0.017570553095167474
3749.0,0.010322249239871142
3756.0,-0.003627396772799001
3763.0,0.0012463622204565358
3772.0,0.006363750864357339
3782.0,-0.011886226375828403
3789.0,0.0016706184679794766
3795.0,-0.002997834587737805
3804.0,0.0011940455850557355
3815.0,0.00885758416160478
3827.0,0.009870121375951104
3832.0,0.008786364367878002
3841.0,-0.002675716796518775
3845.0,0.004772928787477352
3850.0,0.01086041867233009
3858.0,0.007446532913230599
3867.0,-0.0003181927305828763
3879.0,0.0074301350563872205
3887.0,0.0035696254082745868
3894.0,0.006591588786805305
3901.0,0.0032834213849107048
3909.0,0.007538618774398503
3917.0,0.002088689576562385
3924.0,0.0034255008264140346
3933.0,0.008166452849649833
3940.0,0.00250390688681808
3948.0,0.003672019756336869
3955.0,0.010686049624682366
3964.0,-0.0008883040450942812
3973.0,0.01022137869159142
3981.0,0.0009021580108638587
3990.0,0.010036921769288365
3998.0,0.010743982788162047
4006.0,0.011729404249294492
4014.0,-0.00030174234444552557
4022.0,0.007317157324986091
4030.0,0.01203304591927781
4038.0,-0.001846119082310068
4052.0,0.012126523762745239
4060.0,-0.001633132707898467
4067.0,-0.001509372225599676
4073.0,0.0065168492677616235
4082.0,0.002562828239510949
4087.0,0.0038827165954663234
4092.0,0.005275359127642114
4096.0,0.0037070403808264515
4103.0,0.0053942951876328185
4109.0,0.004666508849034848
4117.0,-0.0015965243679799063
4125.0,0.0062150941906186676
4133.0,0.0025724752917254223
4141.0,0.0005672550237978826
4146.0,0.006407724627416479
4153.0,0.004484648543613577
4159.0,-0.005723389169519329
4165.0,-0.002451390433832176
4174.0,-0.0006298126336514878
4182.0,0.009669738573832324
4190.0,-3.5643346746556114e-05
4198.0,0.004472566947972815
4205.0,0.005861071712844311
4212.0,0.005789917637174954
4222.0,0.0021415730008020116
4229.0,0.012774846507070208
4237.0,0.007618530779677481
4244.0,0.0036531643964866616
4255.0,0.005015104696916986
4263.0,0.009127262593259826
4272.0,0.008817714593942332
4281.0,-0.0042372908488334604
4291.0,0.006126112738642796
4299.0,0.0027652519459812138
4308.0,0.009078640547851836
4316.0,0.005430940808039137
4323.0,0.0044437504805665195
4331.0,-0.0025595675715643007
4345.0,0.003874326881449635
4356.0,-0.0004862723786029237
4368.0,0.0025518397984660153
4379.0,0.003969471884357989
4387.0,0.005920271552053087
4392.0,0.007700531906142185
4397.0,0.0026775433985793576
4404.0,0.0059408321767033916
4412.0,0.005369041526315881
4417.0,0.005903295897813884
4428.0,-0.006776220299389255
4432.0,0.0027075533567439674
4438.0,0.013184484066363494
4446.0,0.008917228406139665
4454.0,-0.012008443937579426
4463.0,0.007700033288728015
4467.0,0.008427597039105362
4474.0,-0.0019368076629987362
4483.0,-0.003266414635352521
4490.0,0.0043999513367164724
4496.0,0.010171985816421984
4505.0,0.0011656199105579872
4513.0,-0.009911686422648738
4522.0,0.0033576575995008704
4529.0,-0.003080823326072116
4537.0,0.006717510875338727
4544.0,0.004516106301119472
4552.0,0.005329654785768299
4561.0,-0.0036269598491366975
4566.0,0.007413419179773388
4574.0,0.004091191264858341
4581.0,0.003447126995800464
4588.0,0.007583127299005134
4596.0,0.006099421024414325
4604.0,0.00694489200407883
4613.0,0.013174169667220048
4621.0,0.0044294138645806684
4629.0,0.005553283249063983
4638.0,0.011375210137509318
4646.0,0.009203101726174327
4653.0,0.006750719065237726
4659.0,-0.0005523666326151369
4666.0,0.002098296846337237
4673.0,-0.006756353004483233
4680.0,0.00297854466364796
4691.0,0.007881910846323812
4699.0,0.0025528180328562643
4706.0,-0.0033712781086116363
4711.0,0.006867334388677367
4716.0,0.00499742396246746
4730.0,0.00043379047645892654
4737.0,0.006589037640123575
4744.0,0.00959639222007597
4748.0,0.004415366903258854
4759.0,0.008478948779905949
4767.0,0.007046549416319251
4773.0,0.0007625498812876151
4782.0,0.010347080086339316
4790.0,0.009095410620996896
4798.0,0.004483160646846738
4805.0,0.0002183822517961953
4814.0,-0.006248952859749886
4819.0,0.0012730975625655273
4824.0,-0.0013439086935057084
4832.0,-0.00019535523728676763
4840.0,0.011781277455879353
4848.0,-0.0014938826625547415
4855.0,-0.00032151462907488096
4867.0,0.009692018657574604
4875.0,-0.0019522611362953889
4880.0,0.0020874439850246855
4887.0,0.005152911026805461
4895.0,0.005633077686502995
4903.0,0.006639105290665907
4912.0,0.006382979037885589
4918.0,0.004639734226089029
4926.0,0.0043371374366483195
4934.0,6.543660462516289e-05
4943.0,-0.0015620674376040655
