,5
2.0,-0.006615006161162012
9.0,0.005415980348507273
16.0,-0.0014634775971575531
24.0,0.0007238249098032919
34.0,0.0039012976848076825
42.0,-0.003865252677702934
53.0,-0.002212104479635543
65.0,-0.0004893402734702627
71.0,0.010732455046556401
77.0,-0.0015392039143789199
88.0,0.0005908451966839486
96.0,0.0005168889077610032
104.0,0.0010943986267704948
112.0,-0.0001843390044645459
120.0,0.004161103758656166
127.0,0.0020478887658378986
138.0,-0.0007317017989614149
146.0,0.0004194750936092647
154.0,-0.0013862051721549756
162.0,0.0013216252128141698
166.0,-0.001398790350709921
172.0,0.0009122918806578371
178.0,0.0030673720058235227
189.0,0.0025040134551227943
197.0,0.0010700469989503047
203.0,-0.0042215600527431285
212.0,0.005588460540757737
217.0,0.0002430859479980474
226.0,0.0005503108756672033
237.0,0.00022084099327874428
246.0,0.0029376739558394653
253.0,0.0014199555814816457
261.0,0.00037400095397778553
270.0,0.0027003210103885116
275.0,0.0001416441941395555
286.0,0.0001620898574735541
293.0,0.003059336700410128
300.0,0.0002601167849525015
308.0,-0.00010705639756442713
316.0,0.0009273501256600468
324.0,-0.000904387713812122
333.0,-0.0004812258110221551
344.0,0.0014350664528303338
352.0,-0.0006167183479633574
363.0,0.0002690764304029301
370.0,0.002991110234887132
376.0,-0.004997581066680636
385.0,-0.0028958092562374285
394.0,0.00027777778264247377
408.0,-9.581480646564679e-05
415.0,-0.00013103565517619338
426.0,0.005693341935355279
433.0,-0.0013497912905348066
438.0,0.005070483132273723
445.0,0.0008953547853651855
452.0,0.001560501227035053
461.0,-0.0005956249922860502
473.0,0.0012152394993295843
483.0,-0.00760366359478316
491.0,-0.009957638036080426
495.0,0.0013520270759457202
501.0,0.002110590796253547
511.0,0.0007705983245288683
516.0,-0.00322775737079402
528.0,0.0019382330862344848
536.0,0.0003864658834941745
540.0,-0.0025660298557314332
548.0,-0.003463469544435083
557.0,0.0009707338254041327
565.0,0.0015771080431970922
570.0,0.006284820645973555
579.0,-0.003911291629951061
590.0,-0.004036792428804847
597.0,-0.0018698697341873525
603.0,0.0029214204518928605
612.0,0.0007851125977321472
620.0,-1.124543375067245e-05
631.0,0.0022863818613211824
642.0,-0.0006000261616213446
650.0,-0.0002628330226891529
655.0,0.0013083732577423791
661.0,5.291301447082504e-05
670.0,0.001945467962831157
677.0,-0.0023756502540288687
686.0,0.002459431932266498
698.0,-0.004439478566127784
703.0,0.0013018995452296464
707.0,0.005956665821727368
713.0,-0.0030396497914418298
722.0,0.004511630997156758
729.0,-0.0007411682233758818
734.0,0.0015381762583806281
740.0,-0.00024310096977484186
747.0,0.0010305244089408726
753.0,0.0015462310776520355
762.0,0.002150621442793791
769.0,0.001113945479399718
777.0,-0.00014165230983471233
786.0,0.0011775233113850295
798.0,0.0009727885773172316
805.0,0.0005176616752455389
813.0,-0.00101621064523567
824.0,-0.001365106609305967
833.0,-0.0011968192425685622
841.0,-7.4963664445284e-05
852.0,0.007284705448378499
858.0,0.008943319784891018
863.0,0.0005646194000339234
871.0,0.000662487826016645
879.0,-0.002629058417469986
890.0,-0.0005197598919019472
897.0,0.0009745801713580551
906.0,0.001333003445047396
911.0,0.0015120616204152982
917.0,-0.0014802605165760015
928.0,5.4191229871698496e-05
936.0,0.006430522139698631
941.0,0.0014626713351992707
949.0,-0.001376770995640431
957.0,-0.0014220390868979816
965.0,0.0012308479545406709
973.0,-0.002370536235620365
978.0,-0.0032953849985177352
984.0,-0.0034607582829078057
993.0,-0.0018308243086447135
1002.0,-0.012946043601662082
1009.0,-0.00026267215957049845
1018.0,0.007339536739203353
1029.0,-0.0017311333271700646
1037.0,0.0021863162202262736
1043.0,-0.015224489080880066
1054.0,4.402435999039552e-05
1062.0,0.0012580709462785555
1073.0,0.0013598137633699138
1080.0,0.0015600097234473391
1091.0,-0.00040785415222248795
1103.0,0.0015973717621597316
1110.0,0.0002761509640420627
1119.0,0.0021879994080951817
1123.0,0.0004829534302338025
1131.0,0.0030187404365644237
1140.0,-0.0028158889006844406
1149.0,0.0010422564791394049
1158.0,-0.001546654953677918
1167.0,-0.00039553441813989316
1174.0,0.0021210955986906335
1182.0,0.0013500484637184293
1189.0,0.0005035964968932921
1197.0,0.0006442574981250112
1204.0,-0.000262819652776301
1211.0,0.0012244907498021973
1215.0,0.0030870303597337603
1223.0,-0.002370297725017968
1227.0,-0.01218783895293409
1234.0,0.001651772309863091
1244.0,0.0008709812449525966
1249.0,-0.00041620402486092114
1257.0,0.004776204943410763
1265.0,0.0014465663653095227
1274.0,0.001641066383559893
1283.0,0.00211288196032501
1291.0,0.0022135330209356067
1302.0,0.0033730244873181707
1310.0,0.0023084276248616234
1318.0,-0.001707059738843188
1327.0,0.0014608234164625788
1336.0,0.0010023792032758298
1345.0,0.0016586034225064107
1350.0,-0.01569794252487798
1357.0,-0.0015458277352376512
1366.0,-0.0009760397837899728
1374.0,-0.0030893977311139465
1383.0,9.038460663791642e-05
1388.0,-0.0018003942791765986
1399.0,0.002718964039249794
1406.0,0.0030292568893822503
1414.0,-0.0009748579116331486
1420.0,0.0023899242531327993
1426.0,0.00649901318451215
1433.0,-0.0027302162567514536
1441.0,0.0013531710464564143
1450.0,-0.0011617366927203646
1458.0,0.0017790444077046919
1467.0,0.0007672042695993411
1476.0,0.00045225056715614016
1485.0,0.0026060575914825137
1496.0,-0.001917255802947919
1504.0,0.001586885220425842
1513.0,-0.0009045998164039015
1521.0,-0.001488159722837101
1528.0,-0.001732864618843686
1534.0,-0.0009957670318703658
1546.0,0.0009907757779292533
1554.0,0.0009635837319054293
1560.0,-0.0020427794232508573
1568.0,0.001733002162156236
1576.0,0.006046063890304118
1581.0,-0.0003316972089874714
1588.0,-0.01108588899462349
