,5
1142.0,-0.002164789840620386
1150.0,-0.0033514842159744623
1159.0,-0.00019523868502237504
1165.0,-0.002046425663326029
1170.0,0.00047981950810796204
1179.0,0.00644603780490746
1190.0,0.00011324674934531274
1199.0,-0.004849854397007197
1208.0,-0.0015361991518837816
1217.0,0.0028569203358908813
1225.0,0.002000494524989498
1233.0,-0.00033465102376628434
1241.0,0.002872415850974946
1248.0,-0.000500261448715831
1254.0,-0.00016615688527640179
1260.0,-0.00017462447191103015
1265.0,0.0022098217220883464
1273.0,-5.078583901902904e-05
1282.0,0.0007771079160274247
1290.0,0.001217895349323173
1298.0,0.005521802292569229
1305.0,0.0018673006698623163
1316.0,-0.0057338774996281375
1323.0,-0.004851086671626062
1329.0,-0.007064411721188127
1336.0,0.0033874406451885465
1344.0,0.00048300451929629074
1352.0,-0.0050751606973296936
1359.0,0.0021592804062363605
1367.0,-0.0018859763309060828
1376.0,0.005487022652323493
1386.0,0.01615160506803606
1395.0,0.008312396189234832
1399.0,0.002399481768888889
1406.0,-0.0005659765255461152
1414.0,0.0028124872298777056
1421.0,-0.0005094380550431044
1435.0,0.0012199528771722177
1447.0,-0.0009390523896054705
1456.0,-0.0006804228893180993
1464.0,0.004857037582276695
1472.0,-0.003038095242862757
1478.0,-0.00204821193789281
1487.0,0.0034541328710850803
1494.0,-0.0006320415975009795
1501.0,0.00023009858212424904
1508.0,0.0006500840419766507
1514.0,-0.007430424422663846
1521.0,-0.0033253944138754844
1530.0,-0.0002928194710334474
1539.0,-0.001959059560432243
1544.0,-0.0038172113647433436
1550.0,-0.00017475769285739558
1561.0,0.004256457780674575
1569.0,-0.0007774301346555231
1579.0,-0.0006936063880341605
1588.0,0.0002538244929833389
1598.0,0.004688864137021538
1607.0,0.0015641459128088917
1616.0,0.00027495117497255744
1625.0,-0.0009121960375690113
1633.0,-0.00039461850654201006
1647.0,0.0011924568981156692
1658.0,0.0016970648336227044
1665.0,0.0028580178071956103
1672.0,0.0016638865943118886
1677.0,-0.0002615937353462578
1686.0,-0.0005759237087382876
1693.0,-0.003248654168568486
1702.0,0.0003984118563519863
1710.0,0.0016809591012605946
1716.0,-0.0038506947294443834
1720.0,0.0024313609615586426
1730.0,0.0009062955294621527
1742.0,-0.0003142333458084556
1754.0,-0.0016752553265447694
1760.0,0.0011166748507811643
1767.0,0.0012503282144068594
1774.0,-0.0006708684132827435
1785.0,-0.0025909814423320113
1793.0,-0.004306453700739034
1799.0,0.00940036217289311
1805.0,0.0056525118816621285
1817.0,-0.000545185511890475
1823.0,0.0021320924194244005
1831.0,-0.0015159780600500342
1842.0,0.0029824779244207074
1850.0,-0.0012678407606121077
1859.0,0.0035670297240593804
1867.0,0.0019880963118415486
1873.0,0.005901616690986754
1878.0,0.0001465641753027245
1887.0,0.0023307922324903073
1898.0,0.004889655382600562
1905.0,-0.0028555075515498316
1914.0,0.003291913679308147
1922.0,-0.0055014274685850845
1931.0,-0.0003594957216627742
1938.0,0.006251037177166927
1946.0,0.0055401383626213245
1954.0,0.0007468079908284506
1960.0,0.00045686214590840514
1972.0,-0.0004320794497076036
1980.0,-0.003214207496332958
1985.0,0.002669950144021191
1994.0,-0.0038637122042108917
1999.0,0.0025535096321960635
2007.0,-0.0032283977771870795
2018.0,0.004013574612515772
2027.0,0.003648117195089632
2036.0,-4.617837330204071e-05
2045.0,-0.0037281358765693263
2053.0,-0.007783466569352069
2060.0,0.0014003311756652004
2067.0,0.0028461406529669254
2072.0,0.005678351873306739
2076.0,0.006277096321787493
2084.0,-0.003917674786239032
2088.0,0.001453998457141908
2092.0,-0.0016594814545677263
2100.0,0.0006206491340898141
2107.0,-0.002805336181999971
2113.0,-0.003957841506224224
2120.0,0.0013265105560467743
2132.0,0.0029361759277136785
2140.0,0.00045768611503259256
2149.0,-0.0055241394634812984
2160.0,-0.0016350381311016854
2171.0,0.0022452068413044935
2180.0,0.002941308549362642
2188.0,-0.00014023100860126973
2193.0,0.0009161632079647901
2201.0,0.0016167285777751663
2209.0,0.0033681952871280154
2218.0,-0.004363211465039456
2226.0,-0.016781790571118803
2233.0,-0.004164057471109675
2242.0,0.004614691830654222
2250.0,-0.0024502234177665727
2259.0,-0.0007121108887621228
2273.0,0.00010850156105421843
2285.0,-0.0032694249081688964
2294.0,0.0008823831734771595
2302.0,0.002488820049028819
2308.0,0.001050710869111814
2317.0,-0.003202329290709462
2324.0,0.0004568845389378978
2332.0,-0.00800479862449844
2340.0,0.004080059225342252
2348.0,0.005896058125660068
2356.0,-0.0024540611152948375
2364.0,-0.00212029591785786
2372.0,0.002072413186120232
2382.0,0.000888575513256213
2393.0,-0.0016094718798084628
2399.0,0.0017096934324901231
2403.0,0.004833673756840334
2410.0,0.0006187623728288687
2419.0,-0.0018302192317029152
2427.0,-0.0002543310103101317
2438.0,-9.766543911380338e-05
2446.0,0.0005260944976640084
2454.0,0.0004982498548399851
2461.0,-0.00023546506982215066
2469.0,0.0026198777129771626
2477.0,-0.0015316913168884633
2484.0,-0.0034089826996572905
2489.0,-0.000481996314365628
2498.0,0.004645480501444129
2507.0,-0.0007489329618664799
2517.0,0.00017213089873238422
2528.0,-0.0031636842140850613
2532.0,-0.0007632328858715342
2540.0,0.0020227897755051233
2552.0,0.0025565323046961674
2559.0,-0.0023760458807231427
2565.0,0.0006685709668481306
2575.0,4.175244488960283e-05
2580.0,0.0060174213877495
2586.0,-0.00033042663591595546
2598.0,0.004736872917876915
2605.0,0.0009343330433357919
2617.0,0.0032787952979616564
2625.0,-0.001473116302623513
2629.0,0.005369306659474345
2634.0,-0.002295632193018321
2643.0,-0.0006529105792017281
2655.0,-0.001435064794264727
2662.0,0.003168342543751151
2670.0,0.001050170656249774
2677.0,0.0032273887439501435
2688.0,0.0005663689656638106
2695.0,0.0037659594946390243
2703.0,0.0002726249172761086
2712.0,-0.0012580024165687053
2723.0,0.003672050371226623
2731.0,0.002085845566165009
2738.0,0.003969462862889583
2746.0,-0.00011871923569955952
2755.0,-0.00742572317800535
2764.0,-0.004665506403154945
2772.0,-0.005892520984282494
2777.0,0.001322316471060295
2784.0,-0.0006073233645653713
2791.0,-0.002870037591776362
2802.0,0.0012775790165343085
2809.0,0.003483423100544888
2816.0,0.0027872702981501132
2824.0,0.0029620807516468166
2831.0,0.005342174520544682
2837.0,0.0010787675111759954
2844.0,0.00647580843733763
2849.0,0.0007349157218168035
2857.0,-0.001108639628561059
2866.0,0.005989804805078223
2873.0,0.0004673276456400562
2881.0,-0.00018163177147931746
2890.0,0.0044083903549016305
2897.0,-0.0026904944771078965
2905.0,-0.0036699018750028503
2913.0,0.0028816455130357844
2917.0,0.00371604479237683
2923.0,0.0038704730053141685
2932.0,0.007635013503902123
2940.0,-0.0007009599673046281
2949.0,0.0006360228510506091
2957.0,-0.00034441260064904276
2965.0,-0.001851465106653861
2971.0,0.0017435378024909464
2979.0,0.0021497615514149346
2986.0,0.010754659338132787
2993.0,0.0025429017431140913
2997.0,0.0009758662036005828
3006.0,-0.00183158024275403
3014.0,0.006534366033044968
3020.0,-0.0020270772553388577
3028.0,0.0036213924278303638
3036.0,-0.0003536758296957619
3041.0,0.0017803520460309824
3053.0,-0.0019294560441444452
3067.0,0.004672545991443166
3076.0,-0.0001519485020057168
3090.0,0.008946190047285252
3098.0,0.007185921853448644
3102.0,0.008611592797780399
3108.0,0.00017547489772435924
3115.0,-0.001033034203196992
3123.0,-0.0028626856383900984
3131.0,-0.0018839283784458352
3140.0,0.0024228643511212756
3145.0,0.0006978062038369783
3153.0,-0.007837369489736262
3160.0,0.0005751465910719918
3167.0,0.0015799449317844272
3175.0,0.006963811594421685
3179.0,-0.00019055568791849785
3188.0,-0.0027303795624274555
3196.0,0.0022633914978478554
3208.0,0.004758880022646808
3220.0,0.004161285429788995
3226.0,0.002722537242290894
3233.0,0.0003538578753854975
3242.0,-0.0021716242071371165
3250.0,-0.011394038279220265
3257.0,0.0022080855716058918
3262.0,0.001014214319395056
3270.0,-0.00033722620667820947
3279.0,-0.0005719407211706828
3290.0,0.0017512636110849408
3301.0,0.00419180863002855
3307.0,0.002306005541773418
3314.0,-0.0024911656735635097
3322.0,0.0030926912172552726
3330.0,0.0007178378444282596
3337.0,0.0021405475961681
3344.0,-0.00026078144530561825
3352.0,0.002870844626345022
3360.0,0.0026228753236537477
3368.0,-0.004882635959981573
3374.0,-0.00023278521758403678
3383.0,0.002691612073233571
3391.0,0.001177282576584644
3400.0,-0.0015374681458169214
3406.0,3.628082778401526e-05
3417.0,-0.0006577521823641578
3428.0,-0.004003606041837334
3440.0,-0.0020415700699064816
3449.0,-0.0012761564893693353
3459.0,0.0009114330802691098
3466.0,-0.00018380970602660616
3477.0,-0.00041444206459166383
3484.0,-0.0005849622359728355
3490.0,0.00038738055242100905
3501.0,-0.002302851912446821
3506.0,-0.0016014448771205737
3515.0,0.009042891537022982
3523.0,-0.005667783265760309
3530.0,-0.0037470960438755903
3540.0,-0.006486044197119954
3544.0,-0.00019719538349925947
3552.0,-0.0016741943630400398
3560.0,0.005349685366030584
3565.0,0.0023234299922740287
3570.0,-0.0004041497447801847
3582.0,0.0011042442234222908
3590.0,-0.001003272874566218
3599.0,0.002131570221534379
3607.0,0.002638872634515949
3615.0,0.0002131366014147156
3627.0,-0.0042683474300150145
3634.0,-0.006138667960220161
