,3
1142.0,0.027717877483591363
1150.0,-0.005286459900140601
1159.0,-0.008624747855226786
1165.0,-0.0008637512669712887
1170.0,0.019334459853555336
1179.0,-0.007370592825579891
1190.0,-0.010703523036670276
1199.0,0.007367951612886642
1208.0,0.014572770579593254
1217.0,0.001192455052806976
1225.0,-0.010801678655420784
1233.0,-0.00782669595695563
1241.0,-0.00311253750570066
1248.0,-0.002052226490814938
1254.0,0.009154675203416555
1260.0,0.007268796810090784
1265.0,-0.011664162363924306
1273.0,-0.007825722394927428
1282.0,0.0054271423320143225
1290.0,0.0001301263444166441
1298.0,-0.009793320413149854
1305.0,-0.011778322770216567
1316.0,-0.0018126645440295608
1323.0,-0.010303658418103198
1329.0,-0.007254402948843761
1336.0,-0.010206205925104198
1344.0,0.024215742469806747
1352.0,0.00474764250333737
1359.0,0.014469801704553508
1367.0,-0.009636050713708698
1376.0,-0.005265607414498736
1386.0,-0.000632677498691786
1395.0,0.010639835150421193
1399.0,0.008465961490667256
1406.0,0.005952945803007613
1414.0,-0.015035415634696918
1421.0,0.011252819397683227
1435.0,-0.011100047966324411
1447.0,0.019635458548387698
1456.0,-0.01457301221607242
1464.0,-0.004607356030494786
1472.0,0.017257533806521008
1478.0,0.006088815412160254
1487.0,-0.004019511058672385
1494.0,-0.0019965208554092134
1501.0,0.01158046266634088
1508.0,0.013134362631809282
1514.0,0.0037886714964604456
1521.0,-0.0018710530616177945
1530.0,0.02190031635493065
1539.0,0.005240368560804457
1544.0,0.0007484006336464733
1550.0,-0.004703828939808253
1561.0,-0.003453904155749164
1569.0,0.0064983971805996
1579.0,-0.0034555112374458304
1588.0,-0.010867532932763543
1598.0,-0.014059378738641415
1607.0,-0.011343887257890978
1616.0,-0.0036530916750335766
1625.0,-0.006122960667277647
1633.0,-0.005822038472889473
1647.0,-0.014700822165437184
1658.0,-0.011935221685277293
1665.0,-0.0033257601337359694
1672.0,-0.004477671751307359
1677.0,-0.0074057393180025815
1686.0,0.011536881088155126
1693.0,0.023959372277478103
1702.0,0.01298916617949461
1710.0,0.005295931045483019
1716.0,0.015126311853041738
1720.0,0.00828144324075742
1730.0,-0.009316650657050486
1742.0,-0.012747238678301234
1754.0,-0.006919238616952506
1760.0,-0.005462100185649769
1767.0,-0.0142072902273258
1774.0,0.004719599114603648
1785.0,-0.0049092697565948145
1793.0,0.016789211540912452
1799.0,-0.01425841680677167
1805.0,-0.004363919713900313
1817.0,-0.007988501328041154
1823.0,-0.008855555720000305
1831.0,-0.01939941795664252
1842.0,1.4600661148363156e-05
1850.0,-0.022099504312604244
1859.0,0.01710287010080719
1867.0,-0.017802945257730945
1873.0,-0.01859556789785831
1878.0,-0.012821553742080846
1887.0,-0.01541976378925972
1898.0,0.01512698743976064
1905.0,-0.005940974367908159
1914.0,0.017111018221381922
1922.0,0.025592713286315728
1931.0,-0.00010968753235300691
1938.0,-0.023833354320581406
1946.0,-0.008433902993728523
1954.0,0.014635272932293482
1960.0,0.004955880060838803
1972.0,-0.012958129928846672
1980.0,0.0050405331045391836
1985.0,0.02303466789277454
1994.0,0.0011564225586006317
1999.0,0.008205869356180538
2007.0,-0.003368048496916049
2018.0,0.0013695953610036635
2027.0,-0.013101626280712108
2036.0,-0.008056480242394477
2045.0,-0.0034441763854738522
2053.0,-0.004479009366957967
2060.0,0.01919565494152733
2067.0,0.015228753164632475
2072.0,-0.020225616389524036
2076.0,0.0057979345515624696
2084.0,-0.026144496256549365
2088.0,-0.034157906980270866
2092.0,-0.00033994263339125755
2100.0,-0.0068901534745661845
2107.0,-0.011204769076630056
2113.0,0.004717464517885099
2120.0,-0.020909655066787342
2132.0,0.01967244220670003
2140.0,-0.005620269210282042
2149.0,0.015257213293615445
2160.0,0.008647173787571492
2171.0,0.006820226924411992
2180.0,0.023586436461846473
2188.0,0.010319246310115463
2193.0,0.009953204291478904
2201.0,-0.006948392447876397
2209.0,-0.010221087184893035
2218.0,0.017747919271898147
2226.0,-0.0017869243322253486
2233.0,-0.007035475200431752
2242.0,0.00786770423534284
2250.0,-0.007320691647254733
2259.0,0.009548777439399986
2273.0,-0.009439149384941482
2285.0,-0.019330960397955323
2294.0,-0.025672759993153733
2302.0,-0.0033468867540135173
2308.0,0.00665901169309664
2317.0,-0.0025340553745840533
2324.0,-0.010765461896280307
2332.0,-0.017564586890509725
2340.0,-0.0037147054637355135
2348.0,0.010398474074172284
2356.0,-0.02416765743122063
2364.0,-0.006291110225356161
2372.0,-0.0027450886091025957
2382.0,-0.012963358478803023
2393.0,-0.017647445010613223
2399.0,-0.047400213517771066
2403.0,-0.013494966749629453
2410.0,-0.017037670455578535
2419.0,0.015873180862558865
2427.0,0.004195604702831104
2438.0,-0.02163926500312058
2446.0,0.0007373608393590696
2454.0,-0.008296453533469837
2461.0,0.007505014408291337
2469.0,-0.01878411319511135
2477.0,0.010590121533602039
2484.0,-0.013253527924425587
2489.0,0.013053912327543708
2498.0,0.010447095779924214
2507.0,0.016100737731176762
2517.0,0.014057880532498766
2528.0,0.016317505580020188
2532.0,0.0004770737589794853
2540.0,0.010073692309988011
2552.0,-0.0032284569745750485
2559.0,-0.007211078614933563
2565.0,-0.005484293734742766
2575.0,-0.013165100193201176
2580.0,-0.018449106587598702
2586.0,-0.007333562877235252
2598.0,-0.009646058887411222
2605.0,-0.01754587016947173
2617.0,-0.016286018759361996
2625.0,0.029842777702786
2629.0,0.010456717470478171
2634.0,-0.013650630481535617
2643.0,7.356129066158877e-05
2655.0,-0.0037038784501267326
2662.0,-0.012287330416375685
2670.0,0.0011974938769255242
2677.0,-0.019297443507326786
2688.0,-0.0040295443362889285
2695.0,-0.011214048194207417
2703.0,-0.01596804751758023
2712.0,-0.008106403397992398
2723.0,-0.008567628397399739
2731.0,0.002830242866254619
2738.0,-0.0026659034714389992
2746.0,0.004819232272234919
2755.0,0.0012283729222495401
2764.0,0.012288844151321528
2772.0,0.005014042681231834
2777.0,-0.0028288682361468876
2784.0,0.01124666637357121
2791.0,0.009881633167356465
2802.0,-0.006354119087632058
2809.0,-0.01064443411127082
2816.0,-0.004468206742899554
2824.0,0.01372919210697937
2831.0,-0.005879542518015735
2837.0,0.003370849398153697
2844.0,-0.016029425769460492
2849.0,-0.01477903399128791
2857.0,0.010351850042630081
2866.0,0.0028152504251564583
2873.0,-0.016052507240619223
2881.0,0.0010326657299610197
2890.0,-0.009039066168393646
2897.0,0.015296997432013994
2905.0,0.009260564626059706
2913.0,0.015344504474311566
2917.0,0.016084000402702733
2923.0,-0.012165487717525932
2932.0,0.004661576833533546
2940.0,-0.013300583327253647
2949.0,-0.002763470914972498
2957.0,-0.002130762778535127
2965.0,-0.010189734336076029
2971.0,-0.015612328909606203
2979.0,-0.002451402653048874
2986.0,-0.006943166339905336
2993.0,0.015673874134425492
2997.0,0.015423605172024981
3006.0,0.020915731055782746
3014.0,0.012986221136099648
3020.0,0.020255541490125418
3028.0,-0.006257354400254445
3036.0,-0.023641055849198005
3041.0,0.0003381426811186944
3053.0,0.013023312419883783
3067.0,-0.012782176674124103
3076.0,-0.015408914207114802
3090.0,-0.007427135975504739
3098.0,0.005260844319057197
3102.0,-0.008354922323823757
3108.0,0.010849259696307869
3115.0,0.00042835731166067847
3123.0,0.007937634581580378
3131.0,0.016302640300110815
3140.0,0.010057929910099166
3145.0,-0.00861201057594101
3153.0,0.0035875559741449063
3160.0,0.004116288566320676
3167.0,-0.01306443955108705
3175.0,-0.044637047456157965
3179.0,0.0038729329365805067
3188.0,-0.01035382435226654
3196.0,-0.013002544019106098
3208.0,-0.002462207389806712
3220.0,-0.0060523893174219655
3226.0,-0.015002023057460205
3233.0,0.003931169183767191
3242.0,-0.006855511190749027
3250.0,0.0017690237060239006
3257.0,-0.01640897107028967
3262.0,-0.022103039392459584
3270.0,0.0032244700610660247
3279.0,0.020561662452414368
3290.0,-0.011313141649894845
3301.0,0.010961145979485493
3307.0,0.004945396549720392
3314.0,-0.017878759951440153
3322.0,-0.0038999886401643847
3330.0,-0.01931062581416376
3337.0,-0.0008357758911241777
3344.0,-0.001999477369934046
3352.0,-0.008658620575667372
3360.0,-0.010441890648516246
3368.0,0.009129186723368992
3374.0,-0.010309107630417563
3383.0,0.0017964267945531052
3391.0,0.002383630587849357
3400.0,0.014695795099712944
3406.0,-0.004224095577538871
3417.0,0.024650706559919435
3428.0,0.01880313344477388
3440.0,0.021059344832867782
3449.0,-0.0040426322096261255
3459.0,-0.0030073794136363753
3466.0,-8.182082643463927e-05
3477.0,-0.003916108600698501
3484.0,-0.007629050749791307
3490.0,-0.00437427224119695
3501.0,-0.012607041219453012
3506.0,0.0024639136857280792
3515.0,0.024346400855718556
3523.0,0.014215784911845221
3530.0,0.002317282289660469
3540.0,-0.012182009338277653
3544.0,0.01178866185901467
3552.0,-0.004810501419562649
3560.0,-0.020963599830166636
3565.0,-0.013970576985978282
3570.0,0.008547127064402284
3582.0,-0.01148667824316049
3590.0,-0.019733577423490987
3599.0,0.012960399341354775
3607.0,0.003236911918346197
3615.0,0.01694022972351766
3627.0,-0.0034990693233161872
3634.0,-0.0008792060237668618
