,5
1325.0,-0.0015421259521337801
1333.0,-0.0008930107490150143
1344.0,0.018780984013465382
1353.0,-0.002181286013583215
1361.0,-0.00219838642483506
1370.0,-0.0014337483683586542
1379.0,0.0021671289957457605
1388.0,0.004798896978734361
1394.0,0.0022584874597348465
1403.0,0.002119523088039466
1411.0,0.0008083779872336178
1419.0,0.002196409319866647
1424.0,0.0025518786715224575
1435.0,0.0014944578659167543
1443.0,-0.00143879739117368
1451.0,0.00034567346159084894
1460.0,0.004380220313824853
1466.0,-0.002914197114808642
1472.0,0.00037563339266829545
1482.0,-0.0038737676419827215
1489.0,-0.0006062492697908694
1498.0,0.0009910739217443702
1506.0,-9.166476796336354e-05
1514.0,0.0007106448370967884
1525.0,0.004315183070513632
1530.0,-1.040341076573894e-05
1535.0,0.0016751123907943007
1543.0,0.002359781191691051
1552.0,0.001942251963380159
1560.0,0.002379634228236075
1568.0,0.0021200476243301266
1577.0,0.0023553809372724834
1586.0,0.0007244677383833897
1594.0,0.0006700155523539226
1601.0,0.002325805806812269
1610.0,0.0006856190694616661
1619.0,0.002418804618927143
1627.0,-0.0013302584926961265
1636.0,0.00038406894150648583
1645.0,-2.342961085309399e-06
1656.0,0.005753265300402758
