,3
2.0,0.0061989314197345045
6.0,0.00302866612816966
12.0,-0.013482001957484575
20.0,-0.011732353008962899
31.0,-0.0054599481635707195
39.0,-0.016271363946583683
47.0,-0.01858810928076033
55.0,0.006948859096755526
62.0,0.02006322252068899
66.0,0.02103595398260406
74.0,-0.0025363785861600074
82.0,0.0032777128528722853
87.0,0.00791717886104386
92.0,0.03845290988057514
96.0,0.007768273730637344
105.0,0.01277235268702289
112.0,0.009459357279412528
119.0,0.010736345211895914
127.0,0.004049767102929642
135.0,0.020676647978621166
147.0,0.00606958333480182
156.0,0.011409612978961913
164.0,0.004958807999071289
173.0,0.004128235906995628
181.0,0.01243844617329292
185.0,-0.00994128947660436
194.0,-0.00300263569528223
202.0,0.008172980468263622
209.0,0.0117881313581836
216.0,0.005560765609299291
223.0,0.005509824901842169
231.0,0.0019709585189057184
238.0,-0.0024892927107551662
245.0,-0.00633266491158558
253.0,0.05176641722831311
257.0,0.006791950670837143
268.0,-0.014665939257890137
276.0,-0.005477849065154172
283.0,-0.014757867905347832
292.0,-0.002498630585894254
299.0,-0.009454719946060933
306.0,-0.0029993051594186166
315.0,-0.013267983278202562
327.0,-0.017525101773854045
336.0,-0.02161325652125648
344.0,-0.005853587650609365
352.0,-0.007712338095121471
358.0,-0.004265035421492516
369.0,-0.006563875591143708
376.0,-0.007787081929331543
383.0,-0.007399643883950062
397.0,-0.012000150736926812
405.0,-0.0011280290201126206
412.0,-0.010138892646058056
416.0,-0.027143649827379282
420.0,0.017430211831015584
428.0,0.011348874286202324
436.0,0.0003011134970102729
445.0,0.016093539928400815
453.0,0.020578658448708397
464.0,0.007930830764467977
471.0,0.019345182910690685
479.0,0.02193293442432492
493.0,0.0026410885607438006
504.0,0.021778015384486874
514.0,0.010841430315206629
526.0,0.01961435878440972
537.0,0.002131056098100286
546.0,-0.014182022221642885
554.0,0.008457754010179586
561.0,0.0035442303203668305
570.0,-0.04018569340431952
574.0,-0.005232130905080845
582.0,-0.01237439348326537
590.0,-0.016834012370200806
601.0,-0.0005103874459901973
608.0,-0.007504990256417996
615.0,-0.011109427326728124
623.0,0.022457045398948782
629.0,0.01524494982201659
637.0,-0.021155387416377666
645.0,0.017354981381954206
656.0,0.020917853225317043
665.0,0.005729194186315098
676.0,0.0067836324555398215
683.0,0.020629413532609612
691.0,0.008384239034741359
700.0,-0.0019119478916626124
705.0,0.005715030900220919
716.0,0.01462796914359125
725.0,0.013146967737399873
734.0,0.0045297740404338155
742.0,0.017127221863454785
750.0,0.008651575198314627
761.0,0.004311310781734839
769.0,0.023179936185157898
777.0,0.009911669875935038
782.0,0.009000133013402623
791.0,0.02091006270144599
799.0,0.023796585489224094
808.0,0.010414791095160091
816.0,-0.004030326474300558
827.0,0.014712876230182049
835.0,-0.003390922133839033
840.0,0.013964123948930039
847.0,-0.017926277868012264
855.0,-0.01618433437304841
863.0,-0.0023861163895638818
870.0,-0.00037482416079991885
881.0,-0.025299921766847984
886.0,0.02149421809210404
894.0,-0.0041670950556153856
903.0,0.02479554696824614
912.0,0.0028616956320817242
920.0,0.01658674976577392
928.0,-0.0017271497878674884
935.0,-0.013011840195815019
943.0,-0.010037671466385088
948.0,0.015197364249926957
956.0,0.011275593077828504
964.0,0.003512092781193945
969.0,-0.0005069689383684932
974.0,0.00598884832240133
983.0,0.01276642881213469
991.0,0.00819228242264838
998.0,0.016786068338076256
1006.0,0.018422657745334293
1015.0,0.02002773459530916
1023.0,0.014386389221661284
1027.0,0.015382984229307336
1035.0,0.024983450521932397
1045.0,0.017986372209629967
1051.0,0.010554456072613605
1059.0,-0.0004726371864038509
1070.0,-0.0176702029110678
1080.0,-0.01412474401712226
1091.0,0.009422713264389926
1099.0,0.004909828583525884
1113.0,-0.0063437719128628875
1125.0,-0.00257688145105813
1133.0,-0.014794266118371265
1142.0,-0.005701422302518851
1147.0,0.002258917171226892
1154.0,-0.019762381685865287
1160.0,-0.0005031520277950646
1165.0,0.005940058760216772
1172.0,0.003268637168471082
1178.0,0.0198126280075823
1182.0,0.019352732143410017
1190.0,0.020003972253116165
1194.0,0.010762618714927615
1202.0,0.020461178720894174
1214.0,0.016099829099878758
1223.0,-0.019265525286241498
1227.0,0.01835893935063353
1235.0,0.020003869262029725
1243.0,0.004899184109261936
1257.0,0.014659443144184537
1265.0,0.0023012164955141354
1271.0,0.020938357048958505
1279.0,0.013452805128761321
1288.0,0.007743435942985832
1296.0,0.015360949714986414
1307.0,0.014154901693461463
1315.0,0.0005585493120877376
