,4
2.0,0.0010714859002155244
6.0,0.005674992885463729
12.0,-0.0021931893854032105
20.0,0.00699220066670082
31.0,0.0031637228219126277
39.0,0.0003575782436382376
47.0,0.004185836131564475
55.0,0.008154331447171785
62.0,0.0032163331599653782
66.0,0.012718946085538528
74.0,0.0038333469974336383
82.0,-0.0074334717589134005
87.0,0.013567969597757834
92.0,0.02090019402822278
96.0,0.012940418921377423
105.0,0.006311853962548136
112.0,0.002051158691151418
119.0,0.007251560577359539
127.0,0.005535928494290771
135.0,0.011230444718445231
147.0,-0.0001653445570455425
156.0,0.004891000742397531
164.0,0.006220015165022839
173.0,0.0028598916260021813
181.0,-0.008547159988329138
185.0,-0.001950710190500775
194.0,0.005463009832243618
202.0,0.01393664053441479
209.0,0.015288414354090835
216.0,0.013353963194628839
223.0,0.010357621827280332
231.0,0.00837150654382615
238.0,-0.002375349576736278
245.0,-0.0030872101153308577
253.0,0.0039044621679965347
257.0,0.003991494575462228
268.0,-0.0028275084760145766
276.0,-0.0004988300900516006
283.0,-0.004611168524908699
292.0,0.005939120115721267
299.0,0.0054921989434568224
306.0,0.006284209689644621
315.0,0.005459830604150071
327.0,-0.020919459214902483
336.0,-0.0140500674963634
344.0,0.005682164321641098
352.0,0.004506936289387719
358.0,0.007035008245452885
369.0,0.00962037450035415
376.0,0.006813514462373128
383.0,0.01258821530251943
397.0,-0.0002625656950813759
405.0,0.008947856168615353
412.0,0.008435316667872042
416.0,0.00352008382973773
420.0,0.0034000572532824546
428.0,0.0034865610546546293
436.0,6.4247227967827175e-06
445.0,0.00829489757530952
453.0,0.0002979944575612884
464.0,0.010344011461748378
471.0,0.0005434078095862417
479.0,0.006724140649266369
493.0,-0.002020930240545058
504.0,0.009435155919861623
514.0,-0.0007514335301661388
526.0,0.006842050793690525
537.0,0.0068485917952941676
546.0,-0.007968256696326568
554.0,0.010567463216209213
561.0,0.0040629879186261314
570.0,0.00029415565122263885
574.0,0.0034291201219034304
582.0,0.003961171044509954
590.0,-0.0016960438367449363
601.0,0.010564242272306186
608.0,0.005351478783668196
615.0,-0.002615840754519542
623.0,0.011656386522242601
629.0,0.007442246980279059
637.0,-0.005486434781476694
645.0,0.01670325111504726
656.0,0.0086523320643369
665.0,-0.00042950498947853826
676.0,0.010035009793428043
683.0,0.012255709271014872
691.0,0.005273269284405798
700.0,0.008200862159682201
705.0,0.005931620934046942
716.0,0.004417972371253992
725.0,0.0010366648048051174
734.0,0.00603926502430411
742.0,0.0044143894823421605
750.0,0.00612121135551448
761.0,0.006333692584527293
769.0,0.0072984902777724885
777.0,0.014483132025526946
782.0,0.00792793607301949
791.0,0.015500509671008224
799.0,0.020609407844763162
808.0,0.0007350392902287443
816.0,0.002660926639769985
827.0,0.01092282652693745
835.0,0.006693131495968861
840.0,0.012257732227627244
847.0,0.001827871366607106
855.0,0.002552597452223819
863.0,0.00949943210173786
870.0,0.002628299696679886
881.0,0.005742612463786086
886.0,0.0028887610114250563
894.0,0.00016573475434099915
903.0,0.005902814005866506
912.0,0.0038089771301316354
920.0,0.008509578896998979
928.0,0.006410506438907155
935.0,-0.012645004146949745
943.0,0.014522402725918745
948.0,0.008033082598471845
956.0,0.01304685306259647
964.0,0.011129716775001242
969.0,0.0020042680882189196
974.0,0.007709748588251067
983.0,0.003705943585149975
991.0,0.004852603986856141
998.0,0.006564588515609286
1006.0,0.006781397978947149
1015.0,0.003394466356515856
1023.0,-0.012943891594030645
1027.0,0.017074421874008566
1035.0,0.013688846850906027
1045.0,0.007309873999088287
1051.0,0.008307554322201108
1059.0,0.0099070039798554
1070.0,-0.016204017245241908
1080.0,0.0017401974575882318
1091.0,0.01173267413263991
1099.0,0.005594652443174413
1113.0,0.005485954410334176
1125.0,0.00037229359854942253
1133.0,-0.002134559986026597
1142.0,0.013671712840588124
1147.0,0.00534773142785593
1154.0,-0.013121049377834686
1160.0,0.010953130129073388
1165.0,-0.0030085264772804887
1172.0,0.007585711533156777
1178.0,-0.012266827301625665
1182.0,0.014046706263675464
1190.0,0.0025056866069375155
1194.0,0.010923725729783252
1202.0,0.009802110944702505
1214.0,0.002706154779918338
1223.0,0.009769203880244387
1227.0,0.007557673115409455
1235.0,0.007335940126383712
1243.0,0.003092593299913502
1257.0,0.0044837371304364245
1265.0,0.004980468348548068
1271.0,0.006738046405521307
1279.0,0.004279275846451426
1288.0,0.007208950272975962
1296.0,0.007862991946839233
1307.0,0.003003794872261489
1315.0,0.019325404460392742
