,5
3508.0,-0.010808720788560912
3514.0,0.010531359623829043
3520.0,-0.0006832767872664931
3528.0,0.00020927042704381297
3536.0,-0.004302783341273296
3544.0,0.0018360891574796072
3552.0,0.0027832729938595045
3558.0,-0.0006163627691986417
3563.0,-0.003035433219933249
3569.0,0.0014548154188421213
3577.0,0.0009406676699997053
3585.0,-0.0034160613845912184
3590.0,-0.004769470615254748
3594.0,0.0023328248795648435
3603.0,0.0004466428165985648
3617.0,0.003573749059938465
3624.0,-8.386248957616088e-05
3632.0,-0.0006193535344847771
3641.0,0.000112520814237376
3650.0,-0.002732200808273398
3658.0,0.0034952732028884484
3667.0,-0.008224298860240497
3672.0,-0.0037343350915529402
3679.0,0.0023584937817876326
3684.0,0.00034361515932477134
3692.0,0.0014887127923135005
3698.0,0.0016725427228913461
3708.0,0.0004614568353063008
3716.0,0.00013892806741660542
3725.0,0.0012896114029446056
3733.0,0.0021198807200111685
3744.0,-0.0011885567370065085
3752.0,0.0020359229151957646
3758.0,-0.0010381717885975404
3767.0,0.010096885686024454
3774.0,-0.0025797227596483134
3779.0,-0.00392425992353725
3788.0,0.0014001423229931846
3793.0,-0.0006592498989455183
3799.0,-0.0005953019747764805
3803.0,0.0010066256291337762
3815.0,-0.00040765094577478197
3823.0,0.000525975357897537
3831.0,-0.0012584371134539028
3835.0,0.007767047412891785
3839.0,0.001779306633163235
3847.0,0.0014320585594151702
3854.0,-0.0008380130249583866
3859.0,0.00150538912351366
3865.0,0.0006935718674610956
3873.0,0.0014607896494078828
3880.0,0.0005496057148701815
3891.0,-0.0015881691690928614
3905.0,0.0025445209592195196
3913.0,-0.008143089496082674
3920.0,0.006351204137652265
3926.0,-0.0024646824662410477
3935.0,0.0008875455436461476
3942.0,0.003465093601546214
3953.0,0.004668922637936946
3958.0,0.0022006322794145268
3972.0,-0.0004510471736423583
3983.0,0.0006081042105883745
3990.0,-0.0009905279718612485
3997.0,-0.004305827398090521
4004.0,0.0048871215961504575
4009.0,0.0011536258285643045
4013.0,0.0017854737383180663
4021.0,0.00019575804577502245
4026.0,0.0004439307755362207
4034.0,0.0011186722815116578
4042.0,0.0012712754398676298
4051.0,0.0053118094734134775
4062.0,-0.0004055518809816699
4066.0,-0.0013665552145918068
4070.0,0.0011732427544667934
4078.0,0.0028777108575696922
4085.0,0.0017026588677705725
4093.0,0.0005973889545861015
4101.0,-0.0008333802436018625
4109.0,0.0016321458549075892
4117.0,0.0043966166341286
4121.0,-0.0009470960898936593
4132.0,0.0008916486131483309
4141.0,-0.0015502359464359277
4145.0,-0.0008562782238949664
4154.0,0.005960449716911569
4158.0,0.0016261650244318812
4166.0,0.00047537755440013184
4178.0,0.0015694533388080278
4189.0,-0.0006759062620790771
4196.0,-0.0013182482357027895
4205.0,-0.0003506336345589988
4214.0,-0.002843370839298997
4218.0,-0.0018893810841107905
4226.0,0.0028148485755888947
4230.0,-0.005381245692409508
4234.0,0.0007383117205529864
4243.0,0.0005780821343290552
4251.0,0.001354909359871675
4258.0,-0.0002535906920708489
4266.0,0.0009028789735586256
4277.0,-0.0012352891265289237
4288.0,0.003207218126724125
4293.0,-0.010739547517408354
