,5
2.0,-0.004853837780499335
6.0,-0.0003375211941916268
17.0,0.0005462270463345953
23.0,-0.0018515340053632606
31.0,0.0001742377074641876
36.0,-0.0005187461440689592
48.0,0.001990343843255475
55.0,0.0017502202176224728
64.0,-0.0009509025611136823
71.0,0.0013987660928946376
79.0,0.002196532672183437
87.0,0.0019765984571028902
98.0,-0.001821264526034413
106.0,-0.0032182463563538164
116.0,0.008497202040903854
121.0,-0.003023624190253134
133.0,0.0031063252732154117
138.0,-0.0009286091956847818
149.0,-0.0015245055151967173
153.0,0.015155708511416103
157.0,-0.01167479470212747
165.0,-0.008688677989710096
174.0,0.005730394877141831
182.0,0.004483880399070115
189.0,-0.0010462381890049652
197.0,0.00041735860875182694
201.0,0.001345011860419121
211.0,-0.004705993845569435
218.0,0.0004939197281185664
224.0,0.0008695043061651305
236.0,-0.0011892345173131196
243.0,-0.0020123313031049223
250.0,0.0025641982195241503
258.0,0.0014532128848631178
267.0,-0.000395549299783937
272.0,4.552395577888444e-06
277.0,-0.00014360933224271075
286.0,0.0029785221779305236
295.0,-0.001533486778357624
303.0,-0.0020179920053663867
311.0,0.008228151280102805
322.0,-0.005076753105792985
331.0,-0.0038396464011743875
340.0,0.005734442947599108
345.0,0.0030754446469072
351.0,-0.001366700032317738
365.0,0.00561251526880916
374.0,-0.002032383137837237
383.0,-0.00970772567755641
388.0,-0.00789646940470231
395.0,0.007769435838116802
399.0,0.010447884857461853
407.0,-0.0037650544574568063
413.0,-0.0023501181208548058
420.0,-0.0014744274355642142
428.0,0.002775952842888411
435.0,0.003452153502869546
443.0,0.0006582390835537398
449.0,-0.00012169356323980685
461.0,-0.0010084354476499417
467.0,0.0012580735972666456
478.0,0.0017408645220509445
486.0,-0.0004904660035652987
493.0,-0.003109767117290373
502.0,0.0007113841712103846
509.0,0.0025587136717304323
517.0,-3.681808234595809e-05
525.0,0.0011815935349520671
536.0,0.00019808921150558494
547.0,-0.0012102401593336886
555.0,-0.0007071279312401596
562.0,-0.0016298040820638142
569.0,0.00010200784887942312
583.0,-0.004131409597296519
592.0,-0.007306814528383045
604.0,0.011189767906443857
611.0,-0.005244290362966255
617.0,-0.002752791253155121
625.0,0.003073409097991472
633.0,0.0030630375333264405
645.0,0.0031843771942517344
651.0,0.0008290388050405021
659.0,0.00019498103252465863
663.0,0.002071701093660001
672.0,-0.0016697856957737498
683.0,0.00014755058867858264
689.0,0.002962693052563352
694.0,0.0012521671956220218
705.0,0.004198644174718323
711.0,0.0008379174794581872
716.0,0.0021595215993134406
725.0,0.00021714325931043518
734.0,-0.0010276313703978075
743.0,0.00328814452688764
748.0,0.0005519629862923967
757.0,0.0009123445570968676
762.0,0.0014908125658847473
771.0,0.00019635993453837635
779.0,0.00011802803553268274
785.0,0.0003141448372039827
793.0,0.0005049177689258099
802.0,0.0002673702388878727
808.0,-0.0010033723062581885
822.0,0.0006262394102592989
828.0,-0.00028392968475207154
836.0,-0.003388109681924814
843.0,0.002489912131680938
850.0,0.002396042938180482
858.0,0.003041005623468815
866.0,-0.0035913490017912015
876.0,0.001637882039000647
887.0,0.002890081206049731
894.0,-0.0016683051248315294
902.0,0.00015921911418193587
907.0,-0.005100179975424568
911.0,0.005359903569215627
920.0,-0.008997871590649709
924.0,0.0003007304853043236
932.0,0.0028898648099139348
941.0,-0.0019119543632801512
945.0,-0.0017328725741564976
953.0,-0.0012805356148753485
961.0,-0.0004033604977745131
968.0,0.001407621260356651
979.0,-0.0013461218780613635
983.0,-0.0006667744083430249
991.0,-0.0003964674263604581
1002.0,-0.00038478511468384305
1008.0,0.0070214765395532315
1014.0,-0.002636984382812417
1020.0,-0.0011841504169317941
1027.0,-0.0023255530148201275
1031.0,-0.0042725731344780285
1035.0,0.0059173567106956685
1040.0,-0.0003897678289936936
1045.0,0.0026703936313391243
1056.0,-0.0020000436976525967
1061.0,-0.0019985719339979933
1072.0,-0.00018478089342610768
1080.0,0.0004595120611724401
1087.0,0.002152436322617477
1095.0,0.0013214977024049177
1102.0,-7.911589316712692e-05
1109.0,-0.00025653379875829283
1117.0,0.0008240598434827186
1122.0,0.0006794505229538019
1130.0,0.0047532249578643194
1139.0,-0.0004531593863123924
1143.0,0.001447848811777574
1152.0,-0.0010365882845096855
1158.0,-0.000750495409555993
1172.0,0.0016394413044093575
1184.0,-0.0007481232447755206
1192.0,0.007835470846554846
1200.0,0.00894710391109193
1208.0,-0.0016265678921730765
1214.0,-0.002676536861202585
1220.0,0.0027457741473031114
1232.0,0.00904479891181493
1238.0,-0.005367804132516784
1243.0,-0.000993465548246782
1251.0,-0.004284907567813272
1258.0,-0.0019126409099228271
1266.0,0.0028724168499744533
1273.0,-0.0014790656812658206
1278.0,-0.0006877830459874765
1286.0,0.003738585034446588
1290.0,0.007911164937706248
1298.0,0.00043161136839016986
1310.0,-0.0009537372395168159
1314.0,0.0001771721096632891
1325.0,-0.00030120958338324886
1334.0,0.004714073548613338
1341.0,-0.00013198485181052728
1349.0,0.0008264085913479436
1356.0,-0.00021253465105048174
1366.0,0.00038000834414920293
1375.0,0.0020260045118123265
1383.0,0.0006496579805652382
1387.0,-0.0008188208946367513
1397.0,0.0004826101028734711
1404.0,0.0007072676680564307
1412.0,0.0003868605921973981
1416.0,-0.0010044557621335902
1424.0,0.0018557987593623973
1430.0,0.0011133566970728175
1440.0,0.0010572823912533347
1447.0,0.0002640583037483361
1451.0,-0.002294886672385896
1459.0,0.0032058785968952907
1471.0,-0.0016044649728142496
1479.0,-0.0005462342904079951
1484.0,0.0038091025710211435
1488.0,0.011058463454514866
1497.0,-0.0021530734669530033
1501.0,-0.000831039004223831
1509.0,0.004137400929955978
1516.0,0.00038491903058617547
1523.0,0.0003720075958430643
1535.0,-0.002048612212595624
1540.0,0.001326400462685844
1548.0,0.002484340662858338
1553.0,-0.008141939772200249
1560.0,-0.000697149698427206
1572.0,-0.0012816203856717556
1577.0,0.001406599344484344
1586.0,-0.0008421188606469243
1594.0,0.0024682283063479173
1601.0,0.0006954677104125707
1612.0,-0.0004714910821935868
1617.0,-0.0009060752968445041
1629.0,0.0025830284746539375
1635.0,-0.0005381371320986347
1642.0,-0.0005066265708320052
1650.0,0.0007654607399946603
1656.0,-0.0017677992187791884
1668.0,0.00024470387116330846
1682.0,0.0009258596527898759
1691.0,-0.001002957089611538
1700.0,0.0022929114541744293
1709.0,-0.002272456572262117
1717.0,-0.0020706153809681356
1724.0,-0.0060122712263414625
1728.0,-0.0015358979175840559
1737.0,0.0009182508574095085
1745.0,-0.0008928099145784178
1756.0,-0.0062421317393707
1765.0,0.0010727739112501105
1769.0,-0.002031526780425994
1774.0,-0.0021263187449357852
1786.0,-0.002033400083789963
1792.0,0.002783200774324025
1798.0,-0.0013473545187330876
1803.0,0.001243822958210544
1810.0,0.00014869401009822496
1818.0,-0.0013259322990384643
1826.0,-0.0009531702793569742
1834.0,0.0005973574670378042
1842.0,0.0006612881646937721
1850.0,0.0018390868344905886
1855.0,0.002146966489480708
1860.0,0.002216012599285021
1868.0,-0.0009436150564458827
1877.0,0.0035378987886401404
1886.0,-0.0016014878904733177
1894.0,-0.004266715987325201
1906.0,-0.005733188205684328
1910.0,-0.001312312060860924
1915.0,0.000691961160786971
1923.0,0.0032974651361513444
1931.0,0.001261820870975657
1938.0,0.0012146599153418766
1945.0,0.001959393077978932
1956.0,0.0030314911726737627
1963.0,0.0027065941011620042
1967.0,0.0008968941718383138
1975.0,0.000638583244293894
1982.0,0.001018857356385894
1989.0,0.0010477109468671254
2001.0,0.0005255097898214474
2005.0,0.0017059466171633277
2016.0,-0.0021486836212887754
2024.0,-0.001640510966024957
2030.0,-0.0008318670215847861
2038.0,-0.004994250654332436
2045.0,-0.0039473398977955924
2054.0,0.0055606810753923
2065.0,-0.00738646968926344
2073.0,0.002915751352049816
2084.0,-0.001616353833824182
2096.0,0.0022823661376141185
2102.0,-0.0001877685042508529
2107.0,0.0006314130884676035
2114.0,0.002744248351070405
2120.0,-0.0033363626861957524
2126.0,0.0030925175002985777
2132.0,0.0006298260807730639
2138.0,0.0041370443497980545
2147.0,0.008328882931333525
2155.0,-0.0001854160064289839
2162.0,0.0070480895607396635
2173.0,0.00048201524311542425
2179.0,0.003285760867433333
2186.0,0.0018107474259228084
2200.0,0.0019008925312510305
2208.0,0.003924577444425745
2213.0,-0.0022429454767411883
2217.0,0.005267341231023928
2221.0,-0.0012611623056096673
2229.0,-0.000810977210186823
2237.0,-0.0013085335208662503
2244.0,0.0004391198319840801
2252.0,-0.0010447177272320514
2260.0,0.0006711579296444595
2271.0,0.0005386794458809742
2277.0,-0.0013752596467692451
2281.0,-0.0023764479908031555
2292.0,-0.0014272068851029047
2298.0,-0.005489387131268414
2307.0,-0.0003134895011945649
2315.0,-0.0014003482691444633
2324.0,0.0015268938919629912
2333.0,0.0034221125881702457
2341.0,0.001223707495574831
2349.0,0.000271503740854181
2357.0,-0.0009272042735860551
2365.0,-0.0013117992274864277
2374.0,0.0005597886095782143
2383.0,0.0051528168574188704
2388.0,0.0014446580573553814
2396.0,0.000882398561216957
2402.0,0.00030067403169255
2410.0,-0.002292070329847771
2417.0,-0.0009815366051827475
2421.0,0.003427735033494747
2425.0,0.0023159474827533434
2433.0,0.0017865948643623847
2442.0,-0.00048103570337766627
2446.0,-0.0027549133573102754
2454.0,0.0038385272069948384
2461.0,-0.0005659302076719218
2467.0,0.0007137081389587188
2475.0,-0.0008805988397679259
2480.0,-0.0020077184482606416
2485.0,0.0036324270091026246
2489.0,0.011580498970083935
2496.0,0.008491219771790981
2503.0,0.0021622915350784106
2510.0,0.000711434878577783
2519.0,-0.0014370775687409586
2527.0,0.0006612691794980769
2532.0,0.0011655361653405043
2540.0,-0.00027846746546428134
2544.0,-0.002898262732990695
2548.0,0.0022958216056639803
2554.0,-0.0006542090174011471
2558.0,-0.002984136412056961
2564.0,-0.0011358672781931606
2572.0,0.0014840796788506032
2580.0,0.0012057096935347408
2588.0,0.0014708689443003202
2596.0,0.0005788449972271368
2600.0,0.0009949720953596757
2608.0,0.0017027911517008588
2616.0,0.0036463111839889644
2623.0,0.0012160601830972938
2628.0,-0.0012809109885200938
2636.0,-0.0006165567312155796
2643.0,0.0012191200817702555
2651.0,-0.0015560158075948647
2660.0,-0.0005919001854340756
2664.0,-0.0014434739122729087
2668.0,0.0017811527319664372
2673.0,-0.0005315309138622873
2677.0,-0.002780987456683666
2685.0,0.0003143972664370482
2693.0,0.0010770390371976555
2701.0,0.0035004869689239104
2709.0,-0.0006348016563411872
2721.0,-0.0007613969485666169
2725.0,-0.002880640960382571
2729.0,0.00046338993395425636
2737.0,0.004349548189584514
2741.0,-0.0010057661475571602
2746.0,0.0004526246578537746
2754.0,-0.001717073415641754
2763.0,-0.0003103974147645672
2771.0,0.0008981705911641711
2785.0,-0.0007202888861067757
2789.0,0.004030999589657843
2793.0,0.008006434014045645
2798.0,-0.0018086298012916977
2802.0,-0.0021307544705009823
2807.0,0.00021690095877610946
2815.0,0.001706806632407103
2822.0,0.0019519309792624577
2833.0,-5.7932596769643834e-05
2840.0,0.005973511368484265
2852.0,-0.004619070382015573
2856.0,0.0031614671649253185
2864.0,0.001637258645737097
2872.0,0.0023798773134779366
2877.0,-0.0020583013413944824
2886.0,0.0014187601307857655
2892.0,-0.0001389779574965461
2898.0,-0.0005274826564111595
2903.0,0.0005997414055999027
2908.0,0.003132390038083836
2913.0,0.001703843349896558
2920.0,0.0027749769673120705
2928.0,0.0005348404487514009
2935.0,0.0005740224842512272
2943.0,-0.00011790863325747666
2954.0,0.0028895348561144645
2962.0,-0.0005251897254291793
2973.0,-0.00016956120539349592
2980.0,-0.006216438308911492
2986.0,0.004706752993837884
2990.0,-0.004547246413708644
2999.0,0.002675558328291292
3007.0,8.040056722640304e-05
3016.0,0.0028208950450186233
3024.0,-0.0013073739525983927
3032.0,0.002316897035702355
3040.0,-0.00018803337222066444
3046.0,-0.0010823051104706407
3050.0,0.0021087783427891265
3058.0,-0.0014125407722497274
3066.0,0.0013635636827664418
3071.0,-0.000763813406896833
3082.0,-0.0009090004135823814
3089.0,0.001267001151444922
3097.0,0.0037388955138725304
3101.0,-0.010194034791788636
3105.0,-0.000636005020884132
3113.0,0.00020855396766842187
3120.0,0.001187600224472169
3128.0,-0.0004849179953694997
3137.0,0.0008802929982529563
3149.0,0.011183196890977189
3156.0,-0.0016164962891168666
3164.0,0.003790097053054267
3169.0,0.0032352713553657404
3180.0,-0.0011125289539574777
3185.0,0.005971055697925439
3189.0,-0.0005499648359782685
3198.0,-0.0014289463488110384
3203.0,-0.0007305268596982191
3207.0,0.0003091458214748687
3216.0,-0.0012162539231795736
3221.0,0.002944165136389069
3229.0,0.001366291005600512
3237.0,0.00806093456167548
3243.0,-0.0030389431897240283
3255.0,-0.0006662565342526085
3263.0,-0.003224638854906231
3268.0,0.003629852207896524
3273.0,-0.0002280696843996734
3279.0,-0.0027016269762952048
3288.0,-0.002004942084004544
3293.0,-0.003033660326730926
3297.0,0.0018518414889443344
3303.0,0.002358906002594068
3311.0,0.001753174843120757
3316.0,0.0007226882619011005
3324.0,-0.0005899760444903997
3332.0,0.0014307716039701668
3343.0,-0.0007784530788746702
3349.0,-0.0003696408168491378
3353.0,0.004567187723544235
3361.0,-0.0016655533413289269
3366.0,0.0017462078696135394
3376.0,0.0028184496580804623
3381.0,0.0029816066912231698
3389.0,0.0010831138301906392
3400.0,-0.000579669916508228
3405.0,0.0035794595092821617
3413.0,0.001437232042984726
3421.0,0.002417993684321959
3429.0,0.0008550423032597589
3437.0,-0.003227308886940102
3441.0,-0.0009182382443408073
3450.0,0.00043432489551452385
3455.0,0.004109935365500974
3462.0,-6.734381285177829e-05
3471.0,-0.00450830477337409
3476.0,-0.00037727829834602154
3484.0,0.005245555528176907
3492.0,0.006914701129454526
3499.0,0.003014195490896545
