,3
2.0,0.007406314392351036
9.0,-0.006710765983361384
18.0,-0.012570558301696125
23.0,-0.001378752754383656
30.0,-0.022120631407829078
35.0,-0.008606965870933717
42.0,0.007543717439852025
50.0,-0.0006132968459462773
59.0,0.014426718350069626
63.0,0.0003293647378195402
71.0,-0.006807515645533566
76.0,0.014653633457397855
80.0,0.0003122283878210069
87.0,0.0031470088458443917
93.0,0.013781852544674532
97.0,-0.008829190476437127
104.0,-0.011416589111257808
111.0,-0.0054175309869774375
120.0,-0.013018420795180041
131.0,-0.009854190063732908
140.0,-0.016252580556629505
149.0,-0.0044232644289094215
154.0,0.0054140134543479365
160.0,0.008570167397245585
169.0,-0.010123219788063211
175.0,0.02519631698213528
184.0,-0.0028395381699601045
191.0,0.006869253049636169
198.0,-0.00953171312015112
205.0,0.0018610142102219206
212.0,-0.009982330577155295
218.0,0.000773074878327872
230.0,-0.013855663403914857
239.0,-0.016169756486063037
247.0,-0.0015084536912032427
252.0,0.01819532116770676
256.0,0.022347787528491935
264.0,0.019497779293750905
270.0,-0.0032815424210947963
277.0,-0.003463508478676348
285.0,-0.013211621242498117
290.0,-0.00525334554991576
299.0,-0.012859371089255708
310.0,-0.0031038599972621314
314.0,-0.020867723749257217
325.0,-0.001985386832677141
335.0,-0.012741923982145522
343.0,0.018392506734058595
354.0,0.008388885515307467
363.0,-0.0004921492923842401
374.0,-0.030497822082148424
378.0,0.0007363605350477279
386.0,-0.003827926935946697
391.0,0.015650512391960872
398.0,-0.02035923886362717
406.0,0.0038994069970469804
410.0,-0.01307824341204091
416.0,0.008539867378205501
423.0,0.007764890165038515
429.0,0.007368597165765693
434.0,-0.016486357325256943
438.0,0.003539411286519315
445.0,0.010400874869236987
455.0,-0.013349190870520843
466.0,-0.020139055398555282
474.0,-0.001093215476695488
481.0,0.009695432317166741
492.0,-0.021282807234155068
501.0,0.00035825079394402983
510.0,0.016422073843310365
517.0,0.011264190972069101
527.0,-0.0166209328079522
531.0,0.014344663480354614
536.0,0.005047680577350829
543.0,5.81642273725265e-05
550.0,0.02070390859379299
558.0,0.00959992612220032
567.0,-0.005980932055713465
574.0,-0.0053379130850483136
585.0,0.013495047170679677
595.0,0.013285471747209806
602.0,-0.019008309032141592
606.0,0.0016159905286756162
614.0,0.01130731301380978
622.0,0.017417312133338466
626.0,-0.0053841713675550915
634.0,0.0035938608371299547
641.0,0.012993399425313919
650.0,6.307577811097874e-05
657.0,0.009287172288217547
665.0,0.014993166671266451
674.0,0.003859780620719565
682.0,-0.013377890496717063
686.0,-0.005830236983834779
693.0,-0.022116007855791146
698.0,-0.018870365172518028
707.0,-0.0050512970689664
711.0,0.007601877489516146
717.0,0.003842822307002059
728.0,-0.0042390206900144705
737.0,-0.008213043209466815
745.0,0.004218598597269533
751.0,0.0073473819408372875
759.0,0.006331291381450468
767.0,-0.015622843951140213
776.0,0.015447083621190136
784.0,-0.011579187072474337
792.0,-0.010809537821697095
796.0,0.0010130450945192572
803.0,0.013665575655191506
810.0,0.007688091200677575
816.0,0.01941869202725706
823.0,0.005469194758155655
830.0,0.02098567357710145
834.0,0.010514619387960571
845.0,0.0038942929828679612
851.0,-0.001754917915670905
858.0,0.0014071406540010218
865.0,-0.0033432080606613673
873.0,0.018059543500404167
883.0,0.003099771757631527
888.0,-0.032533310611253245
892.0,0.0012377034291120208
901.0,-0.0009909029022578376
909.0,0.012445253960565719
917.0,-0.026199595936908782
925.0,0.012965251779806253
929.0,0.02004877839740377
938.0,-0.018920064942389347
942.0,-0.0025015808413702233
950.0,0.004705814363901341
957.0,0.009630500953440129
966.0,0.0027023820626715807
975.0,0.011905891255922386
981.0,0.02098608768451575
989.0,-0.020388939996655062
998.0,0.010231854118842108
1005.0,0.019060947946476864
1009.0,-0.011962516684256939
1017.0,0.009699077789216042
1022.0,-0.01571170178415804
1026.0,0.0068542746910033705
1033.0,-0.0072654326352051945
1044.0,0.0009215776357788198
1051.0,-0.0014183034952126345
1056.0,0.012185479483097944
1062.0,-0.003822118883030283
1066.0,0.003148354836824295
1073.0,-0.00040644784397832716
1081.0,-0.04170750133606509
1085.0,0.021904653731300256
1093.0,0.0016841701717655198
1100.0,0.008715172270576416
