,5
2.0,-0.002575941208699588
9.0,-0.000499568609831573
18.0,0.0004109010462452841
23.0,0.0010830579980121483
30.0,-0.0019227086802870925
35.0,0.0029562471838858327
42.0,0.0018252501011884715
50.0,0.0032052918727544103
59.0,0.001156926725975244
63.0,0.0033992141803740068
71.0,-0.0009739405171038647
76.0,0.00018919655200853522
80.0,0.002631937887679699
87.0,0.004351131933397513
93.0,-0.0017626788799321059
97.0,0.004255726317731589
104.0,0.0008743013365791477
111.0,-0.0009752768130982802
120.0,0.0013318394614544615
131.0,0.0005063103552747071
140.0,0.00018752476396429897
149.0,-0.003761727499381878
154.0,-0.004731258642319076
160.0,0.0017333152516976758
169.0,0.0013525343348098821
175.0,-0.0030448423820320933
184.0,0.00028756992505493375
191.0,-0.0026533316980333673
198.0,0.001612914735614106
205.0,0.0002753785024794852
212.0,0.0031168213113234758
218.0,0.0021546690770416774
230.0,0.0018795974932465612
239.0,0.0024440901990260113
247.0,-0.0012301677138237713
252.0,0.006700814056927051
256.0,0.011420527951710266
264.0,-0.004898533355493898
270.0,-0.001565168928781932
277.0,-6.648563648157008e-05
285.0,0.002976022741800885
290.0,-0.0002835996094819939
299.0,8.299240004443912e-05
310.0,-0.00014396305430849262
314.0,0.0003698839151207997
325.0,0.00039047565338103275
335.0,0.003032150780129069
343.0,0.0007568740587996803
354.0,-0.0013193632900787026
363.0,0.001468891879776387
374.0,-0.0046843585157265106
378.0,0.005200253653446222
386.0,0.0049366731931567275
391.0,0.005629460454258958
398.0,0.00046048847823792723
406.0,-0.016026042823364332
410.0,-0.0006608447319446489
416.0,0.0006482737139187251
423.0,0.0013558728777529649
429.0,0.0021186197031711116
434.0,0.0011959252222071446
438.0,-0.010106671559489896
445.0,9.93486690996148e-05
455.0,0.00025897376579376875
466.0,0.0006103645358784074
474.0,-0.006332704283460683
481.0,-0.0032659595897780286
492.0,0.0008215162477773221
501.0,0.003573257556462005
510.0,0.0024989294258455862
517.0,0.00018411192695423544
527.0,-0.0030075287300760168
531.0,0.0017519578697272726
536.0,0.003838177560122486
543.0,0.007508663629874573
550.0,-0.0016212197765477139
558.0,-0.0011865644661460909
567.0,0.006184929569363477
574.0,0.0017078025505965378
585.0,-0.0010969837704553342
595.0,0.0008400151119882371
602.0,0.001281176385105429
606.0,0.004276985193173044
614.0,0.0003586705396559271
622.0,-0.0031297733441928376
626.0,0.002904808336389519
634.0,-0.003515422908860714
641.0,0.004385554431464183
650.0,0.0028346039191935626
657.0,0.001419816566516628
665.0,0.0011097144185032415
674.0,-0.004902724899877498
682.0,0.0012124979735293273
686.0,-0.000719705926225315
693.0,-0.00033540733269977785
698.0,-0.0006038065970218467
707.0,0.002581237011330974
711.0,0.002257886286608741
717.0,0.004543137399219857
728.0,0.00704972689091723
737.0,0.0031824065807594154
745.0,-0.00771255469248226
751.0,0.0012055232324402023
759.0,0.004021602137722035
767.0,0.0041429368763383455
776.0,-0.000639162149003768
784.0,-0.0010408495081059125
792.0,-0.0018144031148074938
796.0,-0.0030694107642761795
803.0,0.005681511306429601
810.0,-0.0032807986696885634
816.0,0.00010660133415855315
823.0,0.0012674937659259782
830.0,0.002431380245211371
834.0,-0.0012458763043766644
845.0,0.0012484409086472904
851.0,0.002205973759715094
858.0,0.0012609992654705401
865.0,-0.0006095085037843879
873.0,0.0004884268347011599
883.0,0.0055910982860697565
888.0,0.00226744713022588
892.0,0.001161373961496131
901.0,8.375546787183867e-05
909.0,-0.0014792657063337523
917.0,-0.001015112191485243
925.0,0.0008859261775919655
929.0,0.00862478162628449
938.0,0.0058886257100911445
942.0,-0.008157555581705122
950.0,0.001496441270255901
957.0,0.0017442064040702778
966.0,0.00037625985538786903
975.0,-0.0005836834681431033
981.0,-0.0010177810069476464
989.0,0.0020794362868312493
998.0,0.002194572977077042
1005.0,0.0002444643317703724
1009.0,-0.0029502921857223695
1017.0,-0.003932695275456573
1022.0,-0.00351413207566933
1026.0,0.003481940492550053
1033.0,-0.0011290269955929527
1044.0,-3.386696110634602e-05
1051.0,0.007064902612474636
1056.0,0.003876815684848238
1062.0,-0.0055410784481399805
1066.0,-0.0015008568959756449
1073.0,0.0004927089271973701
1081.0,0.00019266001347796258
1085.0,0.0056465274093359516
1093.0,0.0033545552015281518
1100.0,0.003506260824623795
