,4
1110.0,0.004548530635680111
1117.0,0.00656939105104689
1125.0,-0.002798431795497074
1133.0,0.004344210719016884
1140.0,0.0029641400689943242
1152.0,0.005247987612778756
1161.0,0.0067188720793573435
1166.0,0.006081869466432014
1173.0,0.0033901270389857024
1185.0,0.011202591431918473
1190.0,-0.00506893990515928
1198.0,0.003364686593547818
1205.0,0.0033526791564628955
1213.0,0.004990078457466197
1223.0,0.0034861447017147064
1229.0,-0.0054393784304473366
1238.0,-0.010452987990249686
1246.0,0.00919678655407122
1252.0,0.00503849823023728
1259.0,0.005861976613298559
1267.0,0.002586184745582648
1275.0,0.0036558255563872055
1283.0,0.006576120910901465
1292.0,0.0019883780013721566
1297.0,0.008093394903239825
1303.0,0.00893605410297662
1311.0,0.007091336027233432
1320.0,0.0006358095074528559
1328.0,0.007169893493470534
1335.0,0.002508982921799512
1342.0,0.0005395227581363737
1346.0,0.004575300011984837
1354.0,0.0087070360689245
1362.0,0.005412432662947265
1368.0,0.001429276717533074
1376.0,-0.0028346939033966037
1384.0,0.004446301825290782
1395.0,-0.003550773733609022
1403.0,0.004580633122037376
1411.0,0.004985807960858991
1420.0,0.015028395012746625
1429.0,-0.00447296647197463
1438.0,0.003411581185819459
1446.0,0.005683906026204354
1454.0,0.0038865723961097076
1460.0,0.007980601040247672
1467.0,0.005566163278734969
1476.0,0.006249740970372726
1482.0,-0.002572502435230005
1488.0,0.012129184453019966
1495.0,0.005273234773056186
1500.0,0.007283486340210159
1507.0,0.003655274921031124
1513.0,0.004590057624149581
1520.0,0.0006991649824117615
1528.0,0.0068075542504974435
1536.0,0.005548922480975773
1544.0,0.007683468751903531
1551.0,0.0015355059828579792
1559.0,0.0008766043711874371
1570.0,0.005974222813150057
1578.0,-0.006258814992181499
1584.0,-0.006606601270830045
1588.0,0.005864070765594795
1597.0,-0.004760432916193091
1605.0,0.00141899055346002
1610.0,0.00106045514861156
1618.0,0.003086551600193814
1626.0,-0.001170357874138442
1637.0,0.005464115788083838
1641.0,0.00513852710286964
1646.0,-0.0089489462227449
1650.0,0.009178823951470025
1659.0,0.005463466282138312
1666.0,-0.012996123937052718
1674.0,0.0038543746570491645
1680.0,0.007710743198345717
1686.0,0.00188682616888151
1691.0,0.008281713789201051
1698.0,0.0037470980816320374
1703.0,0.003024248804481847
1711.0,0.0038023812761067716
1719.0,0.002861854984758474
1728.0,9.809946392369679e-05
1735.0,-0.0067247459362253575
1746.0,0.0032680335976664984
1755.0,0.011532931985902764
1764.0,0.0028190143271653047
1776.0,0.006605437590980745
1783.0,0.013033339445031709
1791.0,0.010206403167010943
1799.0,0.01445871533754798
1808.0,0.0013911798330212843
1817.0,0.0013936533583422657
1826.0,-0.0015917746864415607
1834.0,0.006663426550607007
1841.0,0.000793764618520511
1846.0,0.00166188349910665
1853.0,-0.007699022911372356
1864.0,0.00016987230187850508
1868.0,0.0031918260702179673
1876.0,0.010057854521606452
1881.0,0.0026634174427320263
1892.0,0.005456148471696558
1900.0,-0.00015876903129079934
1907.0,0.00017396837315191067
1916.0,0.00037505118119149274
1923.0,-0.001613933241135923
1927.0,0.013845937400783081
1936.0,-0.01443235670286534
1944.0,-0.0012421449231442604
1953.0,0.0010542249233926753
1960.0,0.008138034085343911
1968.0,0.0045828484902979486
1979.0,-0.005453092705798227
1987.0,0.007527060896511064
1995.0,0.0049797801079343
2002.0,0.005659010945619704
2009.0,-0.0029635676981920153
2017.0,-0.002749503626963882
2021.0,0.009932987112127551
2028.0,-0.005606242040523802
2035.0,-0.007699766378713137
2044.0,0.01142668186936492
2049.0,-0.01048298896688078
2053.0,0.004344825120286723
2061.0,0.006400088017112796
2073.0,0.0017252090245536795
2083.0,0.007776291253991965
2088.0,0.008210413151253135
2094.0,0.007615389862075671
2102.0,0.0023969376683173824
2112.0,0.004170799316436269
2121.0,0.007603063425714408
2130.0,-0.00591904369161289
2134.0,-0.0062926414552391145
2142.0,0.007692986543461557
2149.0,0.0025095009190794844
2155.0,-0.0011407294591403083
2164.0,-0.008935648315653449
2168.0,0.003899382342967088
2175.0,0.005500354464859758
2184.0,0.002614302393595987
2190.0,-0.0006549340424239393
2197.0,0.004843346797934209
2201.0,0.008173607021502499
2210.0,0.014945519291894683
2217.0,0.004444361403140935
2231.0,0.0031138962233716416
2241.0,-0.0034319254272993684
2250.0,0.006646259588969058
2261.0,0.008176140085389241
2269.0,0.011747130758510539
2278.0,0.005736983571306218
2285.0,4.3228333967495674e-05
2293.0,0.0059739988818189056
2302.0,-0.0022801296463303296
2308.0,-0.0030866198087563267
2319.0,0.014181402419757263
2327.0,0.005514620860428548
2336.0,0.006910392136873305
2342.0,0.00818095516489873
2350.0,0.005524875673563274
2358.0,0.00969968028819158
2362.0,0.010365685165286735
2371.0,0.00715976660835281
2379.0,0.00407894416204733
2387.0,-0.0016324603298525037
2399.0,0.0024098299934647853
2405.0,0.0016803688205606823
2409.0,0.0005337573809523108
2418.0,-0.0032054966495730077
2425.0,-0.007698152852309903
2436.0,0.012993074094872029
2444.0,0.0013055362310000992
2450.0,0.005984939055081628
2455.0,0.00012753267984525382
2462.0,0.005520720099586594
2470.0,0.005432879657724488
2477.0,0.010785671347186988
2484.0,0.007930613665839492
2498.0,0.00658658332009627
2507.0,0.005443686167087894
2515.0,0.006931929151195835
2523.0,0.007662171630939951
2527.0,0.009501918137649116
2538.0,0.006135363965064959
2544.0,0.0052368851489081455
2555.0,0.001663828233918155
2562.0,0.002164497938146361
2570.0,0.002396795185311966
2576.0,0.005539560478048067
2585.0,0.00347695721501151
2591.0,0.0017458393865020354
2599.0,0.015668233423907062
2607.0,-0.006030247667002565
2617.0,0.006580187965005265
2624.0,0.006308815063366806
2633.0,0.011851784203493754
2641.0,0.0061099057638965525
2650.0,0.0022380561624691943
2657.0,-0.006832756011297812
2663.0,0.007557799586194514
2669.0,0.00974752650231971
2676.0,-0.0024766646039485214
2685.0,0.008327354919066568
2693.0,-0.003433189086785729
2705.0,-0.0033693255887808143
2711.0,0.0019771213989595686
2722.0,-0.0006709102216094623
2730.0,-0.0023081652750575198
2734.0,0.011455026252550977
2741.0,0.01039583519973052
2749.0,0.007017500101535608
2754.0,0.015911635821669972
2765.0,0.000199604046885476
2771.0,0.015279647819595838
2776.0,0.00011198987112498561
2780.0,0.005166454637985364
2787.0,-0.02265953861838535
2801.0,0.01119119359713758
2810.0,-0.004300214130815303
2818.0,0.005490830119281183
2826.0,0.008295712489813246
2835.0,0.008393761263887436
2844.0,0.012494177124437225
2851.0,0.0037849128294448822
2857.0,0.009365243453434438
2862.0,0.009313517965227886
2868.0,0.011198662674200692
2875.0,-0.005042617235665027
2879.0,-0.005001012587585727
2888.0,0.008286218132887777
2895.0,-0.0001916061231143268
2902.0,0.009262612575031507
2916.0,0.015736885537531692
2925.0,0.006310523113439945
2934.0,0.009774494404213276
2945.0,0.00861216146453271
2954.0,0.006021865470763831
2962.0,-0.00570556656774476
2967.0,-0.00688213649279032
2975.0,0.0029382190103298214
