,3
2474.0,0.011050898657880826
2478.0,0.016492053755624392
2487.0,-0.006356119601849589
2496.0,0.004730191509028912
2504.0,-0.024909313539191076
2512.0,0.007430057564204632
2536.0,0.004904506483799764
2544.0,-0.017028543517739476
2552.0,0.017696061472250193
2560.0,0.01274058191004573
2569.0,0.010388037300921485
2578.0,0.009222896367894761
2586.0,0.023051555208243587
2597.0,0.007649890541576462
2603.0,0.020803388525781757
2612.0,0.026779330028326387
2620.0,0.012392667758475744
2628.0,-0.006348304561101898
2652.0,0.0021218440336726414
2660.0,0.020162147375043345
2668.0,-0.0005402348404959365
2676.0,-0.013129439096524396
2683.0,0.018853666585117147
2691.0,-0.003949327681537614
2697.0,0.008900481364403596
2705.0,-0.009820952797010766
2711.0,0.012667244189950543
2718.0,-0.00668596955590522
2724.0,-0.009041237362314198
2731.0,-0.011640306826543424
2738.0,0.0076825615125503555
2746.0,0.003632119061441407
2752.0,7.677640168789926e-06
2760.0,-0.005609130691610499
2767.0,0.022040997533939163
2773.0,-0.012058689647706816
2778.0,0.047933304924089794
2782.0,0.009764105337928604
2790.0,0.01256336203344238
2798.0,-0.009753775733053142
2806.0,0.017232561133325077
2815.0,0.018222994526360104
2823.0,0.024278567301649623
2834.0,0.0069955111578044625
2844.0,0.012615256008317447
2848.0,0.003365803787905021
2857.0,0.009415955297919233
2863.0,0.007362366210494297
2874.0,0.010963277281023646
2882.0,0.015208498056740788
2891.0,0.014910998372550815
2902.0,0.006664684222808407
2910.0,0.02335952306457029
2918.0,0.010625060052669609
2926.0,0.017248321613640448
2934.0,0.020394056927929775
2942.0,-0.0020216071165412644
2947.0,0.006887700414149594
2956.0,0.004463256966714185
2967.0,-0.0022587830153012463
2972.0,0.019849327369864507
2983.0,0.018030082857528808
2991.0,0.0070872099008681515
2999.0,0.005034784850491739
3011.0,0.013762912820398899
3022.0,0.008867488268762077
3029.0,0.006894739373472094
3037.0,1.0130390205469541e-06
3046.0,0.023016179569069997
3054.0,0.005320590825999751
3063.0,0.008206889615885006
3070.0,0.0126562986050868
3078.0,0.013203921136587837
3085.0,0.017870514388593498
3096.0,0.013920852986041236
3104.0,0.01942684651194684
3112.0,-0.009484363409815788
3120.0,-0.015442222988577768
3131.0,0.0029241760205442895
3139.0,-0.017275136172469674
3144.0,0.003855801148383199
3151.0,-0.0005029905316253717
3158.0,-0.014664182758695155
3162.0,0.008470060732571796
3170.0,0.01447550057650952
3176.0,0.00717689732108948
3183.0,0.0013792031100073334
3188.0,0.015175930961241112
3196.0,-0.016441622117721582
3200.0,0.002032253441725344
3208.0,0.007156264653313683
3216.0,0.00930570805229678
3222.0,0.020512258692748576
3230.0,-0.025147316705509758
3234.0,0.0019836325315211673
3242.0,-0.016395989051845212
3251.0,0.018192356760254432
3255.0,0.01807691368138323
3264.0,0.009519452149321718
3271.0,0.006969586899972821
3281.0,0.010806576681055313
3290.0,0.006716119957714208
3299.0,0.006962441367859239
3306.0,0.022593316344108084
3316.0,-0.009647319553046867
3322.0,0.016468499256863958
3330.0,0.02373879376845137
3338.0,-0.0031417234271820344
3348.0,0.01945391122616113
3359.0,0.016026281734824396
3368.0,0.015855107175202172
3376.0,0.0014838083646107568
3387.0,0.013829919735223966
3394.0,0.022387916546628438
3402.0,0.0011427315100073073
3407.0,-0.008106931572142099
3413.0,6.671268461280747e-05
3419.0,0.01810253014726308
3428.0,-3.2077332567242494e-05
3440.0,-0.003877480582630713
3449.0,0.013801637680623619
3457.0,0.015754162869308804
3464.0,0.010970728912297119
3471.0,0.005893671543563786
3479.0,0.012951522033836113
3489.0,0.018965219524321394
3497.0,0.015380532572622922
3505.0,0.020155038589173512
3516.0,0.0020379221209712904
3527.0,0.01251878728387024
3536.0,0.00612447609269666
3544.0,0.010577277408559618
3551.0,-0.0006546688253439152
3561.0,0.007027019307233759
3572.0,0.00792405853473607
3580.0,0.007208459722110994
3591.0,0.0059856307598352785
3602.0,-0.004294738842003147
3613.0,-0.01959679345375667
3621.0,0.010486726316679103
3632.0,0.030594005394397304
3636.0,0.0034758827148778184
3648.0,-0.008121282483140426
3655.0,-0.024546065465727438
3663.0,0.0028097693885368756
3674.0,-0.0073669288746550645
3680.0,-0.0085119726718334
3687.0,-0.026915237422635865
3695.0,0.0038953554913553
3703.0,0.005306833933842952
3711.0,-0.014107935579289988
3723.0,-0.01291968514863061
3731.0,0.007807408314549933
3740.0,-0.0018379677518026874
3749.0,0.024286443377466008
3758.0,-0.005370062312064898
3769.0,-0.0042073089284718835
3776.0,0.0018532547974560174
3784.0,0.014714186369394528
3792.0,0.003665174863863784
3800.0,0.013352189105295793
3808.0,0.0016468967688229438
3819.0,0.008976615898040467
3828.0,0.010965902686651647
3835.0,0.014750288718384174
3844.0,0.009267778379833813
3851.0,0.004011723657867261
3862.0,0.003180808868631868
3871.0,0.015419227980191122
3883.0,-0.0005154378719950145
3895.0,-0.015588772509894148
3906.0,-0.009426860717737583
3911.0,-0.009146958823544753
3920.0,-0.026676082808450286
3925.0,0.006542029351391563
3934.0,0.010165179255251731
3942.0,-0.015843146737821966
3947.0,-0.02606027587374256
3955.0,0.022037955580504198
3966.0,0.01624739886673827
3972.0,-0.013342743695770197
3980.0,-0.000726643471681254
3987.0,0.00353274529055303
3992.0,0.0018927007640866808
4003.0,0.008999447192819261
4011.0,0.009460687082263315
4017.0,0.012242600291478337
4026.0,0.00659390713186639
4033.0,0.020134547216378196
4041.0,0.01580527814370325
4049.0,0.009917552610011421
4059.0,0.013613319250114334
4067.0,0.013794272470679202
4075.0,0.015558340940679625
4084.0,0.013921540848462666
4092.0,0.01962289046006751
4099.0,-0.02078098793662016
4108.0,0.015015916415027504
4112.0,0.01918663286156034
4120.0,-0.011384659785840032
4128.0,-0.002565740825288685
4137.0,-0.016894104205977253
4145.0,0.0017939713392190783
4150.0,0.009079752348147547
4158.0,0.016558381507033655
4167.0,-0.0225230177866917
4175.0,-0.007359964620662149
4183.0,0.006538790459984791
4191.0,0.0012893428007021092
4198.0,0.004509185702853696
4203.0,0.010886627154809226
4210.0,0.0019777883742839084
4219.0,-0.006182059656525063
4227.0,-0.0007189573659638664
4235.0,-0.001719253515081902
4243.0,-0.019612727548207178
4251.0,-0.01569763881149471
4259.0,-0.012601168223606359
4265.0,-0.011108137805001096
4273.0,-0.012833646032948101
4285.0,-0.010220057702719531
4296.0,-0.01568060041515408
4305.0,-0.024633211634035177
4309.0,-0.018083303388832055
4315.0,0.014765585014438642
4329.0,0.006724180607786209
4336.0,-0.005227412636525716
4344.0,0.00563329486687603
4353.0,-0.0026589044547508647
4364.0,-0.0042056287632900565
4371.0,0.0131518142669083
4378.0,0.013225211455260247
4387.0,0.017246687093827703
4395.0,0.0007316553555023271
4402.0,0.004729332441341539
4412.0,0.016552601786373987
4420.0,-0.006780192325088656
4430.0,0.015931815828951583
4438.0,-0.01129753871734363
4449.0,-0.013499852108112541
4460.0,0.018501774046853114
4468.0,0.002102423455979261
4476.0,0.02255209040806356
4485.0,-0.00838031957266763
4496.0,-0.005777876864222449
4505.0,0.006932306964980702
4512.0,-0.0033910172712249115
4519.0,0.011131521364171757
4528.0,0.004105455073005229
4535.0,0.0015212904017367667
4541.0,-0.010996447227422889
4549.0,0.008296859830646406
4557.0,-0.00997627558087678
4566.0,0.002249535496077892
4573.0,-0.011811083021305305
4582.0,0.0003299346225675768
4586.0,-0.0036076726689889525
4594.0,-0.008557040543183346
4605.0,0.01271997636760419
4613.0,-0.011583432020784212
4618.0,-0.013632803215173968
4623.0,-0.0180604360022199
4631.0,-0.005861526864391093
4639.0,0.01677932118299383
4648.0,0.011718407523986608
4657.0,0.0105192709792623
4665.0,-0.013323368364425757
4673.0,0.0018434602462797777
4679.0,0.00018276743955402045
4687.0,-0.003013314919044272
4695.0,-0.007005817860155109
4703.0,-0.01355495493341292
4712.0,-0.0027523732837604563
4720.0,0.008407546706913835
4729.0,0.00602097635249062
4741.0,0.01056258339886272
4748.0,0.032022292250495674
4752.0,0.01675629231087035
4756.0,0.0030368684714159227
4764.0,0.00041007462325949666
4770.0,-0.008497857820653865
4778.0,-0.011820089952237081
4786.0,-0.00507968305739935
4794.0,-0.012992388197498613
4801.0,-0.009533828203476497
4808.0,-0.0023404769176931218
4815.0,0.01365781966675613
4825.0,-0.005189586611665014
4834.0,0.019130761338739408
4842.0,0.015346409003095246
4848.0,-0.02011157606975906
4852.0,0.002340642454438825
4860.0,0.01585842250436478
4869.0,0.010680158576757184
4876.0,2.331002529265418e-05
4884.0,0.014036664304981428
4893.0,0.006786248624091421
4898.0,0.005972381355750868
4907.0,-0.00066372121863642
4915.0,0.005361570546303309
4922.0,0.005105338572792285
4929.0,0.007594750438855646
4940.0,0.008494062444195675
4947.0,0.01246606900097642
4954.0,0.00945798860578069
4963.0,0.006122645780116351
4974.0,0.011418264347170987
4988.0,0.015277368685003203
4997.0,0.018071256056591364
5006.0,0.01428822998280056
5012.0,0.017696282999006954
5020.0,0.0018260874352607087
5027.0,0.013610955015260988
5035.0,-0.012388441594633877
5046.0,0.0067749314018783965
5053.0,0.0036930042703382368
5064.0,0.004275334746016231
5073.0,-0.007816380179763684
5080.0,-0.013679733372093692
5088.0,-0.01470527262860247
5096.0,-0.0037571129878178587
5103.0,0.0033551258660452993
5112.0,0.003521888650706265
5123.0,-0.017723191545354712
5132.0,0.002803131511562064
5140.0,-0.024819642536006454
5149.0,-0.0017329486536717571
5158.0,-0.023974076580040932
5166.0,0.0026798302216209722
5178.0,-0.01748498806967788
5186.0,0.022526553185641486
5194.0,0.00469301432389081
5201.0,0.01818049878850202
5210.0,0.01138196878334501
5216.0,0.017033273608468503
5224.0,0.01236949264433718
5233.0,0.02643139790046517
5241.0,0.02095326976339527
5249.0,0.02920030799985938
5253.0,-0.009248544575055737
5261.0,-0.007980443752701306
5272.0,0.012855009673497267
5280.0,0.01308713009079824
5288.0,0.011306689385813832
5299.0,-0.0078090401126076035
5307.0,0.018775531419780313
5316.0,0.022881581872639632
5324.0,-0.01044243713714064
5328.0,-0.009323968692831558
5336.0,-0.004012313988205512
5344.0,0.008568505987119859
5349.0,-0.015404020009133828
5353.0,0.003131099661253356
5361.0,-0.008987005707281904
5367.0,0.020513114527343102
5375.0,0.010639551708320948
5384.0,0.0003760786582634524
5395.0,-0.0029789713987740008
5403.0,-0.025967992450353874
5408.0,-0.010513527226706969
5416.0,0.003977628305783181
5424.0,-0.017014716579110842
5432.0,-0.024645453252408106
5443.0,-0.004676804966874927
5452.0,-0.023660097549049543
5462.0,-0.021637269925219214
5471.0,-0.04202081760286282
5475.0,-0.010432624766715894
5482.0,-0.005134564361353335
5490.0,-0.009653099806125474
5497.0,-0.01331558947952971
5504.0,0.022966580998430363
5512.0,0.013419930218852601
5521.0,0.016224222498811863
5530.0,0.003152834851576143
5534.0,-0.006524515374051907
5541.0,-0.00040733591947840475
5550.0,-0.0038998447028324714
5555.0,0.013437623792224383
5562.0,0.0014289955500520533
5569.0,-0.005724118327389564
5576.0,0.01149391401208101
5583.0,-0.0017201120814713383
5590.0,-0.015196727597266412
5597.0,-0.04382464000633633
5601.0,0.002547434498405386
5612.0,-0.021332621540077312
5620.0,-0.0013598296590519644
5627.0,0.018365081026626755
5635.0,0.013609622892596346
5641.0,0.013281183397956793
5648.0,0.018697462253457902
5657.0,-0.01219021136056998
5664.0,-0.011459666157597225
5675.0,-0.019346838350468555
5686.0,-0.01050258703987077
5693.0,-0.010872715991906007
5700.0,0.017329610881066916
5708.0,6.89416232076322e-05
5719.0,0.003622489749900414
5726.0,0.003850214544925833
5737.0,0.0029094650420277922
5745.0,-0.001655393891447881
5756.0,-0.007342143089002857
5764.0,-0.012982422105500139
5772.0,0.002006988851299
5784.0,-0.012351096715148802
5793.0,0.00405512354080935
5803.0,0.00879174325327976
5814.0,0.016283481250979896
5821.0,-0.008403171285393618
5827.0,-0.004819851943855182
5833.0,-0.021216034050370813
5841.0,0.01650721630284172
5849.0,-0.01207398127273344
5860.0,-0.006969498144588069
5868.0,-0.009784205741628235
5872.0,-0.014879665883386175
5883.0,-0.01356286972527791
5890.0,-0.0017685124718575407
5895.0,-0.021671282556674328
5903.0,0.0021276027155822884
5910.0,0.012315085712089483
5916.0,0.00305576583414605
5927.0,0.01970181246033875
