,4
381.0,0.003649863604080198
389.0,0.0030774553773561695
396.0,-0.022296459221591777
405.0,-0.007348086093050601
409.0,0.00646178991742154
415.0,0.007031462409194485
423.0,0.00878965546409749
428.0,0.01753785059379292
437.0,0.00976804095328248
445.0,-0.0056545224644771385
449.0,0.001380664643909739
457.0,-0.02042592390725805
463.0,0.005129226141051885
470.0,0.0028624973258829
484.0,0.011525216619956553
493.0,0.007255099656342341
500.0,0.008986872883339036
508.0,0.004127825837864979
516.0,0.00638454026566264
527.0,0.005156020385620143
538.0,0.005885175947010157
547.0,-0.006268698001320204
553.0,0.0035018749293620854
560.0,0.0077975885757584585
569.0,0.0019842959920805233
578.0,-0.00012160291311838564
586.0,0.0016340568097933086
594.0,0.002209844722869984
600.0,2.8644031902499836e-05
604.0,0.0024111657751438227
609.0,0.0032372110233699733
615.0,0.004265995159602111
623.0,0.0071253071033519876
631.0,0.00667554541197555
637.0,0.006609209808845339
645.0,0.003415843394174784
656.0,-0.0022356662090066578
670.0,0.006476493584999316
677.0,0.003986636385155319
685.0,0.0007220660692648034
692.0,0.008560596686736392
697.0,-0.0032726304022670863
702.0,0.0009582515308252697
712.0,-0.0006454034543410127
718.0,-0.00020037914556659197
726.0,0.0005358317333570466
734.0,-0.010334394835807661
746.0,0.005874516018110899
753.0,0.010160804230019459
760.0,-0.0038900864276904265
774.0,-0.00921488618637057
782.0,0.0062939035742110875
791.0,-0.013262731288982081
799.0,0.00220307602748942
810.0,0.006924757925259661
817.0,0.0008480892909360745
826.0,0.008442105990184494
834.0,0.0065575208752991655
842.0,0.0056662548712652265
850.0,-0.004155918662905424
858.0,0.007398094560085035
865.0,0.001926100628706286
876.0,0.005516414350838463
884.0,-0.009223325260706364
888.0,0.014434183511653672
897.0,0.0013656554509676757
907.0,0.008621613284293438
913.0,0.004499250365793139
924.0,0.006735624551178783
931.0,0.008444271488043565
942.0,-0.005160297846761008
954.0,0.011788781267157449
963.0,0.008575772388641168
974.0,-0.015301923669073375
982.0,-0.0004638219612989028
990.0,0.005872390407523978
999.0,0.002327719864385743
1008.0,0.006056040864377556
1016.0,0.005864467755618209
1022.0,-3.686252123893609e-05
1030.0,0.007093235059291606
1038.0,0.004747703730016857
1047.0,0.004820364786302497
1056.0,0.011033081512450141
1064.0,-0.0030207395661668306
1076.0,0.007932881619255533
1084.0,0.0008740589623249811
1094.0,0.005775426752837837
1101.0,-0.007575777678035232
1112.0,0.001277565221233665
1124.0,-0.003254770152411889
1132.0,0.002834403944477925
1146.0,0.0010739021925561488
1157.0,-0.008332822239727231
1166.0,0.007811018361240402
1174.0,-0.0035836628964451772
1182.0,0.006034868328411826
1190.0,-0.0066878776895000856
1201.0,-0.005626912055910022
1209.0,-0.0007306119810655596
1217.0,0.005176407925210501
1222.0,1.2876228172780202e-05
1230.0,0.009200639956899289
1238.0,-0.0009291460914945489
1247.0,0.006563080001327569
1255.0,0.0025059930690540266
1264.0,-0.00015175165479270703
1273.0,0.00927248256685355
1280.0,0.0044620681928399025
1287.0,0.011869255162028832
1292.0,0.012156144390540942
1303.0,0.008591949766190791
1309.0,0.008538562881183922
1317.0,-0.0013049703640809168
1329.0,-0.0005421531256487079
1337.0,0.006217657140146337
1347.0,0.0011089745815233301
1354.0,0.0010405419887806514
1361.0,0.006660224273491203
1367.0,0.010342494933961072
1375.0,-0.009985198337861382
1382.0,0.0025430256075605023
1390.0,0.0018378840847106514
1401.0,0.0014850777298704
1410.0,0.007061625432438565
1417.0,0.0022483508815616627
1422.0,0.006403424998642028
1427.0,0.003683486756164282
1433.0,0.005303176672266763
1441.0,0.00577923042022071
1449.0,-0.0010750627046249223
1458.0,0.010310249869443075
1463.0,-0.00707597407822858
1467.0,0.008881255598839368
1479.0,0.0029456983571830887
1488.0,0.0013422674467645774
1492.0,0.00366143996905375
1503.0,0.0027412959500929548
1510.0,0.005670143644099544
1517.0,-0.003687355058604551
1521.0,-0.006607073432004858
1535.0,0.014098291316102908
1539.0,0.011535624232510925
1547.0,0.0037644770200827055
1555.0,0.0012512179121274352
1564.0,0.0022686737549297985
1573.0,0.017519487453999154
1580.0,0.005806425081403536
1594.0,0.00475640329969165
1601.0,-0.012086281870097762
1606.0,-0.015046176135241767
1614.0,-0.006333659724579621
1621.0,-0.0027691144781997953
1625.0,0.016880099137100105
1634.0,0.01744018361574391
1638.0,0.002549817977051561
1647.0,0.0019239510310329266
1654.0,0.006926993869454756
1660.0,0.009219877198031981
1667.0,0.005721079021552703
1675.0,0.0013935801422734072
1684.0,0.0004790381837571613
1691.0,0.0018008092574745966
1698.0,0.008289694833679475
1706.0,0.0018907891887232815
1714.0,-0.006393789635781825
1721.0,0.011337617276138839
1729.0,0.008852645675232047
1736.0,0.004329532765206351
1745.0,0.008981903204701963
1756.0,0.009136434478965696
1763.0,0.003684850565856174
1770.0,0.0013193981762844881
1776.0,0.001999931923068822
1785.0,0.006645340300701906
1793.0,0.005860677252400766
1799.0,-0.00046504290422675346
1806.0,0.01130515958337212
1817.0,0.008346835724776527
1825.0,-0.0024910105757048467
1836.0,0.012635766805786227
1844.0,0.015313524835861736
1851.0,0.013172008806218306
1859.0,0.0018395250912577898
1867.0,0.003511051202824473
1875.0,0.007059934262782453
1886.0,0.0032145933311896716
1892.0,0.0050372126253465715
1897.0,-0.00042689130026910465
1901.0,0.008488479292375782
1913.0,0.006448515158387777
1922.0,0.005674835552755473
1929.0,0.006920393347510942
1937.0,0.00667596325619366
1946.0,0.0076630047004149805
1950.0,0.0183468653056986
1959.0,0.007534251908861544
1970.0,0.0036446540110208676
1974.0,-0.004700593511807234
1982.0,0.014242332493772348
1987.0,-0.0038038721772633032
1993.0,0.00325064546952425
2002.0,0.0072363548441345266
2006.0,0.009602848832084251
2014.0,-0.0021972100604351705
2019.0,-0.0032047225998181107
2023.0,-0.0041690121802562645
2027.0,-0.000615517088762403
2034.0,0.00010640115568184555
2045.0,0.00552888024375164
2052.0,0.006085913434070255
2060.0,0.0006782992546112695
2069.0,0.007157412717994913
2075.0,0.004351197698050766
2082.0,0.004745850776666831
2093.0,0.000860363285222342
2101.0,-0.010976931377159344
2109.0,0.006576373303035303
2120.0,0.0028518760779221363
2134.0,0.001210003230583415
2146.0,0.007886717477651356
2155.0,-0.005586580598024963
2163.0,-0.0027124722920586013
2167.0,0.0017147245476791648
2175.0,0.0013166349870646285
2182.0,-0.0013308570694965413
2188.0,0.006601872358262964
2202.0,-0.004783549207980182
2206.0,-0.010092448515874002
2215.0,0.004036194487196181
2219.0,0.013361805386952039
2225.0,-0.003240355793844609
2233.0,0.016743622952410456
2244.0,0.01683446040919872
2252.0,-0.00022275946857704557
2256.0,-0.0022002744825987412
2265.0,-0.0018182649653442418
2277.0,0.020145084833641
2281.0,0.00450751472935758
2292.0,0.001413175910758975
2304.0,0.01122557296730539
2311.0,-0.00011327755682508351
2321.0,0.006829665665956805
2328.0,0.008948095879549025
2339.0,0.009545680086140764
2350.0,-0.0029345626001186765
2358.0,0.00972815700855736
2367.0,0.01686919945329658
2376.0,0.0028364067574216194
2390.0,0.0015937459612206332
2398.0,0.003931756596652286
2407.0,0.005008157098812493
2416.0,0.006264685659592767
2423.0,0.0019807431459992544
2431.0,0.007032898752882244
2439.0,0.017947436362597834
2448.0,-0.006259709495514983
2459.0,0.0049844602711173235
2463.0,0.012488226724934963
2.0,0.004511822984662675
7.0,0.012242362943600538
14.0,0.0013901911880903302
20.0,0.005910822737000529
29.0,0.00813096894880091
41.0,0.007900732167886131
50.0,0.00896414926274591
57.0,0.0023453988830034554
68.0,0.0031512120956347514
79.0,-0.004158700331445789
87.0,0.007171763798443946
94.0,0.01014450549298788
105.0,-0.0022890420492436532
112.0,0.004932289823090383
123.0,-0.004209050023894605
127.0,0.005818776990973177
133.0,0.01759374826763698
137.0,0.008615328393688847
146.0,0.007719512201763046
151.0,0.0009853847721532913
159.0,0.0035337827073953095
165.0,0.0035046380507533035
169.0,-0.0031854863867347306
177.0,0.008597512555304757
188.0,-0.0004536643653334056
195.0,0.01503130815412105
203.0,-0.006370322005647389
214.0,0.006114719082371571
223.0,0.010158740710113023
232.0,0.003603109324801382
241.0,-0.004235797610665349
247.0,0.0016369757288560872
255.0,0.010555191769991354
264.0,0.0027804772502770018
272.0,0.008550233139428005
281.0,-0.0014752291699446447
288.0,0.0065114629886246864
297.0,0.018173707580275655
308.0,0.00686251196534253
317.0,0.007012311017482939
325.0,0.008065851958409724
333.0,0.003910895338435328
342.0,0.0033526778830476394
348.0,0.002193979604240954
360.0,0.0021508575742423914
368.0,0.004698802755699796
376.0,2.1343103255960045e-05
