,4
2474.0,0.005175682359350559
2478.0,0.013812916575042486
2487.0,-0.0070352693192298225
2496.0,0.010207252861876034
2504.0,-0.013964550056778078
2512.0,0.018512459501344693
2536.0,-0.0004527500628543513
2544.0,-0.010624564434881722
2552.0,0.016921746355525347
2560.0,0.014646404068332477
2569.0,-0.00033418310237499807
2578.0,0.006618467100618951
2586.0,0.008774388787508988
2597.0,0.004937373762394674
2603.0,0.01840581231559887
2612.0,0.012312848104465599
2620.0,0.012902205833349823
2628.0,-0.004408974946283691
2652.0,0.0036065398317254266
2660.0,0.00745147901235529
2668.0,0.0007333546765502384
2676.0,-0.005592413473215973
2683.0,0.012528283835029557
2691.0,0.008535635298909812
2697.0,0.013555256662091474
2705.0,-0.0007001433850645735
2711.0,0.0010003129303038014
2718.0,-0.013664192560582981
2724.0,-0.003873162273336195
2731.0,-0.013834107962590532
2738.0,0.006070322992146331
2746.0,0.009899817843303687
2752.0,-0.00216811714666364
2760.0,-0.007372792993047786
2767.0,0.011699626766793075
2773.0,-0.008757261225814167
2778.0,0.02152357103442264
2782.0,0.009610480471189085
2790.0,0.00215980824085499
2798.0,0.005936426965140373
2806.0,-0.0014966055257558623
2815.0,0.017002276515281245
2823.0,0.008765012213700109
2834.0,0.009016115133895953
2844.0,-0.0015682143636003443
2848.0,0.006363318888528105
2857.0,0.0063776437025499155
2863.0,0.009303152977688613
2874.0,0.008195539272803781
2882.0,0.0022989282531294436
2891.0,0.008727475837756135
2902.0,0.004677770339967885
2910.0,0.006287688647496059
2918.0,0.006389680108206894
2926.0,0.006774878906590203
2934.0,0.006583359399910018
2942.0,2.3156496781411457e-06
2947.0,0.002564482866661455
2956.0,0.005335591855689376
2967.0,0.008444721506841328
2972.0,0.013940130173692996
2983.0,0.006202936861132186
2991.0,0.003967728398152186
2999.0,0.005068932153406969
3011.0,0.009281928072771036
3022.0,0.001191155386798364
3029.0,0.005818755059306834
3037.0,0.00604927675256845
3046.0,0.0068720160663235455
3054.0,0.003171674797990034
3063.0,0.011868115283560082
3070.0,0.009802829015688398
3078.0,0.004963428056609289
3085.0,0.008454503588921204
3096.0,0.005998640591358052
3104.0,0.011591197974465896
3112.0,0.0025769548649640533
3120.0,0.0001601788464164489
3131.0,0.00551691257119804
3139.0,0.0019655269094313206
3144.0,0.008914076266271798
3151.0,0.004180432000421238
3158.0,-0.00016559785590901485
3162.0,0.005481237273929738
3170.0,0.006942193871071403
3176.0,0.00570827889415168
3183.0,0.006429315195871385
3188.0,-0.003203388279594074
3196.0,0.0026591064936075655
3200.0,-0.00029209466045980047
3208.0,0.0015360853845275812
3216.0,-0.0027273896644665887
3222.0,0.01058031000700277
3230.0,-0.001355433995559195
3234.0,0.0032964359744299516
3242.0,0.0024542729164756987
3251.0,-0.008274127088231976
3255.0,0.004207776623191684
3264.0,-0.0006694959016651183
3271.0,0.0014551164472224418
3281.0,0.005247653145086005
3290.0,0.01245095649807383
3299.0,0.0022347166796283474
3306.0,0.006591254205605459
3316.0,0.0015447060091344472
3322.0,0.013229412864593811
3330.0,0.00044227520841732805
3338.0,-0.0030175596225094116
3348.0,0.00605793071591879
3359.0,0.016549385325370414
3368.0,0.005308532121443996
3376.0,0.0025805376265712887
3387.0,0.0012921231454502493
3394.0,0.005535332176841079
3402.0,0.010158989751187392
3407.0,0.002454658144712142
3413.0,0.010077144024737117
3419.0,0.015626734236251095
3428.0,0.004880276317589543
3440.0,-0.0036289945677326855
3449.0,0.011357062703703959
3457.0,0.008035759599391713
3464.0,0.004881350074645949
3471.0,0.005788698160300877
3479.0,0.004219884116248572
3489.0,0.005833923226462386
3497.0,0.006808408479712062
3505.0,0.004964527882944301
3516.0,0.0036592764539152916
3527.0,0.005815678946717516
3536.0,0.006443469917626901
3544.0,0.0042714428492922445
3551.0,0.00015692465371658387
3561.0,0.006860872898902469
3572.0,0.011594665590795883
3580.0,0.0011026495018017744
3591.0,0.0038639695164214625
3602.0,-0.00464944665422759
3613.0,-0.005159642729571053
3621.0,-0.00028344491102175466
3632.0,0.001073903465352685
3636.0,0.008650427856825656
3648.0,0.005750746938370796
3655.0,-0.010426192297958905
3663.0,0.0070252533080570985
3674.0,0.0010349791932730786
3680.0,0.002702277617913048
3687.0,-0.015661205973498345
3695.0,0.009193547314130817
3703.0,0.0034910893391277343
3711.0,0.0029156687989150467
3723.0,0.006366803495390301
3731.0,0.002288612813384866
3740.0,0.007610634203340073
3749.0,0.013334568542747657
3758.0,0.005969322507857077
3769.0,0.0018182019110495637
3776.0,0.009172046174955545
3784.0,0.009336915534584914
3792.0,0.009401156641081024
3800.0,0.0025959569783735015
3808.0,0.004002605619792327
3819.0,0.0077875704848006455
3828.0,0.01000979021495272
3835.0,0.007680259631807724
3844.0,0.0021795936855433596
3851.0,-0.0006624684470847751
3862.0,0.006696218235008262
3871.0,0.004183514561594616
3883.0,-0.005528826478190304
3895.0,-0.008052000052903801
3906.0,0.0015238374744396593
3911.0,-0.004688854347804486
3920.0,0.0014607817881477157
3925.0,0.0030297932895677537
3934.0,0.009834773497011978
3942.0,-0.0015980611302581845
3947.0,-0.002809228963134693
3955.0,0.00966643860291475
3966.0,-0.0012922941552079648
3972.0,-0.0020728601319410563
3980.0,0.005930428954254261
3987.0,0.00647316712464853
3992.0,0.002066295817811711
4003.0,0.0012482090736735335
4011.0,0.01326815412270479
4017.0,0.006105767822498753
4026.0,0.0028933498706069692
4033.0,0.005612887004671776
4041.0,0.0038987658238457293
4049.0,0.00853594811037967
4059.0,0.007063935497113808
4067.0,0.00010130702116046911
4075.0,0.0056540072435832854
4084.0,0.0068858000065219836
4092.0,-0.004806787678571675
4099.0,-0.007065932706129796
4108.0,-0.008665811651053304
4112.0,0.011407729893311454
4120.0,0.003892760862562203
4128.0,-0.00037894346548636356
4137.0,-0.008350815676933186
4145.0,0.004602945575530208
4150.0,-0.0018238689588542197
4158.0,0.011481784342038866
4167.0,-0.02199392784150441
4175.0,0.0013294885668933129
4183.0,0.003426607821883547
4191.0,-0.003293563258268011
4198.0,0.005300505735974498
4203.0,0.010211534320374839
4210.0,0.003590069170760782
4219.0,0.0013909037619850464
4227.0,0.007684039628498097
4235.0,0.007605243637497343
4243.0,0.0010052528834232446
4251.0,-0.0009042549540271931
4259.0,0.0034917979410287988
4265.0,-0.003621715160129241
4273.0,0.002711147171972932
4285.0,0.005073173207700704
4296.0,-0.006792008158425844
4305.0,0.0017834067588018288
4309.0,0.002669431990105021
4315.0,-0.0026259966926054446
4329.0,0.007355544340843629
4336.0,0.0038383225290314973
4344.0,0.003046230140466556
4353.0,0.007678362501757201
4364.0,0.005981462430426141
4371.0,0.013948432858109107
4378.0,0.006595672403310665
4387.0,0.002596386884882514
4395.0,0.006019370440414506
4402.0,0.00430967272171131
4412.0,0.009732187225333994
4420.0,-0.0004761217937409367
4430.0,0.008781509624492204
4438.0,0.005322452599700602
4449.0,0.007667899895721236
4460.0,0.00723382362871409
4468.0,0.007244507264476384
4476.0,0.010877916280750828
4485.0,-0.003173206272476423
4496.0,0.009439395272955507
4505.0,0.0020828253653456088
4512.0,-0.0003688646308287579
4519.0,0.0065314441946858785
4528.0,0.008018812334109504
4535.0,0.013252871527842897
4541.0,0.0027179774986218264
4549.0,0.0010012460562289142
4557.0,-0.00024175265124631466
4566.0,-0.001290348521856551
4573.0,-5.194513611816392e-06
4582.0,0.004475242548503092
4586.0,0.0032853821654430728
4594.0,0.0013692207570246632
4605.0,0.007192727288185615
4613.0,0.003471989540744612
4618.0,0.002652817635460953
4623.0,0.0017289046743052044
4631.0,0.0010534910688279858
4639.0,0.014651948085542234
4648.0,0.012696490657815059
4657.0,0.008327738051484627
4665.0,-0.004197315836565914
4673.0,-0.0002595119013012483
4679.0,0.0027281703458024442
4687.0,0.0016838465143692095
4695.0,0.004968632218142639
4703.0,0.005845798998625277
4712.0,0.002350552317762253
4720.0,0.015195928145377416
4729.0,0.0009387739632010663
4741.0,0.014314748552175419
4748.0,0.0019261266365095404
4752.0,-0.0034414868372297383
4756.0,0.007244282613740546
4764.0,0.006145916175986488
4770.0,0.00801099177163792
4778.0,0.004623965313751384
4786.0,0.008709225985696303
4794.0,0.0060061188210170985
4801.0,0.003945099453472716
4808.0,-0.004322163955843234
4815.0,0.014209801799576312
4825.0,0.008147358470064573
4834.0,0.012154415429516504
4842.0,0.0119885690581884
4848.0,0.004698302018923649
4852.0,0.008718121933793099
4860.0,0.005833740219712388
4869.0,0.011417335438500363
4876.0,0.0037879862796390113
4884.0,0.006951563887108225
4893.0,-0.0024866764551819747
4898.0,0.0030515684279224815
4907.0,0.004905801245785458
4915.0,0.008524692761347923
4922.0,0.008755961959232924
4929.0,0.0031210943126214635
4940.0,0.0030287124410188293
4947.0,0.003805938746390488
4954.0,0.0018035360668575762
4963.0,0.005739351293807404
4974.0,0.0028631017402626266
4988.0,0.003437662973996895
4997.0,0.008365385313488367
5006.0,0.006009236622199318
5012.0,0.006104759963457485
5020.0,0.011123306248406727
5027.0,0.004487598768243589
5035.0,-0.0015230333286009655
5046.0,0.006259019964605291
5053.0,0.0019605326713819306
5064.0,0.011550369980026447
5073.0,0.008181922405140856
5080.0,0.004443627297721608
5088.0,-0.0007782549996711576
5096.0,-0.0011770312156292864
5103.0,0.007167506781315949
5112.0,0.003214307361176806
5123.0,-0.0030930976075367353
5132.0,0.008251595815329799
5140.0,-0.0035419145842264877
5149.0,0.008285046105344114
5158.0,-0.010987244160508771
5166.0,0.004113756963457494
5178.0,-0.006167752937953498
5186.0,0.01862092644644246
5194.0,0.00651394261242026
5201.0,0.016142484416898664
5210.0,0.0029897301548438013
5216.0,0.006945992525259577
5224.0,0.0028546648596066973
5233.0,0.008812733470244423
5241.0,0.004496601832285111
5249.0,0.0008735867641855675
5253.0,0.00864343632333974
5261.0,-0.002081368940560019
5272.0,0.010927361035964901
5280.0,0.011501732963357958
5288.0,-0.007112384559544378
5299.0,0.0021153311381990263
5307.0,0.01264998229320785
5316.0,-0.0004148932226842933
5324.0,0.01260083811143301
5328.0,-0.0015022488344768412
5336.0,-0.00010596202693253087
5344.0,0.005621759423571788
5349.0,-0.003282084324831651
5353.0,0.003550051678359257
5361.0,0.0004004698335032601
5367.0,0.012922595798067952
5375.0,-0.0008813505523874303
5384.0,0.005051378283031323
5395.0,0.005217581972160099
5403.0,0.00867147824847253
5408.0,-0.0009414546150788828
5416.0,0.005065422805336026
5424.0,0.0009279990419377113
5432.0,-0.006654337178958641
5443.0,0.004502789145805828
5452.0,-0.002096600357146385
5462.0,0.0011238007102828264
5471.0,0.0022016375199489695
5475.0,0.0075500576874152365
5482.0,-0.0014689178367598764
5490.0,0.005336165892663671
5497.0,0.0023960041926913626
5504.0,0.007785920629784875
5512.0,-0.00219538049786449
5521.0,0.011093353817472493
5530.0,-0.0022424462917941305
5534.0,0.006110998310179749
5541.0,0.003363493390133119
5550.0,-0.004546728560043612
5555.0,0.0016589972008990378
5562.0,0.0014164706791878951
5569.0,-0.006758963015945165
5576.0,0.011501289271615514
5583.0,-0.00565700370764259
5590.0,-0.014297022940608417
5597.0,0.010539696406921865
5601.0,0.004632720390891512
5612.0,-0.0041902917633447065
5620.0,0.005288653392725547
5627.0,0.009476581673709412
5635.0,0.0165720554030207
5641.0,0.011943641200138107
5648.0,0.02017330239471116
5657.0,-0.003207259395152532
5664.0,0.003780128065787642
5675.0,-0.0019436530648533079
5686.0,0.0012005137936739628
5693.0,0.0004365571727635258
5700.0,0.009240097879656657
5708.0,0.003287445563616302
5719.0,-8.64872965307454e-06
5726.0,0.003689753036468524
5737.0,0.004344809238826574
5745.0,0.00031153201898886056
5756.0,0.0043916832137701175
5764.0,0.005203137441753518
5772.0,0.0014495497504939138
5784.0,-0.0007183873006471704
5793.0,0.0042974532647521236
5803.0,0.005814443060843278
5814.0,0.005855769079648861
5821.0,-0.0015429875359729015
5827.0,-0.0013266415579050665
5833.0,-0.003293666689239279
5841.0,0.0019985399614555212
5849.0,0.000491465120195035
5860.0,0.0019768400217593254
5868.0,0.0039997636554543374
5872.0,0.0029170325196210766
5883.0,0.00787424127787433
5890.0,0.0006199810560097302
5895.0,-0.008856576463586417
5903.0,0.0019532184421780408
5910.0,0.004134260487341408
5916.0,0.006385912959569708
5927.0,0.003286695087600835
