,5
381.0,0.0027033806222030747
389.0,-0.0005034606294046809
396.0,0.001218685116581911
405.0,0.0066772034714663595
409.0,0.002629897907143374
415.0,0.0020126933828110848
423.0,-0.0005258256991196948
428.0,-0.004657159981365734
437.0,-0.00996259206379672
445.0,0.0018805999958275753
449.0,0.0012344101737024461
457.0,-0.00042757866995206503
463.0,0.008622326069540014
470.0,-0.0025918338409953437
484.0,0.00030585949107953924
493.0,0.0014389950092572672
500.0,0.0008069096451670161
508.0,0.0010390270431440566
516.0,0.00011593063486403897
527.0,-8.204419157656993e-05
538.0,4.4619813406975985e-05
547.0,0.006529170049079628
553.0,-0.012639728022062913
560.0,0.0009185606101927265
569.0,-0.0008754318512646646
578.0,-0.001862422618488046
586.0,0.0026942379531686668
594.0,0.0007531885094633879
600.0,0.0016714325956999703
604.0,0.0003590797657290329
609.0,0.003310475180427628
615.0,0.0008738794691050101
623.0,0.00023785271083751698
631.0,0.0022742424008666885
637.0,-0.003984810237496529
645.0,0.003410698153867804
656.0,-0.00022996570813094881
670.0,0.0018936417652450496
677.0,8.813695306847451e-05
685.0,0.002400408950705235
692.0,0.0018733107422231146
697.0,0.0008263030208106918
702.0,-0.0006967249497973344
712.0,-0.001797126153685165
718.0,-0.0010215543005786631
726.0,0.0023023516332422327
734.0,-0.0008579017117775782
746.0,-0.004126166578454141
753.0,-0.002000153021105601
760.0,-0.005673699004484475
774.0,0.001311357165587997
782.0,0.00525087616260656
791.0,-0.001756710569841611
799.0,-0.002544707135386616
810.0,0.004806990688277276
817.0,-0.00046241093989858286
826.0,-0.0014385598577548973
834.0,0.0013663114102298447
842.0,0.00276407156502521
850.0,-0.0005131019860904289
858.0,0.002860941991059481
865.0,0.0008662843465869199
876.0,0.0020520720195378486
884.0,-0.002494023443293481
888.0,-0.0017362854306291668
897.0,-0.0008286940566972196
907.0,0.002263105926449672
913.0,0.0007223654734998029
924.0,0.001165770186421359
931.0,-5.112957168587209e-05
942.0,-0.004270723109603024
954.0,-0.0009395644721450247
963.0,0.005227008998695515
974.0,0.0016601000247404517
982.0,-0.002943827831219329
990.0,-0.000285150872213254
999.0,0.003886815365298938
1008.0,0.002096205824200579
1016.0,0.0021308140099501817
1022.0,-0.0005651202425982053
1030.0,0.001975562303582512
1038.0,0.002085988972707595
1047.0,0.0009741345947966446
1056.0,0.002617503269185843
1064.0,0.000596312544083847
1076.0,-0.0016299089220751428
1084.0,-0.0010312069786820117
1094.0,-0.013801708977202573
1101.0,0.0014699732844184632
1112.0,-0.000289420908188793
1124.0,-0.001563528530985972
1132.0,-0.00010784669927495373
1146.0,-0.006970951019935547
1157.0,-0.003274635787201732
1166.0,0.002768905121675644
1174.0,0.00033830199393682
1182.0,2.041556034483568e-05
1190.0,-0.0012647745380694108
1201.0,0.0010431098482967117
1209.0,0.0029684412385097675
1217.0,-0.0005013976135365365
1222.0,0.0009369387612282519
1230.0,-8.972655304398549e-05
1238.0,-0.0007814229133928294
1247.0,-0.00022655133645657613
1255.0,0.00010890089051117617
1264.0,-0.0019103980264387698
1273.0,0.008174492161528756
1280.0,-0.001247912692978266
1287.0,0.004946690337228512
1292.0,0.0006653932899887418
1303.0,0.0013194310339273985
1309.0,-0.0024887494198659343
1317.0,-0.0018741087691606696
1329.0,0.00253826881190249
1337.0,-0.0021222229518991532
1347.0,0.000830531708250802
1354.0,-0.0033088164127995246
1361.0,-0.0007544546759393421
1367.0,0.000287473406513771
1375.0,2.015536674213205e-05
1382.0,0.003774083043049246
1390.0,0.0005917041784570164
1401.0,-0.0014639534386004678
1410.0,0.003983727765032963
1417.0,0.0003352678832076667
1422.0,0.0022833619359235763
1427.0,0.0007650221679172059
1433.0,0.002457506872420759
1441.0,0.0054572935074277155
1449.0,-0.0008655929608074764
1458.0,0.004185877762814314
1463.0,0.00145463068723346
1467.0,0.0019374412911131054
1479.0,0.0014532898481583558
1488.0,-0.0004585103839634303
1492.0,-0.0023446450160269565
1503.0,0.0022674880294423446
1510.0,0.0014750810348925377
1517.0,0.002050045279511805
1521.0,-0.0010037500593188782
1535.0,0.0019613421185369767
1539.0,-0.00015970652037832202
1547.0,-0.0006286513255219886
1555.0,0.0015813652354440433
1564.0,-0.008050172113003724
1573.0,0.003646429861315924
1580.0,-0.001019842130643854
1594.0,-0.0035638714082258886
1601.0,-0.007150365410151552
1606.0,0.002000587732143933
1614.0,-0.006840029862427623
1621.0,0.0006038991960685857
1625.0,-0.0028125978645000965
1634.0,-0.000832247505378352
1638.0,0.000294074338476693
1647.0,-0.0051510879433601525
1654.0,-0.0023463320402147135
1660.0,0.00469506789450925
1667.0,-0.00110166318409595
1675.0,0.002825072383514606
1684.0,0.00048412369292740614
1691.0,-0.0008313170081317195
1698.0,0.00021858918227768835
1706.0,0.0014999319630140992
1714.0,-0.0018690417055651093
1721.0,-0.0002906417845739115
1729.0,-0.001382584654111012
1736.0,-0.0022368222757123625
1745.0,-0.0015195331985367545
1756.0,-0.00021318677180350257
1763.0,0.0014832002158667512
1770.0,-0.00034609560843681367
1776.0,-0.0003333490290290513
1785.0,-0.0024347490937877705
1793.0,-0.0002052161110800563
1799.0,0.0038951547013943784
1806.0,-0.00046416444507952595
1817.0,-0.001683800683582833
1825.0,-0.002724878733491756
1836.0,-0.0007320122499807812
1844.0,0.0034541891071866713
1851.0,-0.006218327484422336
1859.0,-0.0024108451718184002
1867.0,0.004661940746917176
1875.0,0.006173002017674779
1886.0,0.0016906057800194065
1892.0,0.006972693123037606
1897.0,-0.0005102414820591919
1901.0,0.0035457958377167666
1913.0,0.0010123409422745264
1922.0,-0.0025013355488897318
1929.0,0.006140756610093591
1937.0,-0.004803448942424938
1946.0,-0.027175111525729913
1950.0,0.0015592414443182728
1959.0,-0.0018102890761128277
1970.0,0.00053594613892729
1974.0,0.0024087116807519193
1982.0,0.004379168254065951
1987.0,0.00013537933117371904
1993.0,-0.00017318678123026844
2002.0,0.003107767616576591
2006.0,0.008785634331272116
2014.0,-0.0013367835479329584
2019.0,0.0002795287035691951
2023.0,-0.001196672923550639
2027.0,-0.001274181713883031
2034.0,0.0005375160458573865
2045.0,0.0015921496689873106
2052.0,-0.0004586589282388359
2060.0,-0.0019812580258800876
2069.0,-0.00199152746882138
2075.0,-0.0035770451023557754
2082.0,-0.0023930982009325594
2093.0,-0.002893298141926214
2101.0,0.0007058854021632707
2109.0,0.0022132892917909545
2120.0,0.0006355029568540155
2134.0,0.00015865441652224905
2146.0,0.0002304872487752574
2155.0,-0.001443615805289799
2163.0,0.0012409283948482779
2167.0,3.13545866583967e-05
2175.0,0.0019258690494131942
2182.0,0.001319050965240661
2188.0,0.003062433220727709
2202.0,0.002742552424334976
2206.0,0.0005077118403773494
2215.0,-0.0011947958512926122
2219.0,0.001683085789137791
2225.0,0.0015685626969157648
2233.0,0.00131238418450245
2244.0,0.0008835128757467586
2252.0,0.0079267155233316
2256.0,0.0036701040140044747
2265.0,-0.0002845255947491262
2277.0,0.001513805285630723
2281.0,0.0006306665569957157
2292.0,0.0023396260715849706
2304.0,0.0038051068033556987
2311.0,-0.0027911514657468803
2321.0,-0.0012925411951725566
2328.0,0.0015647385097161044
2339.0,-0.0013202466363356493
2350.0,0.0015063542662736315
2358.0,0.005956118266083667
2367.0,-0.0018780294961187537
2376.0,0.00013119575499468439
2390.0,-0.0003549073426936995
2398.0,0.0002686059303739479
2407.0,0.0019494341522209256
2416.0,0.001956001295633562
2423.0,-0.0006142976035759712
2431.0,0.0010703734445306446
2439.0,-0.0008073012136144168
2448.0,-0.0026476230726803036
2459.0,0.001229854701876834
2463.0,-0.004937886146375032
2.0,0.0070173973487475064
7.0,-0.0028458763493261216
14.0,-0.005719722788206981
20.0,-0.0008007246223483049
29.0,4.5993815113333775e-05
41.0,-0.001881805328632518
50.0,0.003059961883190914
57.0,-0.0026569771207506218
68.0,0.001274888961401438
79.0,-0.0030310304671251845
87.0,0.007566363830232331
94.0,0.002703166075381351
105.0,-0.00036714176283472163
112.0,-0.001083234357941993
123.0,-0.00032348406680338554
127.0,0.009988939883523448
133.0,0.0014638033356172812
137.0,0.00114746532165753
146.0,-0.0023607041770670844
151.0,0.0019337583138946712
159.0,0.0021497550132154445
165.0,-3.1704879266564045e-05
169.0,0.00333340745342568
177.0,-0.003462970439547545
188.0,-0.004389037301930884
195.0,-0.0006657702096110386
203.0,-0.0003209692026114891
214.0,0.007249039494379607
223.0,0.002550808544902965
232.0,-0.0020696727647399106
241.0,-0.003924393145949588
247.0,0.0015257796381692832
255.0,0.003086812719936586
264.0,0.0009700262344612711
272.0,0.002013970306725828
281.0,0.006725064058013939
288.0,0.0001866190198351744
297.0,-0.000237590280567944
308.0,0.0024453935367430295
317.0,0.0004893654529018738
325.0,0.0016110595699793612
333.0,0.0009336139589100088
342.0,0.0009572688588262321
348.0,-0.002963645669797476
360.0,0.013035651933778697
368.0,0.009821386694891639
376.0,-0.004000248696804761
