,5
2474.0,0.0051695348179160005
2478.0,-0.004545360796875574
2487.0,-0.000495279519701979
2496.0,0.00296418556491309
2504.0,0.0038078880931870654
2512.0,0.008063479414890917
2536.0,0.0015870346287832373
2544.0,-0.0020751895763466447
2552.0,0.0009638107037700251
2560.0,-8.349329375416163e-05
2569.0,0.0004222010345612606
2578.0,0.002413658885907581
2586.0,-0.0014169275644625497
2597.0,0.0021696655850176995
2603.0,0.001982645958937782
2612.0,0.0041387223464031415
2620.0,-0.00518917398115256
2628.0,0.0005970866521671123
2652.0,0.0033917505087276375
2660.0,0.0056299599063380276
2668.0,0.0006184091270614911
2676.0,0.0003760575705525589
2683.0,0.005680782310913029
2691.0,0.011261212074217061
2697.0,0.0016270284261660367
2705.0,-0.004105657582444499
2711.0,-0.004994198630781619
2718.0,-0.012365162387314225
2724.0,0.010757586312580274
2731.0,-0.008216625094318067
2738.0,0.0029813004838935573
2746.0,0.02591350354267296
2752.0,0.008483407484595862
2760.0,-0.009305188866488399
2767.0,-0.005673228607029796
2773.0,0.0016221863524739687
2778.0,0.006752703119175588
2782.0,0.00808485725834767
2790.0,-0.004137826740291725
2798.0,0.0007049019107364089
2806.0,0.005126724873095868
2815.0,0.0016110663214377117
2823.0,0.004052707605090752
2834.0,0.003141010772009289
2844.0,0.011998896378847363
2848.0,0.003481880566749827
2857.0,0.0034764527818260116
2863.0,-0.002206385100131258
2874.0,0.00044983435395328235
2882.0,-0.00019990572449709204
2891.0,0.00010275122798119984
2902.0,-0.0002568943696969725
2910.0,0.0006676554468614819
2918.0,0.003116332273435368
2926.0,0.0007427067319095846
2934.0,0.0006128170838425473
2942.0,0.000635696580154456
2947.0,0.0008057707552030744
2956.0,-0.00011096580422249098
2967.0,0.0018860908412856735
2972.0,0.0007837849146899302
2983.0,-0.0008622019437830046
2991.0,0.00031355872441250185
2999.0,0.0012951662781435956
3011.0,0.0026916687952399645
3022.0,0.002905715863856675
3029.0,0.000823300937300889
3037.0,0.0014110941128294484
3046.0,-0.00032399653061368055
3054.0,-0.0010243856769840656
3063.0,0.009365961541916731
3070.0,-0.0003565516816226157
3078.0,-0.0015656524646743587
3085.0,0.002527699279113373
3096.0,-3.3601335893326827e-07
3104.0,1.3518257762152902e-05
3112.0,0.0029070212008887367
3120.0,0.0019060313965926126
3131.0,0.0009634776239758052
3139.0,0.000528421461555281
3144.0,0.0014186769771933313
3151.0,0.0007173345201088079
3158.0,0.0005318955938051921
3162.0,0.0018824701971530855
3170.0,0.0007696965117526709
3176.0,8.818873780672787e-05
3183.0,0.0007310156857712089
3188.0,-0.0006874193988752602
3196.0,-0.00012208376633934963
3200.0,-0.000679015861885385
3208.0,0.00026417416014214764
3216.0,0.001810280266664882
3222.0,0.00046404053184772963
3230.0,-0.0010962856981458534
3234.0,0.0004929514176298987
3242.0,0.00028233727326723096
3251.0,0.00048401306000106856
3255.0,0.0011847866439187772
3264.0,-0.0025894557047612832
3271.0,0.0006354752980399991
3281.0,0.0012836564746412813
3290.0,0.0019955933591354396
3299.0,0.0020930389974134224
3306.0,-0.00019883483268245253
3316.0,-0.0007054345781034317
3322.0,-0.0018064523592526134
3330.0,0.0013066245118017888
3338.0,-0.0009690340082541464
3348.0,0.002533981499648429
3359.0,0.001754531118217578
3368.0,0.0012850178465421932
3376.0,0.0019331421395195909
3387.0,0.00017157683670105745
3394.0,6.709684814296033e-06
3402.0,0.0024784760311181197
3407.0,0.001958589774111113
3413.0,-0.005877354721645096
3419.0,-0.0020027641777268556
3428.0,0.001889841510568617
3440.0,0.0013932916280072819
3449.0,0.0036243589061117007
3457.0,-0.00037779309008697756
3464.0,0.005105265084987413
3471.0,0.0008433227383927399
3479.0,-0.001169613155330909
3489.0,5.352306355779709e-05
3497.0,0.0006078475502033121
3505.0,0.00046623290844711296
3516.0,0.00043400043055064974
3527.0,0.0005127337096382528
3536.0,0.0018290536849820069
3544.0,0.0025546102812415736
3551.0,0.0011578286358836498
3561.0,0.0006350918024635232
3572.0,-0.0008694632739671091
3580.0,-0.0007132894203801785
3591.0,0.0011801783280945112
3602.0,0.002078982514084897
3613.0,-0.0020269653039074334
3621.0,-0.0021287586589674137
3632.0,-0.0021681955828728333
3636.0,0.003944453539774019
3648.0,0.004401114080995255
3655.0,0.0024853279378974262
3663.0,-0.0017120425116037197
3674.0,-0.0025309227452535964
3680.0,0.005127877930127557
3687.0,0.0015977483646071656
3695.0,0.0008892127312297266
3703.0,0.0005354274575729101
3711.0,0.00042265454930257186
3723.0,0.0007577601805192283
3731.0,-0.00017627099064019026
3740.0,-0.004315819337912664
3749.0,-0.005887362246493346
3758.0,-5.071219524688741e-05
3769.0,-0.005778131765185822
3776.0,-0.003401038379660581
3784.0,-0.003560831523984724
3792.0,-0.004626732521284784
3800.0,-0.00042611452723937906
3808.0,0.0005154522931854271
3819.0,-0.0011779579726355228
3828.0,-0.0005355019611356736
3835.0,0.00028549145106089417
3844.0,-0.0005341896622405694
3851.0,-0.0003437291940664183
3862.0,-0.0012254109072827501
3871.0,-0.00211778302849306
3883.0,-0.001200821593407371
3895.0,0.0033385870461853863
3906.0,-0.0010199084982161445
3911.0,0.0019567321082467094
3920.0,-0.003357370754029253
3925.0,0.0016025136680672262
3934.0,0.0035496664630704795
3942.0,0.0003579768888098907
3947.0,0.0019692481449696086
3955.0,-0.0012590089998802576
3966.0,-0.008892318899699806
3972.0,-0.0014426824959332628
3980.0,0.0021775966894957807
3987.0,0.0016197769360537116
3992.0,0.0003905510184996241
4003.0,0.0013612691745445197
4011.0,0.0018884614683545018
4017.0,-0.0009623733617633213
4026.0,0.0032821600198408014
4033.0,0.0013699903217057675
4041.0,0.0022523166412375594
4049.0,0.0003984114517040794
4059.0,0.0011798917798505188
4067.0,2.2513232097623435e-05
4075.0,0.003730586007996004
4084.0,-0.002134941115446604
4092.0,0.0023004152188471853
4099.0,-0.002783887159900189
4108.0,-0.0034027397811215838
4112.0,0.0012054071854390482
4120.0,0.004869874747321458
4128.0,-0.00015587212202418092
4137.0,0.001427836638256804
4145.0,-0.0002628660720744775
4150.0,0.0008415667857136559
4158.0,0.002805145404247936
4167.0,0.0006000308937130231
4175.0,0.003640935763790579
4183.0,0.00020446043561911107
4191.0,0.0035320301264685984
4198.0,0.01014181793697344
4203.0,0.007234365175986758
4210.0,0.0001291906119735695
4219.0,0.0006401053725567368
4227.0,0.001914190713345271
4235.0,-7.269408300799146e-05
4243.0,0.0008485997131582082
4251.0,0.000511087538995056
4259.0,0.00016840215312712825
4265.0,-0.0012124978970855158
4273.0,0.0007266365439471612
4285.0,0.0010551770375503296
4296.0,0.0005895020719095848
4305.0,-0.0020033708814582393
4309.0,0.002225954584987134
4315.0,0.0009837226591062906
4329.0,-0.0016874713381548321
4336.0,-0.003980528032746617
4344.0,-0.0007484429703053562
4353.0,0.001033808228727728
4364.0,-0.0036739394911058138
4371.0,-7.701130414542641e-05
4378.0,-0.0033111915914768426
4387.0,0.00020543593289339192
4395.0,0.003933463224319735
4402.0,-0.00021978072276169182
4412.0,0.0031398122041256912
4420.0,0.0021715500897101217
4430.0,0.0007110466316326833
4438.0,8.926847518061132e-06
4449.0,-0.00013230530118445475
4460.0,0.0006849236723674745
4468.0,0.0008451866981117719
4476.0,-0.002682348674262403
4485.0,-0.003322510107761831
4496.0,-0.0005670951582132155
4505.0,0.0068064662078313725
4512.0,2.6392689832792804e-06
4519.0,0.001439193501228607
4528.0,0.008192665059124058
4535.0,0.000594864139442338
4541.0,0.0002291734074594329
4549.0,0.0014531326355211277
4557.0,0.0010875973549615042
4566.0,-0.0010665293068465357
4573.0,0.0036453050938796295
4582.0,-0.008151182438714377
4586.0,0.00028299744508170603
4594.0,0.001034062713574844
4605.0,-2.250188521880379e-05
4613.0,2.8945118619526858e-05
4618.0,-0.0018390945474292422
4623.0,0.0020972130892279385
4631.0,0.002159881684956564
4639.0,0.0010121338833300557
4648.0,-0.00249377960429708
4657.0,-0.0014250064231984708
4665.0,-0.005842399171219276
4673.0,0.0022810564732899784
4679.0,0.0015871967322203398
4687.0,0.0006692727451527575
4695.0,-0.0010430830772060935
4703.0,0.002105579939107858
4712.0,0.004719054363750622
4720.0,0.0036737273286707056
4729.0,-0.00022184972358141864
4741.0,0.0063577253238632355
4748.0,-0.0056571141199880885
4752.0,-0.0022832474944455587
4756.0,0.004606939484150659
4764.0,0.0020034918740976988
4770.0,0.0005492354618101325
4778.0,-0.00016116307993068246
4786.0,0.0023624653595807955
4794.0,0.00023075193585824147
4801.0,0.0020811297281506723
4808.0,0.0026617093882509817
4815.0,0.004202271659081257
4825.0,-0.007205535648693592
4834.0,0.00023010880744742226
4842.0,0.0009711738495692002
4848.0,0.006592394842748555
4852.0,0.0025265199381414643
4860.0,-4.043050595385268e-06
4869.0,0.003153554479878648
4876.0,0.0010242297273708866
4884.0,-0.001280348693305786
4893.0,0.003217960528033264
4898.0,0.0010384091032634
4907.0,0.001462490204819472
4915.0,-0.005219956773601554
4922.0,-0.003090551152220518
4929.0,-0.002141842331168125
4940.0,0.0011884975173763136
4947.0,-0.0008335656221883854
4954.0,0.0019450749913974543
4963.0,0.0029833306688627835
4974.0,-0.001186909675207338
4988.0,0.001244918716147701
4997.0,0.0009347230319316841
5006.0,0.0033304933737050403
5012.0,0.0018347376626049365
5020.0,0.004537834646030923
5027.0,0.0034277106161812077
5035.0,0.0002504036230385235
5046.0,0.002148940758840168
5053.0,0.003476181062788765
5064.0,-0.0003130388239532197
5073.0,0.002693706885503606
5080.0,0.0004092052668684215
5088.0,7.476179759792363e-05
5096.0,0.0004620533326014836
5103.0,-0.0015791879123626775
5112.0,0.0009088491228115924
5123.0,0.0028616377408338593
5132.0,0.0007099557119046025
5140.0,-0.0015853755338423319
5149.0,0.008362630628368714
5158.0,-0.0032123801789187213
5166.0,0.00017487251070816512
5178.0,-0.0025155843084994287
5186.0,0.0016169047526292132
5194.0,0.00045116904476246925
5201.0,-0.00043834699843794316
5210.0,9.295268310178134e-05
5216.0,-0.00024029468622451604
5224.0,0.001612489580252969
5233.0,-0.0008925578086236594
5241.0,0.0008118876401137648
5249.0,-0.005493034599267891
5253.0,0.0010892590204100833
5261.0,-0.0011822496696063227
5272.0,0.002508765172767326
5280.0,-0.003181830895518404
5288.0,-0.004541700642403112
5299.0,0.002965655822500768
5307.0,-0.003582321862919219
5316.0,0.001514937126882557
5324.0,-0.0009353512871631342
5328.0,0.00182381991522506
5336.0,0.0018199483624586634
5344.0,-0.0003318850342806946
5349.0,0.0011589697000494881
5353.0,-0.0012808548699851322
5361.0,-0.0006503463833653956
5367.0,-0.009344434268075689
5375.0,-0.004847983713478162
5384.0,-0.002332421889086413
5395.0,0.0027372306729094064
5403.0,-0.0022849990625189707
5408.0,0.001715181203343535
5416.0,0.0022449981952375967
5424.0,0.0007864015519375038
5432.0,0.0011459207179398885
5443.0,-0.0012142712729122625
5452.0,-0.0004956296626369409
5462.0,0.0016206043593958571
5471.0,-0.0005642862139023355
5475.0,0.00037848378308727795
5482.0,4.858485696248257e-05
5490.0,0.00040315102132538967
5497.0,0.00722550373079183
5504.0,0.0033769904370671245
5512.0,0.0018019855373100282
5521.0,0.004424485321488867
5530.0,-0.0027913429167269062
5534.0,0.0044053424223877
5541.0,-0.0012833620249894247
5550.0,-0.004047053723308472
5555.0,0.004436561111876277
5562.0,-0.007016246921528691
5569.0,-0.0034079448082751655
5576.0,0.00935725689399695
5583.0,0.011391153577468978
5590.0,-0.01247492674054112
5597.0,-0.006535634282477036
5601.0,-2.9558637968636673e-05
5612.0,-0.0011335575020171714
5620.0,-0.013759533611798672
5627.0,-0.0070881114193683285
5635.0,0.0176701961050485
5641.0,0.0007695216951084113
5648.0,-0.002676485422229083
5657.0,0.016849531641560885
5664.0,0.002262435126042159
5675.0,-0.003079359429702595
5686.0,-3.6301471256699886e-05
5693.0,0.0007329167665051752
5700.0,0.003597450525333608
5708.0,-0.002388393434745773
5719.0,0.0005503240777739859
5726.0,0.0011051947194279902
5737.0,-0.000690118800639129
5745.0,0.00038122786612260006
5756.0,0.0018789054453783142
5764.0,0.001483781644731622
5772.0,0.0014541036382705774
5784.0,-0.000721534578020238
5793.0,-0.003663907169698899
5803.0,-0.0017483638337775897
5814.0,-0.0004963392131689107
5821.0,-0.001191459552303405
5827.0,0.002536207159060883
5833.0,-0.0007178323883722564
5841.0,0.00041874008770406435
5849.0,0.000554335224190767
5860.0,0.0010064129218611345
5868.0,-0.0004936582949613721
5872.0,0.0021500767798639854
5883.0,0.0005708502812223139
5890.0,-0.0009721746670885547
5895.0,0.0006995777309559592
5903.0,0.001734074561903254
5910.0,0.0011101470852545728
5916.0,-7.243848144126979e-05
5927.0,-0.005458521685827399
