,4
3251.0,0.02110750572692421
3259.0,0.006829018374418998
3266.0,0.005483934281569151
3273.0,0.0011130638073541875
3278.0,0.012763221872155346
3283.0,0.004377973056656753
3295.0,-0.009224329387873214
3303.0,0.009339720206230738
3311.0,0.0130453559322162
3318.0,0.009020261937614859
3332.0,-0.00038221793947714605
3341.0,-0.0011677374518312906
3347.0,0.002221854168945504
3354.0,-0.003645826497035005
3362.0,0.003434928376462672
3373.0,0.003387313474600097
3382.0,0.00286794807984419
3389.0,0.004721000458738768
3397.0,0.006345974815106675
3405.0,0.004722530620332817
3414.0,0.004004046107898897
3428.0,0.0016867453447890759
3437.0,-0.01738129806748652
3444.0,-0.0022753634898777953
3453.0,-0.0095210459713596
3460.0,-0.007750767898959972
3467.0,-0.010079632987795649
3475.0,0.003454023208679712
3484.0,0.0052347272403493045
3491.0,-0.0005315999359120832
3503.0,0.002089720835484789
3510.0,0.0047758073887689215
3517.0,0.005504038664668351
3526.0,0.0009397851485724013
3534.0,0.003918426285427462
3540.0,-0.0005064786073187341
3547.0,0.004977134203574933
3556.0,-0.002913918930087818
3562.0,0.01215121827622019
3566.0,-0.0034138227739127927
3574.0,0.0009395390767137164
3588.0,0.006241957312502687
3597.0,0.005898265748850543
3603.0,-0.007637891840403688
3612.0,-0.0036394831580358594
3618.0,0.0056062274303697165
3629.0,-0.005976786061173138
3641.0,-0.0019175177356313272
3648.0,0.0037020590630519362
3655.0,0.013507254462037202
3663.0,0.001985194088532876
3670.0,0.0008238910019917584
3679.0,0.0011912941125543524
3685.0,0.003942335091454425
3693.0,-0.006225408668132901
3701.0,0.005857490483979223
3708.0,0.007483385522912885
3716.0,-0.004096070208888512
3725.0,-0.004165208733085238
3733.0,0.006370042020674838
3740.0,0.013058489813532572
3749.0,-0.005231784280397555
3757.0,0.0032352176254384496
3764.0,0.005942487510359228
3773.0,0.009874216180687496
3782.0,0.0030314298741455268
3789.0,0.0037063628623314237
3801.0,0.0036567278205086305
3809.0,0.002525430151679003
3814.0,0.0005028319823622875
3825.0,0.003680644981236039
3832.0,0.005152281996901925
3843.0,0.013358894876325338
3849.0,0.00042898109288086033
3861.0,0.0033618722032917603
3868.0,-0.0002868815186387389
3873.0,-0.007305364426085962
3877.0,-0.0015656014275493046
3885.0,0.008350918046370304
3892.0,-0.006452910572469445
3901.0,0.006851816611899096
3908.0,0.014312594064714218
3916.0,0.002702059964518386
3928.0,-6.628891041890116e-05
3937.0,0.010750332213575435
3945.0,0.003972027318605805
3951.0,0.006533273230397032
3958.0,0.012266398090470405
3967.0,0.0034681228035455124
3978.0,0.005043074284769674
3985.0,0.0030510610910439327
3992.0,0.011656898624465456
4004.0,0.006328893511093686
4012.0,0.001608730123664597
4021.0,0.0019851818810359316
4028.0,0.007900705662967928
4036.0,0.007306940433671504
4044.0,0.011589238470180091
4048.0,0.004528790622117956
4057.0,0.003458350580589681
4064.0,-0.0034792275055500303
4071.0,0.012552642899546317
4079.0,0.004530192944949817
4088.0,0.007706952061108432
4094.0,0.004306388033940868
4105.0,0.010879997013431746
4114.0,0.0005467278541080042
4123.0,-0.003704475757069026
4130.0,-0.009844487316969951
4134.0,0.009464449808727855
4141.0,0.003747264509539135
4150.0,0.009055656828649462
4157.0,-0.0008989075445797813
4165.0,0.004794571972081495
4172.0,0.010077606247836806
4179.0,0.011528681072434887
4186.0,0.0054991909803706945
4195.0,0.00510281513304807
4203.0,0.012809774989333477
4212.0,0.010707406162824297
4223.0,0.007771367969317198
4230.0,0.0067757347878203604
4238.0,0.0012358934905840752
4245.0,0.0019426896777441011
4256.0,0.0035360551823503898
4267.0,-0.01932560643764349
4275.0,-0.003880025300411928
4283.0,0.006894575096616127
4290.0,0.0036371730453014102
4301.0,0.006147101946980066
4309.0,0.0005808387693906229
4315.0,0.012903701146789131
4323.0,0.007432141807698231
4334.0,0.006673671385305439
4342.0,0.0016221443216453578
4349.0,0.002412642840790188
4360.0,-0.011228517325515809
4364.0,0.01119174324706973
4373.0,0.012471046436000582
4381.0,0.001557880513980209
4389.0,0.005892397048452331
4397.0,-0.0007610766455953645
4409.0,0.011345556058246465
4416.0,0.005933438238122374
4424.0,4.483383463057601e-05
4436.0,-0.00027461015445004314
4448.0,0.0028158582513544035
4462.0,0.006697451724032125
4471.0,0.006241531956167435
4477.0,0.0004797743229409497
4483.0,0.009422121632128634
4489.0,-0.002525122298321905
4495.0,0.0034981773042342575
4499.0,0.008692155323254043
4508.0,0.005347955502201568
4517.0,0.00014871389548209697
4524.0,0.0006146654323936796
4529.0,0.004620387573839209
4538.0,-0.0016520272232075721
4545.0,0.004159129626094738
4553.0,0.006911125250294413
4560.0,0.0005003512141231797
4568.0,0.004004180186807635
4577.0,-0.0017073950739192225
4588.0,-0.003110048848380962
4596.0,0.011939799653154066
4604.0,0.008052752493267978
4612.0,0.008651016832672925
4619.0,0.01195422534836811
4627.0,0.01192697153543552
4636.0,-0.004913182392212124
4640.0,0.00262469181407252
4649.0,0.0041509910736854255
4657.0,0.0014727534862848447
4669.0,-0.0017341667848645888
4675.0,0.0004305822346513968
4686.0,0.00582351537246972
4692.0,0.009542720247537079
4699.0,0.004127099753970479
4708.0,-0.00011009144298891523
4713.0,0.0020336172898388306
4720.0,-0.002880153930781629
4728.0,0.006172514050160217
4735.0,0.011796426674568872
4741.0,0.013849644002529738
4752.0,0.0038700537672749363
4759.0,0.010149342036225618
4766.0,-0.012483155232990664
4774.0,0.015540772990161374
4785.0,0.00468800868121441
4794.0,0.004506612797071783
4800.0,0.014921760104649002
4807.0,0.009868810882785474
4815.0,0.0014808862447322285
4821.0,0.008482719215891046
4828.0,0.00986208993369806
4835.0,-0.0016962441626191466
4844.0,-0.0011526388919188082
4850.0,0.007215309815731401
4858.0,-0.027464739195580453
