,5
3251.0,0.01542440961107368
3259.0,0.004523555447262315
3266.0,0.002503202710708052
3273.0,-0.005300303126749738
3278.0,-0.000951198791333784
3283.0,0.0003182965968967978
3295.0,-0.0015180184424026734
3303.0,0.002077275413085968
3311.0,0.006186632408993799
3318.0,-0.0013755162236898466
3332.0,0.0017702810303823517
3341.0,-0.0032600708186188974
3347.0,0.0003880479515973255
3354.0,0.003074526669815635
3362.0,0.0025554474651445845
3373.0,-0.00287099078002859
3382.0,-0.0029276247961480353
3389.0,0.003447362920845479
3397.0,-0.00017537299966714195
3405.0,-0.0008247564725407514
3414.0,0.0020897698295213995
3428.0,-0.00178200648942334
3437.0,-0.00650661860430648
3444.0,-0.002296018603340627
3453.0,-0.005457031838204074
3460.0,0.009846062983278772
3467.0,0.0017182535838709714
3475.0,0.0037835333232653224
3484.0,0.003837472714250511
3491.0,-0.0013991869599510078
3503.0,-0.0013654582889068409
3510.0,0.001963528104760048
3517.0,-0.00012452757024027268
3526.0,0.00034761406043495776
3534.0,-0.0018263089967653916
3540.0,-0.00046209840748108434
3547.0,0.0005108717221351232
3556.0,0.005671767888628171
3562.0,0.007396991733223325
3566.0,0.010322884309374149
3574.0,0.0013724069455531098
3588.0,0.002522728851170755
3597.0,-0.0005452286686499218
3603.0,9.158779003213089e-05
3612.0,0.004103075101103473
3618.0,0.000978137973285967
3629.0,0.004511884163990765
3641.0,0.0022665201747163444
3648.0,0.0029740392244668773
3655.0,0.0034640867132304043
3663.0,0.002097324511533471
3670.0,0.00027487044788115813
3679.0,0.0021705484522883175
3685.0,-0.0008797698578492156
3693.0,0.0013980453350226506
3701.0,0.003787802273426525
3708.0,-0.004647121113394355
3716.0,-0.001164619540863968
3725.0,0.0015486917584660676
3733.0,0.0009627193717946004
3740.0,-0.0005171832407518177
3749.0,-0.0028782376964132136
3757.0,-0.0006035245100451236
3764.0,-0.003504396579280729
3773.0,0.0012404247580660526
3782.0,-0.0019781612380981362
3789.0,0.00017102080865214627
3801.0,0.0019488390695174308
3809.0,0.0019880425386323564
3814.0,0.001373835678586127
3825.0,0.0030695342848997735
3832.0,-0.00026056692517530057
3843.0,0.00020352977618608644
3849.0,0.0007445548809187526
3861.0,0.0022553009639798677
3868.0,0.007313787397470124
3873.0,-0.001838949890512241
3877.0,-0.0013465557501495873
3885.0,0.006554232443532887
3892.0,-0.0033647696982933768
3901.0,-0.0004757457734363775
3908.0,0.0026859929638642223
3916.0,0.0005042076119631732
3928.0,-0.0005951413917092213
3937.0,0.001962538668606346
3945.0,-6.483701213221647e-05
3951.0,-0.004044336520433789
3958.0,0.0017716421826844248
3967.0,0.00023014342451171266
3978.0,0.00044328132859834034
3985.0,0.00027070915709418076
3992.0,0.00015975827471330256
4004.0,0.0012429448544798456
4012.0,0.0008104478311626831
4021.0,-0.0005904613977784695
4028.0,0.0018450326292360959
4036.0,0.0003911198015399741
4044.0,-0.006300063641907891
4048.0,-0.0029487327673861966
4057.0,-0.002297499429816256
4064.0,0.003217666212929195
4071.0,0.0036844138249352725
4079.0,0.0015486320909769554
4088.0,0.001052052231203149
4094.0,0.0009827909079521027
4105.0,0.003724966543163933
4114.0,0.0008846020276450328
4123.0,0.0002604896505704791
4130.0,-0.001995647585072143
4134.0,-0.00040742053370650615
4141.0,0.0015792326846879872
4150.0,-0.0007952054255075514
4157.0,0.0008142653343406776
4165.0,-0.0015949441601857855
4172.0,0.001222884930783821
4179.0,0.0036464969866624735
4186.0,-4.78268359190011e-05
4195.0,-0.006489433835902216
4203.0,-0.0015683116268445263
4212.0,-0.0012214124280224962
4223.0,0.0027293951528996403
4230.0,-0.0027616621594920487
4238.0,-0.0016891995981582985
4245.0,0.0018759873040627457
4256.0,-0.0014492724506759197
4267.0,0.0012479342220933025
4275.0,0.003071803465250259
4283.0,0.007260646602570572
4290.0,-0.0006009176088228162
4301.0,0.0024029371939927077
4309.0,0.0018115169151873508
4315.0,0.001181984490694049
4323.0,-0.0010765326588729276
4334.0,0.0023189132415535707
4342.0,0.0008005206659554916
4349.0,-0.0025553241234002487
4360.0,-0.0029462492497424257
4364.0,-0.000411056733606624
4373.0,0.00019040923831647089
4381.0,0.0005476125276807866
4389.0,0.0020408662609942016
4397.0,-0.00015110629170213743
4409.0,0.002204519645829079
4416.0,-0.0007917513026892281
4424.0,0.0005623904824106885
4436.0,-0.0009325266097658136
4448.0,4.7700477900939065e-05
4462.0,0.0011216894172228922
4471.0,-0.004549219018702385
4477.0,0.00042818715614551374
4483.0,0.008737312062313407
4489.0,-0.004201493455979398
4495.0,0.011607081790887949
4499.0,-0.00032011089069147915
4508.0,0.00484724842559055
4517.0,0.003088014099510587
4524.0,-0.005046162915362002
4529.0,0.0024134795458327692
4538.0,0.003782786707768742
4545.0,0.000860972678985136
4553.0,0.00514375487764652
4560.0,-0.003602920948542975
4568.0,-0.0006622553429896543
4577.0,-0.0002833629387637756
4588.0,-0.0009474378488436803
4596.0,0.00709875639005346
4604.0,0.0025259107672715355
4612.0,0.003256355448286729
4619.0,-0.002202185091238123
4627.0,-0.013252317756110745
4636.0,-0.0006022442751514892
4640.0,0.010825362760848693
4649.0,-0.0005160470397200877
4657.0,0.0003529192632667261
4669.0,-0.00026292857257538516
4675.0,0.00019086083456354558
4686.0,0.00012159529788740026
4692.0,0.0033880704894596416
4699.0,0.0009847843091262771
4708.0,0.0008219364289542779
4713.0,0.002599042456388947
4720.0,-0.001737541221501379
4728.0,-0.00031695566191881544
4735.0,0.004345719569211693
4741.0,0.0018147887291108627
4752.0,-0.0052583977075133645
4759.0,0.0034034273417318504
4766.0,-0.006523199257509166
4774.0,0.00048059659639796684
4785.0,0.00030517710927690877
4794.0,0.0005869857533677896
4800.0,0.004601961582983426
4807.0,0.00279686207504904
4815.0,-0.0015911171022473627
4821.0,-0.013185360566026406
4828.0,-0.0009831214946697444
4835.0,0.0010549065965151981
4844.0,0.0013682623374934703
4850.0,-0.0009538002332244947
4858.0,-0.0068047757948086025
