,3
1650.0,0.004729459881499564
1659.0,0.010464020592138051
1666.0,-0.008542668185797677
1675.0,-0.011161096539311341
1683.0,-0.013889810972844877
1690.0,0.008754758744703372
1699.0,-0.00272220115724869
1705.0,0.025417288463762497
1709.0,-0.008455851857752385
1713.0,0.04029235742769227
1717.0,0.02480372496855337
1725.0,-0.011708696503918727
1732.0,0.019413458916209814
1741.0,0.0033649030414811786
1748.0,0.016151807972520207
1752.0,-0.015448040430280186
1756.0,-0.008316441782492141
1762.0,0.0029552694984934166
1770.0,-0.016981473550493134
1781.0,-0.0011727887709587958
1789.0,0.0019824351799672467
1795.0,-0.021899136898338202
1801.0,-0.018844180733034746
1806.0,-0.012579017292355315
1811.0,-0.0030280164306375006
1817.0,0.020420901789002466
1821.0,0.009114318874777688
1832.0,0.0036225057472638535
1840.0,0.0123456191825599
1848.0,0.01876832613229558
1857.0,0.021700649982468442
1866.0,-0.0027640801253328946
1878.0,-0.013672688819771727
1890.0,-0.007302756882377448
1898.0,0.0010035338896081409
1908.0,-0.009331430267882768
1922.0,-0.007801582395061964
1929.0,0.00849347773542806
1940.0,-0.019585000541315754
1949.0,0.01753277056274515
1954.0,0.0023250264782346186
1961.0,0.008570472677584531
1965.0,0.006884383120460942
1974.0,-0.01725053363546473
1978.0,0.012289141835236866
1986.0,-0.016630341436597647
1995.0,0.0038395204470818046
2009.0,-0.005652577739143151
2016.0,0.004087665806484403
2020.0,0.00933336673707602
2028.0,-0.002163744396587618
2036.0,-0.016166905077606444
2044.0,0.010342242912788048
2051.0,0.006836390129227533
2060.0,0.013676265581049077
2069.0,0.017471701730072196
2073.0,0.020955198333335343
2081.0,-0.00011020733067712739
2088.0,-0.011262082086693024
2096.0,-0.002961043812731114
2108.0,0.01026579576733096
2116.0,0.00718384181877721
2123.0,0.022157771115902728
2132.0,-0.00010976290036342605
2143.0,0.007713706315630696
2152.0,0.018466781878389144
2160.0,0.01049182069812396
2171.0,-0.01719786348608069
2176.0,-0.015064528723692596
2183.0,-0.0020111206194534464
2191.0,0.008366915905864749
2197.0,-0.016578214683565032
2202.0,-0.02229615615432715
2210.0,0.018776260377880005
2218.0,0.0030073853707263697
2224.0,0.01297043671042488
2233.0,-0.01971873639725064
2241.0,-0.006011485590341381
2248.0,-0.011877173643370143
2253.0,-0.010563401416297637
2265.0,-0.015073089053145921
2273.0,-0.009064168377231164
2282.0,-0.013216420270392135
2290.0,0.009426435019674667
2298.0,-0.016702087054647083
2304.0,0.020878437374954407
2312.0,-0.0015780282790523131
2323.0,0.003036351908586686
2328.0,0.011057645045521772
2337.0,0.01592922791297605
2345.0,0.003384723174604009
2352.0,-0.004253531016724635
2357.0,0.0005883086387712406
2364.0,-0.005566531713290355
2376.0,-0.0030372331182396835
2388.0,-0.00020831604308312008
2394.0,-0.021194387034139846
2399.0,-0.009171979761486655
2410.0,-0.004643707248195716
2418.0,0.01765910715094802
2425.0,0.012809451608577497
2430.0,-0.01665914803847404
2435.0,0.0009271377244319345
2447.0,-0.0013732250211328774
2458.0,0.007402763686604076
2466.0,-0.008366092726385634
2478.0,-0.009719075573543415
2492.0,-0.012761260432849876
2496.0,0.0118739947718708
2505.0,0.024914203227841707
2509.0,-0.005641040998175327
2516.0,-0.001350544257432698
2524.0,-0.007620109323603522
2531.0,-0.011545107532300146
2538.0,-0.004903513317264778
2545.0,-0.005071037756386538
2551.0,0.01547202908106193
2557.0,0.010707766785078246
2562.0,0.0036866894623927824
2568.0,0.009833963404416987
2575.0,-0.013433514948710465
2584.0,0.008971433831610004
2588.0,-0.0025798888472232245
2595.0,-0.0029611517753016323
2601.0,-0.011236772282406072
2608.0,0.002654313553534607
2619.0,-0.0038455806069650354
2626.0,-0.014705901519557744
2634.0,0.005394257097165254
2639.0,-0.004489203367089124
2646.0,0.01105223127274773
2652.0,0.02815846716625451
2658.0,-0.012298415715580099
2662.0,-0.03728527978126758
2666.0,-0.0021966351780289394
2673.0,-0.014136296765977475
2678.0,-0.017795491300215186
2683.0,0.004999940431884137
2691.0,-0.0026023092318590386
2695.0,-0.012657894011375195
2701.0,-0.014617748978657075
2709.0,-0.013034995403175707
2716.0,-0.004588946734957405
2725.0,-0.013100702999864171
2733.0,0.004882184339917494
2745.0,-0.004149992419814733
2756.0,0.0026570647225203294
2763.0,0.02395502376548435
2772.0,-0.006070659175119681
2779.0,0.0019044436198382764
2786.0,0.002853066694666409
2793.0,-0.010732248073509004
2800.0,0.008999702707079728
2806.0,-0.010610851998942426
2820.0,-0.016547057647117343
2828.0,-0.013357828945730359
2834.0,0.01973409133985543
2838.0,0.0020193932404332297
2843.0,-0.017474361751673984
2851.0,0.004238866641531579
2858.0,-0.005551811610511454
2864.0,0.014282725798608759
2868.0,0.005269508031952382
2875.0,-0.017402050363127728
2885.0,-0.01111294348916371
2892.0,0.02308875173296854
2903.0,0.0030306294225832405
2910.0,0.00890603156766499
2915.0,0.000551347555062
2922.0,0.003213664266153678
2930.0,0.019123291781190228
2939.0,0.020514359031997338
2945.0,0.0064628385055254
2951.0,0.022105477328000996
2955.0,0.00030394411707836263
2963.0,0.015326631065896693
2975.0,-0.011000535489681674
2981.0,-0.002305662082674329
2989.0,-0.00028168281034899874
2995.0,-0.014425877428393543
3001.0,0.006753446247373777
3008.0,-0.003210901412277509
3015.0,0.0034175678711078116
3022.0,0.004420685535871138
3029.0,0.0029903664630200684
3036.0,0.012093045126171483
3042.0,0.010772237696218148
3048.0,0.012129256538116034
3054.0,0.0077722518894425595
3062.0,0.01914192894778408
3066.0,-0.004563207991814365
3073.0,-0.004470594296481388
3082.0,0.0061770363934789555
3089.0,-0.012388810827915573
3101.0,-0.012264450313471655
3109.0,-0.008622013222067494
3115.0,-0.012698125369144145
3123.0,-0.002647451983519831
3130.0,-0.012902185520855395
3138.0,-0.026317803845298558
3148.0,0.018558386631858832
3157.0,0.0073174202609411765
3164.0,0.01827520330001586
3170.0,-0.014625445177229461
3178.0,0.001264969572443963
3185.0,-0.017752738053003217
3194.0,-0.008233640362427996
3201.0,-0.008211613724234606
3209.0,-0.01595437485728021
3218.0,-0.00020358573664548004
3227.0,-0.011373320258732599
3234.0,-0.004451026618504481
3243.0,0.008303504325461607
2.0,-0.0005205567168080722
10.0,-0.009390491353580359
18.0,-0.006802146617949651
27.0,-0.008780954356008014
35.0,-0.012474229499866957
42.0,-0.006135859352032257
51.0,-0.01395536716867408
57.0,-0.0024204497644919323
64.0,0.015613515982738236
70.0,0.005986196396996198
76.0,0.0018320597553172985
84.0,-0.014285736281760834
90.0,-0.0172328973212107
95.0,0.015452823297518705
101.0,0.010737901782757443
108.0,0.017986759741472676
112.0,0.020585890273609898
120.0,0.005040452331127078
131.0,-0.008356494938545641
138.0,-0.01094982727107692
145.0,-0.007877667662129115
153.0,0.0063143681317355226
160.0,-0.0106920610919399
166.0,-0.01448203693762298
177.0,-0.004865319583181742
182.0,0.0051591902631958845
188.0,0.0026846252952666583
199.0,0.008773291621895359
207.0,0.01644945856692118
215.0,-0.017645728200018133
224.0,-0.00902701560136607
230.0,-0.0009709948997041544
242.0,-0.016086458211450386
250.0,0.004495502735995816
258.0,-0.010425000610934404
272.0,-0.006382539633684602
284.0,-0.007897019744153298
293.0,-0.018022689843972955
302.0,0.020462076044125407
311.0,0.0009837975233878726
318.0,0.012719191989556573
322.0,-0.005619655086406531
331.0,0.01575369751744172
336.0,0.006515076011978896
343.0,-0.01109411512278829
352.0,0.0017724503745940399
359.0,-0.011822021888374484
367.0,-0.007854775476140814
375.0,0.005672673150385416
387.0,-0.013652948903134758
399.0,0.0162502415008045
404.0,0.008758162986483693
411.0,0.0029077089976253284
417.0,-0.0034366002171145387
425.0,0.006232708359764836
430.0,0.007139330424128487
439.0,0.01430262568610976
443.0,0.009078398470012848
450.0,0.0051795663842691235
457.0,0.023473999752964055
463.0,0.009017439736452505
474.0,0.0018297312861325849
485.0,0.0021392720717067644
491.0,-0.04255107868030134
495.0,0.001772941803558344
501.0,0.02722763018243673
505.0,0.007265526838928228
511.0,0.026526943747618385
515.0,0.01241297572184376
522.0,-0.003573042196283428
530.0,-0.010703411013361325
542.0,-0.010761516582356375
549.0,-0.00902913739656957
557.0,-0.004535102910600588
564.0,-0.016144479894867336
572.0,-0.002943547092716664
578.0,-0.023475305494623355
584.0,0.006197384408095916
592.0,0.006990136069333012
601.0,0.0026791952471013907
608.0,0.012907323990447568
617.0,0.019675521050333825
625.0,-0.003924634847705572
636.0,-0.0008174421669641613
641.0,-0.006230130743304291
648.0,-0.00329019075917871
660.0,-0.010573082054780079
672.0,0.004395104366646748
678.0,-0.016504154603877982
686.0,-0.006757522065736042
695.0,0.012870711063338036
705.0,-0.015836688070641196
709.0,0.0021178397417719844
718.0,0.0014204814875532444
724.0,-0.00447033370791556
731.0,0.018922442132457987
745.0,-0.0034210416639584994
752.0,0.011843613453272981
763.0,-0.012375488789131223
767.0,0.02304097002545669
776.0,0.02031901881320776
780.0,-0.014981937797403587
787.0,-0.006047554085330063
796.0,-0.0068416050476861065
803.0,-0.0017045582878209818
812.0,-0.004661687522368335
820.0,0.009043069553754954
829.0,0.006437500613565204
840.0,0.015497540079390661
847.0,0.012849021264579265
854.0,-0.024418810853485736
859.0,0.010889341573376864
864.0,-0.0019166737038781012
871.0,-0.008130778923376238
877.0,-0.0004052567407601028
884.0,-0.014166918127055244
895.0,-0.00038240974319710824
903.0,-0.006577937564092836
914.0,0.004362522145539744
921.0,-0.001330484530192973
928.0,0.005471249522733878
934.0,0.01839728566695259
942.0,0.01751047312100418
951.0,0.00910682846399124
960.0,0.01963058933287637
968.0,0.018481812041476274
977.0,0.015480344021514566
983.0,-0.018932675424242405
987.0,-0.0049310289338485285
994.0,-0.026467321168752774
999.0,-0.010126841710809171
1005.0,-0.005234338036901321
1012.0,-0.005381838866954532
1019.0,-0.009585103811929018
1025.0,-0.011421105364741847
1033.0,-0.012239853161910213
1041.0,0.00888610046062947
1049.0,-0.01821429480340745
1057.0,0.008620280019034391
1068.0,-0.00686807966797744
1080.0,-0.003008070435880836
1087.0,0.014906198815426205
1098.0,-0.017934561437740627
1107.0,-0.012859029686119785
1112.0,-0.014024326598032835
1121.0,-0.00684737608880814
1128.0,-0.02025828482686735
1137.0,0.014252622298995609
1151.0,-0.015385674098015592
1160.0,-0.01569188892827745
1167.0,-0.022234697045387403
1175.0,-0.00993647805359545
1183.0,-0.00976595446169736
1188.0,0.006867707851317947
1196.0,0.010651284613273389
1205.0,0.0014931202599212136
1211.0,0.012093664100158807
1215.0,0.015867025792698886
1223.0,0.0015320108598206148
1229.0,-0.011603073535360262
1238.0,0.00422803317479493
1247.0,0.005436551888576307
1253.0,-0.007310185224807956
1260.0,0.017617534930238744
1267.0,0.01730825316934589
1276.0,0.015430018231669652
1285.0,0.008518385877327004
1293.0,0.008799934262163373
1299.0,-0.005156798488378524
1308.0,0.019591564599999216
1316.0,-0.008928777015467782
1322.0,0.019211424945516614
1329.0,-0.0018209427035410287
1341.0,-0.00980519369372633
1347.0,-0.007068633413014181
1355.0,-0.013073754729035271
1361.0,-0.011861738254960391
1367.0,-0.010908318119980614
1374.0,-0.00919992495702495
1382.0,-0.009244785082080962
1389.0,-0.013715588517528724
1397.0,0.004221607920997156
1403.0,0.00980137330741769
1412.0,-0.004321641107521994
1417.0,0.02034443684796948
1425.0,0.0070244955075465685
1437.0,0.022387704206596803
1446.0,0.018291451069144257
1455.0,-0.011055933612720273
1465.0,-0.01126514592837397
1474.0,-0.004545701005481319
1481.0,-0.00896041601466035
1493.0,-0.017545542708184644
1498.0,-0.006486889435916441
1504.0,-0.011397774335060359
1513.0,-0.006229387508951025
1520.0,-0.009463334425311972
1527.0,-0.007198918853537503
1537.0,0.012984182957933145
1546.0,-0.012369978865341245
1550.0,-0.003596750884895564
1558.0,-0.0027092253420076063
1564.0,0.0024261622436717286
1570.0,0.0052800188895834035
1577.0,0.000294368190030973
1584.0,-0.008887023856856338
1591.0,-0.010066148283167225
1600.0,0.0053105245679818105
1606.0,0.005688759302472653
1617.0,-0.0027869857249675
1625.0,0.003638381496343211
1636.0,0.028613664775204155
1640.0,0.010902812150112247
