,5
2.0,0.003280582192959278
9.0,-4.0127348569286435e-05
18.0,-0.005002979766991371
25.0,-0.0005481881770551051
33.0,0.0032206933584917555
40.0,-0.00014285669309138633
49.0,0.0011846505416455255
56.0,0.0003754124302607606
65.0,-0.0006787610160443612
73.0,0.00039864971136997215
78.0,-0.0004084661524115098
87.0,0.0014904583947000674
95.0,0.0003590639650505222
104.0,-0.002150132475187242
112.0,-0.011815703745745983
116.0,-0.004680885378763952
121.0,0.002025774532340714
132.0,-0.00018932037083138243
139.0,0.0018833532775658056
143.0,0.0015295903151236415
155.0,0.0002775596745813894
163.0,0.0014133653323148048
172.0,0.0003555471118002599
180.0,-0.00019841955272226558
188.0,-0.002846469514621312
196.0,0.0012057058793980809
204.0,0.000321618594762599
210.0,-0.003409564890631525
214.0,0.0024517975535266493
223.0,0.0006816147555599873
231.0,0.005024352378671527
239.0,0.0014698927565643693
248.0,0.005397060479940707
254.0,-0.000773070698893984
265.0,-0.003107526560185858
276.0,0.0005664050022844305
283.0,-0.000240991783833538
292.0,0.003574726487008747
301.0,1.423810718358903e-05
312.0,0.001714128520113284
323.0,-0.0005283925777452233
330.0,-0.000780511815132584
338.0,-0.003792963812537002
346.0,0.0023910869314450077
352.0,-0.001953936631093746
359.0,-0.00042867436576074204
370.0,-0.001616044736911829
379.0,-0.0013519066352524463
386.0,-0.00015349383811543463
394.0,0.00036262021811731373
402.0,0.001805112264869219
408.0,0.000772055611541114
412.0,-0.0004701001817482165
417.0,0.001828536849033575
424.0,0.0007633897075095819
432.0,0.0010234446766420413
438.0,1.6972700387619306e-05
449.0,0.00018436219019679194
456.0,-0.0003951550687657525
464.0,-0.001067867608025185
469.0,-0.006712636317884562
473.0,0.009330842064414478
482.0,-7.957819609108273e-05
491.0,-0.005977445351292426
500.0,-8.171390321305756e-05
508.0,0.006837685782854517
512.0,0.0013799651097102356
523.0,-0.001389843975739212
534.0,0.0031697389384443635
542.0,-0.004267393891806129
552.0,0.003989972220149686
564.0,0.00603888751554311
570.0,0.0014286850692844819
579.0,0.003207418979886526
587.0,-0.0009083591206702656
595.0,0.0011328611050406634
603.0,0.009134609923684483
610.0,-0.0002492407860038642
619.0,-0.0019403038510330257
631.0,0.0016920417752741249
637.0,-0.004928139219882292
644.0,0.0034676488732666433
651.0,0.0018412566325979596
658.0,0.0012579338351195954
667.0,-0.0009823171384892141
676.0,-0.0016638422570757888
686.0,-0.0032851324942289742
694.0,-0.0014726091775288314
701.0,0.0005238339222703566
709.0,-0.00011513883392492313
713.0,0.00095362175201401
721.0,0.0001269868841838835
728.0,0.00079149093488
735.0,-0.0015390455610173903
746.0,0.00195582105570944
755.0,0.0003545448457954304
763.0,-0.0006432574053022295
769.0,0.00031195574999146215
775.0,0.00013327334702391326
780.0,-8.847095561293961e-05
785.0,0.000466647676184671
793.0,-0.00028409364897760654
800.0,0.000798640385832603
808.0,0.0004999816627461754
814.0,-0.0011108570574282347
822.0,0.00017476185770684164
830.0,5.951150082285537e-05
837.0,0.0006478274743480415
842.0,0.0008995077300848049
847.0,0.0010358266594902492
855.0,0.001346766509627983
863.0,0.00016986426442494392
871.0,0.0002563015587053546
879.0,-5.4360050421478585e-05
886.0,-0.002077620053475919
893.0,-0.0014028332424458343
901.0,-0.010433347447783278
905.0,-0.008595833741035848
909.0,0.0010402537526882556
916.0,-0.002488913031853087
925.0,9.72542122483297e-05
934.0,0.0016423356849950773
942.0,8.096385891472797e-05
949.0,0.0021667179985551638
954.0,0.0009364723366991335
965.0,-0.00042869761889399017
973.0,0.0009051040441820882
983.0,-0.0009380443245086361
991.0,0.0003841758724615306
999.0,0.00044943044293502683
1003.0,-0.000572539923222143
1011.0,0.0015189053092403558
1021.0,-0.0057568724729937905
1028.0,-0.002236140204852891
1035.0,-0.00047664930348631106
1046.0,-0.0003279959067268709
1054.0,-0.00034474267573377263
1062.0,-0.0015273800936792424
1073.0,-0.0021576551674550234
1087.0,0.0007769428183446113
1096.0,-0.0031906453424967868
1103.0,0.0028815676307996276
1112.0,-0.0009630255620427854
1120.0,-0.002601233593919117
1128.0,-0.0021211159394235405
1137.0,-0.003693343837859536
1142.0,-0.004282987821374472
1150.0,-0.00880790638932987
1157.0,-0.0018462290296808576
1165.0,0.0034317329719911623
1173.0,-0.00010659958960461863
1182.0,-0.0022000266531503215
1193.0,0.0012392252229928796
1201.0,0.0016343091397142758
1208.0,-0.0012229919000490233
1215.0,-8.601763216227018e-05
1223.0,-0.0006315932565131893
1230.0,-0.0009461875472233001
1237.0,-4.7624086997953895e-05
1242.0,0.0004050594926683691
1250.0,-0.0001309664654142389
1255.0,0.0022587178441343015
1262.0,0.0020013798121336045
1269.0,0.0017986788220194759
1277.0,-0.0005335117849529499
1288.0,0.0021168633394259982
1297.0,-0.001267083063878141
1305.0,0.000634919785550292
1313.0,0.004849188885005365
1320.0,0.0022408877727825866
1324.0,-0.002460139250952191
1333.0,-0.004719132076176228
1341.0,0.0036220781890324355
1349.0,-2.4406467380131504e-05
1356.0,-0.0018699560060335563
1364.0,0.004803179796180404
1369.0,0.002068423444229799
1375.0,-0.00020730589281110794
1392.0,0.0010709569970415304
1401.0,0.0017039899296340244
1410.0,0.0001651179217846395
1418.0,0.000587055467872336
1426.0,7.722220634315799e-05
1434.0,-0.00012688132295722148
1448.0,0.0009968868451088915
1456.0,0.0003059022182927636
1465.0,0.004178106808309795
1470.0,0.0010157593393572038
1478.0,-0.004076220376991019
1487.0,0.007536086618085189
1494.0,0.004494620695223009
1499.0,-0.003978850027978867
1503.0,-0.0009795855552793258
1510.0,-0.0013262997208850118
1518.0,0.005356826914447669
1526.0,-0.001129952232485598
1537.0,0.00045699117802985433
1543.0,-1.683488493138725e-06
1548.0,0.0028357285456226387
1556.0,-0.0014749209830241612
1563.0,0.011454881876593312
1568.0,0.011056154253583764
1572.0,0.0015054708654979449
1586.0,0.0028135108717302947
1597.0,0.00010140699780689008
1605.0,0.0007261341385748887
1610.0,0.0006531364559182112
1618.0,0.0006564840905087877
1627.0,-0.0006886792878766255
1633.0,0.00015558439551999168
1637.0,0.0006766845904208832
1642.0,0.0027740059757685883
1646.0,-0.004130375536699851
1655.0,-0.010620114105341152
1666.0,0.0024547843582738774
1670.0,-0.003911700193676005
1676.0,-0.0011133275121322866
1687.0,0.002566242093956176
1691.0,-0.0014970083009918042
1699.0,0.0008438604874840086
1707.0,-0.0006594377848579463
1712.0,0.0006991230491980381
1717.0,-8.877011452771676e-05
1725.0,-0.002018704115027695
1729.0,-0.0048077549803100745
1736.0,-0.004294907869003077
1744.0,-0.00030998710728569266
1748.0,-0.00011933505857182448
1757.0,0.002563069674654813
1764.0,0.002916369860209531
1770.0,0.0022116379834090853
1781.0,-3.8002894529637374e-05
1789.0,0.002430089020732762
1796.0,0.0018153212703893528
1803.0,-0.0004981316610111822
1811.0,0.0009146984472605487
1823.0,0.0003654503646039765
1830.0,0.0007217043271070531
1837.0,-0.0015055070317119843
1841.0,0.005735280295828118
1847.0,-0.0066468201034770615
1856.0,-0.004872681022374063
1861.0,0.0018530958898371006
1868.0,-0.0011948876181552758
1876.0,0.00020557496606432392
1884.0,0.0019463374434108382
1893.0,0.00026869775399518614
1904.0,0.001106053859105712
1912.0,0.00207021828945382
1923.0,-0.0006915167718218532
1932.0,0.002142363735865042
1940.0,-0.00037434896566142895
1945.0,0.001177632721773316
1954.0,-0.001347981157718636
1962.0,0.003038165992914677
1966.0,0.0015830074258399995
1971.0,0.000924196744610794
1977.0,-0.0012695393718495864
1985.0,0.00017636088506828233
1993.0,-0.002081944583220703
2002.0,-0.00460548655754384
2012.0,-0.006891101240479173
