,3
2025.0,0.0021503782149048635
2030.0,0.018677328229476996
2034.0,0.019504858635033536
2041.0,0.008125124596620537
2049.0,0.0054426241408151044
2056.0,-0.012617975487111055
2060.0,-3.484055876425878e-05
2065.0,0.014237581995697244
2074.0,0.007882818412991963
2085.0,0.015652269708033677
2092.0,0.01707915795190134
2101.0,0.008432690414226604
2109.0,-0.002305278218839933
2118.0,0.01670946679723267
2129.0,0.01947984535412933
2133.0,0.0212887146524051
2141.0,0.01693999833939423
2148.0,0.012869035467591253
2159.0,0.012451050617568472
2168.0,0.014875323934677899
2177.0,0.007527289154402267
2184.0,0.01469337100633266
2192.0,0.02242010524652844
2200.0,0.005004977060561669
2208.0,0.0033404562386539173
2213.0,0.04306621678682101
2217.0,0.005748565597981545
2222.0,0.021019358231336473
2231.0,0.016843908649040087
2239.0,-0.00022386822412745014
2245.0,0.0057686993334564686
2254.0,0.004303181525565775
2261.0,0.0016727171306759815
2265.0,0.012844173066508612
2269.0,0.0213853639388381
2275.0,0.011886317574597044
2286.0,0.01106867180173298
2290.0,0.014836884286963474
2298.0,0.019399131774219817
2304.0,-0.008284100279441431
2312.0,-0.014037253697493217
2322.0,-0.012326519877542482
2328.0,0.008608747481152238
2339.0,-0.027961488503709966
2343.0,0.004428085317939963
2353.0,0.0040399283832899015
2358.0,-0.017532382684545787
2363.0,0.011583764441332155
2367.0,0.005887320319867629
2375.0,-0.021092606030029416
2387.0,-0.012675598906912071
2399.0,0.0037896784541252247
2404.0,0.00660659019531521
2416.0,-0.018668920148319272
2421.0,-0.011568384836487117
2428.0,-0.012336777574113689
2439.0,-0.03539765458435776
2443.0,-0.006160562873766031
2454.0,0.011323682718704558
2461.0,0.0120890987379757
2467.0,0.008223140978160055
2472.0,0.007241953242081271
2477.0,0.010286534308329827
2482.0,0.016658326279850533
2490.0,0.011310216053435032
2495.0,-0.004021880967510478
2504.0,0.003529587721138271
2511.0,0.017216399406273366
2519.0,-0.012201953590988513
2525.0,-0.015210620228796927
2534.0,-0.011201091763554383
2540.0,0.00019434162587123372
2549.0,-0.01614883504773954
2558.0,-0.010720411277884317
2567.0,0.004308560518153311
2575.0,-0.0060725480113361895
2583.0,-0.012160220355986108
2588.0,-0.001565353526976671
2595.0,-0.0012766033938902788
2601.0,-0.014830599418957646
2606.0,-0.00859676547710604
2613.0,0.010229195176286595
2620.0,0.011061896982195285
2628.0,0.005872832201237655
2635.0,0.010616914582735549
2643.0,-0.0032905837760458492
2648.0,0.01396035593811117
2657.0,0.007341857465318503
2668.0,0.024569834291188378
2676.0,0.017400150499499164
2685.0,0.009223603764182246
2692.0,0.002413641624208621
2699.0,0.011764803875418865
2706.0,0.023316726612810833
2710.0,0.018795219541940727
2718.0,0.015385379315475687
2725.0,0.010104036327108185
2736.0,0.00025447464530247484
2741.0,0.013665498213001481
2750.0,0.00878920699616996
2757.0,0.01875670274067106
2765.0,0.006588473431901435
2770.0,0.004140638261059122
2777.0,0.016714282263903552
2784.0,0.031016357347591717
2788.0,0.021443613017596258
2797.0,-0.02576057642878264
2801.0,0.014710264583159417
2807.0,-0.005392406577946099
2813.0,0.006379998242896683
2820.0,-0.0014706726738930702
2827.0,-0.006556432255164257
2841.0,-0.00998330816800616
2847.0,-0.015490807470356669
2856.0,-0.010143245123731647
2868.0,-0.006558638212593135
2880.0,0.0006236162973980279
2887.0,-0.005208780230620993
2892.0,0.013325124853614662
2904.0,0.0021163147463184617
2911.0,0.009518559724789807
2917.0,0.019692268628437388
2924.0,-0.0034453318492197044
2929.0,0.01761193091648194
2933.0,-0.0045710004018089745
2940.0,0.003091907309479464
2947.0,-0.012045765380688642
2955.0,-0.006058510444486559
2961.0,-0.003671996103614997
2969.0,-0.008887574585094019
2975.0,-0.009446257263613226
2981.0,-0.010397964146587231
2992.0,0.016025573470238474
3000.0,0.0017377515557754119
3007.0,0.016782509855150087
3015.0,-0.01659734817766536
3019.0,0.004307488797933341
3031.0,-0.015348969620903367
3037.0,0.016686359336072376
3043.0,0.0073706116767934945
3050.0,-0.027277413927907928
3054.0,-0.002804934801012954
3065.0,0.02098726620604565
3077.0,-0.015609145294293235
3088.0,0.04562601438021246
3092.0,0.004188749153978019
3098.0,-0.015875490922744775
3103.0,-0.01605548862436734
3113.0,-0.012446158668044391
3121.0,-0.0013818047410110368
3135.0,-0.00787424862272679
3146.0,-0.011256283391228075
3153.0,-0.029086688022184247
3161.0,0.012601334893171485
3165.0,-0.00769932638181595
3172.0,0.0020666141193062173
3180.0,0.0015349665527877342
3189.0,-0.008356024437629667
3193.0,0.0009525494976651806
3202.0,-0.007744770287921733
3213.0,0.005025741849785164
3222.0,-0.018422198977648886
3236.0,-0.022734157739620595
3244.0,0.01691974737820085
3252.0,0.004363185885145338
