,3
2.0,0.01543595959504859
12.0,-0.0016079467535130574
19.0,0.01509838743766476
28.0,0.0051134725680914254
35.0,0.02584701539851118
43.0,0.01136681141471796
50.0,0.02050330206599802
59.0,0.01152619896456279
66.0,0.014572208566581405
75.0,0.014989643377882327
83.0,-0.0001783889380200755
88.0,0.018337982130188432
97.0,0.013501764105968778
105.0,0.0010194750686448157
114.0,0.025689274115705877
122.0,0.013446379431908594
126.0,-0.012090748288915905
131.0,0.01252255408520413
142.0,-0.009211181539891384
149.0,-0.045635116064483776
153.0,-0.011465505399233715
165.0,-0.005923238470179908
173.0,-0.014424266974331005
182.0,-0.007708608291023356
190.0,-0.003973350990525833
198.0,0.021821687497244613
206.0,0.01434973119612792
214.0,0.004373000157878053
220.0,0.016505313490402056
224.0,0.011990780673043364
233.0,0.0010871120797645915
241.0,0.007274675288112553
249.0,-0.011021588772292005
258.0,0.0011781559533461006
264.0,-0.012940109167227067
275.0,-0.006989069134418988
286.0,8.526463130247029e-05
293.0,0.0034501184212154534
302.0,0.007621899794957868
311.0,0.010155467477825832
322.0,-0.001947073568183254
333.0,0.00034460324262287326
340.0,0.016198617406133178
348.0,-0.012689173340992791
356.0,0.02509483901768596
362.0,0.014277383041189987
369.0,0.00865318832774347
380.0,0.02175783577035324
389.0,0.010357493171503453
396.0,0.010903829957096618
404.0,-0.001303245821769222
412.0,0.021126700918332686
418.0,-0.015060431314585078
422.0,0.0007164291796390118
427.0,0.010089027193604286
434.0,0.018960934357649444
442.0,-0.0015286769060897413
448.0,0.014209487263728617
459.0,0.009953847373107116
467.0,0.02132595123165863
475.0,0.01058588933657259
480.0,0.016726419054316877
484.0,0.008165583297200274
493.0,-0.005308580327931565
502.0,-0.012375419047930906
511.0,0.017573169226366165
519.0,-0.017856547835973006
523.0,0.0036263627903576102
534.0,-0.0034391347097470298
545.0,-0.004469646619306242
553.0,0.0009031462000784142
563.0,0.005713404979240196
575.0,0.01180590837409232
581.0,0.018614888017153292
590.0,0.025635857695864225
598.0,0.017338307708761602
606.0,0.012416940266645488
614.0,0.007759797297587512
621.0,0.00863233193891326
630.0,-0.0003581615222071853
642.0,-0.006759409298094584
648.0,-0.004719690169525175
655.0,0.004599051188341225
662.0,0.011041768813738613
669.0,0.009751428708725775
678.0,0.012592400362758072
687.0,0.017581992534823843
697.0,0.009138947772911197
705.0,0.01643451502253929
712.0,0.01060653149676715
720.0,0.013198602965658085
724.0,-0.01051299054100047
732.0,0.01582844154738085
739.0,0.009771854216786963
746.0,0.003594841005055
757.0,0.016629811651855723
766.0,0.014810035275776793
774.0,0.016836449719291012
780.0,0.005090551814009237
786.0,-0.0007552345666265187
791.0,-0.004571307263726808
796.0,0.008139899862076336
804.0,0.011670941823259512
811.0,0.0031795185197515956
819.0,-0.01613734148064206
825.0,-0.008774873148808272
833.0,0.021950471926395213
841.0,0.012673665298039778
848.0,-0.0007120281805963798
853.0,0.0004097564982311914
858.0,0.021901746086970937
866.0,0.015307505107670323
874.0,0.014819789647776766
882.0,0.014964799520169653
890.0,0.00785110900108082
897.0,0.013034443333360965
904.0,0.016527369115378603
912.0,0.025323414972536897
916.0,-0.012674553463125932
920.0,0.0026199264562524745
927.0,0.014030704343131334
936.0,0.015775224145531275
945.0,0.01714061689304471
953.0,0.012511376355104867
960.0,0.0015476519476039531
965.0,0.005973062487829188
976.0,0.011708798252822951
984.0,0.0071901595862828415
994.0,0.02264040825415116
1002.0,0.020119530014353727
1010.0,0.021527250057551385
1014.0,-0.01602443536998209
1022.0,0.01274567817464283
1032.0,-0.004579138901870582
1039.0,0.009146505667617145
1046.0,-0.007115667462490701
1057.0,-0.010378382956187652
1065.0,-0.004482988656853508
1073.0,0.0002433633195723789
1084.0,0.013327665276230367
1098.0,0.01566520836448292
1107.0,-0.001705968935380253
1114.0,0.02133807016399612
1123.0,0.01117867963548502
1131.0,0.01618150500855123
1139.0,0.014322061321698935
1148.0,-0.002626566100461177
1153.0,0.008659771334179977
1161.0,0.004262188898232409
1168.0,-0.011617323890340573
1176.0,0.003169956830984954
1184.0,0.017267044886173564
1193.0,0.01759867459544333
1204.0,-0.021447635403209687
1212.0,0.008587020796513436
1219.0,0.006580718680254082
1226.0,0.0038642931654159227
1234.0,0.0031445672292634216
1241.0,0.0047144403864604325
1248.0,-0.004194055221228704
1253.0,0.006255586333472633
1261.0,-0.0007884401439098628
1266.0,0.012204221519119238
1273.0,0.010391998391140177
1280.0,0.009388516271738548
1288.0,0.004909287532781583
1299.0,0.014923365684554022
1308.0,0.01501921115943882
1316.0,0.01537384525746642
1324.0,0.007816179589861885
1331.0,-0.00905092893447971
1335.0,0.01822410551378287
1344.0,0.0024128554170501065
1352.0,0.0023657140129233296
1360.0,0.014815562087915292
1367.0,0.011853698073744945
1375.0,-0.0016797064220780383
1380.0,0.01665245477705672
1386.0,0.014897817069015173
1397.0,0.018465291244402725
1406.0,0.017428777137690726
1415.0,0.01761452614047856
1423.0,0.012033434385703137
1431.0,0.02031444973815703
1439.0,0.015133274688919465
1453.0,0.01603946866236984
1461.0,0.012569750771413344
1470.0,0.0061894797665185035
1475.0,0.00086897407294479
1484.0,0.008359980046778325
1491.0,0.0018271452371663598
1496.0,-0.01676521917741572
1500.0,0.004280123125636859
1507.0,-0.0013918293881557753
1515.0,0.017004085738279107
1523.0,0.01967337165183871
1534.0,0.008794209695669603
1540.0,-0.006392390445124259
1545.0,0.0018341672791646598
1553.0,0.006113320599012415
1560.0,0.004275323012374422
1565.0,0.01723068160406635
1569.0,0.020510435439089706
1583.0,8.559850919503592e-05
1594.0,-0.0029397605601674793
1602.0,-0.026012883059859285
1607.0,0.007621794951921537
1615.0,-0.014970082668625647
1624.0,0.012038392197452423
1630.0,-0.027971215982203926
1634.0,-0.017510780351427745
1639.0,-0.02255481192892891
1643.0,0.023959791088866908
1652.0,-0.016734336314522792
1663.0,0.009888816374097654
1667.0,0.010263123097963442
1673.0,-0.005149424922106853
1684.0,-0.012055703359030253
1688.0,-0.0013080252167918516
1696.0,0.000835488805317725
1704.0,-0.015263836415496168
1709.0,-0.024496968552114657
1714.0,0.007079270982469889
1722.0,-0.0023086662529195057
1726.0,0.00015499480559648775
1733.0,-0.01705555900702636
1741.0,0.00758921392558218
1745.0,-0.00751557025628252
1754.0,-0.004204223146417353
1761.0,0.003960726851640654
1767.0,-0.009987237716369226
1778.0,0.00016465993401910058
1786.0,-0.007851416806003255
1793.0,-0.009446243105970326
1800.0,-0.015032811161034115
1808.0,-0.008477642275121388
1820.0,-0.0012358673117909853
1827.0,0.0013567634657401647
1834.0,0.022585886064067588
1838.0,0.014586569051197385
1844.0,0.0058106209242407576
1853.0,0.010163697654078272
1858.0,0.0159262925558469
1865.0,0.011165520371059126
1873.0,0.01871246119199727
1881.0,0.006760529101350788
1890.0,0.013227236892437558
1901.0,0.019879672917306482
1909.0,-0.0030925872753567777
1920.0,0.017835964164522163
1929.0,0.010734073668077944
1937.0,0.0025347946067713913
1942.0,0.018446090404206666
1951.0,0.010407189770354779
1959.0,-0.014334551163616566
1963.0,0.0006150165670441268
1968.0,0.003104512310989672
1974.0,0.006030072019699373
1982.0,0.007634034128595876
1990.0,0.0044075058319246905
1999.0,0.010673341362059033
2009.0,0.0018373602839759802
