,4
2.0,0.010732406090125641
12.0,0.004190681578809889
19.0,0.0024027817727247003
28.0,-0.004157544353704807
35.0,0.008686709116764177
43.0,0.002590025992055025
50.0,0.0033777116161343625
59.0,0.007283989390580493
66.0,0.008049556093596191
75.0,0.006695413781778311
83.0,0.00492611172874766
88.0,0.006571558124946991
97.0,0.005886816407308058
105.0,0.0051095744603711375
114.0,0.010079745140071884
122.0,-0.015651653605803513
126.0,0.001486996560740176
131.0,0.003864991649290377
142.0,0.008007360535801502
149.0,0.007434942380863045
153.0,0.003606572415646975
165.0,0.0016806508870523807
173.0,0.0020288330180048063
182.0,0.0052474736768418385
190.0,0.003689485409401688
198.0,0.009437549097215916
206.0,0.005416915507770365
214.0,0.003688074113742202
220.0,-0.008413709323255678
224.0,0.017468041733831978
233.0,0.0031246970385499957
241.0,0.006269100036751193
249.0,-0.00570106660340103
258.0,0.004799471925499474
264.0,-0.0017806048594096867
275.0,-0.008172215204269398
286.0,0.004771036495360397
293.0,0.0021944868512798845
302.0,0.01258966825916975
311.0,0.012189049300827738
322.0,0.0003774004448300433
333.0,0.008762596372748335
340.0,0.013529022762169902
348.0,-0.010265932388275861
356.0,0.015795429809699082
362.0,-0.0002598641425237291
369.0,0.004869239369855107
380.0,0.008411285834319012
389.0,0.005667245945458672
396.0,0.0074888126702601695
404.0,0.0032837889482773093
412.0,0.001755372709068874
418.0,0.010972532352549103
422.0,-0.001508992646204927
427.0,0.007005050166695331
434.0,0.006824554792567435
442.0,0.005663337881828031
448.0,0.006157667800778759
459.0,0.0019837007122025583
467.0,0.007702974271006714
475.0,0.008243174881775643
480.0,-0.0072691613740062805
484.0,0.007028785674399595
493.0,-0.0008037649987185785
502.0,-0.001732931970207146
511.0,0.01378265395518711
519.0,-0.014100830825858007
523.0,0.003425325459163565
534.0,-0.0010433557134764079
545.0,0.006400191877268836
553.0,0.004208907333574119
563.0,0.0029590279437985948
575.0,0.007743359299671048
581.0,0.011266734137850417
590.0,0.015570317399018414
598.0,0.00590031660484383
606.0,0.0038374453511645814
614.0,0.007792997246920735
621.0,0.006362773440451306
630.0,-0.009955259125913274
642.0,-0.0020021535106575653
648.0,0.0026491757254835575
655.0,-0.00040838274578730896
662.0,0.0018594883581078546
669.0,0.0020899589694023625
678.0,-8.907520803260641e-05
687.0,-0.0038518879671213956
697.0,0.007948159414677185
705.0,0.007572926824559065
712.0,-0.003452089834672805
720.0,-0.0022588259155251343
724.0,0.007214761228683154
732.0,0.0005102778700950858
739.0,0.0030203737814977296
746.0,0.00659067393835352
757.0,0.009176981669298763
766.0,0.006920096048562752
774.0,-0.0010433988224164842
780.0,0.0026384299290279456
786.0,0.006411031697969759
791.0,-0.0053866522609890355
796.0,0.00918633846204925
804.0,0.0059404813958549765
811.0,-0.0059642103860799815
819.0,-0.006147128716243384
825.0,0.006064897045469979
833.0,0.01395680323958399
841.0,0.0053717922678777185
848.0,0.00475465226479891
853.0,0.0033739433880977587
858.0,0.008294747605650788
866.0,0.002562667236261267
874.0,0.0023641898576165837
882.0,0.0051647299366635304
890.0,0.006154965259326837
897.0,0.0061731957718612045
904.0,0.007944510283583514
912.0,0.010536967724449666
916.0,-0.009105752936407979
920.0,0.008899330698183864
927.0,0.013746344819975762
936.0,0.0033746428148589626
945.0,0.005886164779756695
953.0,0.005798086005116861
960.0,0.007189870417897516
965.0,0.005588518076090149
976.0,0.0008396537039704834
984.0,0.001885458926728663
994.0,0.008335892249573982
1002.0,0.004726774440636758
1010.0,0.004472688183318717
1014.0,-0.0015873038563436566
1022.0,0.006242233069945499
1032.0,0.0020556132334111923
1039.0,0.008261049599365682
1046.0,0.0019029058621159048
1057.0,0.007779044753675159
1065.0,-0.005737309351050147
1073.0,0.00663769290901706
1084.0,0.0036579182097474365
1098.0,-0.0008194147254704354
1107.0,-0.011283710859198695
1114.0,0.006019011609042317
1123.0,0.001732181098878489
1131.0,0.005810059581204853
1139.0,0.012511434139958444
1148.0,-0.010161603932459524
1153.0,0.011916447182743206
1161.0,0.006854552439767343
1168.0,-0.007365600375139934
1176.0,0.004336493441784024
1184.0,0.012138270903964191
1193.0,0.00696923738021399
1204.0,-0.005769837347004407
1212.0,0.008234667816220094
1219.0,0.00023908098427206427
1226.0,0.007534830785249939
1234.0,0.008776897412186204
1241.0,0.004197387511504622
1248.0,0.0021212778728150637
1253.0,0.0060667216426154
1261.0,0.005035773076637258
1266.0,0.005529754832721149
1273.0,0.004979573377432922
1280.0,0.006072016876572046
1288.0,0.004074732179057926
1299.0,0.00834088073745365
1308.0,0.006243600856379299
1316.0,0.0061895241067419495
1324.0,0.0012931957439988283
1331.0,0.004121886845807909
1335.0,0.010641648086011878
1344.0,0.00615119437288382
1352.0,0.005587723066396349
1360.0,0.013217677486763158
1367.0,0.015741509746885627
1375.0,0.009634563228605552
1380.0,0.004645689261025665
1386.0,0.0080153607173325
1397.0,0.00010877579478499987
1406.0,0.005548071859845231
1415.0,0.0016798634388840122
1423.0,0.006837598485812245
1431.0,0.00726958523907696
1439.0,0.006522076526366264
1453.0,-0.0020195407731071493
1461.0,0.0008086875093288625
1470.0,0.00692975461999461
1475.0,0.005442072144718191
1484.0,0.001857121251859445
1491.0,-0.001317988792475842
1496.0,0.007335350959340708
1500.0,0.00459750837832277
1507.0,0.0013794515791560264
1515.0,0.016842605831067236
1523.0,0.018209719414664715
1534.0,0.013563391083676135
1540.0,-0.00667445791279423
1545.0,0.007014064645042395
1553.0,0.005932350599666164
1560.0,0.0106730166217919
1565.0,0.003638346722842937
1569.0,0.009251729601510886
1583.0,0.005976131997912831
1594.0,-0.0009953207118920525
1602.0,0.00869647302895896
1607.0,0.0019892019933867165
1615.0,-0.002703285081032281
1624.0,0.006151986159727677
1630.0,0.004939127678198645
1634.0,0.0042571192596137595
1639.0,0.0022625921905822352
1643.0,-0.002499922802207159
1652.0,-0.011152648515961967
1663.0,0.0023967503592556556
1667.0,0.011368536280468137
1673.0,0.0023902888121761705
1684.0,-0.0028504927004309997
1688.0,0.0007741182295160525
1696.0,0.0040973363683025595
1704.0,0.007089437929691551
1709.0,0.004044966132021254
1714.0,-0.0016476272478477846
1722.0,-0.002888083125575996
1726.0,-0.004232541426892673
1733.0,-0.0076462809843441904
1741.0,-0.003154034789342912
1745.0,3.562115157221028e-05
1754.0,-0.0014103800489675697
1761.0,-0.0015160865799956306
1767.0,0.004185455032188309
1778.0,0.007859775852412989
1786.0,0.006949969163653452
1793.0,0.003310419920877536
1800.0,0.002022822060044606
1808.0,-0.0020564742727574403
1820.0,0.0021867618876505097
1827.0,0.00037214960981924713
1834.0,0.0006271433624755367
1838.0,0.00797885453633359
1844.0,0.003019383542001463
1853.0,0.016875638687249252
1858.0,0.017856778269255295
1865.0,0.004770744618820911
1873.0,0.005777324284158399
1881.0,0.003519332235381292
1890.0,0.008239993198195288
1901.0,0.0037290701998005113
1909.0,0.005052327550985562
1920.0,0.004029292729119046
1929.0,0.005454358583133407
1937.0,0.004938698947145647
1942.0,0.010247096427447935
1951.0,-0.0007786841855786635
1959.0,0.01182903359512916
1963.0,0.004047097945474061
1968.0,0.006857357981500629
1974.0,0.001800242795429699
1982.0,0.003725842581599483
1990.0,0.004994084587182071
1999.0,0.005106856199065144
2009.0,0.006846155355147955
