,5
5655.0,0.014570293630568894
5664.0,0.009123646120488646
5671.0,0.002628773500126217
5677.0,0.0004518452338969232
5691.0,2.3712370539306994e-05
5699.0,-0.0032679199571664145
5705.0,0.0008355225785566849
5719.0,0.0008170880178100453
5730.0,-0.00027028384932255447
5736.0,0.0068588260870819946
5740.0,0.005495723273516628
5748.0,0.004553387850219735
5759.0,-0.0021189453284182003
5763.0,0.0008522045815010802
5771.0,0.007216920594506448
5780.0,-0.0028247031549834016
5791.0,-0.0026809218104135047
5802.0,0.000994140179308312
5808.0,-0.0009348209781544934
5817.0,0.0008189723123715667
5824.0,-0.006066719254541583
5832.0,0.0013898807777130303
5841.0,-0.002448238920527097
5849.0,0.0025628148397696697
5861.0,0.00204338849122763
5869.0,0.002619451294335701
5878.0,0.0006215056707260598
5886.0,0.0014872674741294365
5895.0,0.0005380852645453428
5906.0,-0.0007671389398423335
5914.0,0.004078606299887889
5922.0,0.0034455838920214523
5929.0,0.009644543680174606
5933.0,0.0010140681279937407
5941.0,-0.0016364702440190735
5949.0,-0.0026900642485584657
5958.0,-0.007563625219681339
5967.0,0.00437509975114466
5974.0,-0.015554117939473963
5981.0,-0.004951510154675929
5991.0,0.0006958991733431226
6003.0,-0.0033445210029089006
6014.0,0.0023638868718724474
6023.0,0.0007483612202534027
6028.0,0.001659167424308152
6036.0,0.0029826132251232983
6044.0,-0.0006427208166946159
6052.0,-0.0008613917068985757
6060.0,-0.0027740005980972223
6068.0,-0.003372751252684244
6076.0,0.0009280821651109691
6084.0,-0.005566490288333929
6093.0,-0.002204378525215183
6100.0,-0.012988628942826406
6108.0,0.004530557308187756
6117.0,-0.004191118287678499
6126.0,0.0046207617513155524
6134.0,-0.007997383085346407
6143.0,0.004475679534390511
6151.0,-0.008727030689527383
6159.0,-0.004255407908085555
6166.0,0.001358906946692129
6174.0,0.0007905013847419407
6183.0,0.0034959950618604725
6189.0,0.002090676937163206
6197.0,0.0020568945804942916
6205.0,0.005094161885308079
6213.0,-0.0016976123603773619
6222.0,0.0011114382543058526
6231.0,0.0017443882725433626
6236.0,-0.00013623251572934749
6241.0,0.0007993618367132576
6250.0,0.0006376030167598763
6258.0,0.0004871150777015339
6266.0,0.0008781884251099465
6278.0,0.0005429544726274989
6282.0,0.0037626149151675247
6290.0,0.003484712382675252
6298.0,0.000401213194996394
6308.0,-0.001618713229516987
6313.0,0.001177379315782583
6324.0,0.0010389153964622153
6336.0,0.0010045731112115468
6344.0,-0.001153685441759367
6352.0,0.0010762213069949724
6359.0,-0.0035834553904352763
6367.0,0.0064570458172599
6378.0,-0.0004529554397067726
6382.0,0.0015640829950620261
6390.0,0.0037640136078998404
6395.0,0.0007477079013820932
6404.0,0.0021918751612334483
6412.0,0.003430802925414341
6420.0,-0.0008149678120684999
6429.0,-0.00014837812512150044
6438.0,-0.0004165393270898294
6450.0,0.0005797702626970213
6459.0,-0.0014624591678150487
6468.0,-0.0005680483613009977
6472.0,0.003579405666275524
6480.0,-0.004234344795408748
6491.0,-0.005918983448022917
6495.0,-0.0003641104824370381
6507.0,0.00047054629903491897
6513.0,-0.0023502117529382027
6520.0,0.0007901465633796322
6531.0,-0.0035671742064699715
6538.0,-0.0011093117312372112
6550.0,-0.0013348797720676244
6556.0,-0.008998392678405806
6565.0,-0.001173870887200321
6573.0,-0.00024141269604270395
6582.0,-0.0009099663676149452
6589.0,0.0001262902681067078
6597.0,0.0014524079252074618
6605.0,-0.0006440025711602318
6612.0,0.0004530040887153299
6620.0,0.0034502698259045728
6624.0,0.007224395452148715
6632.0,0.0067928045191448065
6638.0,-0.0018986004873198553
6646.0,0.00137262099467316
6654.0,0.003070031479980433
6661.0,-0.001696586176494402
6665.0,0.009796226548329104
6674.0,0.001979663560726214
6679.0,0.00393204873075121
6687.0,-0.0024333664680988684
6694.0,0.001919715346620683
6703.0,0.0024805073770949038
6711.0,-0.005315132553154417
6723.0,0.0002649955584339184
6729.0,6.526950292808954e-05
6736.0,-0.00045737155178707614
6745.0,0.001420631770723797
6751.0,-0.003439987962798557
6759.0,0.006318773272499414
6767.0,0.00045120124886485443
6774.0,0.00029991482413269685
6786.0,0.0004941918077528251
6793.0,-0.0061705894460355355
6800.0,-0.008541427170681676
6809.0,0.0014016617585526847
6815.0,-0.00011348134803252791
6821.0,0.0009808654516361565
6832.0,-0.005643388121220876
6842.0,-0.0007795903746556323
6852.0,-0.00417687250516527
6862.0,0.0023452003946873193
6869.0,0.0032305739129121127
6877.0,-0.001047213980524279
6881.0,0.001039311951393542
6886.0,-0.00025787045880782436
6898.0,-0.001578725903956486
6909.0,0.00044158967270886034
6913.0,0.0009357816357942576
6920.0,0.00198304697691544
6924.0,0.0023128444816044313
6935.0,0.0004222104335754176
6942.0,-0.00026030517321092933
6952.0,0.0007083699566862008
6960.0,0.00034034776529969494
6968.0,0.001354634147787471
6979.0,0.0010381104876352122
6987.0,-0.004306300520090458
6994.0,-0.00137205506687907
7004.0,0.0003199466649152976
7011.0,-0.0015313071100247159
7020.0,-0.0005461538006422387
7032.0,0.0013509651869270229
7043.0,-0.005129711587981184
7050.0,-0.006780886004619106
7059.0,0.003974454900593507
7070.0,-0.004181584165846405
7077.0,-0.003467990811453642
7082.0,-0.002710118641082722
7090.0,-0.007927909655059545
7099.0,-0.0036900013963608175
7110.0,1.953248594571765e-05
7117.0,0.0013743825196532522
7124.0,0.006353373920950117
7135.0,-0.0008304819721397448
7143.0,-0.004814151619945509
7155.0,-0.02313351464985645
7159.0,0.0031992688789969047
7170.0,0.004007870767403699
7179.0,-0.007967471715656746
7187.0,0.003588892939573252
7197.0,0.009777225546188975
7204.0,0.001048416655962588
7212.0,-0.0028703202538970037
7217.0,0.0021864537762177347
7229.0,0.0009709703374385948
7238.0,-0.00040778347254074264
7246.0,0.004335517014836527
7255.0,0.005710469937499672
7263.0,0.005097431758173348
7272.0,-0.004819673793097237
7277.0,-0.0009240528943592333
7282.0,-0.003941289415296666
7289.0,0.0050404047757313854
7295.0,-0.008056209889906702
7301.0,0.017259756051018232
7307.0,0.004788087756609149
7316.0,-0.0010854743230659944
7325.0,-0.0006213048324963252
7332.0,-0.002823334169392733
7338.0,0.003755037522104401
7352.0,0.0036324350771254925
7360.0,-0.0041072102367127545
7366.0,-0.00036098424497553585
7380.0,0.0010245104476686608
7391.0,0.0006035568054071089
7397.0,0.006937792636393811
7401.0,0.005098279073902433
7409.0,0.0045118765375992
7420.0,-0.0006799691649985652
7424.0,0.00137140215119948
7432.0,0.0040198756822347765
7441.0,-0.003060126343823032
7452.0,-0.0029096473369434935
7463.0,-0.0006057821532165671
7469.0,-0.0014102566565686017
7478.0,0.002252242319723175
7485.0,-0.0074157195899924675
7493.0,0.0018984339891852824
7502.0,-0.0035846689070064847
7510.0,0.0017428728387668738
7522.0,-0.0015281139117995965
7530.0,0.003861629550309792
7539.0,0.0004818742877185851
7547.0,0.002563353527271992
7556.0,0.0013059084754467455
7567.0,-0.002644307268222358
7575.0,0.005306033045949456
7583.0,0.004257405912888938
7590.0,0.00963195751331258
7594.0,0.0016857719133850488
7602.0,-0.0016393916507131073
7610.0,-0.0034645597301904215
7619.0,-0.00794903951305462
7628.0,0.004513244888548386
7635.0,-0.015414593579668536
7642.0,-0.0050535891827593075
7652.0,-0.0014524160488410354
7664.0,-0.0011323903487562594
7675.0,0.0012954043722402343
7684.0,0.00010029902057163874
7689.0,0.0011909980836639087
7697.0,0.0024677272543496944
7705.0,-0.0005489686065798388
7713.0,-0.0001410761976966934
7721.0,-0.003667558856652826
7729.0,-0.0034849542160242434
7737.0,0.00290922602278253
7745.0,-0.0028725542119520356
7754.0,-0.005808924432447372
7761.0,-0.010171515927260072
7769.0,-0.0014320180967880602
7778.0,-0.004795064318374569
7787.0,0.0065682980163455675
7795.0,-0.0012745409093977728
7804.0,0.003395850503431779
7812.0,-0.008104718073342962
7820.0,0.0012126515270795763
7827.0,0.00020798437088974676
7835.0,0.0016732697498367327
7844.0,0.0047088978589801015
7850.0,0.0015379982498030403
7858.0,0.0010262618669816552
7866.0,0.005256485344683492
7874.0,0.000683473486273264
7883.0,0.0013875720823446544
7892.0,0.001525367904702662
7897.0,-0.00017313206899701995
7902.0,0.0006318276381968911
7911.0,0.0007685653068127107
7919.0,0.0005034715779349612
7927.0,0.0010897152093436223
7939.0,0.0002680520057653997
7943.0,0.00375026631749039
7951.0,0.0035637557023791787
7959.0,0.0009883495994962219
7969.0,9.626448130366546e-05
7974.0,0.0007109573513520688
7985.0,0.0008265283824096351
7997.0,0.0010576454621527523
8005.0,-0.001450578659863058
8013.0,7.748546200370769e-05
8020.0,-0.004893866147157041
8028.0,0.007997336030762593
8039.0,0.00029606518121284527
8043.0,0.003962596578591777
8051.0,0.004582593561520646
8056.0,0.0017163005819875042
8065.0,0.002401505201097757
8073.0,0.0027168749233886184
8081.0,-0.0003087847367649318
8090.0,-0.000532100837244226
8099.0,0.0003628254011794066
8111.0,-0.00040847177445721937
8120.0,-0.0027987871003787228
8129.0,0.001023486433413447
8133.0,0.006416168612540563
8141.0,-0.004253178673990615
8152.0,-0.00960449618571925
8156.0,-0.0005425545257788913
8168.0,-0.002329530265137263
8174.0,-0.003897262536422025
8181.0,0.0009254546864195231
8192.0,-0.004418076864751985
8199.0,-0.0013501784294005221
8211.0,-0.0016258833477838684
8217.0,-0.007468361129729897
8226.0,-7.3064965627139085e-06
8234.0,-0.0022275659978524365
8243.0,-0.0009821180090414956
8250.0,-0.0014814086857447323
8258.0,0.00038322410299995626
8266.0,-0.0020239858098816624
8273.0,0.0006107067195135231
8281.0,0.0024475194343291837
8285.0,0.00570052949294336
8293.0,0.006770010725099909
8299.0,-0.0024475941741068344
8307.0,-0.0005685485495995271
8315.0,0.004280664480027781
8322.0,-0.0017514238568943931
8326.0,0.015154087124650406
8335.0,0.002124602102844961
8340.0,0.002469514391505138
8348.0,-0.002441978910158839
8355.0,0.001139189514223945
8364.0,0.0025605531564594545
8372.0,-0.003728328723172094
8384.0,-0.0005471041563638191
8390.0,0.001055044210911985
8397.0,-0.00019313216636270773
8406.0,0.001233370058124031
8412.0,-0.002098437881053349
8420.0,0.004768416486737281
8428.0,-0.0011304721470284163
8435.0,0.0010561384235742636
8447.0,0.0031869890461395
8454.0,-0.00634642602985454
8461.0,-0.00851349080675409
8470.0,0.0006098583745574626
8476.0,0.0008635305465289506
8482.0,-0.0019875285839135817
8493.0,-0.008135002892364558
8503.0,-0.0021347059962125406
8513.0,-0.002654979058339345
8523.0,0.010090427731258903
8530.0,0.0030719594229182455
8538.0,-0.0011937442456764508
8542.0,-0.0004382376325624106
8547.0,-0.0007179309554916858
8559.0,-0.0014873070450112664
8570.0,-0.002832203862070172
8574.0,0.0006166197497237098
8581.0,0.001479416619189646
8585.0,0.0019860969276335543
8596.0,0.0014208338743626587
8603.0,-0.00011108489931898675
8613.0,0.0014877808149546205
8621.0,0.0013225432686079014
8629.0,0.0013440311257708684
8640.0,0.0010192258171069057
8648.0,-0.0032146866170789
8655.0,5.199458308105189e-05
8665.0,0.00048222181482535326
8672.0,-0.0008922754598972167
8681.0,0.0008135744352813042
8693.0,0.0016057510318328535
8704.0,-0.0032773677213276666
8711.0,-0.006092230878169742
8720.0,-0.0015879228075241405
8731.0,-0.005024169615156812
8738.0,-0.0036218265112973854
8743.0,-0.0017466159721746797
8751.0,-0.008449713404343468
8760.0,-0.004591941188948236
8771.0,0.0005507787361462188
8778.0,0.002656454391424452
8785.0,0.005800907702934115
8796.0,-0.002742378422428948
8804.0,0.0008711503774080432
8816.0,-0.02197641373763749
8820.0,0.005463715863218089
8831.0,0.0029376008770677507
8840.0,-0.0029766088903920187
8848.0,0.002957784404824607
8858.0,0.007559646692734058
8865.0,0.0006434486059763714
8873.0,-0.001790397342099273
8878.0,0.001184441961302202
8890.0,0.0013167417338327393
8899.0,-0.0009385431243079318
8907.0,0.006038268664478251
8916.0,0.005003300101463749
8924.0,0.004576615631920747
8933.0,0.005127635651895846
8938.0,0.0023051831979881083
8943.0,-0.0038155683373099028
