,3
5655.0,0.020204504189545665
5664.0,-0.005115125561821224
5671.0,0.014688741263599779
5677.0,0.00739451706842522
5691.0,0.004808917124372508
5699.0,0.019832726822360723
5705.0,-0.005546479660706042
5719.0,0.01375696715297239
5730.0,0.015307919491821281
5736.0,-0.028206052721149063
5740.0,0.01119191495991184
5748.0,0.015413865605236157
5759.0,0.016599440425673767
5763.0,0.012805423215562153
5771.0,0.016498598983042657
5780.0,0.018405243344881073
5791.0,0.016983185908411844
5802.0,-0.0014187891675576498
5808.0,-0.0012465199347047812
5817.0,-0.00970709341142127
5824.0,-0.012274395401327267
5832.0,0.009717441756717956
5841.0,0.009345669962974042
5849.0,0.011433547867003714
5861.0,0.008370383682498973
5869.0,0.01022009610195854
5878.0,-0.02224382830848079
5886.0,0.017988953683718445
5895.0,0.017540718291419875
5906.0,0.004797202060926697
5914.0,0.017232454632020777
5922.0,0.012703358300168074
5929.0,0.011478415468043394
5933.0,0.017314480917625153
5941.0,-0.009188656639193712
5949.0,0.014727936633255669
5958.0,-0.018589138956894787
5967.0,0.014899018339914425
5974.0,-0.0062278287271331795
5981.0,-0.011651736755162272
5991.0,6.694137878372278e-05
6003.0,-0.020560792851100646
6014.0,0.0009097286592371561
6023.0,-0.017374105611136198
6028.0,0.018256778313226567
6036.0,0.007242536693181054
6044.0,0.009132092588927903
6052.0,0.013562599350805208
6060.0,0.017341848124476686
6068.0,0.0080991271557365
6076.0,-0.00959230872132883
6084.0,-0.006027398165531674
6093.0,0.008760224946270148
6100.0,-0.012271151495307742
6108.0,0.01394931266214671
6117.0,0.005290650091428234
6126.0,0.00913827131943883
6134.0,0.020854970462721223
6143.0,-0.014001077552552903
6151.0,0.0030464547836394225
6159.0,0.008293094359456167
6166.0,0.0029072469848450415
6174.0,0.012067772282795972
6183.0,0.018462222425504753
6189.0,0.0033499086836746165
6197.0,0.021201045253328762
6205.0,0.010692240952569227
6213.0,0.006734650070955151
6222.0,0.003282931138691988
6231.0,0.001307880012119554
6236.0,-0.0076816476964362175
6241.0,-0.0027639901426086033
6250.0,0.0011502310464076026
6258.0,0.00020263312298523283
6266.0,0.0228879325886288
6278.0,-0.030593342573264872
6282.0,0.015963255765896422
6290.0,0.0023954118939126224
6298.0,0.01179020058135319
6308.0,-0.01057717399725645
6313.0,0.009683802819646396
6324.0,-0.008039685658861208
6336.0,0.008233024381186014
6344.0,0.002164393044680578
6352.0,-0.003152907804534063
6359.0,0.01990718015268185
6367.0,-0.0023000021167873027
6378.0,-0.0025917499654720087
6382.0,0.008002995007649704
6390.0,0.0029145225221088727
6395.0,0.008194503707641973
6404.0,0.010695108281147826
6412.0,0.019234015635654862
6420.0,0.015653339164087232
6429.0,0.017561998896819968
6438.0,0.00016302910116271525
6450.0,0.017673035613725414
6459.0,0.017001069844089663
6468.0,-0.0025910546722520368
6472.0,0.01750713641472497
6480.0,0.009288581930402535
6491.0,0.026576566896033063
6495.0,0.006818459087014774
6507.0,-0.003300437432211837
6513.0,0.004581889193381592
6520.0,0.016889039483546118
6531.0,0.012937510478516361
6538.0,0.018886477519687077
6550.0,0.016084131177510227
6556.0,-0.011898630125618311
6565.0,-0.018890871509873793
6573.0,-0.007880427078130676
6582.0,-0.005877447775541581
6589.0,0.002122060000112273
6597.0,0.005037057987534552
6605.0,0.0025832250346486357
6612.0,0.0002109161267615036
6620.0,-0.04445988667874434
6624.0,0.017563183523722166
6632.0,-0.009711883569768829
6638.0,0.01578763438270236
6646.0,0.001078412372343046
6654.0,0.005679232023994203
6661.0,0.018341726227050405
6665.0,0.024173662653956273
6674.0,-0.0008357856429834314
6679.0,0.0036113436632600974
6687.0,0.01023051236290084
6694.0,-0.00943484390867975
6703.0,-0.009796263959623599
6711.0,0.006522218941571519
6723.0,-0.012287562569841787
6729.0,0.001751820373925739
6736.0,-0.014622889334406388
6745.0,0.0007538814425882105
6751.0,-0.0047303207932188965
6759.0,0.0053015797301134695
6767.0,0.0073991699951364695
6774.0,-0.014924991195728508
6786.0,0.01510313015059987
6793.0,0.007293562496106875
6800.0,-0.023859374669773534
6809.0,0.016489081582799856
6815.0,-0.0008579313982148423
6821.0,-0.014673115127604977
6832.0,0.011711225834141265
6842.0,0.012889581652904764
6852.0,-0.00506146356597093
6862.0,-0.0027529520818876645
6869.0,0.005844047520836704
6877.0,-0.008823203461049966
6881.0,0.004782366763414053
6886.0,0.020262907050186543
6898.0,-0.004154043060025047
6909.0,0.0331519482118667
6913.0,0.004436272716536811
6920.0,-0.026265812635909283
6924.0,-0.0005757033694163328
6935.0,-0.006461551754114034
6942.0,0.005602961115634125
6952.0,-0.004670140097747419
6960.0,0.0133819115501998
6968.0,0.018029398561590387
6979.0,0.010739755845555846
6987.0,0.009708730489673242
6994.0,-0.00686529282673315
7004.0,0.004731558575928458
7011.0,-0.0037540612227149675
7020.0,0.023524433098145812
7032.0,-0.006258767215291058
7043.0,0.006340941480610193
7050.0,0.008836543744347062
7059.0,0.022729872629112975
7070.0,0.0031667341521875517
7077.0,-0.005515530447690372
7082.0,-0.0038768111719079475
7090.0,0.0018998020654930506
7099.0,-0.007102741484993952
7110.0,-0.006899706838686242
7117.0,-0.007412479525695698
7124.0,-0.01269609502671927
7135.0,-0.004077885931737679
7143.0,-0.01122623808325634
7155.0,0.024319480796069395
7159.0,-0.008580494009054451
7170.0,0.016714166122102646
7179.0,-0.016290484306149926
7187.0,0.021938664073651838
7197.0,-0.0018169303583238361
7204.0,0.011398602577648503
7212.0,0.00201567475160963
7217.0,0.005691647121973092
7229.0,0.0007256888967319608
7238.0,0.004250303231658639
7246.0,0.01575250488532742
7255.0,-0.013587260213033737
7263.0,0.01873316364990372
7272.0,-0.006450103019564201
7277.0,-0.010347408468936437
7282.0,-0.015378914557010005
7289.0,0.0025652663510455044
7295.0,-0.0075446462047080755
7301.0,-0.00039439335035190205
7307.0,-0.0084386605386258
7316.0,0.01132394110447417
7325.0,-0.008767012206671863
7332.0,0.008008992293931932
7338.0,0.009986065221342334
7352.0,0.006297556838956179
7360.0,0.007719924417534667
7366.0,-0.009916588157455417
7380.0,0.017344910377008454
7391.0,0.015284702872626302
7397.0,-0.027257197428208944
7401.0,0.0059115605436830185
7409.0,0.012144666589436135
7420.0,0.0169489660181834
7424.0,0.011771097590906878
7432.0,0.015119765219267745
7441.0,0.018826905199241756
7452.0,0.020775847380593616
7463.0,-0.0022280279633836884
7469.0,0.0026798809935958427
7478.0,-0.00999523265402182
7485.0,-0.019870743243053008
7493.0,0.006611313476499693
7502.0,0.008801120299779782
7510.0,0.011145569203294252
7522.0,0.009572537503441435
7530.0,0.012388509522049805
7539.0,-0.023044854033949142
7547.0,0.01604868899122663
7556.0,0.017337780593063297
7567.0,-0.0014197878505635437
7575.0,0.01935608067846904
7583.0,0.013637456149614638
7590.0,0.012309180203373384
7594.0,0.014910538571260972
7602.0,-0.0072227811414704935
7610.0,0.01619586260228984
7619.0,-0.01979270431630923
7628.0,0.012986960448563149
7635.0,-0.006178232405321892
7642.0,-0.00858231549150661
7652.0,-0.0008014405160314123
7664.0,-0.019056977018995162
7675.0,-0.00064839841828518
7684.0,-0.01897722606101733
7689.0,0.025099693255322755
7697.0,0.006154813029305314
7705.0,0.009456321012049759
7713.0,0.01199697454751796
7721.0,0.016708028497618262
7729.0,0.004061805432719372
7737.0,-0.0059399586687048775
7745.0,0.000787064404980495
7754.0,0.007688752382198864
7761.0,-0.013059418824079861
7769.0,0.005685611671105907
7778.0,0.006241485733535877
7787.0,0.0091597723361731
7795.0,0.012336219748224662
7804.0,-0.014768289534299013
7812.0,0.00010686227526745703
7820.0,0.007949075690829798
7827.0,0.0020762577189081723
7835.0,0.015633855608906278
7844.0,0.017124839524055843
7850.0,0.0025510373948903126
7858.0,0.01950829890100908
7866.0,0.009358564273548281
7874.0,0.006561587949094507
7883.0,0.006076941359139713
7892.0,0.0038404171782716995
7897.0,-0.01004987091671257
7902.0,-0.002101908268657239
7911.0,0.0004983044043520804
7919.0,-0.0014111034705529067
7927.0,0.022099639749701302
7939.0,-0.028621034607428868
7943.0,0.01604205344409262
7951.0,0.002233886724122001
7959.0,0.011562683744869913
7969.0,-0.013268781456743758
7974.0,0.00847040534587421
7985.0,-0.007622408103843865
7997.0,0.008179659094949243
8005.0,0.005099907974414945
8013.0,-0.001401696798772265
8020.0,0.019563374161836608
8028.0,-0.002989070247967727
8039.0,-0.0026452520362617023
8043.0,0.007458901464088865
8051.0,0.005912403962350184
8056.0,0.007031042517635697
8065.0,0.009738103551407293
8073.0,0.020552477693192572
8081.0,0.0165959876338774
8090.0,0.016375516553554514
8099.0,0.00020481958520346342
8111.0,0.01979073642042607
8120.0,0.014289815460839007
8129.0,-9.055806890145846e-05
8133.0,0.019721857037757227
8141.0,0.009676658514030047
8152.0,0.025484589872803654
8156.0,0.0048033742162140415
8168.0,0.001996656881721843
8174.0,0.0018471769215791984
8181.0,0.018377122572607055
8192.0,0.012604785414365436
8199.0,0.02107698693097284
8211.0,0.01747575254843995
8217.0,-0.01045890544104472
8226.0,-0.027253005158818063
8234.0,-0.006896882325608762
8243.0,-0.006174367201423873
8250.0,0.0067876729151597264
8258.0,0.0011402090605499631
8266.0,0.0029519798563173803
8273.0,-0.0001434991361668878
8281.0,-0.04445319613045703
8285.0,0.018974824951553403
8293.0,-0.008883950016884436
8299.0,0.018183497229863194
8307.0,-0.0026026002323207027
8315.0,0.005857087646416879
8322.0,0.01841148428740738
8326.0,0.022520494043308
8335.0,-0.0006294036729099554
8340.0,-0.001358327542432558
8348.0,0.007065429488364049
8355.0,-0.00788513573208074
8364.0,-0.012234047870319165
8372.0,0.009398479367670895
8384.0,-0.008672620653085463
8390.0,0.0008431415062336732
8397.0,-0.021419481142920856
8406.0,-0.0015763637661730375
8412.0,-0.0004803885224462282
8420.0,0.002551418464877384
8428.0,0.008485536492592776
8435.0,-0.015720931406167656
8447.0,0.013442826082924911
8454.0,0.005990410739685163
8461.0,-0.023760922531208935
8470.0,0.015791494949376445
8476.0,0.0009362452348494741
8482.0,-0.015048236481066497
8493.0,0.01121271572685307
8503.0,0.013284013117705641
8513.0,-0.0030675321896388827
8523.0,-0.0032646498412364066
8530.0,0.0059604588773847925
8538.0,-0.009847022596197842
8542.0,0.0072735603445544614
8547.0,0.020577216200774438
8559.0,-0.004585749964793863
8570.0,0.03486796973503885
8574.0,0.003632728303746762
8581.0,-0.024704212987267167
8585.0,-0.003257813459782282
8596.0,-0.006602288013511662
8603.0,0.005079880114756871
8613.0,-0.0004535390992873376
8621.0,0.01222717444683686
8629.0,0.01889180470073525
8640.0,0.012571798369994433
8648.0,0.01044029509584358
8655.0,-0.006378308242795255
8665.0,0.007348771183927894
8672.0,-0.008397894827231953
8681.0,0.024521471835896348
8693.0,-0.018666411529233748
8704.0,0.007694998410667113
8711.0,0.012171672880283575
8720.0,0.026685799517465667
8731.0,0.0022162872296901423
8738.0,-0.005326859001074538
8743.0,-0.0034257520749051327
8751.0,0.00047705755672525316
8760.0,-0.008295154117245164
8771.0,-0.0015324650999613081
8778.0,-0.006833554817344869
8785.0,-0.01951133055803603
8796.0,-0.00757583740866654
8804.0,-0.008828519795516205
8816.0,0.022381677361592734
8820.0,-0.008657259902093881
8831.0,0.016198530715703912
8840.0,-0.0152620276390152
8848.0,0.01953883095549757
8858.0,-0.0012417284840207348
8865.0,0.01027956238474515
8873.0,0.0031092513252282896
8878.0,-0.0006971748153622142
8890.0,0.001965400578793754
8899.0,0.008028400543492357
8907.0,0.016328571949914442
8916.0,-0.015320568770664431
8924.0,0.0022074700046838852
8933.0,-0.004916726598823148
8938.0,-0.009016005581969555
8943.0,-0.013149089211274754
