,4
2.0,-0.0008439306301723004
8.0,-0.0023495807323783667
12.0,0.005007815613944795
19.0,0.007562017998955152
26.0,0.010293209560658219
33.0,0.014378173965681041
39.0,0.003493363429988765
50.0,0.0043548313031218765
55.0,0.00970464511912698
66.0,0.008846841368456685
73.0,-0.016631975285976718
85.0,0.0035066111627833556
92.0,-0.014921403902269426
100.0,-0.0011434325578771924
107.0,0.011362352849934558
115.0,-0.00048799725699574185
122.0,0.011874577772531881
132.0,0.008709403451842337
143.0,0.005485404375989032
150.0,0.004325285444777646
161.0,-0.002783275450708616
170.0,0.005832456649804463
182.0,0.0031206046944537106
196.0,-0.006661746362679087
204.0,0.0016722612706555633
216.0,0.011118814797733436
225.0,0.0027797859540727114
231.0,0.005685052594844367
241.0,-0.002081292348123107
248.0,0.008147678853343802
255.0,-0.012221184027092182
264.0,0.007030824717567124
278.0,0.009789385061215405
282.0,-0.0006005507441922309
290.0,0.011428504886959298
299.0,0.006666733674523724
307.0,0.0006528789963934361
315.0,-0.0006974984697307887
327.0,0.008308005836028108
336.0,0.00703065572426384
344.0,-0.006133212732600104
351.0,0.01506612624392835
362.0,0.0005257269711307906
371.0,0.002060080663712565
379.0,0.006566246546388885
383.0,0.0032444394945344446
394.0,0.0028443918446574945
398.0,0.00022793531501291014
407.0,0.0025399098869417383
419.0,-0.0024288090999946537
425.0,0.0025025499033884875
434.0,0.0034883382991518965
441.0,-0.004137232952897509
452.0,0.009946145629949528
461.0,-0.004208298035357504
466.0,-0.0011489178109602872
474.0,-0.002701684311143174
482.0,0.007613593108832884
490.0,0.0025669323070825942
497.0,0.003949754567764565
505.0,-0.000870757326599781
513.0,0.007932863362573211
522.0,0.0056034364128515
531.0,0.0038130850761955997
538.0,0.005026215631995039
545.0,0.0037974501101777614
552.0,0.003954966057797919
561.0,0.005116417679187549
569.0,0.007182018827991757
577.0,0.014039352274429562
586.0,0.004568018621106989
593.0,-0.01425154348905419
600.0,0.0033330554203081886
609.0,0.017423040237498362
618.0,0.0013560600087687662
627.0,0.01276003546227246
636.0,-0.00021172144691605202
644.0,0.0010204105215460167
653.0,0.003926789127777217
664.0,0.0006732565556274733
673.0,0.002644609948723891
681.0,0.009256765161164537
690.0,0.0016186557228119204
698.0,0.00439037342385005
706.0,0.00366401612958332
715.0,0.007961008985458009
723.0,0.001421929703579392
731.0,-0.004286666608989498
742.0,0.0005815964957723984
746.0,0.006578074952347854
750.0,0.0030957220928149744
757.0,-0.017056235646481562
765.0,0.004325748961029327
773.0,-0.000667824934568146
781.0,-0.003674746559992823
788.0,-0.003184884923269765
796.0,0.001052297141379129
801.0,0.010523968176560752
809.0,0.003222377898667067
817.0,0.009912531809774376
824.0,0.0020997005738845323
833.0,0.0019904493183813096
841.0,0.009976840152284845
848.0,-0.003664903034060574
855.0,0.00032370629599455254
861.0,0.0058056671817666205
872.0,0.0050441479988960125
879.0,0.003601529407693259
886.0,0.009172332293005521
891.0,0.0028729101986981246
899.0,0.0021163071181313714
906.0,0.0023458177139449726
917.0,0.01190024662023625
926.0,0.0007416032803200451
936.0,0.005582915076530122
943.0,0.003749921019426959
951.0,0.002196727560188512
959.0,-0.012893583373081935
966.0,0.007665435819733805
974.0,0.005590689015079003
985.0,0.004199727735689842
994.0,0.00166935865654762
1003.0,0.0022712041159050765
1011.0,0.0008773417132400224
1023.0,0.00352478573534917
1032.0,0.0005463857023006587
1039.0,0.00538522991541757
1047.0,0.003043853974675443
1054.0,0.009651684468844833
1062.0,0.006712023927022161
1074.0,0.004466002415257076
1082.0,0.0028113765187081
1090.0,0.002636560210660477
1101.0,0.0023902328216091045
1112.0,0.0029609654709975407
1124.0,-0.0011314355576210798
1132.0,0.004661281213890355
1144.0,-0.00047868342137401764
1153.0,0.006027086565344109
1161.0,0.0058103435465279496
1169.0,0.0042715897687487705
1178.0,0.0011043966191122867
1183.0,0.0020403358491903442
1191.0,0.005446498673128421
1199.0,-0.0018464851502200173
1211.0,0.0009909561374367363
1217.0,-0.000553745200496195
1227.0,-0.0014105972373762436
1233.0,-0.004143800559892179
1241.0,0.004051153087366997
1245.0,0.001086613704289371
1253.0,0.00446792237963958
1261.0,-0.0037996912147283137
1271.0,-0.01014370529179727
1282.0,-0.002795510536647532
1290.0,-0.005685427595581453
1297.0,-0.0043796005153636085
1306.0,0.013362506273909409
1313.0,0.0020382272278543544
1323.0,-0.004894029870345295
1331.0,0.0066818228051560395
1338.0,0.007429935410336691
1346.0,0.0025695750946728665
1354.0,-0.008065898814201581
1362.0,0.013849115889238076
1372.0,0.005937179768252728
1381.0,0.0007024352505406101
1391.0,-0.008933139852089027
1402.0,0.0086510711624583
1411.0,0.0006778510463364241
1419.0,0.0033016880232930204
1430.0,0.007751154513870231
1438.0,0.009959297215019954
1446.0,-0.02174217816683397
1454.0,-0.007769680626649354
1468.0,0.007166846956735772
1472.0,0.007392713890211477
1480.0,0.007031569155380161
1485.0,-0.011693820891164754
1494.0,0.01122184933536925
1505.0,-0.0026590496656159765
1517.0,0.005744286848292114
1527.0,0.0076561934050281425
1534.0,-0.007691386287389509
1538.0,0.0051690834702734015
1547.0,0.010865249009173985
1556.0,-0.0042088001305605
1568.0,0.004126709647451201
1576.0,-0.0003145394287466379
1583.0,0.002350133663228962
1594.0,0.014774450389164036
1601.0,-0.006534957781513827
1606.0,0.010354837699129127
1612.0,-0.002235695708951575
1623.0,0.002309433739765858
1635.0,-0.01183202828146711
1646.0,0.013108769958432413
1655.0,0.0028029169106062865
1659.0,0.005964646644013683
1666.0,-0.0020924428466350797
1675.0,-0.0018250326797543213
1683.0,0.008927734251320582
1691.0,0.000990694937607903
1698.0,-0.0072587916189700355
1706.0,-0.0026598418649734674
1718.0,0.003979860424863565
1727.0,-0.008458780090137633
1735.0,0.014520246793259346
1747.0,-0.0008183869343288197
1755.0,0.00510503904498314
1767.0,0.005482338119902344
1773.0,0.0025570846929136703
1781.0,0.004784702083890789
1789.0,0.0010332942519805722
1797.0,-0.0032963839580372354
1811.0,0.003828622463200804
1817.0,0.004351789667628657
1825.0,0.004945625065781181
1829.0,0.001413536541597671
1835.0,0.004298809201725067
1843.0,0.009271667870735982
1851.0,0.003701996056560355
1856.0,-0.0016674486010096066
1862.0,0.002233222291459094
1870.0,-0.002707579779688625
1878.0,0.00470655231216301
1889.0,7.824002061109571e-05
1900.0,-0.0140371818750275
1909.0,-0.011079110762106369
1918.0,-0.00019980075415959372
1925.0,-0.0002181674879357446
1936.0,4.735200583518433e-05
1947.0,-0.005803835819429031
1957.0,-0.0007844978806395621
1961.0,0.0067606845623133524
1971.0,0.008902241711164638
1979.0,0.01356687243450096
1987.0,0.0035568037422401434
1999.0,0.002371688849438341
2007.0,0.007470050925029439
2016.0,0.014316181331053677
2024.0,-0.0013189316535211677
2031.0,0.003702523506899696
2042.0,0.011444986325402612
2050.0,0.003480856727172159
2055.0,0.010971395551270429
2064.0,-0.003413072539553541
2071.0,0.008371660260027676
2079.0,-0.004472617803204174
2083.0,0.0026276402321646765
2090.0,0.006418849283864453
2099.0,0.008717972610982809
2107.0,0.0009689928043637858
2115.0,-0.0009086207968554475
2127.0,-0.0002365595474417263
2135.0,0.002372299976922504
2147.0,0.0032341193451578864
2155.0,0.0022469161361599044
2163.0,0.009773297616237535
2172.0,-0.005341557981635231
2184.0,-0.0036250153397938793
2192.0,-0.0035094745898400343
2200.0,0.002809026362539754
2209.0,-0.00219666570862772
2217.0,-0.00315630633768235
2225.0,0.0029910444847312087
2232.0,0.007079594942355567
2243.0,0.0025989880792162846
2254.0,0.00196994910728727
2262.0,-0.006679935482237053
2270.0,0.004467392714021131
2278.0,0.006304870919812544
2286.0,0.0005338119230490066
2290.0,-0.005598138021481042
2301.0,-0.000979284110658501
2311.0,0.01310305606167493
2317.0,-1.051018676374401e-05
2328.0,0.009335379156809267
2337.0,0.011104549462795668
2348.0,0.002795108204492695
2362.0,0.008303415385743288
2371.0,0.014625479799915964
2382.0,0.0008856772646499793
2393.0,0.009384294280974242
2400.0,0.0019124051346325562
2410.0,0.010826701466829035
2416.0,0.0026335768362273815
2425.0,0.003160607128901465
2433.0,0.0023675299545163836
2442.0,0.006137681865545407
2452.0,-0.0015189222007425392
2460.0,0.008313860370236792
2467.0,0.001903266014116179
2473.0,0.007337360743589714
2480.0,-0.0025157322994607055
2489.0,0.003958678271580131
2494.0,0.003074763501992023
2502.0,0.005417941136414478
2510.0,0.0024351484811078786
2521.0,0.0006087435463169254
2529.0,0.0035662794495156234
2537.0,0.0015752092589622724
2546.0,-0.0033055750544946057
2554.0,0.006357014371626705
2562.0,-0.0016062585225238716
2573.0,0.008868898334300993
2585.0,-0.005105164940886465
2593.0,0.0011786788463002793
2603.0,0.012616684553913857
2612.0,0.00176831969565251
2618.0,-0.00015227856872214224
2629.0,0.009513766819475775
2637.0,0.01182394323543251
2644.0,0.005826189689664637
2649.0,0.010065731296048645
2660.0,0.004346442451913609
2669.0,0.004568608608778802
2674.0,0.00035968054227835446
2682.0,-0.0021660299822880104
2691.0,0.008376968628770671
2701.0,-0.0014653806169174074
2708.0,0.0017119230356104648
2720.0,0.007807104790871842
2731.0,0.010537087010942262
2743.0,0.006079306148255511
2750.0,-0.0031871440491188707
2757.0,0.000564380125653167
2764.0,0.0036075711618966414
2773.0,0.0005154339128371027
2781.0,0.01785415428118552
2790.0,0.006962190069571658
2795.0,8.091438874442424e-05
2806.0,0.01824038893272952
2814.0,0.005251521909872224
2818.0,0.011670949667947553
2824.0,-0.005558292942229847
