,3
2.0,-0.015178701250769991
8.0,-0.006814281001502756
12.0,0.0003504196222424017
19.0,-0.007933576611984863
26.0,0.0005837983766328647
33.0,0.019899209617557177
39.0,-0.009266095883627548
50.0,-0.020805847813626863
55.0,0.005576785405292642
66.0,0.00823521644721876
73.0,-0.017768261088232883
85.0,0.005547005953536608
92.0,-0.009165863765192113
100.0,0.0019838089700835075
107.0,0.013565354166269286
115.0,-0.005076039840655971
122.0,0.021701528100889215
132.0,0.014541449765161762
143.0,0.00662715897522307
150.0,3.0295965043504934e-05
161.0,-0.01284304894863366
170.0,0.01228227235198754
182.0,0.005555300992346972
196.0,-0.011943559815462686
204.0,-0.00014796268932567227
216.0,0.006611509872908183
225.0,0.010067134837762262
231.0,-0.0025083977463442528
241.0,-0.006614776750755182
248.0,0.001816579500220799
255.0,-0.024866814287901662
264.0,0.01627881431276025
278.0,-0.02254445984212041
282.0,-0.016303680980320798
290.0,-0.003680712522210488
299.0,0.015380973031295467
307.0,0.02212298943772541
315.0,-0.01910912072271955
327.0,0.0023107798110680957
336.0,0.021787844195888147
344.0,-0.015416648033938319
351.0,0.012493364436047311
362.0,-0.020921342876510228
371.0,0.012589552884928083
379.0,0.02652644522201369
383.0,0.01842989497210878
394.0,0.00911584389213992
398.0,-0.0005328394877214156
407.0,0.0004975101379435237
419.0,0.0006837519653820315
425.0,-0.009023122275156299
434.0,-0.004947210509749973
441.0,0.0007173673607044427
452.0,-0.010347677270286106
461.0,-0.015703907737946363
466.0,-0.0019654060169512146
474.0,-0.02282293083831319
482.0,0.013101792177026197
490.0,0.012952949306615148
497.0,0.01715864853419934
505.0,-0.014376671345997856
513.0,-0.008555034439503981
522.0,0.004353943591774328
531.0,0.002183666735266642
538.0,-0.007099726560907282
545.0,-0.017792606143848345
552.0,0.002623195951339089
561.0,-0.01129923401880844
569.0,0.011040854878849458
577.0,0.019700495023525277
586.0,0.0002210897819117541
593.0,-0.0124555686479894
600.0,0.008227656518445887
609.0,0.01880133023343208
618.0,-0.023379605860028106
627.0,0.016116249323000372
636.0,0.0069244600396040305
644.0,0.015418234985687437
653.0,-0.004223885146182859
664.0,-0.0035934693595048536
673.0,-0.002266073534798779
681.0,0.004692269057737958
690.0,-0.0009693982254408456
698.0,0.017194065591675006
706.0,0.010855384203835665
715.0,0.020679864857350603
723.0,0.008815313310562208
731.0,-0.0036738941443703195
742.0,0.014995084590694529
746.0,0.014444587354643422
750.0,-0.006772592920180533
757.0,-0.010610554275631531
765.0,-0.009924281651101026
773.0,-0.011758718015140788
781.0,0.006779603197577246
788.0,-0.007484795592646356
796.0,-0.01596091728419798
801.0,0.003971933395055554
809.0,-0.0040860472991823705
817.0,0.00967402251713202
824.0,-0.0040354114772810324
833.0,-0.004400744610483818
841.0,0.005938517975857118
848.0,-0.0063181036638361625
855.0,0.023088405437532315
861.0,0.005507996272294828
872.0,0.013283160441146162
879.0,-0.0001054518317692265
886.0,-0.021168531044132344
891.0,0.012752490185264188
899.0,-0.014816937737391147
906.0,-0.008072301995584622
917.0,0.011760747113427745
926.0,0.00593495062614519
936.0,-0.014006277930117302
943.0,-0.0015406788293616585
951.0,0.013274118908862338
959.0,-0.014569164903764817
966.0,0.01846827983890696
974.0,-0.011774665187954371
985.0,0.018305369035920723
994.0,0.0014133550804547102
1003.0,-0.011659032645342862
1011.0,0.017079289016269542
1023.0,0.0002924156489794841
1032.0,0.013862149669680243
1039.0,0.006099098483550123
1047.0,0.0014976830947968942
1054.0,0.010994176435671672
1062.0,9.684587223216654e-06
1074.0,-0.0013967256030511944
1082.0,-0.00041395426196696056
1090.0,-0.0030275893341115525
1101.0,-0.0031896800946448795
1112.0,0.012802485551404046
1124.0,0.019999147991646902
1132.0,0.0026360934106576636
1144.0,0.014111258431487876
1153.0,0.004784326967423059
1161.0,0.007220997628863202
1169.0,0.006799652545457318
1178.0,-0.015114196532560723
1183.0,0.0072034041885926286
1191.0,0.01166313423944459
1199.0,0.0034061355816488977
1211.0,-0.004190173935008932
1217.0,0.01766485389914537
1227.0,0.003195796778125714
1233.0,0.017461393099886945
1241.0,0.02223783876664177
1245.0,-0.012477098843680047
1253.0,-0.006382430881834898
1261.0,0.009120418966844243
1271.0,-0.018858556530687253
1282.0,-0.017201319632222184
1290.0,0.007168054968678811
1297.0,-0.0052898362040864795
1306.0,0.0015127077195757354
1313.0,0.014513333721150738
1323.0,0.008831709404011831
1331.0,-0.01766520586166966
1338.0,0.004826688213861286
1346.0,-0.014309822523254046
1354.0,-0.018149655239148233
1362.0,0.013796346185950005
1372.0,-0.00908544631353524
1381.0,0.01696230604217912
1391.0,-0.024214976880768416
1402.0,0.00625715146045176
1411.0,-0.008977496657732297
1419.0,-0.01195965176066816
1430.0,0.01778264370382103
1438.0,0.008201222223136738
1446.0,-0.02198289823771507
1454.0,0.018162165176009163
1468.0,-0.01308107614704386
1472.0,0.01753538857343566
1480.0,0.01687406654157128
1485.0,-0.00557238058605912
1494.0,0.0025220425657281344
1505.0,-0.015967976557860638
1517.0,-0.004434391907064854
1527.0,0.002009323260923101
1534.0,0.010371105347379513
1538.0,-0.008605670359647967
1547.0,0.00655178810041755
1556.0,-0.004674474710642283
1568.0,-0.0020922057410244143
1576.0,0.020385018696534696
1583.0,-0.0011105846994408518
1594.0,0.00881521664453741
1601.0,0.007851318644594221
1606.0,0.01742777287095077
1612.0,-0.006672088408471134
1623.0,0.019363265729902313
1635.0,0.005172602992611752
1646.0,0.019868106354600797
1655.0,0.0050112400309936175
1659.0,0.0050297369513424405
1666.0,-0.004199780497018125
1675.0,0.013234279351966135
1683.0,0.022777052684543657
1691.0,0.009998442558556943
1698.0,-0.014188372643168945
1706.0,-0.021262364950492475
1718.0,0.019103451316711366
1727.0,-0.019845055573095346
1735.0,0.011585986637995248
1747.0,0.0083214540265552
1755.0,0.006339881352743463
1767.0,0.0019778141054451817
1773.0,0.005844714371463768
1781.0,0.01979018089268455
1789.0,0.009102525916479361
1797.0,-0.009302636041501439
1811.0,-0.0077274226167101355
1817.0,0.0008757634051370243
1825.0,-0.003551334176344332
1829.0,0.007820280896886118
1835.0,0.007736506100002391
1843.0,0.009631317287754956
1851.0,-0.010742414454079306
1856.0,-0.008752961780937518
1862.0,-0.003236434031778231
1870.0,0.007799526809122684
1878.0,0.01605362301264028
1889.0,0.010302208200311894
1900.0,-0.02307121066819069
1909.0,-0.012086042789941567
1918.0,-0.0019329718670471323
1925.0,0.010052539864818993
1936.0,-0.005002061778353274
1947.0,-0.024231640099247026
1957.0,-0.035612290421671286
1961.0,-0.00551144461170669
1971.0,0.011582939726872321
1979.0,0.02329577465641107
1987.0,0.015051509379001004
1999.0,0.020269368094371246
2007.0,-0.008870768078192853
2016.0,0.019758020718728335
2024.0,0.003464298715516082
2031.0,0.00791580542029555
2042.0,0.009843482239084518
2050.0,0.0048062754783298155
2055.0,0.019976834782093666
2064.0,-0.015533797118076413
2071.0,0.014001036898071818
2079.0,0.02252762579420728
2083.0,0.003967162079014197
2090.0,-0.01209546791881294
2099.0,0.016737806604095837
2107.0,0.0024308174713105397
2115.0,0.008697646593776665
2127.0,0.018084677933942764
2135.0,-0.011889710311319546
2147.0,0.007934368538914
2155.0,0.011220045010961386
2163.0,0.018752974369026655
2172.0,-0.0008103286645251515
2184.0,2.229388077531986e-05
2192.0,-0.006124247509366665
2200.0,-0.0014125247378469865
2209.0,-0.022449999881109677
2217.0,-0.00930064470349764
2225.0,0.011191633897768968
2232.0,0.0011134456165831262
2243.0,0.007569213796218982
2254.0,0.003638180347282015
2262.0,0.006989626423688396
2270.0,0.004627951410415261
2278.0,-0.005817113037146742
2286.0,0.04671680136711608
2290.0,-0.013730760265431645
2301.0,-0.0109834053734708
2311.0,0.011543367934783296
2317.0,-0.024729520255555176
2328.0,0.013046630388163732
2337.0,0.000639754018878429
2348.0,0.01423479434803225
2362.0,0.010743245530716096
2371.0,0.016379562835003005
2382.0,0.0014467475080155337
2393.0,0.005850286435067724
2400.0,0.003708527694334332
2410.0,0.01173477159964521
2416.0,0.02309107588108617
2425.0,0.01581272235278016
2433.0,-0.0009108743097349211
2442.0,0.013950812684050257
2452.0,-0.004716779197384245
2460.0,-0.004409876063569484
2467.0,0.0032043565494955066
2473.0,0.004004065517194943
2480.0,-0.0023727826480284923
2489.0,-0.012546618267895795
2494.0,0.003352013417945944
2502.0,0.012720329797366649
2510.0,0.0041390496827728475
2521.0,0.006061694239316641
2529.0,0.01733697264663909
2537.0,0.020035628432988485
2546.0,-0.012338561150736971
2554.0,0.005317453874372053
2562.0,-0.013561069973614424
2573.0,0.008424295197720772
2585.0,-0.006643557923368165
2593.0,0.004033193676046127
2603.0,0.009248237054484361
2612.0,0.009143240695775483
2618.0,0.013862263125298846
2629.0,0.015439960061677225
2637.0,0.017585474964801732
2644.0,-0.017354643858441383
2649.0,0.0035415637941265043
2660.0,0.007436206298710464
2669.0,-0.006699905228113812
2674.0,0.021219192647697827
2682.0,0.009182370932632598
2691.0,0.015968591207947882
2701.0,0.006069099900281522
2708.0,-5.2623854155328025e-05
2720.0,0.019815786219776043
2731.0,0.009836929901293751
2743.0,0.003816298180834891
2750.0,0.005744826829693725
2757.0,0.015307114829211236
2764.0,-0.0111179353968592
2773.0,0.011422652918850716
2781.0,0.012958913026657613
2790.0,0.006555651789475141
2795.0,0.000979133023274527
2806.0,-0.006981995996467245
2814.0,0.0177741399719668
2818.0,-0.013087380557472583
2824.0,-0.005340377711144579
