,3
3282.0,-0.005445369720489885
3287.0,-0.0064082608963778554
3293.0,-0.007883692500916212
3302.0,-0.007125198398178221
3313.0,0.014320741961564512
3320.0,0.00747250849061066
3327.0,0.0025419074539180424
3332.0,0.02142376656899821
3340.0,0.006617182379975637
3349.0,-0.0002486439077597257
3354.0,-0.02013423005836845
3365.0,-0.022279812345145013
3370.0,0.005505716859905511
3381.0,-0.007472460560169491
3389.0,0.009100419210304163
3400.0,-0.010847548012814541
3409.0,-0.01123650293597806
3418.0,-0.01259867391271532
3426.0,-0.008137993885874705
3435.0,0.02298886786527284
3445.0,0.0002360540197014921
3453.0,-0.00365146056676424
3461.0,-0.013466320631373796
3469.0,-0.0016019680985896565
3477.0,0.0022556078422909277
3484.0,-0.01424327416644565
3498.0,-0.008287594248549633
3507.0,-0.01033405803890135
3515.0,0.013425552624796054
3524.0,0.01413118071388889
3532.0,0.024860931002135947
3536.0,-0.008002227624412111
3548.0,-0.0026111866826338784
3560.0,-0.004124169377580411
3568.0,0.0020403492723108075
3580.0,0.006775176374426492
3591.0,0.015870055209014283
3600.0,0.020596106144283588
3609.0,-9.653498390828615e-05
3617.0,-0.010592298099771318
3628.0,-0.011423596600880033
3636.0,-0.010127599648303325
3643.0,0.002950498424627401
3650.0,-0.008898013484917318
3659.0,-0.01587016962164653
3669.0,-0.014066735017098781
3674.0,-0.013947189836296458
3683.0,-0.003367799768049701
3691.0,-0.0026947459835179053
3696.0,0.006404981485538772
3704.0,-0.013640594867909457
3711.0,-0.007124714078968565
3720.0,0.008560514325374064
3728.0,0.006080858878740449
3735.0,0.0002948358096899466
3744.0,-0.02584045061172752
3748.0,0.015616254796409355
3755.0,-0.0009332515331125157
3769.0,-0.009294033745235599
3779.0,-0.011071030649826933
3788.0,0.0030708131254162867
3796.0,0.015063369110417937
3805.0,-0.019274063135535775
3816.0,0.022079414752199013
3828.0,0.020301493563157646
3832.0,-0.012151582106881966
3841.0,-0.00597508820347154
3847.0,-0.0026744325846565246
3856.0,0.00936329688554139
3864.0,-0.013273404616159619
3876.0,0.0011171679550579616
3887.0,0.0034428901786131135
3895.0,-0.0020414415031873366
3906.0,-0.014495252971556565
3914.0,-0.012927786979482755
3921.0,-0.00945750108011194
3929.0,0.0013261454971786996
3936.0,-0.016560117729108995
3943.0,1.9237389815832624e-05
3950.0,0.001520016128535526
3958.0,0.020616455550592754
3966.0,-0.0025802509010932726
3975.0,-0.013701072020106831
3980.0,0.013937847372409405
3986.0,0.004851367887879649
3991.0,0.011886535549959311
3995.0,0.009059423456067976
4000.0,0.0003465017106574382
4007.0,-0.011382864939943803
4015.0,-0.008497729715183552
4022.0,-0.009911515840286768
4029.0,-0.002240663999393427
4036.0,-0.002639528742856983
4048.0,-0.011128538911607186
4057.0,-0.030260367341873172
4061.0,-0.011242496666172806
4066.0,-0.02377294607954346
4071.0,0.017661350843848685
4079.0,0.010544055715629214
4084.0,0.04600221307383033
4088.0,-0.010832123836640969
4099.0,-0.009821023063473966
4105.0,0.01769388797351562
4117.0,0.005166527557625396
4124.0,0.007115621289143287
4131.0,-0.0032455626463133613
4140.0,-0.011572861912625253
4147.0,-0.00899527358400598
4156.0,-0.006280873331272131
4163.0,-0.00635203616400439
4170.0,-0.009194473604010557
4177.0,0.016632194145605135
4185.0,0.00445283866729763
4191.0,0.01193408771145108
4200.0,-0.01984360347629786
4207.0,0.008842848721224107
4214.0,-0.021261073772424977
4219.0,0.025748542040162817
