,4
2.0,0.0028206077198602935
6.0,0.009495803098715713
11.0,0.006602318903004502
19.0,0.0011335392486186123
24.0,0.00807363277437107
32.0,0.010996309915885884
40.0,-0.002564412991318111
45.0,0.011931858781563144
50.0,0.003928261231772129
58.0,0.0065624491787991636
67.0,0.010016549624012843
76.0,0.004593872883713962
83.0,0.0071407611933898725
91.0,0.0069513051279631154
96.0,0.00771802663418411
105.0,0.00076093418780947
113.0,-0.008447619072695025
117.0,0.0035909637712959043
125.0,0.009550444421854926
134.0,0.004700757403613549
140.0,0.006146869260525952
146.0,-0.003714424762550864
154.0,0.008652079989177577
162.0,0.0012249207896719416
171.0,0.006096493858301048
178.0,-0.0013102620136429476
183.0,0.005999713117394734
190.0,0.003651221127725844
197.0,0.010352379198238166
202.0,-0.0017966323746288902
206.0,0.0040273398680886465
214.0,0.0019399199714045683
223.0,0.008428222005452807
230.0,0.005466352816149209
237.0,0.00581176194323015
245.0,-0.0007110020262739195
252.0,0.0118142023958961
260.0,0.008191661548759305
266.0,0.0023763986278085647
270.0,0.006787628134789825
277.0,0.0022946587711392013
285.0,0.0011882481911362108
297.0,-0.0004387277768897337
305.0,0.006339522303211538
312.0,0.015937055264637102
320.0,0.006880559920770294
328.0,-0.0018734409977180589
332.0,0.010037253686182945
341.0,0.002333621177903715
351.0,0.004307315914964757
359.0,-0.0009487339792032173
367.0,0.0076333629170260734
376.0,-0.00759126701454419
380.0,-0.0013355992628620611
387.0,0.009837930535253068
395.0,0.002661808781512017
407.0,-2.8428374986699237e-05
415.0,-0.0009160327372760835
422.0,0.003512274397237859
428.0,-0.010262125864264128
432.0,-0.004210028420174189
439.0,0.014441714200744471
444.0,0.0010101847088894462
451.0,0.0005283461402817783
458.0,-0.003566444272271779
466.0,0.006043433954947998
473.0,7.510474990354664e-06
480.0,0.007612808903588191
488.0,0.004795255409369737
497.0,0.00853401011622143
505.0,-0.0006540424083929589
513.0,0.010139606522882892
521.0,0.002719033387598329
530.0,0.0036513118107915667
539.0,0.005455997875315129
547.0,0.01323984908181863
555.0,0.0023205087057436755
560.0,0.006626412462128622
568.0,0.0020404612751582117
577.0,0.008683626016853279
586.0,0.011239933711968682
595.0,0.011668087790550083
603.0,0.0005644097249326696
611.0,0.004654950198202487
618.0,-0.012636726164110554
630.0,0.006511011464873184
639.0,0.01138026772468889
644.0,0.00940626503266047
651.0,-0.011278186166952265
660.0,0.0024617234345395613
669.0,-0.007564366384519101
678.0,-0.004750618879178862
688.0,-0.0002072711193877276
695.0,0.005232239333659149
703.0,0.008813301848738861
710.0,0.0069682377118760915
717.0,0.008577177099374726
728.0,9.625230280909088e-05
735.0,-0.00408584149966956
743.0,0.0004435248409178602
751.0,0.005031916092776446
758.0,0.0008053068323768537
764.0,0.007015883414136462
768.0,0.007483040207562988
780.0,0.00464925360847531
786.0,-0.0002831687442748227
796.0,0.006224711174337953
805.0,-0.0010309236109946646
813.0,0.006971445532940455
823.0,0.00654968307295371
832.0,-0.003183475119277084
841.0,0.0034061574148079783
849.0,0.011757847882703041
854.0,0.008587838610003354
862.0,0.0030815107682398883
874.0,0.0027530737247441857
882.0,0.004966539972433581
887.0,-0.0007696069345811885
895.0,-0.0007838278457683129
899.0,0.006965701896739336
907.0,0.010623070054477303
914.0,0.0031148009038181523
921.0,0.008280325095390933
932.0,0.005085513823719167
944.0,0.0008056111228985357
952.0,0.008444864931085014
957.0,-0.005648514770529188
968.0,0.001734304811523351
975.0,0.0030931352573353205
986.0,0.0033911343380213363
995.0,-0.012883865542493529
999.0,0.016064791244054532
1007.0,-0.007382297195991808
1015.0,0.009257808485833003
1021.0,0.0022752264046082228
1029.0,0.0076727372817360015
1034.0,-0.0003210033486431394
1043.0,0.00041725447777194954
1052.0,0.015221224923014488
1061.0,0.010696758230847992
1069.0,0.003213482172584254
1078.0,0.0010732341074070053
1083.0,0.0034054751986610696
1091.0,0.004354488164329048
1105.0,-0.004149112133564949
1111.0,0.005921554563704567
1116.0,0.00670474582016156
1125.0,-0.013686980003446746
1133.0,0.011959382526210123
1142.0,0.007478553459669525
1150.0,0.0013268497289620138
1159.0,0.008779597922070718
1164.0,0.004827747106065157
1175.0,0.0012504524873108579
1183.0,0.006417138294323371
1191.0,0.004098795481419561
1198.0,-0.002467155042021947
1206.0,0.005121632200410658
1211.0,0.004469749461539338
1215.0,0.0026884204131084138
1224.0,0.010306109447216803
1230.0,-0.002257020166709854
1237.0,0.011279754493820862
1242.0,-0.0063823435286469166
1249.0,-0.004973361420499639
1254.0,0.0022862800795486493
1260.0,0.010142491988264451
1266.0,0.0029047978082324287
1274.0,0.008414640881515589
1281.0,-0.0051874502761871605
1289.0,0.008678112928298766
1297.0,0.009350835204663286
1302.0,0.0002421541474547212
1310.0,0.007270133165250597
1320.0,0.007607264544295281
1332.0,0.013461303299829707
1337.0,0.0012932594600911522
1345.0,0.014039669794254292
1349.0,0.006757954251843438
1356.0,0.009494376811853916
1365.0,-0.00153012748103257
1373.0,-0.0035897779734225667
1377.0,0.009506818821296264
1384.0,-4.179388186478482e-05
1390.0,0.016249128014190567
1394.0,0.005165147486997979
1401.0,-0.006004982539373961
1408.0,0.0023027358079670697
1413.0,0.006953203588168356
1420.0,0.006738581631048976
1427.0,0.014020259724000964
1435.0,0.011959797637353367
1441.0,0.009238812432466296
1449.0,-0.005340743400934029
1453.0,0.008727125352809065
1460.0,0.0021480640015088047
1468.0,-0.0015582854604707253
1475.0,0.006495732113748178
1482.0,0.0037599107003111172
1486.0,0.009021921569344364
1498.0,-0.0027130668506823758
1507.0,-0.0010662243859907183
1514.0,0.006843228009522371
1521.0,-0.0042372107266042194
1530.0,0.006791816105747746
1539.0,0.005932968608139466
1547.0,0.004754674534803414
1556.0,0.0069766961895280765
1565.0,0.0048361781422584385
1576.0,0.005993938405442193
1584.0,0.006078366645397031
1592.0,0.001012657605460794
1601.0,0.005874296683469188
1611.0,0.0033331949333320196
1620.0,0.007587486726758073
1629.0,0.0023875059533394792
1637.0,0.003972643548178109
1644.0,-0.005584882101242337
1650.0,0.012121384399758121
1655.0,-0.008100687093926374
1663.0,-0.011036700199646468
1671.0,0.017261916490301114
1676.0,0.007853877044369052
1681.0,0.0056175818394523895
1689.0,0.016454390112363472
1698.0,0.0047793915494373715
1707.0,0.005123649560371167
1714.0,0.0010515680014939331
1722.0,0.007591014856037543
1727.0,0.004733046185186234
1736.0,0.00340234957796859
1744.0,-0.005077115838392626
1748.0,-0.007206338745473853
1756.0,0.005706965706886864
1765.0,0.009085043822136051
1771.0,0.014019082021605251
1777.0,0.004495572057337404
1785.0,0.003897691465605091
1793.0,0.005666626290928513
1802.0,-0.0016427442032408298
1809.0,-0.0013866320780184969
1814.0,0.006423175844901804
1821.0,0.004074506248579076
1828.0,0.009783999883880389
1833.0,2.8092325550831387e-05
1837.0,0.0054461550849962586
1845.0,0.002376827511249109
1854.0,0.010307067579312946
1861.0,0.006401466051406208
1868.0,0.008115531410369746
1876.0,0.006997646281287371
1883.0,0.018298249673986
1891.0,-0.00013752862911806346
1897.0,0.0020643747894159947
1901.0,0.008545585038037692
1908.0,0.002808953832099739
1916.0,0.0017428820273246554
1928.0,0.0013514966029785978
1936.0,0.00864771786597528
1943.0,0.013271229933820823
1951.0,0.0058463320314192475
1959.0,-0.00645916157959474
1963.0,0.005570624520709923
1972.0,6.746515100320564e-06
1982.0,-0.0037182458595177085
1990.0,-0.00259775510701201
1998.0,0.008523328158672782
2007.0,-0.004883692822722173
2011.0,-0.002202294952163049
2018.0,0.009136132759086417
2026.0,0.0015014408453901962
2038.0,-0.0009001873214475643
2046.0,0.00305680987650432
2053.0,0.0007451072081326431
2059.0,0.0004320768086497977
2063.0,0.0028647923753688334
2070.0,0.011028896308025183
2075.0,0.0022851177732833563
2082.0,0.0031372086786411782
2089.0,-0.004592184468955752
2097.0,-0.000418586133965445
2104.0,-0.0006391767802592269
2111.0,0.005238891740773558
2119.0,0.0035313218541926073
2128.0,0.005275146222502225
2136.0,0.0038856588979378297
2144.0,0.012503555239296298
2152.0,0.00320319358301773
2161.0,0.0028604147317739317
2170.0,0.004539452120619887
2178.0,0.006758992744872817
2186.0,0.008535646406910622
2191.0,0.003074660311546264
2199.0,0.002607330640823139
2208.0,-0.0032454476546585845
2217.0,0.008491535813889993
2226.0,0.006048220300929308
2234.0,0.0004528276989106413
2242.0,0.006336356535807311
2249.0,-0.00840470098309505
2261.0,-0.0006388617780115725
2270.0,0.004962992550115842
2275.0,0.008702720782663992
2282.0,-0.019921094260775277
2291.0,-0.0018228043726182589
2300.0,-0.006207309128094229
2309.0,-0.005881854236738853
2319.0,0.0014621119749088569
2326.0,0.0069147459867883974
2334.0,0.008752903781609953
2341.0,0.007092794584812207
2348.0,0.007828263310769867
2359.0,0.0013207326701435644
2366.0,-0.0037370191348035145
2374.0,0.011076178185622928
2382.0,0.004342037432003044
2389.0,0.0019645780555086812
2395.0,0.010678008474421097
2399.0,0.0004890158251413789
2411.0,0.0055748578145106515
2417.0,0.0005221581211154467
2427.0,0.007470726068928234
2436.0,0.0010146226613362813
2444.0,0.007789958811352995
2454.0,0.01506449892140238
2463.0,0.0030501822419096622
2472.0,0.0032084370698807927
2480.0,0.0123511966840109
2485.0,0.005031535292738317
2493.0,0.0023335765122344952
2505.0,-0.0002915394777993498
2513.0,0.006887758308648363
2518.0,0.0020291508618588586
2526.0,0.0013925233232766146
2530.0,0.006689281521962771
2538.0,0.003448383580061953
2545.0,0.002865287693693155
2552.0,0.008510296743009564
2563.0,0.004884331194322541
2575.0,-0.002162477587543969
2583.0,0.004002159399213225
2588.0,-0.008020571285703075
2599.0,0.0028116925539427157
2606.0,0.004376009576181045
2617.0,0.008212526145032586
2626.0,-0.004016484393005443
2630.0,0.0073021697165725884
2638.0,0.0029859667895206984
2646.0,0.01134769186280601
2652.0,0.013365332308288841
2660.0,0.0012423941348125662
2665.0,-0.0027418698860977365
2674.0,0.001511191161831161
2683.0,0.003992733164516263
2692.0,0.006041872572877861
2700.0,0.004304210583289127
2709.0,0.008552525397609182
2714.0,0.006901011159589406
2722.0,0.0055160408210024785
2736.0,-0.0026561948741748507
2742.0,0.007845646357874532
2747.0,0.008337769882944197
2756.0,-0.012191148536306201
2764.0,0.01586034685010474
2773.0,0.002942602452174433
2781.0,0.008887479508360612
2790.0,0.006440995268049829
2795.0,0.0042274520144905
2806.0,0.006185446677365233
2814.0,0.0004049342348167547
2822.0,0.002938813518606142
2829.0,0.00018412309061592043
2837.0,0.008702659232491654
2842.0,0.0003124083369501971
2846.0,0.012003101989970682
2855.0,0.017181702175675762
2861.0,0.0009092208011955172
2868.0,0.009718652666494508
2873.0,0.005101175856414429
2880.0,0.014366344721337935
2885.0,0.000254735563216233
2891.0,5.9415890384829376e-05
2897.0,0.006142459429565056
2905.0,0.008687923098691335
2912.0,0.004705388245498432
2920.0,0.007320892124863109
2928.0,-0.0016098663470179842
2933.0,0.010541426856253906
2941.0,0.006276821093902133
2951.0,0.0064295511371121866
2963.0,0.005489644256276984
2968.0,0.0029141948773370755
2976.0,0.004579786551829278
2980.0,0.006743709486957123
2987.0,0.008379126757638493
2996.0,0.0008700076906399559
3004.0,-0.0019901516904707373
3008.0,0.009570715373372604
3015.0,-7.158920515340283e-05
3021.0,0.0002586133194053126
3025.0,0.0002786504960780354
3032.0,-0.007223596970061704
3039.0,-0.0003760001520206024
3044.0,0.006539865661297135
3051.0,0.007298867795382174
3058.0,0.012382870609814262
3066.0,0.008683625027873532
3072.0,0.0059162781245163205
3080.0,0.00268167223286522
3084.0,0.011432374827920979
3091.0,0.0029374843193385397
3099.0,-0.0028836001654145684
3106.0,0.006508273378398022
3113.0,-0.001946528269713726
3117.0,0.005960013339192475
3129.0,0.0006931337796667512
3138.0,0.005908667692288849
3145.0,0.004545080917828572
3152.0,0.002583151391724043
3161.0,0.006737349643746568
3170.0,0.001244208632562757
3178.0,0.004464133550926067
3187.0,0.006914094746848326
3196.0,0.005548352904117148
3207.0,0.00586526538644058
3215.0,0.0065407037608967
3223.0,0.005619338028267576
3232.0,0.006199461576765233
3242.0,0.003007262609431198
3251.0,0.005090449522028853
3260.0,9.588878061997291e-06
3268.0,-0.0035340764991557455
3275.0,0.00459228657117709
