,4
3282.0,0.00346970673855949
3287.0,-0.009111846651975423
3293.0,-0.007483932472278275
3302.0,0.005657400232214444
3313.0,0.01564425942832846
3320.0,0.008300029487758426
3327.0,0.012443531383329874
3332.0,0.012530159465451326
3340.0,0.0056596352543180645
3349.0,0.0009549444249764991
3354.0,0.00416356988161693
3365.0,0.004538854784401986
3370.0,0.005471043892667255
3381.0,0.0022110128745811254
3389.0,0.002423545419084131
3400.0,-0.0016194403716377898
3409.0,0.0032677632218725537
3418.0,-0.012098863442968446
3426.0,-0.005876902627617264
3435.0,0.0018879853583498233
3445.0,0.005166839002196249
3453.0,0.004227072900545267
3461.0,0.0002452592560101966
3469.0,0.005256854533764862
3477.0,0.004342284196530621
3484.0,-0.0019537864088137458
3498.0,0.007730468483601762
3507.0,0.006043243821733022
3515.0,0.007466521898578762
3524.0,0.011725118543534039
3532.0,-0.00201664574695123
3536.0,-0.000610878224673976
3548.0,0.0023858254002610607
3560.0,0.0014259153447474084
3568.0,0.00989190644088815
3580.0,0.006363146078218866
3591.0,0.01707320751972988
3600.0,-0.005436019957616524
3609.0,0.006766590094844155
3617.0,0.004992219000122485
3628.0,0.0019342800511779005
3636.0,0.0071875831512342395
3643.0,0.0028059021493321208
3650.0,-0.004776805883038366
3659.0,-0.009949677846646738
3669.0,0.0027191064405537664
3674.0,0.0015421084842960325
3683.0,0.009050263878453792
3691.0,0.005354494657316668
3696.0,-0.0027018722095577073
3704.0,0.0031045001550209206
3711.0,-0.011362570718213802
3720.0,0.005377500362775688
3728.0,0.0017858233903591057
3735.0,0.009730021796099534
3744.0,-0.0054399290412297605
3748.0,0.017970346443935106
3755.0,0.002006622305821684
3769.0,0.004109454656541019
3779.0,-0.004019460339607916
3788.0,-0.0020263001681880767
3796.0,0.010557287184762105
3805.0,-0.003065576019097459
3816.0,0.007326304821266688
3828.0,-0.0002014755671207014
3832.0,-0.00028808606423931017
3841.0,-0.003208958296246477
3847.0,0.005839654108843305
3856.0,0.008548504716907145
3864.0,-0.0004006185554700774
3876.0,0.005006242020467362
3887.0,-0.0040931645403931285
3895.0,0.0031783400460691866
3906.0,-0.002801444146664741
3914.0,0.0007676520171033891
3921.0,-0.003749980832866091
3929.0,0.004812987872228461
3936.0,0.004784653721238462
3943.0,0.00640597504861295
3950.0,0.011294972989487947
3958.0,0.006905519659268152
3966.0,0.00652895315599381
3975.0,0.002577078181532635
3980.0,0.008859746451294028
3986.0,0.009600886933318795
3991.0,-0.001880267486505644
3995.0,0.007315888582961337
4000.0,0.00854352093425032
4007.0,0.000796546626372624
4015.0,0.010484650590683129
4022.0,0.005996331008115341
4029.0,0.007060200076693353
4036.0,0.005696917801634195
4048.0,3.067642689152322e-05
4057.0,-0.0015729974978786402
4061.0,-0.0009532392202030792
4066.0,0.01084907941211577
4071.0,0.010870310284556504
4079.0,0.005947701797083527
4084.0,-0.010499408943630975
4088.0,0.005952707576830453
4099.0,0.00351316840297835
4105.0,0.005974919901325098
4117.0,0.008429148916500154
4124.0,0.008520003841840887
4131.0,-0.0007070684341331749
4140.0,0.002482639657909578
4147.0,0.0008840965101715821
4156.0,0.00563777652179973
4163.0,0.0071688193487122204
4170.0,0.005942626460811929
4177.0,0.005340085603904587
4185.0,0.0135399223331854
4191.0,0.010171203459002062
4200.0,-0.004929032686613377
4207.0,0.01614594780042017
4214.0,-0.010682502875548412
4219.0,0.011641119363553111
