,5
2872.0,0.011820078169408377
2877.0,0.00167822613954855
2888.0,0.004736735933796188
2899.0,0.004074480713882241
2905.0,0.0036538942844737804
2913.0,0.0005889121156730811
2922.0,0.002804378129127794
2926.0,0.0021943101338498376
2935.0,-0.0023978475814462556
2941.0,0.0022227287785583152
2949.0,-0.0009378312962880498
2958.0,0.0025647773894031715
2966.0,0.003746522862208997
2974.0,-0.0037305643607147116
2979.0,0.003106223737859169
2987.0,0.0060613405947535
2994.0,0.0016688033437069413
3001.0,0.00038703593761907953
3010.0,0.00223030653270073
3018.0,0.00038157655449261806
3027.0,0.002089289443124434
3036.0,0.003989902965086757
3042.0,-0.003533313547788991
3049.0,-0.004206412229720791
3060.0,0.013421094171339971
3065.0,0.0014336332851325653
3072.0,-0.0032277863569684395
3080.0,-0.0003921359338918949
3088.0,0.008441043646499134
3097.0,-0.004935435089802899
3105.0,-0.0003820511231490799
3113.0,0.007246299042413954
3119.0,0.003098568510694567
3126.0,9.36418842437814e-05
3135.0,-8.953518080214828e-05
3144.0,0.0007969329479178783
3152.0,-0.00028766574482984585
3159.0,0.002215201986053095
3167.0,-0.0007563596249452445
3173.0,-0.003702888560320243
3177.0,0.004140487287529578
3185.0,0.0003317362493735188
3192.0,0.0007733193696376192
3200.0,0.002592814304843905
3204.0,-0.004851146052080701
3211.0,-0.0009698529294845933
3220.0,-0.0001482431972204361
3225.0,0.0013842104971102844
3230.0,-0.0007520058466204059
3241.0,-9.672772077130611e-05
3255.0,0.0005265654035010125
3263.0,0.001503075726354441
3269.0,0.00278347528390821
3278.0,-0.0012318010923341898
3286.0,0.004296614910264055
3294.0,-0.004561396528130162
3299.0,0.0030874047049404556
3305.0,0.002040014390812772
3314.0,0.004381316955824617
3323.0,-0.0013311699991172441
3331.0,0.0012496583263085462
3339.0,0.0003363975511005976
3348.0,0.0004180000857003876
3356.0,0.002015814854466214
3361.0,0.00018636768611758213
3370.0,0.0035009612128933825
3381.0,-0.0006636675662825557
3387.0,0.0001414213122563926
3395.0,0.0032656568184230446
3403.0,0.0036391258305832593
3414.0,0.007658386371032881
3421.0,0.007657284159983524
3425.0,0.0036839366427897325
3436.0,0.00470846554881476
3443.0,0.00569957808339205
3452.0,0.00017736910107994428
3460.0,0.0010970495468671149
3469.0,0.0009716985097080341
3477.0,-0.0025349654147504576
3484.0,0.0023989317148603697
3493.0,0.001272356637657163
3498.0,0.00020056294962155868
3506.0,-0.0007391426153585926
3517.0,0.00020526403752713936
3525.0,0.0006604045108192347
3533.0,0.0022880844959442515
3541.0,0.0027403601333576555
3550.0,0.003998576492312094
3555.0,0.001966656742410283
3563.0,-0.0023616357023086404
3571.0,0.0002725226394805495
3580.0,0.00041198876446881514
3586.0,-0.007574415741026289
3593.0,0.003772837028590303
3602.0,-0.00026607861065068437
3610.0,-0.000501270812671909
3620.0,0.0028418494315013863
3627.0,0.002534467635292034
3634.0,-0.000563409457505067
3645.0,-0.0011533746604925328
3653.0,-0.0002380134475696997
3659.0,-0.0004974497710686206
3667.0,0.0006256009054282602
3675.0,0.0031102580122534247
3680.0,0.005136654970899192
3691.0,-0.0051599799030665125
3695.0,0.008097634824589497
3702.0,-0.0013129276647819777
3709.0,-0.0006297576432610433
3714.0,0.001792857723193935
3723.0,-0.0005475409381229631
3732.0,0.0017760845262341184
3739.0,0.0010220597876554646
3747.0,-9.595617726216907e-05
3755.0,0.0020101528865428746
3763.0,-0.001519312577226802
3774.0,-0.005036843373979209
3782.0,-0.002404017037761762
3788.0,-0.0005828389931638498
3797.0,0.0016480199688436866
3807.0,0.004925524261813589
3814.0,-0.0004903336030098015
3821.0,-0.0007018149299409023
3829.0,-0.0011327785081819385
3838.0,-0.00023198203511278805
3848.0,-0.00039279865043898157
3856.0,0.0011891515169171049
3868.0,0.0014407669037141144
3876.0,-0.0009513315792569172
3886.0,-0.0003166072712913649
3894.0,-0.0007459135821715984
3902.0,-0.0029335528571328203
3906.0,0.0009278826554322005
3914.0,-0.0031933261131282466
3918.0,-0.00048800280827189675
3925.0,0.004630749190192487
3934.0,0.003320600836456154
3939.0,0.0011882599065392281
3943.0,0.0017295414848351558
3948.0,0.0016958805477116415
3957.0,0.0033718589201729866
3965.0,-2.274772108972947e-05
3970.0,0.0015035984689903987
3981.0,0.0027979101187394512
3986.0,8.65710667509119e-05
3994.0,0.000352731792351102
4003.0,0.00044828084040410634
4012.0,-0.000552481160343244
4020.0,-0.00048276744526731845
4025.0,0.00357734119170839
4032.0,0.0005162210054243956
4040.0,0.00035987770712172157
4049.0,0.0028167956949253633
4058.0,0.0017900573041704376
4063.0,-0.0015099527174552033
4072.0,-0.0028503687214134596
4080.0,-0.005730856080511462
4085.0,-0.0035843009514992374
4092.0,-0.00709105085578465
4099.0,-0.003821360429251885
4107.0,0.0008520525238351544
4118.0,0.001294253508862787
4124.0,-6.773462393228505e-05
4132.0,0.0005951048580121577
4140.0,0.0017911504318171157
4146.0,1.026585484770907e-05
4150.0,-0.002102999259560564
4161.0,-0.0003632808023823135
4169.0,-0.0010028273884200693
4180.0,-0.0017532576993233048
4188.0,-0.0018503583293334102
4197.0,0.0038288009075090534
4205.0,0.0013221325188258358
4209.0,-0.0003608250669244791
4215.0,0.003940581884853431
4223.0,-0.004589010168263297
4232.0,0.00010295554712889446
4241.0,0.0021854207576268428
4255.0,0.0007422135695731024
4260.0,-9.953308677535671e-06
4269.0,0.00161362425688599
4276.0,-0.000523868651505487
4287.0,-0.00011462781004705694
4296.0,-0.004893799058409963
4302.0,-0.0026233664717445477
4312.0,-0.000768849974338311
4323.0,-0.00017994380026088852
4331.0,-0.0015658658439702412
4339.0,-0.0010177161951993607
4349.0,0.003560376719436868
4356.0,0.0005533016089039699
4363.0,0.00011931369240890148
4372.0,0.0009950360561225263
4380.0,0.000713756553983714
4387.0,-0.00028234187209326704
4396.0,-0.0011824627630082406
4404.0,0.0021281933804079226
4408.0,0.0013542061127460848
4416.0,-0.000970781390593004
4427.0,0.00046518120923405175
4434.0,-0.0013606287988317776
4443.0,0.0013992433819429348
4447.0,0.003332923888886274
4455.0,0.0006340130857539086
4464.0,0.0010923259539019222
4474.0,0.0009438694851375808
4482.0,0.001321364348159402
4490.0,-0.00066370457967289
4498.0,-0.0015321334782638523
4507.0,-0.0006124870863354014
4511.0,0.0010053044597206193
4519.0,-0.0026431996080015317
4524.0,-0.0015696280920724259
4536.0,0.003412587232928105
4542.0,0.002871825852297247
4551.0,-0.0023835550591522286
4560.0,-0.0013099499809564948
4568.0,-1.948149802891183e-05
4577.0,0.00422333247520489
4584.0,0.0016258931686840227
4592.0,0.0011140123806324352
4600.0,0.0007928087087978793
4608.0,-0.00017667525075104503
4617.0,-0.000672650812198929
4625.0,-0.004185992082928313
4633.0,0.004790444259382467
4640.0,0.0013115681655045336
4651.0,-0.003136836149873864
4658.0,0.0003981099446264516
4668.0,0.0015105661301284378
4676.0,0.00038917754570425787
4680.0,0.001269195013995794
4686.0,0.004043600242622385
4692.0,0.0014917619903352533
4697.0,0.0011286739149424885
4705.0,-0.0009880945114787742
4710.0,0.0007433918493980898
4718.0,0.0033727820512169772
4723.0,0.0010198022957212346
4731.0,-0.004136717708790022
4740.0,0.0005922075740445129
4746.0,-0.0022477195946254687
4760.0,-0.011871038955734324
4767.0,0.007184109211293427
4775.0,0.001701311942908098
4783.0,0.0026711868231829037
4794.0,0.0010469943431756753
4803.0,-0.0010725328816341237
4811.0,0.0005279147345866224
4815.0,0.001600587094596931
4823.0,0.0001053490232373845
4831.0,-0.0009688764443400683
4839.0,-6.495707724499709e-06
4845.0,0.0015501061048757525
4853.0,-0.0009545367642202307
4861.0,-0.003082309601310281
4867.0,-0.0019564104331733253
4872.0,-0.0011318228234164498
4883.0,0.00027532658516038407
4887.0,0.002211330926855339
4892.0,0.0016243050765207753
4897.0,0.0035505346725469033
4902.0,0.0017022962863245214
4909.0,0.002857587383862176
4916.0,0.002680220784331894
4924.0,0.003665641960185126
4929.0,0.0011641924412813622
4940.0,-0.0011827382138735229
4946.0,-0.00022662783322270478
4955.0,0.0016620089421258812
4963.0,-0.0020440506784545655
4972.0,-0.006086908064499499
4980.0,0.0046673099568279326
4988.0,-0.002118701678996309
4992.0,-0.003215781246138149
5000.0,0.00026736035046242787
5009.0,0.005359155979790389
5016.0,0.0012398569246925887
5024.0,0.0006370171983035117
5035.0,0.0005129020533969161
5043.0,-8.658185279086343e-05
5052.0,-0.00021721781503983485
5064.0,0.0020648315461233645
5072.0,-0.00021450616461738688
5081.0,0.0010781176402244286
5089.0,0.0009252624509274121
5098.0,-0.0009463708212996617
5106.0,-0.0014260887252490564
5114.0,0.0029155863284399688
5119.0,0.0030104212927182204
5126.0,-0.0010946979494299428
5137.0,0.0009298926607934336
5144.0,-0.00015237922768787155
5152.0,-0.00024332881306070032
5161.0,-0.001205615953101971
5168.0,0.004626781672723829
5175.0,0.00017924391027717467
5183.0,-0.0006600074576232287
5191.0,-0.001209057256309831
5200.0,-0.004477210924847054
5209.0,0.001531296124706159
5217.0,-0.007764634016023659
5224.0,0.002565108185043741
5232.0,0.0010752965009777154
5240.0,-0.002214861983340095
5248.0,0.0031762760332635152
5259.0,0.0031397952533348075
5267.0,0.001512835995369505
5276.0,0.0010638086282633258
5284.0,0.00019032183993985998
5292.0,-9.246487893370128e-06
5296.0,0.00015078083367049382
5304.0,-0.0014435167807300604
5315.0,0.0033963905537726974
5326.0,-3.76853592724632e-05
5332.0,-0.0014398964909090564
5341.0,-0.009588886060178402
5350.0,0.0036870290591410767
5358.0,-0.0025710654751559363
5366.0,0.0016117468372840512
5373.0,0.0008754967426229462
5380.0,0.0012981369680132703
5388.0,0.0016023501820322118
5397.0,0.0009103399106790607
5405.0,0.002200581766935275
5416.0,0.0033924447678336423
5425.0,0.0007188617722512698
5432.0,-0.0012598505124443268
5443.0,0.0034974986518736683
5449.0,0.0013067479421924946
5456.0,0.00032143267526535906
5467.0,-0.01123460199558967
5471.0,0.006158783578914241
5482.0,-0.003813572402645842
5486.0,-2.5211286763727205e-05
5495.0,-0.001467892284659621
5503.0,-0.0014974119122059901
5511.0,-0.011281993374502886
5520.0,0.0011078529659483923
5528.0,0.006973435143815071
5536.0,0.004197919684321325
5544.0,0.00024422854869506506
5552.0,-0.0019687884911743243
5561.0,-0.014948700077683438
