,4
2872.0,0.004117737708056074
2877.0,-0.0030226174536058877
2888.0,0.006523007113565508
2899.0,0.0022906259161912155
2905.0,0.0031077020797714793
2913.0,0.0014035925000726393
2922.0,-0.00914009793654022
2926.0,0.0074951398660894645
2935.0,-0.0040024399869604075
2941.0,0.0053630612793812964
2949.0,-0.012816043558239516
2958.0,0.0023291730299158002
2966.0,0.008173810596881546
2974.0,-0.010650809918265237
2979.0,0.006325242569347377
2987.0,-4.62109553199932e-05
2994.0,-0.0017710567549427834
3001.0,0.0030602567192807243
3010.0,0.0022379712111594277
3018.0,0.00027399637825298165
3027.0,0.008904260453330013
3036.0,0.0075949683627141345
3042.0,0.006592311246489714
3049.0,-0.00914509586662325
3060.0,0.01318193870521896
3065.0,0.00844959559058078
3072.0,0.007627194989764759
3080.0,0.006509658944066413
3088.0,0.015135235990907917
3097.0,-0.003420455925617407
3105.0,-0.0005743517238793082
3113.0,0.003088998859245018
3119.0,0.0025731733453789258
3126.0,-0.002666263217882202
3135.0,0.001124419671724826
3144.0,-2.838580997272154e-05
3152.0,0.00018959469850882485
3159.0,0.00039342072230652027
3167.0,0.0054201067983861775
3173.0,-0.00771563735236274
3177.0,-0.005215326846051514
3185.0,-0.0036005734150789223
3192.0,0.01224553608873308
3200.0,-0.0016543588361185
3204.0,0.004052660505486904
3211.0,0.006317867849190696
3220.0,-0.000597900950739289
3225.0,0.007160328606426877
3230.0,0.005672337878611808
3241.0,-0.0050307750435336415
3255.0,0.003127169543829752
3263.0,0.00592132121587309
3269.0,0.012236272030864515
3278.0,0.0036306045278122114
3286.0,0.00512368142211111
3294.0,0.01564694241819217
3299.0,0.01041789547529527
3305.0,0.010081966982922203
3314.0,0.012986100424107978
3323.0,-0.0047195517441215055
3331.0,0.0042577830940746025
3339.0,-0.002573991190949205
3348.0,0.0022647984283696663
3356.0,0.004344772641448248
3361.0,-0.0072982795897810525
3370.0,-0.0009725150320661223
3381.0,-0.0002923107063109487
3387.0,-0.00275375046941212
3395.0,0.0023021575011274767
3403.0,-0.004985145662448494
3414.0,0.012065416132231535
3421.0,0.003239600507194964
3425.0,0.004775933212779947
3436.0,0.006313895054343094
3443.0,0.013061632808417194
3452.0,0.013041989801506027
3460.0,0.0006697479502219357
3469.0,0.007776786828772781
3477.0,0.008395254856378735
3484.0,0.002536652554946186
3493.0,0.005707006354271917
3498.0,0.00883032299021564
3506.0,0.0032565259525974906
3517.0,0.0065464311263002525
3525.0,0.0019684695425133897
3533.0,0.013956219527308177
3541.0,0.006595736310019788
3550.0,0.0028719132955585844
3555.0,0.008977338934077211
3563.0,0.008532445957909572
3571.0,0.013256710194556294
3580.0,0.009842502381018945
3586.0,0.005149890211963745
3593.0,0.0006177873178110592
3602.0,-0.0031645305013206036
3610.0,0.0006134163043213019
3620.0,0.006097862448395719
3627.0,-0.0014728091468755335
3634.0,0.004349381313754269
3645.0,-0.00992511492542514
3653.0,-0.003152842873476413
3659.0,-0.005425899889825397
3667.0,-0.00481184639239009
3675.0,0.0039073209979908225
3680.0,0.003548210341125584
3691.0,-0.012753106212335968
3695.0,0.009187283498386193
3702.0,0.006805554014470541
3709.0,-0.006717058466246076
3714.0,0.005668366312034725
3723.0,0.012445618722174923
3732.0,0.008293672117774193
3739.0,0.005801305266885132
3747.0,0.005775693959423355
3755.0,0.0031750863282912394
3763.0,0.0037486122188375016
3774.0,0.00881276014760864
3782.0,-0.003381648976545319
3788.0,-0.0027838193088766455
3797.0,0.003285891762397944
3807.0,0.0030421455794330124
3814.0,0.007113940746609283
3821.0,-0.0020752146451186626
3829.0,-0.0016258843592910897
3838.0,0.0017833702956858823
3848.0,0.002604332044033879
3856.0,0.00745508000325597
3868.0,-0.006119426108597173
3876.0,0.002869345200424103
3886.0,-0.0016088516048570508
3894.0,-0.008617373359783489
3902.0,-0.005563905830946489
3906.0,0.010365623253976653
3914.0,-0.006718481934138705
3918.0,0.007521414850741972
3925.0,0.011427384101020765
3934.0,0.012965917686507403
3939.0,0.01770365126127033
3943.0,0.005529400446768212
3948.0,0.00843873096028005
3957.0,0.002971753103467895
3965.0,0.007490253764868363
3970.0,-0.00042117403293111765
3981.0,0.007786258351574434
3986.0,0.007113499150984752
3994.0,0.008206998902241608
4003.0,0.0028212142880897307
4012.0,0.006582340160135622
4020.0,0.0038094325258901415
4025.0,0.004113599435906541
4032.0,0.00620227169187058
4040.0,0.0009239294901962804
4049.0,0.008283550941576998
4058.0,0.008494272560413369
4063.0,-0.006517023336209537
4072.0,-0.009680360241457978
4080.0,0.001161782245189848
4085.0,0.009577075367719508
4092.0,0.0028065157057230758
4099.0,0.00977792509082764
4107.0,-0.0012349247999277567
4118.0,0.0076419093567847126
4124.0,-0.001934746353138359
4132.0,0.006660989365888358
4140.0,-0.00864519019633734
4146.0,-0.007046556365810076
4150.0,-0.0026516540943443846
4161.0,-0.007764857174061976
4169.0,0.00033559570898501604
4180.0,0.013494269052154763
4188.0,-0.005419857163909103
4197.0,0.018160705218293043
4205.0,0.009701765509906597
4209.0,0.006715976886929306
4215.0,0.008966029405415889
4223.0,-0.002022203833600329
4232.0,0.004033968159861785
4241.0,0.001407648662994806
4255.0,0.010196957026948367
4260.0,0.010376255681343323
4269.0,0.0014419804825190972
4276.0,0.005659411691393228
4287.0,0.00839693957110613
4296.0,0.005072585186450503
4302.0,-0.009597448455026929
4312.0,0.01507593639941323
4323.0,-0.002286085304397295
4331.0,0.005798356313521986
4339.0,-0.0013260347714889294
4349.0,0.004781503510193994
4356.0,-0.0026288307721274995
4363.0,0.0006770546053554097
4372.0,-0.003042126555278249
4380.0,0.013437602907452854
4387.0,-0.005343526851897647
4396.0,-0.01111216645168647
4404.0,-0.006222379895328362
4408.0,0.00765008034571224
4416.0,0.005817864734976367
4427.0,0.008479957592903781
4434.0,0.008680002385269366
4443.0,0.006680922968201924
4447.0,0.008160569995391706
4455.0,0.001714972725956565
4464.0,0.00462666041002702
4474.0,0.0052200048832782816
4482.0,0.0025514007569758623
4490.0,0.006908752944382075
4498.0,-0.004739695631610395
4507.0,-0.007856765577466665
4511.0,0.011484476976183825
4519.0,0.008478985816556435
4524.0,-0.0029755258668882297
4536.0,0.007259878575994894
4542.0,0.011019194885802119
4551.0,-0.00037096427649214845
4560.0,0.0010481222008439767
4568.0,-0.004210829250980055
4577.0,0.003821058033763536
4584.0,0.0009021386214272063
4592.0,-0.005676721806323592
4600.0,6.544171175991816e-05
4608.0,0.005056595988228192
4617.0,-0.0016277380262275105
4625.0,-0.006563957672790829
4633.0,0.0007355883178602568
4640.0,0.0028112530374757054
4651.0,0.0023776873759553106
4658.0,0.011523822932503132
4668.0,0.01258323610938057
4676.0,0.012015506214967627
4680.0,0.006162574933132051
4686.0,0.0072218442272641865
4692.0,0.000657366361690082
4697.0,0.007035469564583785
4705.0,0.004990547269885407
4710.0,0.005236877200157289
4718.0,0.006045017504378963
4723.0,0.009064266815649397
4731.0,0.0055170322160427365
4740.0,0.0063819071779077086
4746.0,0.003318031810435459
4760.0,0.007427944958081042
4767.0,0.0006965726832308366
4775.0,0.0012921025458772274
4783.0,-0.006778613271030332
4794.0,-0.002074591065026325
4803.0,-0.004873675227926231
4811.0,0.0024127075109486944
4815.0,-0.005675234472270174
4823.0,0.01127598574751053
4831.0,-0.003236476876515714
4839.0,-0.005157481390066991
4845.0,-0.006521509438546228
4853.0,0.003069289279037121
4861.0,-0.002047866227614882
4867.0,0.010494967986818758
4872.0,0.014475303548792291
4883.0,0.001718602051424107
4887.0,0.006178336761635824
4892.0,0.0007357605901086188
4897.0,0.002861920886872679
4902.0,0.0019029542269832923
4909.0,0.005988381268754854
4916.0,0.004438377092234784
4924.0,0.009696704413591975
4929.0,0.00347663850672975
4940.0,0.006534071885941147
4946.0,0.009539899029899592
4955.0,0.010150133357572737
4963.0,0.006164018783706066
4972.0,-0.017409686823774532
4980.0,0.009385905852770257
4988.0,-0.0069008310796116815
4992.0,0.007290744412978072
5000.0,-0.0036654301423286427
5009.0,0.0020825602907754083
5016.0,-0.004038614746399955
5024.0,0.006208340872576356
5035.0,-0.001988773548147577
5043.0,0.0075608449362134815
5052.0,-0.005103997728887509
5064.0,-0.007645976168775614
5072.0,-0.006164944688516153
5081.0,0.011399022218864695
5089.0,0.0063804181718125135
5098.0,0.01176615921814397
5106.0,0.004296091890335332
5114.0,-0.0004335701129453213
5119.0,0.003920231334275398
5126.0,0.004741489086162298
5137.0,-0.0007340893653526389
5144.0,0.004833915002038088
5152.0,0.004693587597204428
5161.0,-0.001179879095055628
5168.0,0.006148076127263911
5175.0,0.00326087449993352
5183.0,6.623906000098113e-05
5191.0,0.013294645505626718
5200.0,0.0014757689525838964
5209.0,-0.0013263355281322743
5217.0,-0.0018381531632193878
5224.0,0.002168239316806009
5232.0,0.0018541059179421468
5240.0,0.003199076227414891
5248.0,-0.002463892065185847
5259.0,0.0035457476769302676
5267.0,0.006617750785691243
5276.0,-0.007920040890241823
5284.0,0.003220264700042567
5292.0,-0.002735124045156566
5296.0,0.007014894718575993
5304.0,-0.005112842391726186
5315.0,0.005817845663434011
5326.0,-0.0017672877913207153
5332.0,0.006658024934561868
5341.0,-0.0035194259742113163
5350.0,0.011775743595989025
5358.0,0.011061927514953343
5366.0,0.001281108634023261
5373.0,0.00519353249625745
5380.0,0.005005170713273008
5388.0,0.007226453365016417
5397.0,0.002085819728455811
5405.0,0.0067181145211654475
5416.0,0.006925434643170173
5425.0,0.0036945347592923653
5432.0,0.0025233046125325846
5443.0,0.005486753264746496
5449.0,0.00512677329637737
5456.0,0.006336584859341335
5467.0,-0.012886685526146921
5471.0,-0.004249212780253948
5482.0,0.0020414747562126556
5486.0,-0.010945702513021894
5495.0,0.008476935342042516
5503.0,0.005392563827467979
5511.0,0.005553217882345479
5520.0,0.006975162538361647
5528.0,0.009100365167124523
5536.0,-0.004906350138648729
5544.0,0.01564923128659722
5552.0,0.01253559855594061
5561.0,-0.013792408905836277
