,5
2.0,-0.009731957739548942
11.0,0.01027867066099067
18.0,-0.0019111086172050131
27.0,0.0011024493680416977
38.0,0.0012838695381078096
47.0,0.00034342723429678883
55.0,0.0022086171927813312
62.0,0.000283150033059957
70.0,0.008004996520405667
77.0,-0.0028655879209326493
81.0,-0.0006397039115748354
89.0,-0.007884650917330219
93.0,-0.01060818076159424
97.0,0.0025860553601886075
104.0,0.0031162077914250615
108.0,0.0029132582152793978
117.0,0.001094724316077762
124.0,0.002029478301023395
131.0,4.103931861851312e-05
142.0,0.0004323062260447658
149.0,0.0013274703586551666
158.0,-0.0013839974141516157
169.0,-0.003101838785226944
179.0,-0.0014367300087983989
187.0,0.0031658715690165927
194.0,-0.0010393897872629585
198.0,0.002391092593882687
207.0,-0.0015725962228059877
218.0,6.197779947820321e-05
227.0,-0.0035252949718651764
236.0,-0.0015490335821788444
245.0,0.006000460618383834
257.0,0.004181879414851932
264.0,0.0008635134314388349
269.0,-0.006643794007861112
276.0,-0.005992859281549561
284.0,-0.0005074685418411635
288.0,0.00130146289222083
295.0,-0.0017368924481583749
304.0,0.0013651176282284236
311.0,-0.0003655956898854828
321.0,0.00323949399977861
328.0,0.004897109085864372
336.0,-0.0004651776724781711
343.0,0.00025941052479640274
354.0,0.001098951452678697
364.0,0.0015976922189515025
371.0,-0.0019096755119342701
379.0,-0.0030956414816741052
390.0,0.0004433840735046597
394.0,-0.0015225450496033684
401.0,0.0028081111422184435
409.0,0.0009468384619228702
418.0,0.0012968104560405396
429.0,0.0010459116196351104
437.0,0.000263031713856769
444.0,0.0022253550219713757
458.0,-0.0012796807924138698
466.0,-0.0020387654458481593
473.0,0.0012577469662930876
478.0,-0.0015708592011218984
482.0,0.00034391594020295323
491.0,0.002984426107493081
500.0,0.0011446043446013097
509.0,0.0028707384417570236
520.0,0.0017393627071443773
524.0,0.000999948277262251
528.0,-0.003416003939360299
536.0,-0.00034784349581978266
547.0,0.0102668362732789
555.0,0.005641551640860511
559.0,-0.0020292549760819413
571.0,-0.0005773701733334911
583.0,-0.0001908289769654609
591.0,-0.0029071455138606614
600.0,-0.0009755231411890703
605.0,-0.0003341605237993944
614.0,0.0011773304482619047
620.0,0.0032621148089764375
625.0,0.0017372659905058587
633.0,0.0005886349467830147
641.0,0.00046053750149729916
649.0,0.002477231693709367
660.0,0.001279206709248516
668.0,7.675438147156041e-05
675.0,-0.0009014741251930261
682.0,0.0004366960374991342
688.0,0.00022101935456069697
699.0,0.002258919254203385
706.0,0.00012697232369241498
713.0,0.0019580575900523976
725.0,-0.003722804085702739
734.0,0.0013910751285461528
742.0,0.0038260289903554196
749.0,-0.0008610126142588809
756.0,0.0012885287292870844
764.0,-0.001860781948388696
778.0,0.0017449645857870693
788.0,0.001991754696104641
799.0,0.000585822306818082
807.0,-0.0005806500823008259
815.0,0.00186839224999275
822.0,0.00331241019349422
833.0,-0.0010729494354215733
840.0,-0.0001173035258328914
846.0,0.0029670723396277893
855.0,0.013005559571987657
863.0,0.005208622897107427
871.0,0.0017287715186356679
878.0,0.002118532224372839
886.0,0.002528764289674856
893.0,0.0011726054228156921
901.0,0.0016668115186979802
907.0,0.0001537331099105468
911.0,-0.0011647583528057923
919.0,0.0020202506995119778
928.0,0.0009152254263213096
935.0,0.00013096725908583157
943.0,0.004870765635311038
951.0,-0.008462433948895119
960.0,-0.0006720113820006163
968.0,0.002401122502255231
979.0,-0.0027510379361297224
988.0,0.0008196380498872967
995.0,-0.0019935706521789073
1004.0,-0.0008606769991727921
1009.0,-0.007508442260886591
1018.0,0.0015617060998942447
1024.0,0.0013108289793240051
1032.0,0.00899177283930771
1039.0,0.0020737247619336367
1050.0,0.0007921902010272487
1060.0,-0.0005024608367670167
1071.0,-0.003038342745138849
1080.0,-0.001672240489747475
1089.0,-0.00029281898604060905
1097.0,1.5809682424421613e-05
1105.0,0.0008172877648772504
1114.0,-0.0002560515429214293
1126.0,-0.0012122420089966056
1138.0,0.0014393782205727958
1146.0,-0.00012149778868315838
1154.0,0.0009876100255801269
1160.0,0.0005216478401015421
1165.0,-0.0042238087628693735
1174.0,0.0015248439975097071
1180.0,-0.00351660236903136
1188.0,2.0964943976336007e-05
1200.0,-0.002532146779102049
1208.0,0.0009504144545962605
1219.0,-0.0013620448411575156
1228.0,0.0008244894098369375
1237.0,0.0004962443759804762
1244.0,-0.001131718595275966
1255.0,-0.0009129473303982412
1263.0,-0.002510375081938433
1277.0,0.000901284384567661
1285.0,0.001056989482331853
1290.0,-0.00045326408845687305
1301.0,0.0007211816896255133
1310.0,-0.0012423211729108664
1318.0,-0.001270627082772413
1326.0,-0.004942055284789806
1330.0,0.000253534755546218
1338.0,0.000420720702341373
1345.0,0.0018575870374855517
1353.0,-0.002164040915668995
1361.0,0.0021168343278545397
1370.0,-0.0009982116173331333
1381.0,0.0034890863214784955
1388.0,-0.006324622244049127
1393.0,0.0018464062943153387
1401.0,0.0031160272269295675
1408.0,-6.450282021597096e-05
1413.0,0.001514640530165564
1421.0,-0.009139331869418446
1426.0,-0.0007477981860067
1433.0,-0.004568840808581322
1440.0,0.0008874479879942363
1449.0,0.004719104202300811
1456.0,0.003175405409416474
1463.0,0.002302157089221824
1471.0,0.0018462377646484302
1479.0,-0.008046559800395703
1486.0,0.005254394929499484
1491.0,0.002537420038682667
1499.0,0.009848634816012159
1504.0,-0.006269533019251379
1509.0,0.006369598041502722
1518.0,-0.0024948549940877187
1530.0,0.0035232403386526215
1539.0,0.0008147458438707062
1549.0,0.0011427108723526041
1557.0,0.001132902034559544
1565.0,0.0009348101976432336
1574.0,0.003092955752840682
1581.0,0.0009275423644671273
1586.0,-0.00022738957813525182
1595.0,0.0026413672395066644
1602.0,0.0007990568523906977
1609.0,0.0024300255585400442
1614.0,-0.0014168490173530808
1622.0,-0.0034634211510491384
1629.0,-0.0005817490870379675
1637.0,0.021752450577391252
1646.0,-0.012825123834688758
1655.0,0.0008696382168760004
1663.0,0.011582346051356005
1673.0,-0.006000945779280203
1681.0,0.0016203790595721807
1688.0,0.005066103658251418
1697.0,-0.0008397437132895357
1708.0,-0.003652365192583316
1717.0,-0.0001478016454869749
1724.0,-0.004535879015426803
1732.0,0.004126146217459917
1739.0,0.00031097624249325787
1745.0,-0.004736936221516461
1753.0,-0.005149014408046287
1760.0,-0.003278222195526621
1769.0,0.002340508853122191
1778.0,-0.009620704551360392
1787.0,0.008479531986886325
1795.0,-0.00018549517410546684
1804.0,-0.000646270219415753
1811.0,-0.00058013509420768
1819.0,0.0007988645915092229
1828.0,0.00030861067109059153
1837.0,0.0009927315431880817
1845.0,0.006667026414010717
1854.0,0.0008328649909169223
1863.0,0.0008265438453544211
1872.0,0.00030269314778444065
1880.0,-0.0006204365138842376
1891.0,0.006026697338022049
1900.0,-0.0008518032042035052
1908.0,-0.000259222422359185
1919.0,0.0012884582426512128
1924.0,0.0001671905083553514
1933.0,-0.0009559256045425373
1941.0,0.0025447021862605537
1952.0,0.0006507067917361606
1963.0,0.0012662500793491987
1974.0,0.006804387999402996
1979.0,0.0015986487985862924
1985.0,0.009974411128768144
1994.0,-0.0029382135843763492
2002.0,-0.003268559092569858
2010.0,0.0005654219644491488
2018.0,0.007806920311101259
2025.0,0.00500083156492177
2034.0,0.0013107930476941101
2048.0,0.0047932349634471575
2057.0,-0.0005227832150789261
2066.0,-0.0022801294815404053
2077.0,0.001011549108932585
2081.0,-0.003817168057745334
2088.0,0.0008278981825239516
2092.0,0.0028479220442610234
2100.0,-0.0033497513680959753
2107.0,0.0009469046923462625
2116.0,0.000969583015767022
2124.0,0.0016281741519877748
2132.0,-0.00041910155537741974
2141.0,-0.002629583408958975
2151.0,-0.004509866149614819
2160.0,-0.00013290340911860976
2169.0,-0.001783220597680652
2178.0,-0.0016503925157377586
2182.0,0.008039999107669928
2187.0,-0.00031403247840597033
2195.0,0.0021970655515810063
2206.0,0.0024065221383940787
2214.0,0.0036007335638743878
2222.0,8.62692304169086e-05
2230.0,0.0037382158125728476
2241.0,0.0011180396145888578
2252.0,0.0011600966645959317
2260.0,-0.0006829186037171399
2269.0,-0.004723697010166036
2276.0,0.0004507781924342431
2284.0,-0.0005728611874517091
2293.0,0.001821936287960201
2301.0,-0.0004991119401431671
2307.0,0.002977561757490115
2312.0,0.0002843973418341732
2320.0,0.0012800452850412348
2330.0,0.00018545238240697074
2342.0,0.00320124477487171
2350.0,-0.00462013719114643
2357.0,0.007538227564692896
2364.0,-0.005710484229581238
2372.0,0.006334042710261966
2380.0,0.004645484692484311
2389.0,0.0018526837948724508
2397.0,-0.005795869338279009
2406.0,-0.0007446713324940983
2413.0,-0.0017688801384548307
2421.0,0.005461473071867752
2426.0,0.005592427829672529
2430.0,0.01594502573276062
2436.0,-0.00453771474569588
2444.0,-0.00293011126577635
2455.0,-0.00465317647416319
2460.0,-0.0025516237026614085
2474.0,0.0012809248220811082
2481.0,0.003284961984221402
2495.0,0.0021882083636155943
2503.0,0.001516754714135387
2510.0,-0.003931836449546742
2520.0,0.010495411059602099
2525.0,0.00032539814485658155
2533.0,-0.0007811705344217635
2544.0,0.0024120901376846462
2549.0,-0.004225797921370252
2557.0,-0.0008964203104042774
2566.0,-0.006061585505010944
2572.0,-0.003207239438360092
2579.0,0.0022109366985094783
2588.0,0.002874462287033056
2595.0,0.0043370194483809184
2604.0,-0.0012861939533828943
2612.0,-0.0002554916124596839
2620.0,2.8815664030813125e-05
2625.0,0.0009962673718901392
2633.0,-0.0019313358262004737
2644.0,0.0004303658918652529
2655.0,-0.001968163516767171
2663.0,0.0006659721299706988
2671.0,-0.0018076616197701628
2676.0,0.004870092707563865
2685.0,0.001037601216718529
2693.0,0.0001237193678226442
2698.0,0.0008178965091718062
2707.0,0.0009164391776326725
2716.0,-0.0007086739477573297
2727.0,-0.00036158201151470645
2736.0,0.0022154458298218028
2743.0,4.760584371336479e-05
2752.0,0.000784439070142068
2763.0,0.001481055203162903
2772.0,0.0004645110965123577
2781.0,0.001133662516020952
2787.0,0.0003447785137721579
2798.0,0.0007856905045395443
2807.0,0.0018538057274748968
2816.0,0.0017267275063812643
2824.0,0.00011801116359432616
2833.0,0.0009498913859236117
2842.0,0.00416401683376124
2853.0,-0.0014014920615975192
2862.0,0.006652007242730615
