,3
2.0,0.01188974009206152
11.0,0.0140056936354552
18.0,-0.009333073805304409
27.0,-0.016060245803283642
38.0,-0.013059518533000563
47.0,-0.007842965500538795
55.0,-0.0029609152949557327
62.0,-0.00034408467370624913
70.0,0.006100743551968315
77.0,0.023822049048992492
81.0,0.02948573014458257
89.0,-0.015581807479897406
93.0,0.015195502281363788
97.0,0.015192143675086367
104.0,0.03467667672820242
108.0,0.004355753036988459
117.0,0.011771499264499326
124.0,0.013684101072316393
131.0,0.00034158127400017485
142.0,0.01083418123079352
149.0,0.010562307560161376
158.0,0.007454128245440909
169.0,0.022030886018308337
179.0,0.01719544463582744
187.0,-0.0034692253568845
194.0,0.022339556796315514
198.0,0.010205562002622107
207.0,-0.02477054075547492
218.0,0.007640214804147015
227.0,0.012589183596669511
236.0,-0.001403429716744538
245.0,-0.002680089280916601
257.0,-0.017165049894088753
264.0,0.006799292363244827
269.0,-0.000827158479459809
276.0,-0.003964803304548094
284.0,0.038057296097138406
288.0,0.000911573568035653
295.0,-0.016054296427349665
304.0,1.60324806795348e-05
311.0,-0.007497584962313304
321.0,-0.008852634525922498
328.0,-0.01085167110835374
336.0,0.004323975508878994
343.0,-0.0110185813184284
354.0,-0.0019119640165173668
364.0,0.009062013760132234
371.0,0.006991205651539037
379.0,0.002753162514651362
390.0,-0.011240335222878239
394.0,-0.006795092614930004
401.0,0.0025081542209719407
409.0,-0.014587289694796751
418.0,-0.006176849196563604
429.0,0.0015069538131551824
437.0,0.004269468284863911
444.0,-0.010125145341664556
458.0,-0.004190157277252931
466.0,0.014820030225552573
473.0,-0.012282973624954967
478.0,-0.016366437186984904
482.0,0.011660792764949158
491.0,0.009017468298141368
500.0,0.021201061478647764
509.0,0.008688330938399609
520.0,0.015894175251562958
524.0,-0.009938346174288262
528.0,0.022231685642409148
536.0,0.015001541236199354
547.0,0.018874501110261042
555.0,-0.007963196249761459
559.0,0.009841806462985804
571.0,0.012067791374702616
583.0,-0.001545810015973596
591.0,-0.017902892273480124
600.0,0.010054730333116373
605.0,-0.00590992719021046
614.0,0.0013385283173390063
620.0,-0.010670199016601272
625.0,-0.011480364673569048
633.0,-0.007113638558094101
641.0,-0.003248939063897242
649.0,0.008356306270520036
660.0,-0.010714175822692682
668.0,0.019187317127694996
675.0,0.019136810500522305
682.0,-0.02385276137038897
688.0,0.00923267653346468
699.0,0.010861735545292364
706.0,0.007809793725708199
713.0,0.0021725345015009773
725.0,0.023759629797907782
734.0,0.019532499816697198
742.0,0.0044933521043810385
749.0,0.0058744031005180586
756.0,0.013697604504533317
764.0,0.012655295623432644
778.0,-0.023284620046287063
788.0,0.006417649780888288
799.0,0.020098688231884113
807.0,0.004759304636818954
815.0,0.013812393776857803
822.0,0.013253115603066487
833.0,0.0026042919306906217
840.0,0.007078843161673495
846.0,-0.0038093564964204432
855.0,-0.020098189028922953
863.0,0.0007875068935013907
871.0,0.0013301454097428096
878.0,-0.01230131589460668
886.0,-0.00552924388462573
893.0,-0.008700871508039852
901.0,-0.010410974993017583
907.0,-0.04676949642913429
911.0,0.01769848215757385
919.0,-0.002085884804604275
928.0,0.017873550665738543
935.0,0.0011860316842913334
943.0,0.009958646110593786
951.0,-0.0026797429955601614
960.0,-0.00041538776220785664
968.0,0.006134189793400308
979.0,-0.0026072179259685937
988.0,-0.011040451951425893
995.0,0.013669126916246303
1004.0,0.008253744346419359
1009.0,0.0009541432855175325
1018.0,0.00764395625024182
1024.0,0.0019706804429885827
1032.0,-0.006674658937291212
1039.0,0.012611354311327965
1050.0,0.005536074662147306
1060.0,0.020586033734755226
1071.0,0.01623028460264137
1080.0,0.011452899582174474
1089.0,-0.00983270963232286
1097.0,-0.0006119694415639692
1105.0,0.0037515098479709626
1114.0,-0.006041622665320603
1126.0,-0.008735999582819788
1138.0,0.014834017351796465
1146.0,0.004020979143461263
1154.0,-0.02124458992578766
1160.0,0.008080925514979366
1165.0,0.006106808747565711
1174.0,0.0136730363098742
1180.0,-0.014765104323849117
1188.0,-0.0055554010795120365
1200.0,-0.024167153228081016
1208.0,0.007358729072843118
1219.0,0.009897228132704173
1228.0,0.009250855313024916
1237.0,0.0028816638220079526
1244.0,0.01692169113303698
1255.0,0.0009039546128799384
1263.0,-0.00016505440000440667
1277.0,0.013187168737872621
1285.0,-0.0006256413535740634
1290.0,0.01578337945148068
1301.0,0.009762444446001023
1310.0,0.010444319178818563
1318.0,0.01445235309971884
1326.0,0.027455833596008908
1330.0,-0.0184042323195526
1338.0,0.007772868961032735
1345.0,0.0028486523197631397
1353.0,0.010929303623431582
1361.0,0.004943279768416923
1370.0,0.015456115460329057
1381.0,0.00034676007074624376
1388.0,-0.014357031974417022
1393.0,0.0070923076178970226
1401.0,0.0032703044367392944
1408.0,-0.022733170696429793
1413.0,0.021049963610860693
1421.0,0.0023392971010431345
1426.0,0.006111749085843725
1433.0,0.008431455905300913
1440.0,-0.023659950925945167
1449.0,0.010931810676271058
1456.0,-0.017305538886019142
1463.0,-0.005152371261816718
1471.0,0.01156450746352371
1479.0,-0.0043154665680018465
1486.0,0.011154749528612194
1491.0,0.011107765116752799
1499.0,0.007380670401690289
1504.0,0.019284570912604566
1509.0,0.003912264713680439
1518.0,0.006481888254101688
1530.0,0.015114290188604074
1539.0,0.006535823185958938
1549.0,0.005051707736615746
1557.0,0.015919162825107146
1565.0,0.006443556835663517
1574.0,0.017341741967527316
1581.0,-0.019799999054844947
1586.0,0.013150040455052041
1595.0,0.0031520496931163487
1602.0,-0.0029947675561259922
1609.0,0.011376509788053511
1614.0,0.008971089968914435
1622.0,-0.0022915992215388928
1629.0,-0.018972619296552525
1637.0,0.0033377036826209377
1646.0,0.010823570645534958
1655.0,0.000750614278197172
1663.0,0.009224678514318138
1673.0,-0.017651753946249554
1681.0,0.005088515072419236
1688.0,-0.0017910063278226392
1697.0,-0.012798912686586589
1708.0,-0.00880724725442052
1717.0,0.0067082617755914835
1724.0,0.010773753471912657
1732.0,0.0024405477233818513
1739.0,-0.02025392309458569
1745.0,-0.005516944307490339
1753.0,0.007142965370191098
1760.0,0.019896619425771454
1769.0,-0.008675031437986636
1778.0,-0.012761448717392595
1787.0,0.004953828308008884
1795.0,0.008485568024815416
1804.0,0.014648860833002993
1811.0,-0.008086002926962618
1819.0,-0.007444789346213625
1828.0,0.012533615952807565
1837.0,0.015398967656000016
1845.0,-0.010293732083719323
1854.0,-0.005514112962126175
1863.0,0.011673121940383686
1872.0,0.005165209364480349
1880.0,-0.01110924794662789
1891.0,-0.014414730514674304
1900.0,-0.006292733081407046
1908.0,0.007816377900704661
1919.0,-0.004376773452060638
1924.0,-0.014898450098298063
1933.0,0.00492035063914656
1941.0,-0.011826778290287868
1952.0,0.013848964666680435
1963.0,-0.011664164518617397
1974.0,-0.015608015977572618
1979.0,0.0006645416948245324
1985.0,0.006757530480228893
1994.0,0.016869389479066032
2002.0,-0.0009606357300135123
2010.0,-0.003299897698533573
2018.0,-0.0015496575226141718
2025.0,-0.009572721086894644
2034.0,-0.004621907314746105
2048.0,0.00138269153127242
2057.0,0.015477821958316602
2066.0,0.007697452691891916
2077.0,0.016234843669654594
2081.0,-0.009511065869008236
2088.0,0.007433295872003611
2092.0,0.00740351151975731
2100.0,0.008989273337466476
2107.0,-0.005605241495524516
2116.0,-0.003898287342033209
2124.0,-0.01770834906318212
2132.0,-0.004848494143894749
2141.0,0.008184683039320692
2151.0,0.006028168247516615
2160.0,0.01710040783766917
2169.0,-0.007534089903621153
2178.0,-0.035298987681125195
2182.0,0.003846776364310248
2187.0,-0.003852516551423462
2195.0,0.005725365820372811
2206.0,-0.002885977572101552
2214.0,-0.016642374498177074
2222.0,-0.009246917133922955
2230.0,-0.009448273955434754
2241.0,0.0134502040356524
2252.0,0.021383000369211785
2260.0,0.0017355478669692404
2269.0,0.006247167120721134
2276.0,-0.010157677891338956
2284.0,0.015028436376998432
2293.0,0.0076219995633995015
2301.0,0.013724445173883309
2307.0,-0.00741836938387065
2312.0,-0.017877470489584362
2320.0,-0.0035078233568837376
2330.0,0.017958114599309256
2342.0,-0.006975543353578638
2350.0,0.015977019598401726
2357.0,0.0022646864757172856
2364.0,-0.013952383334810416
2372.0,-0.014148030406981059
2380.0,0.012816404513603356
2389.0,-0.013865113896413744
2397.0,0.00532173177940761
2406.0,0.008794238823493176
2413.0,-0.023199248434160585
2421.0,-0.007511802354333484
2426.0,-0.02733382748882469
2430.0,0.01081983755533818
2436.0,-0.008458570122491833
2444.0,-0.0036156554675023135
2455.0,-0.023453078740352032
2460.0,-0.006274659348745679
2474.0,-0.0025866355002192106
2481.0,0.01103043281991536
2495.0,0.001223639188349371
2503.0,-0.010427179638035007
2510.0,0.019150160668682865
2520.0,-0.01528857401932358
2525.0,0.01832471692634237
2533.0,-0.00971724370096642
2544.0,0.0048822824419101725
2549.0,0.008762458410305174
2557.0,-0.015786816812289797
2566.0,-0.007843565362807245
2572.0,-0.0016491956396300438
2579.0,-0.008359830104134389
2588.0,0.005161349767781763
2595.0,-0.006827776820522421
2604.0,-0.021879464918419567
2612.0,0.0174475036912033
2620.0,-0.007151863904123462
2625.0,-0.003980760548991263
2633.0,-0.00015478285368383877
2644.0,-0.0024844204305111708
2655.0,0.01232161711076354
2663.0,0.0007123011563342298
2671.0,0.010030404989637635
2676.0,0.0022133138896229454
2685.0,0.013318520241203917
2693.0,0.005141292360975991
2698.0,0.010822923018797542
2707.0,0.011968296130052649
2716.0,0.0002095854330572728
2727.0,0.0017727048522295137
2736.0,-0.005565877382542137
2743.0,0.013746636865702438
2752.0,0.005552972054680387
2763.0,0.011354833097363671
2772.0,-0.004271076892121849
2781.0,0.015169304152435214
2787.0,0.00939793618143671
2798.0,-0.005935263862120041
2807.0,0.008830458205649396
2816.0,0.011831242340734844
2824.0,0.005790144626181217
2833.0,0.0013579411126581706
2842.0,-0.01734758570319687
2853.0,-0.01589330594257078
2862.0,-0.027645781998191878
