,5
1757.0,-0.0037248318411761644
1762.0,0.0027148852021150567
1771.0,0.004237320492719969
1777.0,0.004263483841286499
1782.0,0.00039050361296796566
1790.0,0.0009356903806979259
1798.0,-0.0024856007928401253
1809.0,0.003564761686894978
1814.0,0.0008612076920053329
1822.0,0.0003418000992200033
1827.0,0.0028711179738253093
1836.0,-0.0006479533401543365
1846.0,0.0005628336413308996
1854.0,0.0016917613561590666
1866.0,0.0010048449754942637
1874.0,-0.000561122628287742
1880.0,-0.00027562885199906314
1892.0,-0.0023251007028371414
1900.0,-0.00029693735381262605
1909.0,-0.008049031883720578
1915.0,0.001195990006445073
1926.0,-0.01077947637675156
1933.0,-0.001173698915453758
1941.0,0.0034448842403244848
1948.0,0.0025753785913889622
1957.0,0.0031355566704483954
1962.0,0.001546214291982168
1971.0,0.0008418912975408026
1976.0,0.001770753259885122
1987.0,-0.0007593692009678549
1992.0,-0.00024377992678519867
2000.0,-0.00034314736973172893
2008.0,-0.0013895042605732632
2015.0,-0.004232620963967472
2019.0,0.004439584919461443
2028.0,0.007642893274358064
2035.0,-5.893392426835219e-05
2042.0,-0.006024729084600377
2050.0,0.0012839821458465836
2059.0,-7.113115888919638e-05
2065.0,0.0020537793015552985
2072.0,-0.002212161952081049
2083.0,0.003224649537270522
2090.0,0.0013004909122129923
2098.0,-0.00030176504217512446
2110.0,-0.00021573895223416008
2118.0,-0.0005229446097478043
2126.0,0.0030614018861934342
2134.0,0.0026062026738121755
2140.0,-0.000562930629479499
2148.0,-0.002060555847954276
2156.0,0.002152729685283169
2164.0,0.0014514648133889527
2168.0,0.005314088356762341
2173.0,-0.006561991273027423
2181.0,0.0010754719694070385
2186.0,-0.0027052558494820417
2191.0,0.006046348215715353
2200.0,0.006871278790389544
2211.0,0.00043655299885696957
2220.0,0.001343321873202464
2230.0,0.002359066975792054
2238.0,0.003604328109536457
2245.0,-0.0019274987639934318
2252.0,0.0008259449199645567
2260.0,-0.0027734568210200125
2265.0,-0.0015603320313061794
2274.0,0.0009475719771323459
2283.0,-0.0068524649593148445
2289.0,-0.003156169388407745
2298.0,0.0062502950739238405
2307.0,0.007230284630489387
2314.0,-0.0018167486232727903
2319.0,0.0014045834736703994
2327.0,0.001097095764616695
2338.0,0.0030702309724359896
2346.0,0.00042663046345179945
2357.0,0.0007203259850019352
2366.0,0.00010713003914439561
2370.0,0.0062383236630659394
2376.0,0.0015266918767741521
2385.0,0.0007525410299582424
2396.0,0.0016368629724836721
2407.0,0.0004561378089584827
2413.0,0.0019634182351886457
2420.0,0.001191229830559932
2429.0,-0.0004711472372952882
2434.0,0.001126098660359205
2441.0,0.0013386019670163858
2450.0,2.726612004082698e-05
2459.0,0.0019981850820102332
2467.0,-0.00028316188179310444
2474.0,-0.0009427775044012705
2483.0,0.0023140566301913406
2495.0,0.0011322500477111911
2500.0,0.0009345498870234882
2509.0,0.004099217612966298
2515.0,-0.0002365673287740952
2523.0,-0.012486483068902977
2530.0,0.00475504405261452
2534.0,0.000605876617909565
2545.0,0.00026717605178220677
2552.0,-0.0021180519806306706
2560.0,-0.00021083879030952925
2568.0,-0.0024704180027070037
2576.0,0.001567979956739658
2584.0,0.0021342940932865583
2592.0,0.0008478822047466802
2600.0,0.0010133120468863322
2609.0,0.000778488222581504
2616.0,0.00433562182277429
2623.0,-6.598442105820643e-05
2631.0,0.0012853508237793965
2639.0,0.0008713305225258284
2648.0,-0.0016230988216453023
2660.0,0.003309506224313014
2664.0,0.007869356321351316
2671.0,-0.0012124110273482847
2681.0,0.00023068771729756996
2690.0,0.001696113115471342
2698.0,0.003920399504572488
2706.0,-0.0016678525506125484
2718.0,0.0018718871048123008
2725.0,0.001282824050788065
2733.0,0.0016534707578501225
2741.0,0.0014680385664568292
2746.0,-0.0008826534790056265
2752.0,-0.0003180466720506159
2760.0,-0.0023687773869264096
2768.0,0.009038193287276789
2776.0,-0.0028119671467602457
2785.0,0.0009460797335234168
2793.0,0.0005604914773986865
2797.0,-0.0008492363117273137
2804.0,-0.0009047420928078835
2812.0,0.0018941407429189285
2820.0,-0.0027538138238577337
2826.0,0.0023596370161237676
2835.0,0.0035656575821702173
2839.0,0.0047657985678745155
2848.0,0.0007716590376605462
2852.0,0.0006325710592528879
2863.0,0.000793356369601435
2871.0,0.00024092836432227255
2878.0,0.0008411806302729563
2889.0,0.0024384900751091704
2898.0,0.001714307686315275
2909.0,-0.0014356989834309161
2917.0,9.114496034968729e-05
2926.0,0.005775934229242022
2932.0,-0.000785496181474533
2940.0,0.0042631548390441795
2951.0,0.0030621657208280964
2960.0,0.004821002669464267
2967.0,-0.0007020282235576571
2978.0,-0.0005075540877781166
2982.0,0.0016213154061511703
2990.0,-0.00111934516976621
3001.0,0.002185228104360067
3009.0,-0.0017028024105658318
3018.0,0.002926995677942214
3025.0,0.0022024305412697504
3034.0,-0.00015578045108515269
3045.0,0.0005303937794431439
3054.0,0.0019830656368595386
3065.0,0.0015863145680130035
3070.0,0.002768690345091506
3077.0,0.001346267647192913
3086.0,0.0006886725013309781
3097.0,-0.0010899283547230012
3105.0,0.005117680476281388
3110.0,-0.001364960424550158
3118.0,-0.003946573874461767
3127.0,0.005696935841541575
3135.0,0.0032920766442929793
3143.0,0.0007058450296851599
3151.0,-0.0005762404067103342
3157.0,0.0006141122243439791
3165.0,0.001167486316882737
3173.0,0.0005065236852846453
3178.0,0.000973747664615984
3186.0,0.0006133312275194177
3197.0,0.001817955658121448
3205.0,-0.0004824130373860146
3210.0,-3.125623703261016e-05
3217.0,-0.0015486167966759633
3225.0,-0.0012334793583449691
3233.0,0.0006287086349333846
3241.0,0.0006218057165406347
3247.0,-0.0015585495158590406
3251.0,0.006585234051015987
3259.0,-0.00032046486708769463
3270.0,0.001869646097553421
3277.0,0.016918591754644868
3281.0,0.004784731864460581
3289.0,0.00016374148233282168
3297.0,0.00217089985167635
3305.0,-0.0005874790489960711
3312.0,0.0009632715691743002
3321.0,-0.0003816491137231813
3328.0,0.0009482841446017221
3336.0,0.0018932999345578345
3345.0,0.0014925108050863486
3353.0,0.0027887496933837854
3361.0,0.0012058220514532417
3370.0,0.001293532924388302
3378.0,0.0005454713868801994
3386.0,0.0009527388704200643
3394.0,0.0006797643473467812
3402.0,0.00013890151711341264
3411.0,0.00013507149469349383
3416.0,-0.0003665955480584779
3424.0,-0.000509523403567229
3433.0,0.0018048802665344124
3441.0,0.0012716348952088276
3450.0,0.0007760367211574365
3458.0,0.002451724085514563
3467.0,-0.0002958769846793412
3475.0,-0.001562339599824428
3483.0,-0.0013304937249588194
3493.0,-0.011074878045554012
3500.0,-0.0005437636663629732
3509.0,0.009812200323184955
3515.0,0.001777683850921102
3521.0,0.002577135468298346
3530.0,0.0015064398691673876
3538.0,0.0014449997807520721
3549.0,0.0028296176649844247
3554.0,0.0037222691821238644
3563.0,0.0013281788675216176
3571.0,0.0004499718423410115
3579.0,0.0011568256273756879
3588.0,1.423296554062397e-06
3597.0,0.0011164016791198243
3605.0,0.003602670982344473
3612.0,0.001696051834221725
3620.0,9.708350506382546e-05
3628.0,-0.0004412893158613944
3639.0,0.0011661414753175784
3648.0,0.00123976701504026
3656.0,-0.00020861448961480685
3663.0,-0.00021754184536812668
3670.0,0.000832775240892374
3679.0,0.0018689284646650245
3689.0,0.0028359213270068863
3696.0,0.001204653597042779
3705.0,0.0007000097498954738
3713.0,-0.00042242170373801564
3721.0,0.002271881080985844
3730.0,0.003983780590856379
3737.0,0.001599826349502235
3745.0,-0.0006111503227400217
3754.0,-0.002295142467058534
3763.0,-0.0018591577763789789
3770.0,0.006363153934334453
3779.0,-0.0031904354505956707
3786.0,0.005124144836621623
3794.0,0.006828584194847461
3802.0,-0.007180243698912699
3808.0,0.0018470290419678724
3816.0,0.0027620347051806977
3826.0,-0.0012386830365610473
3833.0,-0.00017895078950134861
3841.0,0.0007042357086690056
3849.0,0.0013445694176455864
3858.0,0.00150842662420789
3867.0,0.001141452948003503
3875.0,-0.00021210487113336763
3887.0,0.0027106700593140715
3896.0,0.0063920614554332416
3904.0,0.0030098136669367563
3912.0,0.001671859088908199
4013.0,-0.004938429988485024
4022.0,-0.01155897794196346
4033.0,-0.001999571960120521
4043.0,-0.003091147229989843
4048.0,0.0030297556260900577
4056.0,2.7017615332338908e-05
4064.0,0.0013220038381429415
4074.0,-1.383235782084002e-05
4085.0,-0.0006010560207552229
4093.0,-0.001709954398678617
4101.0,-0.0030036073058852114
4110.0,-0.003823090657537699
4119.0,-0.004967581801439343
4123.0,-0.007690651333217801
4129.0,-0.009539166838657184
4136.0,-0.011238826444314497
