,4
2.0,-0.007228724999625119
9.0,0.005758177215135957
16.0,0.008950451931129295
28.0,0.0008930247333556371
36.0,-0.0027571233237501385
43.0,0.006394746396442259
51.0,0.005173035286257561
58.0,-0.0002739999489655532
66.0,0.003856218747097865
80.0,-0.005026797843699167
87.0,-0.00478808615108737
94.0,0.0030235403348254568
101.0,0.0028367701494279147
109.0,0.0003069616059778129
116.0,0.000990314405956997
123.0,0.00526996486509603
130.0,0.0037655625197305282
138.0,0.0019327996210784213
144.0,-0.005347560000081291
150.0,0.009453810748227882
158.0,-0.0012847313525471678
166.0,0.0100993372821235
175.0,0.001252506005232755
184.0,-0.0039001555693440977
192.0,0.00026336487393435146
200.0,0.005265129462581051
205.0,0.0032304857184887077
214.0,0.0022770536619146553
222.0,0.006244737299175104
229.0,0.00028747818565447885
237.0,-0.0010949607896883276
243.0,0.002087649406254824
251.0,0.00629898949973784
258.0,0.007280460477995196
267.0,-0.007164434162005714
275.0,-0.009900233809826174
279.0,0.006338459734422399
285.0,0.002982909284878236
293.0,0.008095089179451358
300.0,0.006818934493558651
308.0,0.0005782790508164495
312.0,-0.002756110953703936
320.0,-0.000725946899158211
327.0,0.007393175974147599
333.0,0.00299804602143358
341.0,-0.0005981937847285462
348.0,0.0071662776980279145
352.0,0.003678372809190822
359.0,0.005320333074108364
368.0,-0.011365025134249916
372.0,0.008975597404157161
380.0,0.01688371523658987
388.0,0.001109870006401589
396.0,-0.005805582080131495
404.0,0.0032788348214997324
412.0,0.0037038968144531294
421.0,0.002423410541132088
427.0,0.016684287421237943
434.0,0.00818589496562256
441.0,-0.0022301339921563064
448.0,-0.0003867761144950063
455.0,-0.0019979791521947524
462.0,0.0011102941273750935
466.0,0.011236497667934366
473.0,0.0013489766794047274
483.0,-0.006167977068688071
491.0,0.007849565479913128
498.0,0.001231287052990829
509.0,0.007454177441551063
517.0,0.004341390138359617
526.0,-0.009655657066975418
535.0,-0.0018062321804417907
539.0,0.003945282163343851
550.0,0.005796158463693679
558.0,0.004030133835172895
566.0,0.007481033779589662
573.0,0.005803092397374033
579.0,-0.001770104896811671
586.0,-0.011736129678553371
593.0,0.00759282903071186
600.0,0.014736400950169296
605.0,0.006816977840285436
613.0,0.012479605777780662
620.0,0.0012172835443944757
627.0,0.00019284587246452305
636.0,0.007876176635493205
641.0,0.017112198577029464
647.0,0.005695158637188034
661.0,0.003737222524389386
665.0,0.0060953105991425425
677.0,0.0049902389259220865
688.0,-0.0050067722460939885
697.0,-0.010291299735964134
701.0,-0.002086115624532189
710.0,-0.001459250242564732
716.0,0.0077184073138304886
723.0,0.008499399198240307
729.0,0.012384510794849857
736.0,0.011237863319823712
744.0,0.015810509317900855
751.0,0.004297817637073971
758.0,0.0014695940532800363
765.0,0.008217530064400071
773.0,0.005294470607113503
777.0,0.008274539860779714
785.0,0.008245221054615249
789.0,-0.0018058837915564793
800.0,0.015995226250000844
808.0,0.003352211644222723
815.0,0.003925859807775642
823.0,-0.0012541682789270054
830.0,0.0034710777284875575
836.0,0.00618634665227403
841.0,0.0014441634375979952
853.0,-0.0008228961488410089
860.0,0.007153845851686945
871.0,-0.0041094055572506675
878.0,0.0026273933268245397
886.0,0.012616272301169573
891.0,0.005455702762752436
897.0,0.005838034228099008
906.0,0.012379661208051888
911.0,0.01476074721622131
920.0,-0.005924457054136846
926.0,0.00338835822859257
935.0,-0.014178084225832673
943.0,0.0023910342970802504
950.0,0.009105937714237225
956.0,0.009100350623838675
964.0,0.0020292074595753217
971.0,0.0010452863739168219
983.0,0.00392896872070009
991.0,-0.00946520384849522
1000.0,-0.011921308147163679
1004.0,0.00735169699214919
1012.0,-0.00332291485067759
1019.0,0.0041217188117186575
1025.0,0.0006756005410935762
1034.0,0.001528635109816723
1041.0,0.005026926173355063
1049.0,0.010401230259217027
1056.0,0.005313036692231185
1064.0,0.006066142077362971
1073.0,0.006462650398304186
1080.0,0.008646708789316023
1085.0,0.009227196994586682
1096.0,-0.005953108401226401
1104.0,0.0012784835018810298
1108.0,-0.007070631673652916
1116.0,0.013874091752055973
1123.0,-0.018638639829440685
1129.0,-0.00631705283526817
1137.0,0.0075224689448257056
1145.0,0.009130071407062795
1149.0,-0.0022045607135219754
1161.0,0.0070803949520960585
1167.0,-0.000511341391832837
1175.0,0.008661335522366666
1182.0,0.004678286363979665
1193.0,0.006396517860314199
1201.0,0.00337795579759015
1215.0,-0.0024657310498070657
1221.0,-0.0007906875963852765
1225.0,0.004546846158701084
1233.0,0.002885649720832687
1239.0,0.010482715875483117
1247.0,-0.0011356587416480768
1259.0,0.003533699098133398
1267.0,-0.00698748648774863
1275.0,0.0071740295526300695
1284.0,0.0003733490804833616
1291.0,0.0024912049406073744
1302.0,0.0012270641079566275
1308.0,0.008409835328196995
1315.0,0.0016078018814215003
1322.0,0.012619126266378613
1328.0,0.008133772248257608
1334.0,0.00516836206866266
1340.0,-0.00017463053850766275
1351.0,0.0018882903629465857
1357.0,0.005048953541685355
1369.0,0.010170807670518794
1377.0,0.010149582659973176
1384.0,-0.0018195624956141953
1393.0,0.002270273798604495
