,3
2.0,-0.007332098112931626
9.0,0.004259177348571429
16.0,0.00953732659401986
28.0,-0.008476268920860048
36.0,0.002354908896241958
43.0,0.01100599199452634
51.0,-0.009615750681875987
58.0,-0.015466908733043011
66.0,0.01603820042477406
80.0,0.01944319669832901
87.0,0.009988003811555304
94.0,-0.0030747843941329412
101.0,0.01207862348616213
109.0,-0.002207621731625444
116.0,0.0039055059829708368
123.0,0.004104412503129105
130.0,0.013611142045519175
138.0,-0.01572809855839156
144.0,-0.01546593741393225
150.0,0.01169901674587803
158.0,-0.003035730143193153
166.0,0.009235368383750686
175.0,0.012616783333689612
184.0,-0.030568084380127685
192.0,0.010138997426644923
200.0,-0.01462062899153082
205.0,-0.011655027299227462
214.0,-0.019341429194312365
222.0,-0.007999723512353885
229.0,-0.013980420755233763
237.0,-0.012811319018914353
243.0,-0.01371000338116936
251.0,-0.0011907523615774002
258.0,-0.01195382305046544
267.0,-0.02062502395948463
275.0,0.020734748000952586
279.0,0.021399190296160706
285.0,-0.007912798609714776
293.0,-0.00042204099276643876
300.0,-0.003192647872362977
308.0,-0.041466923482255225
312.0,-0.015892758514102902
320.0,0.0037000482089376515
327.0,-0.011978786855912589
333.0,-0.011058749880875091
341.0,-0.006986842658303074
348.0,-0.02258958156526334
352.0,0.008327844995825711
359.0,-0.006497967657035659
368.0,0.012372181184659811
372.0,0.024978011942347837
380.0,0.024838214393086224
388.0,0.014552804926811458
396.0,-0.023880436622776845
404.0,0.004190184584171392
412.0,0.01659686300699873
421.0,-0.008977847557203482
427.0,0.016893439568213424
434.0,0.006840762031429795
441.0,0.007736083862844357
448.0,-0.013161056503950243
455.0,-0.010835298992045808
462.0,-0.014640650236392029
466.0,0.0018735867330347544
473.0,-0.010277770876728525
483.0,-0.01961576433769628
491.0,-0.004556280772475424
498.0,-0.00328542737307325
509.0,0.015807456095375136
517.0,0.009977318974478462
526.0,0.005477330716666074
535.0,0.01624559676487347
539.0,0.00523467108777152
550.0,0.01008691068988205
558.0,-0.011827657659625295
566.0,0.009159794204419551
573.0,0.0010112187552509385
579.0,0.010113062479009753
586.0,0.0026858042527451134
593.0,0.007316138313805203
600.0,-0.005120978791428695
605.0,0.011184678266364068
613.0,0.015785120179398007
620.0,0.004840200088125459
627.0,0.01539055469936697
636.0,0.002607817744189116
641.0,0.011516836418244124
647.0,-0.011385061472382748
661.0,0.018067457149088532
665.0,0.017802694558892943
677.0,-0.001446032974738981
688.0,-0.022963124197615602
697.0,0.016659269342814434
701.0,0.017528857643627483
710.0,-0.003953113922141679
716.0,-0.0021711838327251407
723.0,0.01185829071339647
729.0,0.019373215477574354
736.0,0.021270301906704477
744.0,0.009464325432679013
751.0,0.0026647983186819228
758.0,0.01424650780536708
765.0,0.01972975962068799
773.0,-0.006985651134837973
777.0,0.021743275427851847
785.0,-0.01405940547044562
789.0,0.0061023845488464715
800.0,0.01900797347934269
808.0,0.0011035388059381119
815.0,-0.002268491505573604
823.0,0.01717819619139106
830.0,0.010360016388361343
836.0,-0.0011575137516750753
841.0,-0.009362525413858284
853.0,0.004808445018819996
860.0,0.014291073295721431
871.0,0.006681293651459124
878.0,0.007845104590735591
886.0,0.008517702600411157
891.0,0.020242207306238567
897.0,0.009907637722578536
906.0,0.003701793673627835
911.0,0.016238495480073886
920.0,0.01907099950055539
926.0,-0.008944527248656976
935.0,-0.02166455735979535
943.0,-0.0067239085183492435
950.0,0.00428362220474365
956.0,0.0003515105756985979
964.0,0.0037074974132564925
971.0,-0.01705534774545664
983.0,0.010261473008998448
991.0,-0.0028687475184801165
1000.0,0.015951063272398702
1004.0,-0.008603488649775217
1012.0,0.01680993529340609
1019.0,0.01507971094239119
1025.0,-0.003067206814014821
1034.0,-0.003271684721835923
1041.0,0.00504952118821182
1049.0,0.006353654645079166
1056.0,-0.016660336246289233
1064.0,-0.014134186398384343
1073.0,-0.010503959011896045
1080.0,-0.016508923076333514
1085.0,-0.00541119016435039
1096.0,-0.027550249607817774
1104.0,-0.030633753285287262
1108.0,0.0016124202939573234
1116.0,0.019995605557412303
1123.0,-0.019254642103869783
1129.0,0.0007373978173515696
1137.0,0.0037258617723858016
1145.0,-0.02636679368510288
1149.0,-0.011377341312640576
1161.0,0.00400011855442531
1167.0,-0.012664017443551638
1175.0,-0.007652403913464661
1182.0,-0.016933136566938352
1193.0,-0.013507081117781875
1201.0,-0.009949228042812452
1215.0,0.0008657241115571107
1221.0,0.019533596394969526
1225.0,0.018011252453837768
1233.0,0.003828320170905152
1239.0,0.005931658976541509
1247.0,-0.020069490896293368
1259.0,0.002260637779577157
1267.0,-0.023701285020393023
1275.0,-0.00952325944341587
1284.0,-0.004020123123804109
1291.0,-0.005147063500670909
1302.0,-0.01359594395313496
1308.0,0.01219594192206564
1315.0,0.005276006726969039
1322.0,0.004038593411156441
1328.0,-0.006931261262023311
1334.0,0.004424724123348886
1340.0,0.006638266987572849
1351.0,-0.0015617146673325313
1357.0,-0.0037278828510635686
1369.0,0.01117451056856246
1377.0,0.01029916000867734
1384.0,0.015029546906449682
1393.0,-0.010687068684968238
