,4
1404.0,0.0007204319421574699
1408.0,0.004321026151444081
1416.0,0.011832675864521714
1423.0,0.009307715601583569
1430.0,0.001996386769678387
1437.0,0.007102971466946222
1446.0,0.01306709997720552
1455.0,0.0017705786335825608
1463.0,0.003171168185497166
1471.0,-0.0010212590856487054
1480.0,-0.005257208409171247
1489.0,0.003416064382066029
1494.0,0.0038909912918292395
1503.0,-0.011844034225009726
1507.0,0.011583654550200958
1516.0,0.007140941032777369
1523.0,0.011322282583174543
1528.0,-0.0017567336311264435
1540.0,0.0032763226872512337
1548.0,-0.003411059413577871
1555.0,-0.011521827059286142
1561.0,0.011593543467867132
1570.0,0.002248394336520374
1581.0,0.009305915844543884
1588.0,0.008193337785288522
1596.0,0.009086927864986634
1602.0,0.008499624611730126
1609.0,0.010304315427843111
1618.0,0.0016822815699714772
1626.0,0.01733842324163865
1635.0,0.013121143224428701
1639.0,0.0034820512542089363
1646.0,0.004709854753642935
1654.0,-0.0026068325605694406
1662.0,0.0037789811867650594
1670.0,0.0029801570806464524
1679.0,0.002127355924918559
1693.0,0.004341322075236181
1701.0,0.0014281405097580312
1709.0,0.006798186459639251
1715.0,0.007639984304194992
1722.0,0.009794921699350883
1727.0,0.001846932135397242
1735.0,0.014784913161025006
1743.0,0.01659974411172655
1752.0,0.009216044789683204
1761.0,0.007844100471986236
1768.0,-0.006949852333016845
1776.0,0.004529649233468526
1785.0,0.008392245467034763
1792.0,-0.000755831547281099
1800.0,0.00018964092557156712
1808.0,0.0020300053224524446
1816.0,0.00023250868051348018
1828.0,-0.00014537897284901073
1834.0,-0.009306500437111781
1838.0,-0.0034796542928603558
1846.0,0.002258295089363237
1855.0,0.006603829690845925
1863.0,-0.003553987258726509
1875.0,0.006498014029654153
1883.0,-0.005113218953744203
1891.0,-0.005039796329233527
1903.0,-0.00779996539493282
1915.0,0.003336225668837619
1922.0,0.01483617523754481
1930.0,-0.005408153433118961
1938.0,0.005152710781326367
1947.0,-0.0032780090931814527
1951.0,0.0002810468650879375
1962.0,-0.0008445387911807113
1969.0,-0.006150720904722865
1979.0,0.004455610904957924
1990.0,0.00946046581707473
1997.0,0.011469614146375423
2003.0,0.010791913876107225
2011.0,-0.00965700337275001
2019.0,0.008551805662487975
2027.0,0.017066071326848332
2036.0,0.0026808692826157145
2042.0,0.0014738761292576567
2046.0,-0.006877133852716831
2054.0,0.0006767955330098334
2059.0,0.0022878250631205403
2065.0,0.004899642351567623
2073.0,-0.0001567042454967646
2081.0,0.0044910515263386
2088.0,0.00450554085149694
2095.0,0.0036029336265846587
2103.0,0.003320894542173655
2111.0,0.003992314759283169
2120.0,0.0171175844257144
2128.0,0.007249499316877062
2134.0,0.006229654866237808
2142.0,0.009947292582421463
2150.0,0.008425066108797967
2154.0,0.006987821773817034
2161.0,0.0072284071097685546
2173.0,0.00700796169478108
2182.0,0.008540133880812775
2188.0,0.006394317058907894
2197.0,0.005870399336019745
2204.0,0.006022093042636712
2213.0,-0.01083848746006889
2222.0,0.006708632931020683
2227.0,-0.005748463491521787
2234.0,0.004494455739435117
2238.0,-0.002991656222782555
2245.0,0.0048875998622801755
2250.0,-0.0015083193355572735
2258.0,0.0018921147039021157
2267.0,0.0057252342990257755
2276.0,0.0051876307543355345
2284.0,0.011845367118040856
2294.0,0.003909302315818872
2302.0,0.006631059159580908
2309.0,0.001206339753588354
2316.0,0.0056291868364351265
2324.0,0.007221889124585436
2331.0,0.0012517284720452643
2340.0,0.0029808146501513607
2347.0,0.019682157057494112
2353.0,-0.010912247379388198
2357.0,0.00802348709781425
