,5
1404.0,0.002187821891683964
1408.0,0.002684269378762329
1416.0,-0.006774112003268982
1423.0,-0.00017604251940044055
1430.0,-0.016189396936586276
1437.0,0.006709832646777698
1446.0,-0.004121404127410472
1455.0,0.0036339742978496303
1463.0,0.0014372312709646986
1471.0,0.0023310435568522606
1480.0,0.0018581234761643882
1489.0,0.0008486881437066331
1494.0,-0.0010422935920026903
1503.0,0.0017803866936128745
1507.0,0.0018969329169185654
1516.0,-0.0010023193332630656
1523.0,-0.002633423995169876
1528.0,-0.0015664443895877722
1540.0,-0.0008557942366314128
1548.0,-0.0013051110678928752
1555.0,-0.0004471070347432048
1561.0,-0.0010706478315272864
1570.0,0.001495088104098521
1581.0,0.004148755811391084
1588.0,0.010633223392049565
1596.0,0.0028305132973565138
1602.0,-0.0038340906775792038
1609.0,0.0015925643241473132
1618.0,-0.0011273917242730388
1626.0,0.009196220982424319
1635.0,0.005036349578396572
1639.0,-0.00853093829694282
1646.0,-0.0028906725896110036
1654.0,-0.0007618061862799646
1662.0,0.00180571397920386
1670.0,0.00027436535920085417
1679.0,-4.3272162676259184e-05
1693.0,0.0026586371207123647
1701.0,0.002500525685537329
1709.0,-0.0008510760560968116
1715.0,-0.00018531944367648095
1722.0,0.0024964028073770064
1727.0,-0.0008795431413627473
1735.0,0.005785832318010744
1743.0,9.663594132781962e-05
1752.0,0.0034131871702774742
1761.0,0.0011296050836177472
1768.0,0.0016379008289511855
1776.0,0.004480542474406563
1785.0,-0.001807793602369356
1792.0,-0.002304209623016477
1800.0,0.0007736036187610157
1808.0,0.002390027868707355
1816.0,0.0005868378064144173
1828.0,-0.0005052556596086451
1834.0,0.016059015102070633
1838.0,0.003568380687297192
1846.0,0.0025160904066630595
1855.0,0.0008954216183104744
1863.0,2.9150579701334408e-05
1875.0,0.0010108351517328275
1883.0,-0.00044380207966070217
1891.0,0.0014937674043281695
1903.0,-0.003659972757939386
1915.0,-0.006625889787314342
1922.0,-0.0012005639592564071
1930.0,-0.004356681097114254
1938.0,0.007605473480362973
1947.0,0.014517373858809036
1951.0,0.003220902567680358
1962.0,-0.0017409672422039244
1969.0,-0.0013514318149477937
1979.0,-8.364680054671012e-05
1990.0,-0.0005048237658148547
1997.0,0.00044542001082310237
2003.0,0.0010063976557952
2011.0,-0.0027988290084417075
2019.0,0.0008277915140386645
2027.0,-0.0024136408742625837
2036.0,-0.0013124784726426517
2042.0,0.0017597596783427197
2046.0,0.0011782426571760151
2054.0,0.00042116529452237
2059.0,0.00014779062012045425
2065.0,0.002592250457384827
2073.0,0.0015621690473533048
2081.0,0.00043824787081864577
2088.0,0.002107565550093944
2095.0,0.0003984847022375609
2103.0,-0.0008668187614600042
2111.0,0.0007129470070999382
2120.0,-0.0021705304820212584
2128.0,-0.0008883588502529914
2134.0,-0.000786913234652236
2142.0,0.002927486055476665
2150.0,0.005182686505639364
2154.0,-0.00026062437068888073
2161.0,0.0020096369069686074
2173.0,0.0007101761677543154
2182.0,-0.002129523231944904
2188.0,0.000858085385486713
2197.0,0.001795996583365866
2204.0,0.0034129861787640064
2213.0,0.00122152605020068
2222.0,-0.0006866954038413532
2227.0,-0.00448842283141761
2234.0,-0.0001133563624621092
2238.0,0.0007407122881640882
2245.0,0.00893679894186331
2250.0,0.0005149207297280119
2258.0,0.004503534275459462
2267.0,-0.0004375796881083493
2276.0,0.001217841614249441
2284.0,0.000979123007626203
2294.0,-0.0011068675858753772
2302.0,0.0026147290881392347
2309.0,0.0025726258913338945
2316.0,0.002704075668808815
2324.0,-0.0021556287763578783
2331.0,0.0021067979824790665
2340.0,-0.0015834159591417193
2347.0,0.019444041925479588
2353.0,0.0011778818870872123
2357.0,-0.019567796170366143
