,3
3810.0,0.021757485619346963
3819.0,-0.0006073152346479276
3828.0,0.006865068917094336
3835.0,-0.010767242617803477
3846.0,-0.013879066932507086
3855.0,0.004782652966917045
3862.0,0.008377686182511
3869.0,-0.0008042772510378926
3874.0,0.014345755992132735
3882.0,0.012771615790326634
3888.0,0.011113651243048023
3892.0,-0.009300918033051131
3900.0,0.019709008762836256
3910.0,-0.014692087973003032
3915.0,-0.015309665766850002
3920.0,0.0026028340737628154
3927.0,0.0052327978452632595
3932.0,0.005684238628868607
3939.0,0.013686745360600558
3946.0,0.01299717061387409
3954.0,0.008914793952233133
3961.0,0.010606168048326457
3970.0,0.00905820723855793
3977.0,-0.0014935797493658568
3982.0,0.019226674908220227
3988.0,0.023481800133679863
3997.0,-0.0024145194804045126
4009.0,0.018167771394479927
4017.0,0.01106531207386326
4022.0,0.01124974444562294
4030.0,-0.003414991303154489
4037.0,0.0014793652402695931
4045.0,-0.013861519329979602
4053.0,0.0023235065760744194
4062.0,-0.01564870948082615
4074.0,-0.011557254835377914
4082.0,0.020783808164571548
4086.0,0.014221381727128375
4095.0,-0.014120752263235104
4102.0,0.009814658085877729
4109.0,-0.003811649832773062
4117.0,0.016412592815377897
4125.0,0.01845756694598969
4134.0,-0.017399489273292466
4140.0,0.002779797746426167
4148.0,0.010950023820609906
4156.0,-0.014367119644588413
4160.0,0.008228140920976186
4167.0,0.017706323472336322
4175.0,0.0035426825004321533
4181.0,0.021586027880258016
4189.0,0.013053636480393906
4193.0,0.0025278563453424337
4201.0,-0.0005135702054249926
4206.0,0.005085111701849969
4215.0,0.019397516746583285
4219.0,0.005482751201633808
4224.0,-0.022109607290008302
4233.0,0.00964699925375825
4241.0,-0.0164746760687712
4248.0,-0.002837248684440285
4256.0,0.002199317926816916
4262.0,-0.00954286279892651
4267.0,-0.015723988737391125
4273.0,0.029400256075239082
4277.0,-0.00323183720278553
4282.0,0.02629498779933653
4290.0,-0.005350643312225223
4299.0,0.012731874117312962
4307.0,0.014288469334580018
4315.0,-0.006597369292629426
4320.0,0.014601938587818289
4328.0,0.014771914453100759
4336.0,0.004111184685979772
4341.0,0.013490807294517302
4349.0,0.0018786583323545196
4358.0,0.004561884025748762
4363.0,0.011803957078591342
4370.0,0.013008689883800358
4378.0,-0.005404467723099211
4387.0,0.0027107481665699634
4393.0,0.022435586240935834
4402.0,-0.014116489129410784
4413.0,0.004713528808227088
4421.0,-0.0008218043392336654
4425.0,0.003616096914305725
