,5
3810.0,-0.0008433708143118933
3819.0,-0.001391271688991468
3828.0,-0.0017717837829102669
3835.0,0.0016348463053319922
3846.0,-0.00014336958507387706
3855.0,0.0034356763785160904
3862.0,0.0011053834307682264
3869.0,0.00215338736779751
3874.0,-0.006247995498425149
3882.0,-0.001458455366355989
3888.0,0.004382528279642599
3892.0,0.00903779590164102
3900.0,0.004340738956248475
3910.0,-0.002172938125313987
3915.0,0.005230831129866035
3920.0,0.0010277156751068194
3927.0,-5.544756201979694e-05
3932.0,0.0013180267809877098
3939.0,0.0020669270976625127
3946.0,0.0014268495156898968
3954.0,0.0015611388496659453
3961.0,0.0005109655881599781
3970.0,0.0016182963570039828
3977.0,0.0002001622594041049
3982.0,-0.0024459877683113735
3988.0,-0.0015515613049915948
3997.0,-0.0001571948221081254
4009.0,0.002632510057429467
4017.0,-0.00018335345437587333
4022.0,0.0032270651635699014
4030.0,0.003368696718459559
4037.0,0.0031404641849301965
4045.0,0.0018138585725879471
4053.0,0.0014647721891037733
4062.0,0.001084738691416553
4074.0,0.003323933271803545
4082.0,-0.0029804847378716
4086.0,0.0012272958525656838
4095.0,0.0006461196261641896
4102.0,0.004102996587436539
4109.0,-0.004116453719227447
4117.0,-0.002676694032715819
4125.0,-0.0021383889522782035
4134.0,0.003161971923696685
4140.0,-0.0024662310757474584
4148.0,-0.00346008612342929
4156.0,0.0029710071433753666
4160.0,0.0013877669543277322
4167.0,-0.0020961917547171077
4175.0,0.004825545964190485
4181.0,-0.0015397108207496266
4189.0,-0.0014302468898405014
4193.0,0.0005596272124064374
4201.0,0.002030052872283562
4206.0,0.000754141903294388
4215.0,0.00041302492919749424
4219.0,0.004517514487239496
4224.0,0.0007282067643465316
4233.0,0.000664196451423314
4241.0,0.0003629507031102663
4248.0,0.005647310053499861
4256.0,0.0012073647695503794
4262.0,0.002394219384598613
4267.0,0.006640277644856266
4273.0,-0.0035711606655528905
4277.0,-0.006407535211013052
4282.0,-0.0025815531137099884
4290.0,0.001657137907976054
4299.0,0.0008226053867324279
4307.0,-0.00010263902816488014
4315.0,-0.003270179713082898
4320.0,0.0018677389083103515
4328.0,0.0017693083302955832
4336.0,0.002713320199059522
4341.0,0.002007787340768597
4349.0,-0.000738391697838945
4358.0,0.0033681811473612266
4363.0,0.00509594349588146
4370.0,-0.00043299801010357214
4378.0,0.001309475246307194
4387.0,0.0016915655162717431
4393.0,-0.0008075878071619252
4402.0,-0.0006455684161905251
4413.0,-0.0017699133556193752
4421.0,0.0019271728035142452
4425.0,-0.00453725260452499
