,5
3135.0,-0.0019418512052865227
3140.0,0.0028206487020096768
3146.0,-0.008037225038814037
3155.0,-0.010188260448902942
3162.0,-0.0013195023880649907
3170.0,0.002503379686826356
3177.0,0.0029115518491420176
3185.0,-0.002446780538209367
3192.0,-0.0030041408392982214
3200.0,0.0007348738029923648
3208.0,0.002252089665464403
3216.0,0.00313809710950872
3226.0,0.0023950000794646775
3235.0,0.003752868747760689
3241.0,-0.0002866549449977685
3247.0,0.0027939636551660464
3256.0,0.0017012366114788067
3267.0,0.0018338069672364369
3274.0,0.00023178187028642381
3278.0,0.0012959236028435202
3285.0,-0.0007277630300368369
3293.0,-0.0030227212109493226
3297.0,0.001917036099052295
3305.0,0.0015492958988893033
3313.0,-0.0012394956775201485
3322.0,0.0011540377206510342
3334.0,0.0012041823700335475
3342.0,0.0009442193993262907
3354.0,0.0010063028999599498
3362.0,0.004731091995489048
3370.0,0.003347215736298567
3380.0,0.0015187374695114985
3392.0,0.0025584211923557016
3399.0,-9.173666390447307e-05
3405.0,0.0013386899617172973
3410.0,0.0021706473450531422
3417.0,-0.0017378774819449528
3426.0,0.0061191403003222865
3433.0,-0.003759473795258253
3442.0,-0.0029996848578544245
3448.0,0.0006166875211647738
3455.0,-0.0018183978810908247
3463.0,0.00408181496071106
3469.0,0.003547383788945699
3480.0,0.000563782724039827
3491.0,-0.003059121012314177
3500.0,-0.00016142683916955944
3514.0,-0.0007234652899595407
3522.0,0.0007112276019826052
3530.0,0.00043614224322751646
3538.0,0.0017918412303837346
3550.0,0.0014830324504553015
3558.0,0.003382009742099301
3566.0,0.0008357184976156385
3572.0,0.0020037064001604916
3580.0,-0.008479416066159953
3589.0,0.001803156262753137
3598.0,-0.003321530451292169
3606.0,-0.003859124194135081
3615.0,0.0009513418230291561
3623.0,0.0030914115435318468
3635.0,-0.00229366254324106
3643.0,0.001894307054420217
3652.0,0.002832053950660556
3659.0,-0.00013204217464695244
3668.0,0.0029998905394430695
3675.0,0.00012341741236685465
3684.0,0.000617321713883226
3692.0,0.0015414100994910506
3700.0,0.0023917008538384683
3708.0,-0.0010087195165777415
3717.0,0.000471701145768491
3725.0,1.759995942957266e-05
3733.0,7.363936605655181e-05
3738.0,0.0024783656225354526
3747.0,-0.0006228436542468356
3756.0,-0.00027691059388229594
3768.0,-0.0014527832966157452
3777.0,0.0020988474603793428
3785.0,0.0002287048159003207
3794.0,0.002739962833218527
3801.0,0.0023773227470964015
3808.0,-0.0006113848251189841
3816.0,0.007597719070209498
3823.0,0.002782592378041388
3835.0,0.0012170301936341604
3839.0,0.002780627885777438
3845.0,-0.0005747094200384808
3853.0,-0.0009607191252251331
3865.0,0.0028230752936324456
3877.0,0.0002171303405145491
3884.0,-0.0013927911357433506
3892.0,0.0019291505097134354
3898.0,0.003605136374282705
3910.0,0.0006132285227927826
3921.0,0.004535974720724944
3927.0,-0.003292602847844586
3931.0,-0.006112194934546792
3935.0,0.004347249329781418
3944.0,-0.001994712230968939
3951.0,-2.9056863483664478e-05
3957.0,0.000546356426828744
3965.0,9.56907277381006e-05
3977.0,0.0009790130886645175
3981.0,0.002344768438509863
3985.0,0.004522074810005055
3993.0,0.004022527110631761
4000.0,-0.0012388270143288292
4009.0,-0.0002881085607681836
4019.0,-0.0017680456188680382
4028.0,0.021434197684768255
4032.0,0.006681717259232644
4040.0,-0.0021670437449664536
4050.0,0.001974601973307345
4061.0,-0.0004277739285234
4069.0,0.0067598888757783165
4077.0,0.015974674046629014
4081.0,0.0054394401201204425
4089.0,0.0012611151415527829
4097.0,0.0002378619779970721
4106.0,0.0002794419676203364
4114.0,0.002235254965001795
4121.0,0.0003935269190606148
4129.0,0.0007299677571261604
4136.0,0.00023967787887312506
4147.0,-0.00043689232237138775
4154.0,0.0008117410401855074
4166.0,-1.725402794911695e-05
4175.0,-0.005700661883463645
4183.0,0.0007954956887256613
4192.0,0.0019061756448083935
4203.0,-0.0003746318324302604
4211.0,0.00018635190906054517
4218.0,0.0041253274267992295
4226.0,0.0025997151072356347
4232.0,0.003316551292598218
4243.0,0.00042068551631529815
4252.0,0.003071364475599909
4259.0,0.001220230240673408
4268.0,0.003632257964358072
4275.0,-0.0014638646777571551
4283.0,-0.0019393907573001033
4292.0,-0.0016350422047185828
4301.0,0.002635580153665429
4307.0,-0.0011373067620213803
4314.0,0.0009383911782145192
4321.0,0.003056283192259667
4326.0,0.0008195634503997315
4335.0,0.001452100477691694
4344.0,0.00021966058450578453
4352.0,0.000305925877109572
4360.0,-0.0003211860427373362
4368.0,0.000960556469816329
4377.0,0.0024631509309449248
4382.0,0.0011210261950940744
4393.0,-0.00022286597649881322
4401.0,-0.0012190523263706703
4412.0,0.0020135242285898433
4420.0,0.0017647829131177736
4428.0,-0.00246841714305203
4436.0,-0.0017749995015160335
4445.0,0.001027403451590315
4454.0,0.002797689802579093
4462.0,-0.00030147682887480523
4470.0,0.0030306066721276473
4482.0,0.0004372104652241748
4491.0,-0.009652471504962701
4502.0,-0.0012665612659753423
4510.0,0.00040753235588078686
4516.0,0.0005108988496818506
4522.0,-0.010208942122763466
4529.0,-0.0005911599029333359
4541.0,-0.0004730867630118288
4550.0,0.0023839450338044243
4557.0,-0.000425026661411887
4561.0,0.001517254106494592
4573.0,0.001540190505718904
4581.0,0.00032674749852630434
4590.0,0.0004090264598893607
4601.0,0.0016932367598942017
4609.0,0.0006111867811194067
4618.0,-0.0003198262305481133
4626.0,0.005875691733656686
4634.0,0.0023909750238949794
4638.0,-0.002978010649807682
4646.0,0.002630421933418918
4653.0,8.541871893089548e-05
4664.0,0.0004212710895433723
4678.0,0.0007993042678091214
4690.0,-0.0028917900630931106
4698.0,-4.6912519216582524e-05
4706.0,-0.0003810178055409912
4714.0,0.0013801161567725717
4721.0,-0.0035366356477637673
4726.0,0.008394514656144122
4733.0,-0.005389176168554884
4737.0,-0.0074570958912865935
4745.0,0.002558876557096906
4754.0,-0.006420817252568739
4765.0,-0.005975814668572443
4773.0,0.0006018713016723793
4782.0,-0.00022717695265537196
4788.0,0.0005707160201835568
4797.0,0.0017734760605550885
4809.0,8.081938150309066e-05
4817.0,-0.001544819642459117
4825.0,0.005004187792525581
4833.0,0.0005905142773944056
4845.0,0.0007262436204294052
4853.0,0.0008287925656919919
4861.0,0.001082013546781208
4869.0,-0.0034414754177523967
4878.0,0.0058699064921405855
4885.0,0.0035620765686231485
4892.0,-0.003066470636841659
4900.0,-0.0009536122322185948
4906.0,-0.00034328975859209424
4915.0,0.001648713056350771
4921.0,-0.004805194215412441
4928.0,-0.0007343110915592059
4937.0,0.004097207777952389
4945.0,0.0013483013590070072
4954.0,-0.002075635835045933
4961.0,0.00037282769680809495
4971.0,0.0007268590664620984
4979.0,0.0018482898798955296
4986.0,-0.0010919054726222137
4993.0,-0.003355313007853762
5002.0,-2.0817016245847326e-05
5010.0,0.00580418740784573
