,3
3135.0,0.009847430330380923
3140.0,0.007551416783340903
3146.0,0.0023217554819328543
3155.0,0.002535061947339679
3162.0,0.02676880158394862
3170.0,-0.0052610109644851515
3177.0,0.01784537147889663
3185.0,0.002104596182870799
3192.0,0.019808113670538162
3200.0,0.02002393197021188
3208.0,-0.0034412533165779514
3216.0,0.014489185078497136
3226.0,-0.0027396209979226524
3235.0,0.0015403038863080613
3241.0,0.007568899706499521
3247.0,0.013604593343124327
3256.0,-0.015420029265898789
3267.0,0.017327994598366054
3274.0,-0.016356884366181754
3278.0,-0.009134785280137734
3285.0,0.020021336478853062
3293.0,-0.0063472004834220115
3297.0,0.02113654364694868
3305.0,-0.0014369643970308973
3313.0,0.00842162861624109
3322.0,0.006016020022900575
3334.0,0.02183675826108361
3342.0,-0.0022386879703673325
3354.0,-0.013339993578180187
3362.0,-0.010940234771014546
3370.0,-0.016760155090190326
3380.0,0.0016572111011681568
3392.0,-0.00045709049852488837
3399.0,-0.015711048369165415
3405.0,-0.017705577821381463
3410.0,-0.009456833901885413
3417.0,-0.007456261902838048
3426.0,0.00456911650086275
3433.0,-0.008782949101838402
3442.0,-0.001312558208657738
3448.0,0.011879455534236758
3455.0,-0.01273138209892067
3463.0,-0.009445026117703415
3469.0,-0.011197015177437472
3480.0,0.006915990698870647
3491.0,0.007606296242488173
3500.0,0.018777098856018228
3514.0,0.008804624519754283
3522.0,-0.01244662983129004
3530.0,-0.004546502186640132
3538.0,-0.004125606666038466
3550.0,0.0015392058061948527
3558.0,-0.014354275198496457
3566.0,0.0066241390730047926
3572.0,-0.014067250467605971
3580.0,-0.0043887905300261845
3589.0,-0.007212148406437481
3598.0,0.01088145004404394
3606.0,-0.01648982235574943
3615.0,0.01193670742790735
3623.0,0.0022676658746949513
3635.0,0.017186112734900432
3643.0,-0.013152164760047299
3652.0,-0.011287633762104765
3659.0,-0.012203526558232298
3668.0,-0.004912864964325364
3675.0,0.004727296959164474
3684.0,0.00292559089304729
3692.0,0.013380084164968843
3700.0,0.017954289633580943
3708.0,0.010384639311855947
3717.0,0.02009706962525857
3725.0,0.0144454130273676
3733.0,-0.0023380749688664045
3738.0,0.013285287260148715
3747.0,0.0043851954167901845
3756.0,0.014465699165550079
3768.0,0.002471728266490527
3777.0,0.006905503744506445
3785.0,-0.001307241230788593
3794.0,-7.271165260311462e-05
3801.0,0.00675922102282777
3808.0,-0.0010073440929692227
3816.0,-0.0086727780185725
3823.0,-0.012721696999266655
3835.0,-0.006116226876807449
3839.0,-0.013766699354558954
3845.0,-0.003927211798918638
3853.0,0.006123353040711203
3865.0,-0.008348070101330943
3877.0,0.001895658275723427
3884.0,-0.016699481247685798
3892.0,-0.012032848581156238
3898.0,-0.014844515609863452
3910.0,0.0012041655812920194
3921.0,0.017577204226993645
3927.0,0.011292664663570663
3931.0,-0.013757955341303266
3935.0,-0.008882291912316346
3944.0,0.0031507776458316004
3951.0,-0.00324829199880393
3957.0,0.008226123763330168
3965.0,-0.012686881348598992
3977.0,0.006642978417883014
3981.0,0.01398164541997352
3985.0,-0.004594675351640989
3993.0,-0.0008736766704692874
4000.0,0.007438127559272948
4009.0,0.0037506341080060955
4019.0,0.010286381359088112
4028.0,0.013128231421588027
4032.0,-0.0024859307988231616
4040.0,0.001759373869489886
4050.0,-0.006912586331243825
4061.0,-0.020343514665280834
4069.0,-0.001072396314225737
4077.0,0.00710147359525608
4081.0,0.023041712331218003
4089.0,-0.010702936177382489
4097.0,-0.009251937378028518
4106.0,0.015917143524410465
4114.0,-0.014212447746611092
4121.0,0.00421039568288781
4129.0,-0.015633546975864526
4136.0,-0.007488192612141421
4147.0,-0.0005815863872371096
4154.0,-0.011267843476076332
4166.0,-0.017258763034513777
4175.0,-0.0219059117836338
4183.0,-0.002312601359489117
4192.0,-0.01238564449886081
4203.0,0.0035464783475273086
4211.0,0.004004596817602086
4218.0,0.002266574373146706
4226.0,-0.01299844820748988
4232.0,0.008268293869754634
4243.0,-0.012774353824947316
4252.0,0.010897550311553822
4259.0,-0.013427427994410454
4268.0,-0.0006918941571616051
4275.0,0.005734823025245428
4283.0,-0.005709033684485859
4292.0,0.00822072623269832
4301.0,-0.021632666835378518
4307.0,0.003060335820045587
4314.0,0.008222904329412379
4321.0,0.004702492355457999
4326.0,0.003161639925721829
4335.0,0.004039200839269091
4344.0,0.01606008014240592
4352.0,0.009806042660782836
4360.0,0.011191999546885748
4368.0,0.017318220114277375
4377.0,-0.006794473422432941
4382.0,0.015972179406745078
4393.0,0.0032016169853761813
4401.0,0.0025754693254343352
4412.0,0.02000652526093403
4420.0,0.008633088767549526
4428.0,0.01946591702928125
4436.0,0.008543439702966834
4445.0,-0.0052949877661808455
4454.0,-0.02901544704463156
4462.0,0.007947826643778352
4470.0,-0.015268401777090105
4482.0,-0.0030744355418881046
4491.0,-0.0016333059728083404
4502.0,-0.014214859466586287
4510.0,-0.0035155297690852207
4516.0,0.0042506647085502
4522.0,0.006254032597141447
4529.0,-0.0010749810407960844
4541.0,0.00883751941096602
4550.0,0.005492049757009746
4557.0,-0.01439276526784948
4561.0,0.0005975627867279413
4573.0,-0.006176577798900007
4581.0,-0.007174940343853869
4590.0,-0.003297417870843251
4601.0,-0.015614187845054025
4609.0,0.015639161799439312
4618.0,-0.0013744215252543303
4626.0,0.0140690845508158
4634.0,0.017205994406608225
4638.0,0.0029318692923547126
4646.0,0.004043267996051534
4653.0,0.0014255997485558656
4664.0,-0.00023304327285813317
4678.0,-0.011206140042346656
4690.0,0.0028705256679092297
4698.0,0.017141574517525585
4706.0,0.010632218190505227
4714.0,-0.0014247833007650474
4721.0,0.018685125321028947
4726.0,-0.0011157464426410162
4733.0,0.03323931443352894
4737.0,0.012936623145243246
4745.0,-0.017049874217077203
4754.0,-0.016966220668407073
4765.0,-0.019314215435083125
4773.0,0.00832500159939299
4782.0,0.0030843293525964635
4788.0,0.02582362656821069
4797.0,0.0005076703006100373
4809.0,0.02291445436732791
4817.0,0.018479390302667393
4825.0,0.003230465154492691
4833.0,0.02211637425508989
4845.0,0.01902114292684703
4853.0,-0.00043329526822305335
4861.0,-0.010401751908158688
4869.0,0.006234522570685066
4878.0,0.0070830197893594045
4885.0,0.00364663001092866
4892.0,-0.0010468838168473796
4900.0,-0.004693879205642996
4906.0,0.008170999800687783
4915.0,0.004033830788937573
4921.0,0.0075424669539009516
4928.0,-0.009206082124048973
4937.0,-0.006017468471021767
4945.0,-0.014002162123083493
4954.0,-0.009035246022068814
4961.0,-0.009680444948270124
4971.0,-0.0022471093700856546
4979.0,0.0020117148938650123
4986.0,0.010758562724509748
4993.0,0.011845125484160996
5002.0,-0.0010254674513190188
5010.0,0.027165948017758308
