,4
3135.0,0.0035540042527987896
3140.0,0.0077560299409616855
3146.0,0.0065170498060432925
3155.0,0.007799483533734388
3162.0,0.012484477527513284
3170.0,0.0007539641716732247
3177.0,0.0018313381781573967
3185.0,0.009236259362679763
3192.0,0.002516236827179991
3200.0,0.012306452930739816
3208.0,0.0024466881161568214
3216.0,0.01498635664550326
3226.0,0.01012531420570271
3235.0,0.010074053662568026
3241.0,0.011279619940161635
3247.0,0.007135169810538239
3256.0,0.0013112882807476648
3267.0,0.003430513010418622
3274.0,0.0030016201438911685
3278.0,0.0006227484563514804
3285.0,0.0028788799184710336
3293.0,0.01314847129940427
3297.0,0.0025183118436261716
3305.0,-0.0008134878605946888
3313.0,0.0021833708330216747
3322.0,0.009218216951701904
3334.0,0.002176622938133958
3342.0,-0.008465738146923512
3354.0,-0.00013278285197653036
3362.0,-0.0063416524141704355
3370.0,0.002090253610051718
3380.0,-0.0009262089733189918
3392.0,0.009632569320403891
3399.0,-0.0024007257408985446
3405.0,0.0005409865063574379
3410.0,0.003559231390406416
3417.0,-0.0025517238436017415
3426.0,0.00553140854509945
3433.0,-0.0034777092966980527
3442.0,0.002185229636747257
3448.0,0.0005826548454420603
3455.0,-0.007199603103615765
3463.0,0.004657594754272838
3469.0,-0.0004549513398858509
3480.0,-0.0015424895430418246
3491.0,0.0076253819202789916
3500.0,0.00444043899045857
3514.0,0.011731617784962864
3522.0,0.002562929150449713
3530.0,0.007186912026216198
3538.0,-0.001550716248717406
3550.0,0.0042965196249660186
3558.0,-0.006295330789284573
3566.0,0.0016148481333865873
3572.0,-0.0017646061344211703
3580.0,0.004467919839035197
3589.0,0.0024151200489216386
3598.0,-0.0007138455969084509
3606.0,-0.005164793392173472
3615.0,0.008626568676024895
3623.0,-0.0008288560504122269
3635.0,0.001360392053746657
3643.0,0.006278902078951865
3652.0,0.006230720021195199
3659.0,0.0021492379090736037
3668.0,0.001312348787362437
3675.0,0.004593746370274759
3684.0,0.0023607380851294784
3692.0,0.0029916824268835453
3700.0,0.01434169109029756
3708.0,0.010052704283750505
3717.0,0.006564069504798879
3725.0,0.00752867455626848
3733.0,-0.0028237807102975735
3738.0,0.007597197112533283
3747.0,0.004837269334069323
3756.0,-0.002190739847291951
3768.0,0.00426999151545515
3777.0,0.002413698578107997
3785.0,0.006442052621007666
3794.0,0.0061912720399837935
3801.0,0.003161899296122083
3808.0,0.0014235427220836215
3816.0,0.005157715677921981
3823.0,-0.0016298753828920748
3835.0,0.0008408760291663685
3839.0,-0.0016649361911805116
3845.0,0.0005382269548114157
3853.0,0.005475117963232707
3865.0,-0.0007673657481816171
3877.0,0.007235091422232638
3884.0,-0.009373934014067577
3892.0,0.00026702040027453273
3898.0,-0.001978440852141191
3910.0,-0.0006280899571010934
3921.0,0.0036405119108393375
3927.0,0.017672137698944372
3931.0,-0.008110589174409804
3935.0,0.0044431876232319985
3944.0,-0.0006826589466066724
3951.0,0.002286534276055536
3957.0,0.004277672117853651
3965.0,-0.00040212350894632876
3977.0,-0.0023040831139630688
3981.0,-0.001288730010797355
3985.0,0.00683539376062658
3993.0,0.008809478812721799
4000.0,0.005932690025745681
4009.0,0.0013190307912080462
4019.0,0.01035600947169106
4028.0,-0.009517101637175951
4032.0,0.0016123625185816516
4040.0,-0.0032904558427302457
4050.0,0.005572202949212583
4061.0,-0.006661168910633461
4069.0,-0.0005210673678156763
4077.0,-0.002035467748024726
4081.0,0.011581253113401515
4089.0,0.00400372273247062
4097.0,0.0001692603687263404
4106.0,0.009515416881290284
4114.0,0.0027667711577780557
4121.0,0.004374615088551428
4129.0,0.003433147806668744
4136.0,0.0036063246168262894
4147.0,0.007854784524048291
4154.0,0.00499920083334676
4166.0,0.002993720179992824
4175.0,-0.009421587623365596
4183.0,0.0007011313835324378
4192.0,0.0029531167526580028
4203.0,0.0009476566664160586
4211.0,0.001955854218351473
4218.0,0.003968524248130397
4226.0,0.007657295906012417
4232.0,0.0030349138532372753
4243.0,0.0023397696782523915
4252.0,0.011559284137732832
4259.0,0.0027968167651585153
4268.0,0.0004386415680067453
4275.0,0.004689180637482192
4283.0,0.006680009394920552
4292.0,-0.0038341548384530186
4301.0,0.00521488150182057
4307.0,0.0013597060120749541
4314.0,-0.00042966932673199105
4321.0,0.015292114587968409
4326.0,0.0037481011604741255
4335.0,0.004294674228383974
4344.0,0.006973550511836182
4352.0,0.005007721956785004
4360.0,0.0025320467495345937
4368.0,0.008680280267961325
4377.0,0.001749554987110328
4382.0,0.008336102765850327
4393.0,0.009125429544923114
4401.0,0.0048539561014962285
4412.0,0.007683753963920359
4420.0,0.0021330252966467018
4428.0,0.005135277056423801
4436.0,0.010185182291059905
4445.0,-0.010962096873751607
4454.0,-0.0043416881048379255
4462.0,0.009178150168705625
4470.0,-0.002192504197632443
4482.0,0.0030256712234393935
4491.0,-0.0060432596521016535
4502.0,-0.003633821014191792
4510.0,0.0022730389305196954
4516.0,0.005329735554089907
4522.0,0.004610905382699283
4529.0,0.0024135882258616683
4541.0,0.0013379475640409597
4550.0,0.0015079183063689066
4557.0,0.003485587436017938
4561.0,0.0015336801910122775
4573.0,-0.0005888941909114613
4581.0,0.0015850247317009032
4590.0,0.006336061157089986
4601.0,0.006140623049479432
4609.0,0.014546022966361288
4618.0,0.009249420268201471
4626.0,0.00893885769906464
4634.0,-0.0018543573413479497
4638.0,0.0010063831774573184
4646.0,0.004258008462279316
4653.0,0.0005438213636688398
4664.0,0.003054749505893035
4678.0,0.001459603872361343
4690.0,0.007993766861605633
4698.0,-0.0018042772096065955
4706.0,0.005333583679411471
4714.0,0.002100053478889739
4721.0,-0.006885780904961275
4726.0,0.0041513606218145606
4733.0,0.0012599216753928558
4737.0,0.003161807237719725
4745.0,-0.002295853039797768
4754.0,-0.0006144397233854195
4765.0,-0.0070182555111280446
4773.0,0.007887886556610059
4782.0,0.0030047326258468903
4788.0,0.006051931398675571
4797.0,0.004736016987142985
4809.0,0.007051847312034009
4817.0,-0.003977961323203534
4825.0,0.006700876809936432
4833.0,0.008739344076313204
4845.0,0.01086541166303542
4853.0,0.004716060193039069
4861.0,-0.003128932521741261
4869.0,0.001355705750310274
4878.0,0.003329820453686024
4885.0,0.006751493812164477
4892.0,-0.0024285494019876397
4900.0,0.004906061787935047
4906.0,-0.002299804676137449
4915.0,-0.001156198881837643
4921.0,0.0009644562945979279
4928.0,0.0021397313979125655
4937.0,0.005643627721619703
4945.0,0.003477303267944985
4954.0,0.005292540307763576
4961.0,0.007424011807845515
4971.0,0.003200074419155157
4979.0,0.009172447991110541
4986.0,0.013219470285988971
4993.0,0.008910375680113415
5002.0,0.0038421893971499364
5010.0,0.01139207602835901
