,5
656.0,-0.01621019331413869
663.0,-0.0018232798866318614
672.0,2.6361458019802853e-06
680.0,0.003297136125937913
686.0,0.0005647693021711999
695.0,-0.00027777548937269364
706.0,0.0002097685661685812
712.0,-0.0020605263087346685
720.0,0.0015332094677620327
727.0,0.005724684343588876
738.0,0.0027351727543750946
749.0,0.00627068494469185
755.0,-0.0022217963049231794
762.0,0.000282488676146537
768.0,0.001578089439379261
776.0,-0.007874393521890285
784.0,0.0005112656219242881
793.0,0.0056131830848159875
802.0,0.003186622991421098
808.0,0.0009203061783334713
814.0,0.002241145090378798
822.0,0.0045046426439242886
828.0,-0.0022806580827424905
836.0,0.004669341098489434
842.0,-0.0037222367990380136
848.0,0.0024638399903192396
856.0,0.004466162553688721
863.0,0.0008124159367034992
869.0,-0.0008536101626113657
877.0,-0.006185671806906903
883.0,-0.0017952743416696172
892.0,-0.0003724980597917912
901.0,-0.002496394682847584
908.0,-0.0008096360884027471
917.0,-0.0011718017190967109
926.0,0.0018206922769188894
933.0,0.000965305363173575
939.0,-3.6661791638071826e-06
946.0,0.00038001657302433
951.0,0.00019296286696269223
958.0,-0.0004794713461721133
972.0,-0.0004526949866837821
983.0,0.00047124013649937614
992.0,0.006324744753144285
1000.0,0.0036331655158153278
1008.0,0.0011953445364581436
1017.0,0.002367787377992792
1025.0,0.0015762457190730264
1033.0,0.003083930743577373
1040.0,0.002601481272826003
1048.0,0.001142462937796095
1057.0,0.0013946511272080657
1064.0,0.0031591369621775103
1071.0,0.0004533869673627273
1077.0,-0.002327738323219928
1087.0,-0.002190501994813262
1095.0,-0.0034862962632545833
1102.0,0.0017640862354085078
1111.0,0.0014729833593316911
1119.0,0.008639165417936382
1126.0,-0.0003207725378822438
1138.0,-0.0036040987376741466
1148.0,-0.0016510144305993887
1156.0,-0.00012512364195713292
1167.0,-0.005906921324977436
1175.0,0.0001285368862772697
1183.0,0.001809713717072919
1192.0,0.002927842225043774
1200.0,-0.0004983350429207016
1205.0,0.003838695651208852
1210.0,0.0024666619012284124
1216.0,-0.0007712466375646083
1223.0,0.0036163741874166715
1232.0,-0.003414640682797122
1238.0,0.0006467945485863427
1246.0,0.0001857260942895578
1254.0,0.002918050892680352
1263.0,-7.699381245491449e-05
1272.0,-0.0004499029995206391
1281.0,0.009184222423064037
1290.0,0.005674630019818428
1299.0,-0.0022625798471558193
1306.0,0.0002349261074651807
1310.0,0.001633898366004406
1319.0,0.005346507230877788
1326.0,-0.0002683855479091506
1337.0,0.0007604571874847314
1348.0,0.0008298761941909694
1356.0,-0.0019885189809736924
1362.0,0.00042181913097885795
1368.0,0.001731368497776541
1374.0,-0.0021580066471279845
1380.0,-0.0025288082271936406
1386.0,-0.0034021583355855894
1394.0,-0.00035659209368730485
1403.0,0.006686024974962208
1409.0,-0.001592796890705069
1417.0,-0.0009483026535176032
1425.0,0.0012073598865650435
1433.0,0.0016492628395965692
1441.0,0.002567718184637519
1449.0,-0.0007576839014808972
1460.0,0.008779632239173125
1466.0,0.0051839052680476136
1475.0,-0.0064984470064514575
1484.0,-0.0022655066053293878
