,5
2.0,-0.0033574643225377735
11.0,-0.005372245557350512
18.0,0.005232365540353634
25.0,0.0018356690562161835
30.0,0.001096243798157115
38.0,0.00037788151328000606
45.0,0.0005923566875022517
51.0,0.0011377363575646787
59.0,0.004030132479141648
67.0,0.0018492472567748124
71.0,-0.0018552223652526128
77.0,0.002555120892461244
81.0,0.0011832540203692281
89.0,0.0011975481201392628
96.0,0.0013284653140638984
105.0,-0.001257959141283513
110.0,-0.0024927313862210506
114.0,0.0015469380222652787
125.0,0.004811433734076272
130.0,-0.001967485958178662
134.0,0.005839219254384846
142.0,-0.002817006538885378
150.0,0.004890799333537978
155.0,0.0005682886782200499
162.0,-0.0009086170431488102
173.0,0.008369344461633082
178.0,0.0033994896154136275
185.0,0.000955326226240885
196.0,0.0009432420170174963
203.0,0.0007960124231128604
209.0,0.0009603456245937356
217.0,0.0051520214404781285
224.0,0.00038837875232345466
228.0,0.001107923180926673
239.0,0.0034970286848655025
246.0,-0.004128193037565738
257.0,0.003098965510220381
263.0,-0.001985536018382748
275.0,0.00030406876841798463
282.0,-0.0008683772634712052
286.0,-0.0005113413307540612
294.0,0.0021458203816909814
303.0,0.000130098652471762
308.0,0.001797460148071644
317.0,0.0012459664435775276
323.0,0.0019004811925620515
332.0,-0.0004110355011357176
343.0,-0.006302150203924282
347.0,0.0014293098424588246
355.0,0.002618946856789272
363.0,0.0017644460899053913
370.0,0.0033618809349100264
378.0,-0.0027265659763986206
387.0,-0.0004159157794386727
399.0,0.003093318186154214
406.0,0.002355755385571684
414.0,0.0010820775025225735
423.0,-0.001959748416486598
433.0,-0.0012593552901278698
437.0,0.0024430986680396448
445.0,0.001375856041256087
453.0,0.0007821491772150703
460.0,0.003985533983001136
468.0,-0.00034967877263185197
482.0,-0.0003062280510211835
490.0,-0.0002606012841284543
498.0,0.00035515456179601774
506.0,0.001090504653555134
515.0,0.002933295423288227
524.0,0.0007557325717719106
532.0,0.0008559135767687878
546.0,0.00015972605210564625
556.0,0.0005153451358361804
566.0,-0.0004232522935350548
573.0,0.0002557998890867867
584.0,0.0022197190145681386
596.0,0.0012648714352290244
604.0,-0.0015395627357827361
613.0,7.771950723411192e-05
621.0,-0.0033583257058739974
632.0,0.0030673380015622436
639.0,-0.002447180906558872
644.0,0.0011664082975113542
651.0,-0.00042243786113801176
660.0,-0.00023369032989698288
669.0,-0.0011639493640030318
679.0,0.00013650684167321124
686.0,0.0010286037709458546
693.0,-0.00022623077630503534
701.0,0.0008624548415731288
709.0,0.006404670146605022
716.0,-0.0011604372853269494
725.0,-0.0023240703981185153
730.0,-0.013362867616703652
737.0,-0.0027338241895286915
745.0,-0.006711241976686616
753.0,-0.009347107351874764
760.0,-0.00239820917797156
769.0,0.003238866602393079
774.0,0.00042456593579172147
782.0,-0.00020326099328070224
793.0,0.0019197603306123153
802.0,0.0008796229469159313
811.0,0.0008972996113888365
819.0,0.00167784437843713
826.0,6.286738438818397e-05
835.0,-0.0002688411333349054
843.0,-0.0016138564137382118
851.0,-0.0005043320309926463
862.0,-0.00028857742437568513
871.0,-0.00670488805223812
878.0,-0.001510938390450176
889.0,0.0003645150333626819
897.0,-0.0015680897064145824
904.0,-0.004853237802433475
911.0,0.00205517281568705
916.0,0.0024702439345919702
924.0,0.0016249387356652822
936.0,0.0035879672810087584
943.0,0.0010277153911090976
948.0,-0.002684168299310087
956.0,-0.00016167001350588523
965.0,0.0016447209109209154
970.0,-0.0006846166503410131
977.0,0.0014829716452024024
985.0,-0.0013648561111910405
991.0,0.0004211415900560578
999.0,-0.00024973962627873505
1011.0,-0.0006055615410003946
1016.0,0.0016943442586055918
1022.0,-0.005064857735868512
1026.0,0.007800446872947827
1037.0,-0.0035317740334145174
1044.0,0.00016010764991302234
1051.0,-0.0016174754637641553
1055.0,-0.0009812734363143472
1063.0,0.0035775733810163987
1070.0,0.0004779389204713058
1078.0,0.0031233834584844127
1086.0,0.002645449958851763
1092.0,-0.005164040725067747
1096.0,-0.002680310859565154
1104.0,-0.0028675245582183233
1108.0,1.1740957960459965e-05
1115.0,-0.0013864078515436872
1122.0,0.00026072379177563977
1132.0,0.000489369943174563
1140.0,0.0015189202653725922
1147.0,0.00028891962827587924
1154.0,3.5040997992953746e-06
1162.0,0.0004354757189329536
1174.0,-0.0022378063896578244
1183.0,-0.003385558658164144
1187.0,0.0027367510458979017
1199.0,0.00399227669165595
1204.0,-0.003564083388294539
1212.0,-0.00020554917322619765
1219.0,0.004657879624007221
1229.0,0.0007883385974917019
1234.0,0.003326603163301996
1242.0,0.0008960272657963173
1250.0,0.0038825218047023593
1261.0,8.041838973596998e-05
1269.0,-0.009004657724093729
1277.0,0.004485521482293263
1285.0,-1.0879766394794222e-05
1290.0,0.0007987776359393634
1294.0,-0.00010998483396762546
1305.0,0.0020401526084076983
1313.0,0.00101283997482957
1321.0,-0.0004805133088683854
1328.0,-0.0007828760584580007
1336.0,0.002527010122605592
1348.0,-0.0005889848830817812
1356.0,-0.00036236587028468017
1364.0,0.0023850272292234563
1373.0,0.0005842473564111331
1381.0,5.907615158208368e-05
1389.0,0.0004378282498881042
1396.0,0.0029214671417262866
1405.0,0.0027176167381555835
1416.0,-0.00950760326677486
1420.0,-0.0011184541044453177
1432.0,-0.0016365726857296276
1438.0,0.002148418686409955
1449.0,-0.00017127112728647687
1456.0,0.003506731179952277
1463.0,-0.0016861125748532408
1470.0,0.0003109894454632165
1475.0,0.0015878835817811031
1484.0,0.00054976940424751
1495.0,-0.00159637924311125
1504.0,0.0032446014676923937
1512.0,0.00222220850648816
1519.0,0.0006071001050857337
1530.0,0.0002761693805020251
1538.0,-0.0002791291280306841
1546.0,0.0007438386996052771
1555.0,-0.0006718654518823971
1564.0,-0.0019964102835105554
1573.0,0.002744518389706582
1581.0,0.003223795762074183
1587.0,0.0017588839475545601
1599.0,0.00018710945179429176
1606.0,-0.005171444774508387
1611.0,0.0006100211446866471
1619.0,-0.00254843551404441
1627.0,-0.001620200168918857
1638.0,-0.003223879753401379
1647.0,0.0013712629569612757
1655.0,-0.0005722338992846
1664.0,-0.0005850565978969005
1672.0,0.0034607034985058515
1677.0,0.003870337757845052
1684.0,-0.0009683933506517399
1689.0,0.003164765278134605
1694.0,0.009747895460007545
1700.0,0.004660583965751074
1706.0,0.0051702308193511785
1712.0,0.006308036240503933
1718.0,-0.00021925473741244596
1726.0,-0.0001534518380719325
1735.0,0.001980246548707646
1744.0,0.007951472630916584
1750.0,0.0012334326405214432
1762.0,0.0015657871342582804
1771.0,-0.0013495249640234613
1779.0,-0.003358575333823909
1786.0,0.002766043614467818
1794.0,-0.003422321183215986
1798.0,0.0016427178954968704
1807.0,0.0026206539847615307
1814.0,-0.000118239494052834
1822.0,0.0034301327367858687
1829.0,0.002765252647808805
1837.0,0.002441810462624089
1841.0,0.0024877499831115193
1849.0,0.0006359073170194629
1858.0,-0.0003806457579840912
1869.0,-0.0006805925723356659
1880.0,0.0010808480043494506
1891.0,0.0013111006167707627
1897.0,0.00024329852011144564
1904.0,0.0015212281910702632
1913.0,0.001084859700970247
1920.0,-0.0015746063722304586
1928.0,-0.00021490163807072438
1939.0,-0.005575198289405778
1948.0,-0.0008248442043608929
1955.0,-0.0045042294245920865
1961.0,-7.105760818177205e-05
1972.0,-0.001960439866388216
1980.0,-0.0030248858878881373
1984.0,0.002776068042653013
1992.0,-2.490853890075398e-05
2001.0,0.004788489579242831
2007.0,-0.004178125083005871
2012.0,0.00014781192629733847
2016.0,-0.0005198550911603054
2024.0,0.00043301719623223365
2034.0,-0.00029746309646551806
2043.0,0.0005330178071119532
2050.0,0.0006416714567718479
2057.0,0.00015254539773700487
2069.0,0.001509397304632915
2077.0,0.00027976472479937227
2083.0,0.00016235471417334272
2091.0,0.0013649428453579783
2099.0,-0.0016015306139050857
2108.0,0.0025503029680576865
2114.0,0.003933358901821128
2122.0,-0.003800541172520447
2130.0,0.0011218685671595667
2138.0,0.0037309011690039814
2146.0,0.0023607522010555865
2157.0,0.0006206693561132153
2166.0,0.00018602245989413237
2174.0,0.00011352970650045935
2182.0,-0.0030751213928732657
2194.0,0.0018563416712944433
2199.0,0.0008282546974233754
2207.0,-6.569477012954725e-05
2215.0,-0.0005737378612406339
2222.0,0.0018418063263680637
2230.0,0.0004365923954027651
2236.0,-0.001753992068544603
2240.0,-0.0019323845335358274
2244.0,0.003127119044413293
2251.0,0.004233807443578583
2258.0,0.002915015496137214
2266.0,-0.0014546048859761
2278.0,-0.006356826310634242
2285.0,0.0029466542335830665
2289.0,0.005172906660373668
2297.0,0.0017639189903060739
2302.0,0.0007708832306727877
2310.0,0.0011023120852303554
2321.0,5.665537954973531e-05
2329.0,-0.00034767107934615435
2338.0,0.002214726005082509
2347.0,-0.0005253639138114492
2356.0,0.002122429450761638
2364.0,0.00030268327576633017
2371.0,0.002457434453733221
2376.0,-0.0008670167142968825
2384.0,-4.8327605473510894e-05
2389.0,-0.0054339347311830955
2396.0,-0.01973919722975613
2402.0,0.002879396238315746
2409.0,-0.0020657835594361782
2417.0,-0.005279872930605711
2426.0,0.002012853032764679
2434.0,1.7761835707642238e-06
2443.0,0.002406762603468114
2451.0,0.004563829319707822
2459.0,0.0009184182944873331
2464.0,-0.0027421080402325864
2471.0,-0.009335132000612829
2478.0,-3.6250702741668e-05
2487.0,0.0014276121221549153
2498.0,-0.0018278370935299857
2507.0,-0.001673381722979069
2519.0,0.0012733861135566002
2525.0,-0.0019736327093194295
2532.0,-0.0013185731447905179
2546.0,0.0047465994656421635
2554.0,-0.0007995738269517071
2558.0,0.00028550564114906545
2562.0,4.548154832478492e-05
2568.0,0.0008464952872892806
2576.0,0.001722888598760549
2584.0,-0.001459042910689871
2589.0,0.0005883518604408272
2595.0,-3.3705530039260465e-05
2603.0,-9.66142016913219e-05
2609.0,4.702580119109171e-05
2616.0,0.002672553233214465
2627.0,0.002113743008835724
2636.0,-0.0008138451415779886
2645.0,-0.00042517874075533106
2653.0,-0.0038344051193644176
2667.0,0.0015142948241688365
2675.0,0.000176109033317067
2682.0,0.0006193547254574665
2691.0,0.0023857531244401283
2700.0,-0.001998238043065589
2709.0,0.0009648904205118596
2721.0,-0.003819764275044922
2729.0,-0.006293763275941102
