,3
2739.0,0.018759652104478147
2747.0,0.009733676240063022
2756.0,0.017610231296298476
2767.0,-0.0076695580891028405
2771.0,0.007607177422916241
2782.0,0.008477514341436366
2790.0,-0.00225654397750289
2802.0,0.0064820630005898135
2811.0,0.002198950249042207
2820.0,0.02117277084058457
2828.0,-0.0007216606638462414
2837.0,0.008508524672241537
2844.0,0.01657350371110923
2850.0,0.01303912736041287
2859.0,-0.0008485981066832101
2868.0,0.0038006249531373766
2879.0,-0.0018527314425668725
2885.0,0.006287372023927945
2895.0,0.008500112788266196
2903.0,0.02397475839296795
2907.0,0.009213839525364633
2916.0,0.0018368377214143174
2925.0,0.022842534015397178
2933.0,0.011597617406579618
2944.0,0.0104600846991506
2951.0,0.011548879758967607
2957.0,0.0022655014232455238
2965.0,0.012078227563346672
2971.0,0.007146056934458339
2979.0,0.008180819814782844
2986.0,0.008037369035663527
2994.0,0.018251212498561153
3006.0,0.012725530006141506
3012.0,0.008801249805416838
3023.0,0.011662192779733719
3032.0,-0.006903944839985678
3043.0,0.004628927699438038
3050.0,0.017733425882162056
3056.0,-0.015409385267939538
3060.0,0.01599428062242788
3067.0,0.009650821458102773
3078.0,0.00929135177577822
3087.0,0.007045185820923004
3096.0,0.011833353874280946
3103.0,0.01582376720579096
3109.0,0.018228410291134655
3118.0,0.003939588158701094
3126.0,0.013334439370216718
3133.0,0.008835863535991553
3142.0,0.007586592166443638
3151.0,0.009164548033558156
3158.0,0.013092649616827184
3165.0,-0.0036254230060786675
3171.0,-0.0022755447889773513
3179.0,0.009373533551285762
3186.0,0.004451672369445553
3195.0,-0.007088576370698178
3200.0,0.024240247830761334
3206.0,0.012258506115874142
3212.0,-0.0033164573278568793
3217.0,-0.0004249744082457277
3226.0,0.02520059248770068
3230.0,0.009095093874731177
3235.0,-0.005921610286809396
3243.0,0.008327931803444391
3250.0,0.0025622853123310053
3258.0,-0.0013062734451526536
3264.0,0.01187943356921814
3276.0,0.014462651901639718
3284.0,0.004614400195221038
3291.0,0.01506032885668051
3302.0,0.01055159411033565
3309.0,0.005839104337369558
3315.0,0.0029105917000790786
3320.0,0.006526276692285036
3328.0,0.0131442826083421
3334.0,0.0004813964544661802
3339.0,0.018677474301000342
3348.0,0.018912963164228032
3354.0,0.010702115571028563
3360.0,-0.0003961679376352861
3369.0,0.006534059816519721
3375.0,-0.008513783718136212
3383.0,0.012739250553223183
3389.0,0.006151108381958496
3396.0,0.015743673551054483
3407.0,0.00011582560285388083
3414.0,0.0018427068381381944
3421.0,0.016438550134552803
3431.0,0.008325304607900269
3438.0,-0.0017257060516531442
3446.0,-0.020347899532814018
3455.0,-0.007868134500461144
3465.0,0.019039271257271954
3474.0,0.005911518397315756
3481.0,-0.018557416709987437
3490.0,0.01375898416734258
3499.0,-0.008693847227993629
3510.0,-0.004068850036025292
3517.0,0.014910774760811978
3524.0,-0.003062376792084337
3536.0,-0.012318968885154978
3543.0,-0.0012698749054197308
3552.0,0.008130764378037447
3559.0,0.014943404069574028
3566.0,0.021790157271746085
3574.0,0.01832457041925156
3582.0,0.01178213309002469
3591.0,0.007526671811752335
3599.0,0.017657144528073303
3605.0,0.0039006688363634567
3614.0,-0.0007651595334052405
3619.0,0.01016322081952444
3630.0,0.0070336516836622415
3641.0,0.004746841680450547
3650.0,-0.024895540038272247
3658.0,0.0012220594572547518
3665.0,0.012423295757252054
3674.0,0.005593837130264918
3683.0,0.003952643222180068
3695.0,-0.0015181951017289486
3700.0,0.01804156498707799
3708.0,0.01065706281587529
3717.0,0.0008411107060122361
3728.0,0.01762463125177633
3736.0,-0.005871835707465173
3750.0,0.0070047437221895026
3759.0,0.004720484594392113
3771.0,0.01747535302381087
3777.0,0.01445660402983667
3784.0,0.011373404162920661
3792.0,-0.0023647753653790815
3804.0,0.01285547049578639
3808.0,0.02093614217931703
3817.0,0.01202640191241723
3822.0,0.005246519621958205
3829.0,0.007614524710678549
3837.0,-0.0025187679779222322
3843.0,0.014692575640828182
3851.0,0.015603421100909981
3859.0,0.008162153279929711
3866.0,0.007102379825219151
3872.0,-0.0004244050019227232
3884.0,0.00800515933125324
3891.0,0.002299717743550231
3900.0,0.013715685420394348
3906.0,0.002963880219660406
3918.0,0.01937361955917796
3926.0,0.00813618609500139
3932.0,0.00384989396925681
3940.0,0.01059385932143902
3947.0,-0.015443185531556065
3951.0,-0.006018911289678967
3957.0,0.017697103921387507
3963.0,0.021493370310536972
3969.0,0.018753049098634938
3976.0,0.014666523239044266
3982.0,0.006970758805463144
3987.0,-0.012916014593364696
3993.0,0.0024092231660900513
4000.0,0.009526057954857428
4007.0,0.00960162298744559
4014.0,0.008466014826992763
4020.0,0.017365787324080895
4031.0,0.013958171036476702
4039.0,0.0024088718469620703
4048.0,0.01709320590024077
4057.0,0.016208758607619687
4068.0,0.016814003208460625
4076.0,0.018019919358967695
4085.0,0.017732817063483303
4093.0,0.0015012378914879274
4102.0,0.00037275480912397414
4112.0,0.009902304473109516
4120.0,0.005431169603102248
4126.0,0.014319920764637745
4134.0,0.009919024807130547
4142.0,0.006215210915406305
4149.0,0.00824479420968449
4156.0,0.01705016262067672
4164.0,0.00027847640155663646
4170.0,0.003629897262879678
4178.0,0.01431358513014125
4189.0,0.010947183214249255
4196.0,0.018824145728055443
4202.0,0.01438391594372019
4208.0,0.013544156688324559
4217.0,0.004473383208495684
4229.0,-3.129065824033529e-05
4234.0,-0.00040498802582143376
4239.0,0.013683967753738055
4251.0,0.02021292084626829
4255.0,0.0002002367531976062
4264.0,0.011442626065493603
4273.0,0.018659425231879537
4282.0,0.006675196517326118
4288.0,0.008741022198144748
4299.0,-0.0015398881410115073
4307.0,0.0023937356967832215
4313.0,0.0213315337042309
4321.0,0.005304212883481922
4329.0,0.00954688668644036
4337.0,0.015780320065555287
4346.0,0.014796768899410916
4354.0,0.0008570190655697965
4359.0,0.01612202130760002
4368.0,0.01571210837712232
4377.0,-0.008469312661649669
4384.0,0.0017392472318831654
4391.0,0.019710557036904507
4398.0,0.006378944039182567
4403.0,0.014457581235895021
4411.0,0.011035698229358633
4419.0,0.022904202899077422
4428.0,0.015460433982525402
4436.0,0.006532519433479298
4443.0,0.008899638477024577
4451.0,-0.0018941004876819076
4458.0,0.012962087592911224
4466.0,-0.00010858273451688945
4471.0,0.014224179149641553
4480.0,0.0037044889481457404
4488.0,0.003270370079524646
4496.0,0.010969780008061071
4503.0,0.017944502048977563
4511.0,0.0113638138826278
4519.0,0.011723726906589026
4527.0,0.0012995799286733588
4533.0,-0.0058332179100514005
4542.0,0.01550311521786966
4548.0,0.014685685901095733
4554.0,0.009312650344234981
4563.0,0.009878597501376806
4569.0,0.0034956225176727054
4574.0,0.011017386863273065
4580.0,0.01700173455332104
4589.0,0.006123007011056222
4597.0,-0.007387581120474606
4603.0,0.009422920291400664
4611.0,0.007614581976184513
4616.0,-0.002432878030682079
4625.0,0.007837142237551182
4634.0,0.00962563692454011
4642.0,0.004804280730687169
4649.0,0.014333004223291704
4658.0,0.007501686974553845
4668.0,0.013905704818386837
4675.0,0.011816946349301692
4682.0,0.012391610273252184
4691.0,0.00812375981603852
4699.0,0.016733801582430884
4705.0,0.020723000600418196
4713.0,0.018567425027874424
4721.0,0.002231314836205848
4729.0,0.005548733217156891
4735.0,0.01486556527082008
4742.0,0.01968123429022148
4751.0,0.021079177488158258
4759.0,-0.008743544635705794
4765.0,0.015002083025641226
4774.0,0.019268712384278387
4785.0,0.006339276929668241
4794.0,0.017684904747179632
4802.0,0.015151637420260886
4808.0,0.02347574653589222
4814.0,0.0146576606331163
4823.0,0.019360141098266906
4832.0,0.01686854474203252
4841.0,0.007625764325606444
4848.0,8.595163800030788e-05
4853.0,0.019942287055227798
4861.0,0.01835858957156297
4869.0,0.00957177570114656
4876.0,0.009770035109182347
4887.0,0.009713802126015981
4894.0,0.006585646990533547
4900.0,0.011801701723343569
4907.0,0.00566212560744787
4919.0,0.021059963386095705
4930.0,0.0016712879233456367
4938.0,0.0015765960328597058
4945.0,0.0031204573119299897
4950.0,0.010183431685469667
4955.0,0.00283769362122788
4964.0,0.013020432271146052
4972.0,0.006311894250071798
4979.0,0.0051372826206260115
4988.0,-0.0027674001980491645
4996.0,0.008844454660222828
5003.0,0.02472085192217191
5011.0,-0.009928342699901158
5018.0,0.018120666724904765
5027.0,0.022881248526265892
5035.0,0.006129825558080847
5042.0,0.015506327380691451
5049.0,0.007788755326999711
5057.0,-0.0005605866889915578
5066.0,0.02393995951306805
5074.0,0.006719602744987024
5081.0,0.012833482928197583
5087.0,0.022040900245420145
5095.0,0.0050801687716575845
5102.0,0.031114268968840352
5106.0,0.016218324792086545
5114.0,0.0026735797677390886
5121.0,0.007571379737520892
5130.0,0.011494852889465586
5137.0,0.012255630825942589
5145.0,0.018578534873230527
5153.0,0.01002080996694044
5162.0,0.0050830102212148865
5174.0,0.009108714062950121
5181.0,0.0037170702748328547
5192.0,0.017418061388613737
5201.0,0.004526003071069437
5209.0,0.01677299400364458
5215.0,0.016916627538750277
5226.0,0.015026951975387462
5237.0,-0.012798547614583688
5244.0,-0.021453816432237476
5254.0,-0.003038268315849521
5262.0,0.005709514524993113
5269.0,0.009155198314292684
5278.0,0.010351062858629006
5285.0,0.008440103284346634
5296.0,0.013611801233358924
5304.0,0.0142662018967992
5310.0,0.009380169209535279
5319.0,0.0061776955621997715
5326.0,0.02657665671873607
5334.0,-0.006282735924591209
5343.0,0.002299244865534519
5350.0,0.00845854575439465
5357.0,0.017884885672114523
5365.0,0.005316370005958932
5374.0,0.011907244459083989
5380.0,0.01683595051412028
5388.0,-0.019099514854254016
5392.0,0.023193257706829024
5401.0,0.016308719368878084
5407.0,0.01799755493229223
5413.0,0.020373435078694567
5421.0,0.01013431531687384
5428.0,0.018455818508580225
5437.0,-0.02671958732076076
5445.0,0.006660973425992934
5451.0,0.010046932164943873
5458.0,0.01094022461065981
5465.0,0.014689308480119703
5471.0,0.017352626452953605
5482.0,0.02116242343888974
5490.0,-0.01008318949580271
5495.0,0.00914392384797579
5504.0,-0.03420730742033844
5508.0,0.003873169207062019
5515.0,0.005381087118794726
5523.0,0.016434342638715824
5531.0,0.013470250500446417
5540.0,0.01229705617362648
5549.0,0.019099647306075936
5558.0,0.00016796594725715326
5566.0,-0.007730125757291455
5572.0,-0.00011856067967246926
5578.0,0.0040144275995227935
5589.0,0.01186159729897341
5597.0,0.01730188614447402
5605.0,0.017756835541074024
5614.0,-0.022189596065369382
5618.0,0.020101634745854274
5627.0,0.004236622836726576
5636.0,0.017818624520910622
5644.0,0.013659154480148483
5650.0,-0.0010752550025238746
5655.0,-0.0014924120038361818
5663.0,-0.0004905879780437856
5675.0,0.0049091937495891235
5681.0,0.014751202239807568
5690.0,-0.007634170774034121
5698.0,0.01412686317468647
5705.0,0.009486100945580542
5716.0,0.009016822432431492
5723.0,0.01093460875864616
5732.0,0.0022795464241753545
5744.0,0.01957665219239103
5753.0,0.011324457946992118
5762.0,0.018419774026419956
5771.0,0.003400518990042866
5779.0,0.0017622215818869555
5784.0,0.01852886027357098
5793.0,0.014034061038353536
5804.0,0.018283885661673223
5812.0,0.0036334763895201645
5821.0,0.003547951485477924
5826.0,0.02042387258098821
5835.0,-0.00804743207925929
5843.0,0.006426939874995031
5850.0,-0.0002601744996414719
5858.0,0.0055423396425725545
5863.0,0.01575819608059713
5870.0,0.005280990806621899
5877.0,0.005752501809006368
5886.0,0.006274206126243371
5895.0,0.01315774396192431
5903.0,-0.00040777062667103495
5908.0,0.007275271251893861
5917.0,0.01475539433652849
5925.0,0.01021246908702225
5932.0,0.021495079830355344
5940.0,0.013625809141361035
5949.0,0.006329626707313475
5960.0,0.0018026747830843773
5966.0,0.007273086747469596
5974.0,0.002014659640632696
5985.0,0.0011717197026691736
5990.0,0.010079699573309207
5996.0,0.00401365747908844
6004.0,-0.0002233157326991404
6010.0,0.005882913979024453
6016.0,0.007199142114785687
6022.0,0.008336076712438998
6030.0,0.0036658945768306404
6038.0,0.020453885480520986
6044.0,-0.008850818280608349
6051.0,-0.0006448404490622703
6058.0,0.008788060056803416
6066.0,0.0014593533198990335
6078.0,0.02134248761573677
6084.0,0.0024463052576267877
6092.0,5.241452386722999e-05
6098.0,0.017439901434682784
6107.0,0.012792576351777035
6115.0,0.016773003550208755
6123.0,-0.0016717505700645184
6128.0,0.021031482093625823
6137.0,0.019330622613231613
6145.0,0.024250346132143934
6154.0,0.01385044368088006
6162.0,-0.0004821949585419092
