,4
2.0,0.004285754044950132
12.0,0.007428210234793685
20.0,0.006889352170526095
31.0,-0.004443076755014566
43.0,0.009910580173967726
49.0,-0.005599091323841163
55.0,-0.0013962432435468534
66.0,-0.002529140929231328
74.0,-0.0009581272546717037
82.0,-7.769947976332499e-05
90.0,0.0023948352678444004
98.0,0.011126408043933656
105.0,0.005747640197760734
116.0,-0.00022789777347657258
124.0,0.007046384484095735
132.0,-0.00286205015181836
140.0,0.002569504424819666
144.0,0.008494305595726524
150.0,0.002148890954223596
156.0,0.0044353081673594525
167.0,-0.003924502113619787
175.0,0.004862723406267228
181.0,-0.0025127742468555683
190.0,0.002143518302065735
195.0,0.009623263696272265
204.0,0.008235018560077407
215.0,0.00357320063674759
224.0,0.004766648835855892
231.0,0.001997510550103211
239.0,0.0022098431655818607
248.0,0.015113765647023063
253.0,0.0053366260385363145
264.0,0.0009640756837676831
271.0,0.00661472382285875
278.0,-0.0034651349020495903
286.0,0.004756246864359975
294.0,0.003400666662175927
302.0,0.006660370437031508
311.0,0.007438463130344223
320.0,-0.004748936920480267
328.0,-0.0030499758062155448
339.0,0.008197133864706148
347.0,0.003204674784554354
353.0,0.00127775386138958
362.0,0.0006661258301266379
371.0,-0.007221830296349682
385.0,0.0014974289917951014
392.0,2.9110544319489036e-05
403.0,0.0042717535653632455
410.0,0.009457087311410688
415.0,0.00048170595006370444
422.0,0.004828331881870051
429.0,0.005687118391200716
438.0,0.003701292099528573
450.0,0.010057304610331034
460.0,0.008378663862542761
468.0,-0.010279037997352528
472.0,0.015859824139600846
478.0,-0.004427714610804606
488.0,0.010336144081876988
493.0,-0.002604519947157085
505.0,-0.0006635777979338311
513.0,0.00021467085071241577
517.0,0.007622855317046013
525.0,0.004299583617450565
534.0,0.010060962836848809
542.0,0.005349762757390974
553.0,-0.005958938748751835
562.0,0.0009964791406247616
573.0,0.013054630482809245
580.0,-0.001840132354294577
586.0,0.004007643147554356
595.0,0.0038568301261284813
603.0,0.0036960466257737763
614.0,0.003166595416511961
625.0,0.006237336497975485
633.0,0.002041024523481936
638.0,0.006146153668970708
644.0,0.00548526009662459
653.0,0.004181023432352246
660.0,0.0038329873720913056
669.0,0.006311271436778688
681.0,-0.008851842264168538
686.0,-0.00012999336218781873
690.0,0.014291950772425871
696.0,0.005602887831278643
705.0,0.004317669003349612
712.0,-0.0012344783022165736
717.0,0.0017160721642258485
723.0,0.004073182803880816
730.0,0.005441047926645267
736.0,0.002593183510305736
745.0,0.0008027072004685575
752.0,0.003805158888462288
760.0,-3.2587754489144868e-06
769.0,0.003510537450087066
781.0,0.003189506776332919
788.0,0.004106619546150407
796.0,-0.0002967742022177353
807.0,-0.005898614583491606
816.0,-0.004744266953863834
824.0,0.0010905081363347439
835.0,-0.0014821576357460047
841.0,0.009451643446394938
850.0,-0.005081084657271793
858.0,0.01340450786760968
866.0,0.008030648079625181
877.0,-0.00021583326617663728
884.0,0.008374809398252329
893.0,0.005909454152400681
898.0,0.015046733372096568
904.0,0.0005282468965806202
915.0,-0.003269698265749711
923.0,0.017053666410955588
928.0,0.0005422570671314838
936.0,-0.00362608351275378
944.0,0.007515272240352058
952.0,0.0013720972080414416
960.0,-0.0055259999925654744
965.0,0.00132106754987411
971.0,-0.0007993572044799143
980.0,0.005133212835696841
989.0,0.007830734945620744
996.0,0.017570907198854166
1005.0,0.011267552381422628
1016.0,0.006245133673459728
1024.0,-0.003486915997899165
1030.0,0.008684254200534685
1041.0,-0.002011207046709892
1049.0,0.002380825309011879
1060.0,0.007495618827841036
1067.0,-0.0035583684509020203
1078.0,0.0017856205238256974
1090.0,0.004684768268937308
1097.0,0.0015218598369287368
1106.0,0.00035478700951001714
1110.0,0.002263654310059674
1118.0,0.0014838185563744845
1127.0,0.007805250183634325
1136.0,0.00042008380621789417
1145.0,-0.004868911781315685
1154.0,0.007144629894421794
1161.0,0.006926639742811803
1169.0,0.00485443136874851
1176.0,-0.000913475794041301
1184.0,0.003011317748123626
1191.0,0.0032242865291556857
1198.0,0.0071625530225245555
1202.0,-0.000145982400666022
1210.0,-0.003445976651807211
1214.0,0.009207474266893818
1221.0,-0.003992767738284519
1231.0,0.004480755241085164
1236.0,0.003034639990260369
1244.0,0.01588882007622367
1252.0,0.014504498347629975
1261.0,0.003981523862350578
1270.0,0.006967107098948214
1278.0,0.003902406319994853
1289.0,0.004358395452071521
1297.0,0.0011754587504574678
1305.0,0.0037746605870946377
1314.0,0.009786139461695592
1323.0,0.007270197592473458
1332.0,0.011838149241870391
1337.0,0.0016076083284669884
1344.0,0.007718328959514094
1353.0,0.0004967285487807848
1361.0,0.011391699138416566
1370.0,0.006285505203351753
1375.0,-0.0033876420246710445
1386.0,0.003147371616441998
1393.0,0.004434716938646284
1401.0,0.003587248456593041
1407.0,0.0036540131646677736
1413.0,0.010558551517258014
1420.0,0.007613524892245908
1428.0,-0.0015639384242649116
1437.0,0.00427165511304585
1445.0,0.018399163476564343
1454.0,0.0032840950608365115
1463.0,-0.002906366618630979
1472.0,0.0062185245136192275
1483.0,-0.00016871839027892397
1491.0,-0.00020649733037168635
1500.0,0.004622521403109269
1508.0,0.000446059494235945
1515.0,-0.0018807519611122956
1521.0,0.01072988008385288
1533.0,0.002134062825343141
1541.0,0.002605732642419647
1547.0,0.0036303609733478546
1555.0,0.0024987799910537066
1563.0,-0.0014822071320880063
1568.0,0.0071914971608514665
1575.0,0.005777397446134354
1584.0,0.005327917047992181
1589.0,0.0012732269794569404
1596.0,-0.0026023482423430306
