,3
2.0,0.017676210264068088
12.0,0.0010754712810738397
20.0,0.0126126544211444
31.0,-0.0038165595328748156
43.0,0.01366876120249768
49.0,-0.014817718980599233
55.0,-0.005555969259286305
66.0,0.0003726549251556038
74.0,-0.007170369339303394
82.0,-0.007609741308483469
90.0,-0.013421501638270389
98.0,-0.003895681322580308
105.0,-0.0006089844806968975
116.0,-0.020542665425111056
124.0,-0.002229667297631871
132.0,-0.0021119215008759623
140.0,-0.029915662995116322
144.0,0.016289382325267138
150.0,0.009694446330283534
156.0,0.02042666107067326
167.0,-0.016441879535997097
175.0,0.00797499085251218
181.0,0.0048356642562087816
190.0,0.0033171278811270784
195.0,0.018917858224373217
204.0,0.007722280043404695
215.0,0.015490529797595857
224.0,0.018106444162149172
231.0,0.0008721525662822071
239.0,0.013342432138572634
248.0,-0.006647667651243663
253.0,0.008161511530390256
264.0,0.004260676652663532
271.0,0.013016643170816177
278.0,0.004982692600879402
286.0,0.01113546456238728
294.0,0.01109979994399973
302.0,0.006921947368133009
311.0,0.015437746811082991
320.0,-0.008103048252569542
328.0,-0.006713915744690369
339.0,0.0001235703170647733
347.0,0.0032747636062239642
353.0,0.016739195883975273
362.0,0.005868220335226033
371.0,-0.00963000803256191
385.0,-0.010950760807654582
392.0,0.009511737066444583
403.0,0.002279113171405042
410.0,-0.016022215184050587
415.0,-0.013559302698542358
422.0,-0.015145422858232829
429.0,-0.00048469510215139823
438.0,0.0072787672146899796
450.0,-0.0012796487427459576
460.0,-0.00875548428127568
468.0,0.012988776924168671
472.0,0.011735853719287658
478.0,-0.01728965913828483
488.0,-0.014485017041120537
493.0,0.00029720855872994787
505.0,-0.008147909122595777
513.0,-0.04049246294515744
517.0,0.012714942397687196
525.0,0.021749672701871163
534.0,0.015017334320302838
542.0,-0.004924410743393497
553.0,-0.015202988820895323
562.0,-0.0017993352121434374
573.0,0.002407737560947074
580.0,-0.013913011174660367
586.0,0.01973989284350129
595.0,0.006688007172685948
603.0,0.002281952568644808
614.0,-0.015898124730921243
625.0,0.00529495071488699
633.0,0.001907782240317096
638.0,0.008888016191090862
644.0,0.016574729726197834
653.0,-0.0008336428655147018
660.0,0.0062599163967614075
669.0,0.008369737124488946
681.0,-0.02159959084948925
686.0,0.007038368861663666
690.0,0.015212382576493018
696.0,0.013932324786681292
705.0,0.0001958155785203228
712.0,-0.021814672422706988
717.0,-0.013607760641408456
723.0,0.008582147701622491
730.0,0.011545086602342604
736.0,0.009362031740311666
745.0,0.00948744707860084
752.0,0.013135163452594452
760.0,0.007042671718312675
769.0,-0.001543876824546891
781.0,0.01027788303465925
788.0,0.006125858452604459
796.0,0.004674030756568638
807.0,0.005688965682170349
816.0,-0.007312447579611918
824.0,0.0027126097989043914
835.0,-0.014249881684068762
841.0,0.012506908586033564
850.0,-0.017396048741299998
858.0,0.014186044846560922
866.0,-0.0015581132715342286
877.0,-0.0023529360102725614
884.0,0.01341713400340325
893.0,0.005160205180591934
898.0,0.015954564353483854
904.0,-0.01942253839828593
915.0,-0.012168106670573619
923.0,-0.02816957025138426
928.0,0.008965891529590365
936.0,-0.023952576593002584
944.0,-0.005261416063072777
952.0,-0.001134724297960725
960.0,-0.012661509122354614
965.0,0.007358189995596587
971.0,-0.019865899107734317
980.0,0.0006996901671350247
989.0,-0.0006350199798072847
996.0,0.019397652368854983
1005.0,0.00817040829994417
1016.0,0.01066413943886513
1024.0,0.01870056008112012
1030.0,0.008422239046078802
1041.0,0.008916183132889234
1049.0,-0.004971064062510831
1060.0,0.010689350470662773
1067.0,0.00731784260421737
1078.0,0.013040622254990305
1090.0,0.012748068211773383
1097.0,0.008534858107022288
1106.0,-0.007421977393919638
1110.0,0.006821618610390855
1118.0,0.007234857629078217
1127.0,0.015537954238824444
1136.0,0.014867240059453458
1145.0,-0.010564793151818921
1154.0,-0.0016990749559608106
1161.0,-0.002603118897353424
1169.0,-0.010279065109774848
1176.0,-0.01099077736619306
1184.0,-0.004852707955397718
1191.0,-0.01826210866060177
1198.0,-0.004078928877332577
1202.0,-0.013950600378908055
1210.0,-0.005090506193680722
1214.0,0.008432599738550697
1221.0,0.009008850133658432
1231.0,-0.0063644845148773475
1236.0,-0.021490667085797412
1244.0,0.011743285082332914
1252.0,0.01346181211091388
1261.0,0.015360111009932663
1270.0,0.014487977051775514
1278.0,0.012237836256182723
1289.0,0.02076247857574951
1297.0,-0.0016146216851298822
1305.0,0.00812405126994285
1314.0,0.015860091408264387
1323.0,0.016074972656324862
1332.0,-0.0034009792306075857
1337.0,-0.005711736093200438
1344.0,0.014412690780179673
1353.0,0.014636119308998045
1361.0,0.004744558365936631
1370.0,0.0027724059715560053
1375.0,-0.01439452152056493
1386.0,-0.0050695330689062845
1393.0,-0.01302070990964951
1401.0,0.00036482788946991924
1407.0,0.005446772080444989
1413.0,0.009254499119456428
1420.0,0.02157642974284684
1428.0,0.0016594070745326714
1437.0,0.00541345616294054
1445.0,0.01770692921275093
1454.0,0.0010179161798074712
1463.0,0.015545585213745789
1472.0,-0.010092803733811592
1483.0,0.010482037349390499
1491.0,0.008543309938583295
1500.0,-0.00011148266477027152
1508.0,0.008628969982164518
1515.0,-0.0046393740081541335
1521.0,0.014871949442814413
1533.0,0.010051120893874575
1541.0,0.008690902807234476
1547.0,0.023257574667799655
1555.0,0.0036499661222719284
1563.0,0.00493694545364273
1568.0,0.003745003542475468
1575.0,0.02145795559506085
1584.0,-0.007246881498223403
1589.0,-0.007675624161077169
1596.0,-0.01931463922889461
