,4
919.0,0.002994714933430365
926.0,-0.011576140537910147
933.0,0.0056034682587886
941.0,0.003200627771190766
952.0,0.0025042957988799415
959.0,0.004620141468260479
964.0,0.010352998933239922
972.0,0.01072654511406974
984.0,0.013883315665415915
992.0,0.00704549619803065
1004.0,0.0028428455324615823
1013.0,0.009796881095440727
1018.0,0.006964765839120349
1029.0,0.014423291441350248
1036.0,0.011014260009399484
1045.0,0.013731330791338987
1053.0,0.01171934919503363
1061.0,0.0106768871708777
1069.0,0.0062543536645948425
1075.0,0.000450776853447156
1086.0,0.002357595319086831
1096.0,0.006482688772679746
1105.0,-0.004125996751347804
1109.0,0.00574897477794509
1118.0,0.011949097600389206
1127.0,-0.004745696887457337
1138.0,-0.006278091323740428
1147.0,0.01132438605455839
1155.0,0.0035249429358838237
1163.0,-0.013416759696884092
1171.0,-0.004303362493443208
1177.0,0.003231995214885318
1183.0,0.005350764253743237
1192.0,9.379596346302549e-05
1196.0,0.004111204630148124
1204.0,-0.004771080107594286
1218.0,0.010235756598158889
1232.0,0.007232388683093022
1241.0,0.003975898878391495
1246.0,0.003106628180190221
1257.0,0.0016177451997658975
1263.0,0.009379660240752178
1271.0,-0.002902145354228263
1278.0,0.004854023119130625
1285.0,-0.006958374011215908
1289.0,0.011985454403076778
1298.0,0.007129085158620597
1305.0,0.0012216504288397683
1309.0,0.006944033750901411
1321.0,0.007549248283666596
1329.0,0.004532339309839946
1336.0,0.008389328793079036
1342.0,0.010372001032797956
1350.0,0.002855780008810238
1362.0,0.008026770101436393
1369.0,0.00660338426992957
1374.0,0.0093973101226925
1381.0,0.0099037013768732
1388.0,0.005348645136041686
1396.0,0.010744099537899256
1402.0,0.007641611360758381
