,3
919.0,0.005479460060556255
926.0,-0.01344501058688752
933.0,0.003813409282706973
941.0,-0.005655490412513184
952.0,-0.0005047349019040444
959.0,-0.008105492600337688
964.0,0.010024272574165457
972.0,-0.0050671023119611925
984.0,0.023787755865533017
992.0,-0.010862908977861666
1004.0,0.0012352730222537215
1013.0,-0.0027141148692661774
1018.0,0.011214455558499207
1029.0,0.012913881068144398
1036.0,0.014383369135927424
1045.0,0.010675449614502508
1053.0,0.01517455464498152
1061.0,0.008439098054215334
1069.0,-0.00876713198546952
1075.0,0.0006777006965999787
1086.0,-0.00022893731086229304
1096.0,0.00742128905134091
1105.0,0.021061165936546274
1109.0,0.011585474820603271
1118.0,0.006006061216895785
1127.0,-0.0036906723271112663
1138.0,-0.015518670433656966
1147.0,0.007333575090185176
1155.0,0.004806864383747201
1163.0,-0.021761227162520845
1171.0,0.007034008425743698
1177.0,0.0026569700121724213
1183.0,0.01840910460667668
1192.0,-0.03341336229760774
1196.0,0.008633954465454334
1204.0,-0.013143820169323028
1218.0,-0.001880291365377025
1232.0,0.004204596020774736
1241.0,-0.013378079672816852
1246.0,-0.010991528561572846
1257.0,-0.00031158181436747456
1263.0,0.014337049001829548
1271.0,0.0015610814386118254
1278.0,0.007145566173566417
1285.0,0.015984321729970656
1289.0,0.02217924386954798
1298.0,0.00040055831785414505
1305.0,0.008843616786339438
1309.0,0.015436242686584885
1321.0,0.001999907696754082
1329.0,-0.000626855826488553
1336.0,0.0040029341742694145
1342.0,0.00175788570120497
1350.0,0.019735435373296653
1362.0,0.003968126014434857
1369.0,-0.004605758928857057
1374.0,0.0036737323709602134
1381.0,0.015494927639678049
1388.0,0.006167375528617026
1396.0,-0.004422207739506809
1402.0,0.004205490606143986
