,4
4119.0,0.00874609499789539
4126.0,0.009396285635924534
4134.0,0.0026766329825061216
4140.0,0.004492399169741078
4152.0,0.005287580144346924
4158.0,0.0018718449353393818
4168.0,0.009044558211468517
4175.0,0.009882140324538494
4182.0,-0.0016572444604829716
4189.0,0.0023521975821837898
4195.0,0.01582989193974855
4206.0,0.005624924428410337
4211.0,0.005391742512357823
4219.0,0.001968977887072296
4227.0,-0.00014830866017805859
4234.0,0.002193585776517952
4242.0,0.002015996181643911
4248.0,-0.003859768402391234
4252.0,-0.0027871643910405528
4261.0,0.0007411282839727007
4269.0,0.003824704852684585
4275.0,-0.0002691006048165491
4281.0,0.002824025296220684
4293.0,-0.011424024318278452
4304.0,0.0025271482231469327
4313.0,0.0013687472374646183
4319.0,0.007888658001040152
4330.0,0.0021037988498686746
4341.0,0.012739499537205776
4351.0,-0.002665290468112084
4358.0,-0.007468154744897889
4365.0,-0.0013297125637278093
4374.0,0.015437904679737503
4382.0,0.013493528039953984
4389.0,-0.00277989087984859
4397.0,-0.006550369323209234
4401.0,0.0033211408990263362
4412.0,0.009354868974348288
4416.0,0.0027540169336758963
4422.0,-0.014131123374178425
4426.0,-0.012018078498850131
4432.0,0.0012319441961646802
4439.0,0.002758311597584651
4446.0,0.005306389423261111
4450.0,0.012548738456612366
4458.0,0.0020712916900302992
4466.0,0.00032606939187193216
4474.0,0.0034794824919055136
4482.0,0.014426393888314803
4491.0,-0.0031084025919733177
4498.0,0.010779572881338713
4503.0,0.006655788199885922
4509.0,0.01049991101077468
4515.0,0.0015737528185150093
4522.0,-1.2863769715311442e-05
4528.0,-0.02406183768075657
4535.0,0.014783823155115594
4543.0,-0.006239598311351468
4552.0,0.008599161680421852
4558.0,0.0074094094593351485
4566.0,0.00850026924791676
