,3
2.0,0.007350440880927847
11.0,-0.023961411482828317
19.0,-0.005482599102809182
26.0,-0.011652436740996676
35.0,-0.0028221462498203478
43.0,-0.002189313471059208
51.0,-0.01044754102414667
58.0,-0.005407791673054617
69.0,0.004588040703836242
76.0,0.009439877418122918
81.0,-0.033366682057521364
85.0,0.01976132774248166
89.0,0.004824017537707108
98.0,-0.013437036679806549
106.0,-0.00890277213494552
117.0,-0.017619233299815757
121.0,-0.00668763382920757
129.0,-0.01668766110677526
140.0,0.0037314035528483096
148.0,-0.009675202332738735
157.0,0.005224134921402348
162.0,-0.0016510019681368943
169.0,-0.023436480883243526
173.0,0.0012960900934855836
177.0,0.006246049684561296
184.0,-0.006566544587872808
191.0,-0.012087700417019048
197.0,-0.02414509615171523
202.0,-0.012814044224541155
213.0,0.00987408738533576
221.0,0.023785112664010826
225.0,-0.004421982146337617
233.0,-0.005641859377465202
240.0,0.015803829616932916
251.0,-0.006627209014545182
256.0,0.013123262896894425
265.0,-0.001049468948434518
272.0,-0.0008577340680219562
279.0,0.017408844254243837
286.0,0.007118756660599426
290.0,0.016791093989416295
296.0,-0.004428199132660578
301.0,0.013311899338206043
312.0,-0.015451354770204435
323.0,0.019111050997076193
331.0,-0.001533208989851485
338.0,-0.0001443752169817122
345.0,-0.010301581259792312
354.0,0.007506039281736603
361.0,-0.006724465409590191
370.0,0.01878155486879833
381.0,0.0035431702605557835
388.0,0.00821357673999768
402.0,0.0022713186979481984
408.0,0.012660328476984612
412.0,-0.0014980820784244433
419.0,0.012603910674180418
427.0,0.019944741127481888
435.0,-0.01292356475626201
440.0,0.0209760452573073
447.0,0.000515536433411993
454.0,0.014433543009747047
465.0,0.00672565948665248
474.0,0.02444598019302151
482.0,-0.0075101479762785086
489.0,0.011345028999759862
495.0,0.013519824748792958
507.0,0.008156200704211228
516.0,0.0017728204502194215
528.0,-0.006287449169199832
535.0,0.008766430241712062
543.0,0.0108272234028658
550.0,0.0067275544475337515
558.0,-0.009103427209056585
570.0,0.0015598082591427127
577.0,0.013550241617427261
581.0,-0.013407945536164857
592.0,0.0020611841367429596
601.0,-0.007569171566781646
605.0,0.003402814303475236
612.0,0.02285812613870477
621.0,0.006582738557106735
629.0,0.008801782895023936
643.0,0.02353866252282839
651.0,-0.0021082806548139398
658.0,0.01762960400190467
666.0,-0.005783148283428599
677.0,0.022084891094153517
686.0,0.007321425168544189
694.0,-0.0007348111734530494
700.0,0.01835091899666628
709.0,-0.01650501271119795
717.0,0.007040823789227003
723.0,-0.002838751427165789
731.0,-0.017453385086899312
743.0,0.007606083193499321
751.0,-0.0029099609262855128
759.0,-0.008181446332290145
766.0,-0.009016627024221747
780.0,0.002855414423090502
787.0,-8.577892908793138e-05
794.0,-0.012678244818126025
806.0,-0.005594611440012166
813.0,-0.014962223113382115
824.0,-0.001660932733558403
831.0,0.0011988901378270243
836.0,-0.0030405257070090733
842.0,0.003340485426840041
849.0,0.008292170155559775
856.0,-0.006068792494205559
863.0,-0.0006902933678597619
870.0,-0.013095118493157518
878.0,-0.002512708387773376
886.0,-0.015425562025481728
900.0,-0.005074666485766806
908.0,0.002752396971410436
920.0,-0.026018623094990666
924.0,0.026643821174931172
928.0,0.00248227126712614
932.0,-0.013032407706091823
943.0,0.015263426726130142
955.0,0.0048846214023536925
961.0,0.026637490607058143
965.0,-0.007767445569886113
970.0,0.008897483804605037
975.0,0.015270823608761485
981.0,0.020292837543522835
989.0,0.01808751774504753
997.0,0.012679635212020327
1004.0,0.01660072105953023
1016.0,-0.006988330695174081
1024.0,-0.007324351357537388
1028.0,0.0036206070778989417
1039.0,0.0030106937535986584
1050.0,0.02062002616366032
1058.0,-0.016031149251581098
1063.0,-0.0017427330787921148
1072.0,0.008836464774393512
1079.0,0.016243327024025176
1088.0,0.020783786849997182
1092.0,-0.012046408448780395
1097.0,-0.010365407188046991
1104.0,0.010039999774763204
1112.0,-0.001257861704605603
1119.0,-0.010375495360165509
1125.0,0.015391605573855811
1133.0,-0.008266832261333628
1141.0,0.007348816299749682
1153.0,0.011425850765736755
1164.0,0.011191925520870052
1171.0,0.011515577741311608
1175.0,0.0012863464194069435
1182.0,0.00649541927197288
1193.0,-0.01710471389312141
1197.0,-0.009118199543091779
1208.0,0.002241708276766202
1216.0,-0.02262796165167507
1221.0,-0.004859439011084558
1229.0,-0.006231901249564894
1236.0,0.021653360017398364
1240.0,0.0038504184571250396
1246.0,0.0072546089437378475
1251.0,0.010617472298914734
1260.0,-0.01555218285880257
1265.0,-0.002284788330083705
1272.0,0.017739051133521314
1276.0,-0.020757768395700277
1284.0,0.00943723820870733
1291.0,-0.012923669440788788
1295.0,0.01378126507047772
1303.0,0.013524181235880043
1311.0,0.009857752221085038
1319.0,-0.00337256068013511
1328.0,0.003633263166634649
1339.0,0.011856602594976555
1347.0,0.005484755779439639
1352.0,0.022294465073589235
1360.0,0.010184119705798291
1369.0,0.013131138760836584
1383.0,0.004684786525191529
1390.0,0.02101527255372561
1399.0,0.01052027786550685
1408.0,-0.0009005907309528187
1416.0,0.013154791630254048
1424.0,0.001643111297847894
1429.0,0.012120585851150358
1434.0,0.0051344155693263645
1445.0,0.02245778960763342
1449.0,-0.044705460617558146
1453.0,-0.004576319457640255
1461.0,0.007356906304681639
1468.0,-0.008640057126479165
1476.0,0.019961750397450035
1482.0,0.0044942722727493315
1489.0,-0.018423498858444617
1496.0,-0.010643883235997931
1504.0,0.002375756589364385
1515.0,-0.024537919554109236
1519.0,-0.0017839465281843804
1528.0,-0.007976310441080612
1534.0,0.007001454871580047
1539.0,-0.02196127341502854
1543.0,0.007048990036930898
1548.0,7.536917822592408e-05
1553.0,0.010721702719476242
1559.0,0.004953210600944496
1566.0,-0.009853076936258273
1570.0,0.015467683221837336
1578.0,0.016295833641328604
1588.0,0.019017658868839077
1596.0,0.006261834221431832
1604.0,-0.019137751543330004
1610.0,-0.006464935582801308
1618.0,0.002963013832101006
1625.0,-0.0018555071659867386
1631.0,0.0013921166161895086
1642.0,0.007426011418071791
1648.0,0.010486895085205297
1656.0,0.00480023363094919
1667.0,-0.010208330991115728
1677.0,0.0076288730562688225
1688.0,-0.010248602237719628
1693.0,-0.008481088315005623
1700.0,-0.019064612621863722
1708.0,-0.009442013867811946
1717.0,-0.015093133169941708
1723.0,-0.005069398625457754
1727.0,0.0010690523628069217
1734.0,0.0002267347853772623
1741.0,0.016063501333575928
1749.0,-0.009672380287801631
1753.0,0.0016956542444284458
1760.0,0.002405790374928068
1774.0,0.007423400981905001
1779.0,-0.011097147141163857
1786.0,0.002533450954089174
1793.0,0.0026653077297658675
1799.0,0.008500972441836365
1804.0,-0.02705339564923672
1808.0,0.015020515265335392
1817.0,-0.004028161231713909
1822.0,0.01775082788447825
1833.0,-0.004235249889048946
1844.0,0.00837288663848067
1855.0,-0.0032919697379255133
1860.0,0.007025510001115291
1867.0,0.011514605598518923
1875.0,0.0012770052552090077
1883.0,0.0023357712827167965
1888.0,-0.0014256979591725557
1893.0,0.013505369280763027
1901.0,0.002074635420731967
1908.0,0.027694722345943917
1912.0,-0.010264643401148098
1918.0,-0.0021499114066275116
1926.0,0.014154921495442662
1934.0,0.0076324120907884955
1941.0,0.007603835833253649
1950.0,0.003830441570539612
1958.0,0.0095165597040775
1966.0,-0.0034814261232633983
1971.0,0.007303778741840211
1977.0,0.016665068216859116
1985.0,0.023528444264994165
1996.0,0.013701475819055162
2003.0,0.009496493325622671
2014.0,0.0007272178337343394
2021.0,0.0009391501299591399
2026.0,0.0075540972602011125
2035.0,0.014795212080562087
2043.0,0.012410883442904226
2051.0,0.006553475666607797
2058.0,0.023687290257997075
2066.0,0.010839566592254666
2076.0,0.0038831091793864367
2085.0,0.024183552875403677
2099.0,0.010433597747396618
2109.0,0.0175197304023915
2116.0,0.011961847274639724
2124.0,-0.011250896645511405
2131.0,0.0030851679033788324
2140.0,-0.009650848058658896
2149.0,-0.0032022435396076836
2155.0,0.002759993917073459
2163.0,-0.008761673009123732
2174.0,-0.002217842131483035
2185.0,-0.004733130279454059
2196.0,-0.002780039108861051
2202.0,-0.01949942068722047
2213.0,0.006217338162209422
2220.0,0.004954414126461732
2227.0,0.0012698664533704082
2234.0,-0.0068118196733016065
2241.0,0.0013367546255348404
2249.0,0.017050099572562368
2253.0,-0.009866769937778203
2261.0,-0.0020504199117385748
2272.0,-0.011589197380285526
2280.0,-0.0006818227606567325
2286.0,-0.004458411443239808
2294.0,0.008200448779127737
2301.0,0.004003816628849746
2308.0,0.008839639950222146
2317.0,-0.0024812350512993823
2322.0,0.01058838102627134
2330.0,0.011171551003302416
2338.0,0.023181301177083606
2346.0,0.0054448071981516135
2353.0,-0.00824940706070287
2357.0,-0.0009023232275930155
2365.0,-0.004258271238726903
2376.0,-0.02033799801605738
2385.0,0.01112888480599017
2393.0,-0.0064637074728253465
2401.0,-0.0011330285271883285
2410.0,-0.008293283940235697
2417.0,-0.00784463070676918
2425.0,-0.006398868856444605
2432.0,-0.020054540992323167
2436.0,-0.004333300497444799
2443.0,0.008898128201839372
2450.0,-0.01328281641763275
2459.0,-0.004852136542296148
2467.0,0.001797440239331911
2476.0,-0.003889581457905121
2480.0,-0.013733358981941834
2486.0,0.005694195774996493
2498.0,0.021659851803984193
2509.0,0.015213859160174136
2517.0,0.01997512822609688
2524.0,0.01777721017164258
2536.0,0.04065293311432805
2540.0,-0.0019390605612001994
2547.0,-0.005023145237539208
2554.0,0.027761698793245693
2558.0,0.01631851223453298
2569.0,-0.005216759936097036
2575.0,0.01753982658651383
2584.0,0.009093122216188668
2592.0,0.018088118944004427
2600.0,0.017140721776256706
2609.0,-0.008416410477925082
2615.0,0.0056322299802236174
2623.0,0.010560177058164599
2631.0,0.006717548705156357
2637.0,0.019157259772502253
2648.0,-0.008873001630326994
2653.0,0.013826014774726976
2662.0,0.010842627640813214
2673.0,0.016529331278903627
2681.0,0.0005943954092891804
2686.0,-0.00775317960432544
2690.0,0.01340737921396761
2697.0,-0.0004917412844002169
2702.0,0.002107922380629737
2710.0,-0.007434384770495994
2714.0,-0.010151361320058982
2721.0,0.000364545443879955
2728.0,0.012473278156805625
2737.0,-0.013609329677228792
2742.0,0.010988786440910905
2748.0,0.00737493540051011
2756.0,0.019337797187490183
2764.0,-0.00019376941756367273
2769.0,0.0024882734653473475
2774.0,0.009335642130570532
2783.0,0.002586668257307507
2788.0,0.005982589214228004
2795.0,0.009628811060200086
2802.0,-0.005237865543422142
2810.0,0.015329623624492075
2820.0,0.013559112172262045
2832.0,0.01056661732708982
2839.0,-0.014067151139313816
2847.0,0.023560194392931683
2861.0,0.014613197329541189
2869.0,-0.01002869098057527
2879.0,-0.0024803821871892543
2886.0,0.0058492208328799495
2895.0,-0.0047942637414083
2903.0,-0.005279354654319815
2910.0,-0.0004540239431177329
2917.0,0.00516716736350099
2927.0,0.016476614628871154
2935.0,-0.005609290465491151
2946.0,0.013124971781215456
2954.0,0.003697246142021971
2959.0,0.0030247311900619646
2967.0,0.003703218441520225
2973.0,0.0019777849846998605
2978.0,0.012401647537499347
2985.0,0.009116665915440799
2992.0,-0.01728319286308221
2996.0,0.013744393514350048
3004.0,0.01698136322107382
3014.0,0.00904197266733038
3022.0,-0.011865053919729905
3029.0,0.0032149276245033677
3036.0,0.014762401544865623
3042.0,0.006597899818485858
3049.0,0.0026332119001875485
3056.0,0.0030556612599029606
3061.0,0.0010077260909366987
3070.0,0.0032486391358506296
3078.0,0.0006119768177860734
3083.0,-0.02546833636697807
3087.0,0.01810949418513043
3098.0,0.014918103212141721
3106.0,0.00500723955767007
3111.0,-0.004705957902813104
3116.0,0.013874578268862944
3125.0,0.009790852150592496
3129.0,-0.0009558260632801397
3134.0,5.6647609867880347e-05
3145.0,-0.004572403454643323
3152.0,-0.013387198210028116
3164.0,-0.012256224556694577
3169.0,0.009314547770345094
3181.0,-0.012229451042299376
3189.0,-0.01063002075656575
3200.0,0.004871219850000061
3209.0,-0.014767009062318712
3219.0,-0.008439920114536028
3230.0,0.006988443556558978
3235.0,0.013348533215405627
3241.0,0.014625110361529803
3248.0,0.020369198813871274
3256.0,0.007670590753255958
3263.0,0.024840148785401167
3277.0,0.0004223903976346621
3284.0,0.013001168641893157
3292.0,0.012154674513199763
3306.0,0.018821864830097627
3314.0,0.024991953927165182
3318.0,-0.012570923387754089
3325.0,0.006073765907100202
3332.0,0.0035156640902588494
3342.0,-0.01418911181534882
3346.0,0.010009983070572147
3358.0,0.006408499110383273
3367.0,0.00835409934633034
3375.0,0.010539241043566535
3384.0,0.007200255698048951
3395.0,0.00895137580055882
3403.0,0.02505125774307361
3414.0,0.0222523478752931
3418.0,0.017955879647781583
3426.0,0.008297976596918803
3433.0,0.024687623864102292
3441.0,-0.012398568872825528
3449.0,0.008189181124503148
3456.0,0.0024615521174012494
3462.0,0.015546936576186927
3470.0,-0.0004996493990223793
3478.0,-0.0020436893455132352
3490.0,0.002901284784743214
3497.0,0.005850417151051071
3504.0,0.010625984912890485
3513.0,0.01679834865109492
3522.0,-0.0073042748490756496
3527.0,0.015808298349422375
3535.0,-0.004073360127021735
3546.0,0.003660743988265611
3551.0,0.008510248622708334
3560.0,0.004875640424467641
3571.0,0.012694459219341243
3579.0,0.007873234152066809
3587.0,0.008546122437770467
3596.0,0.005503115524566011
3608.0,0.009618544924092637
3622.0,0.0026114178832046782
3629.0,0.018226675161724333
3637.0,0.0029798146266029894
3648.0,0.007296182215254309
3653.0,0.016184223055797368
3664.0,-0.006473271405506269
3671.0,0.026514290203032937
3675.0,-0.004318994691917298
3683.0,0.004338429134025815
3690.0,-0.005342636874502163
3698.0,0.019645488202726564
3703.0,0.0014789008128387694
3710.0,0.0022924460163926876
3715.0,-0.004778402655795773
3723.0,-0.001937401815379386
3729.0,-0.020658271689465095
3734.0,0.020545301862936953
3740.0,-0.004383652407415888
3747.0,0.020807398952764265
3756.0,-0.015724171059131365
3770.0,-0.00047570044647405886
3777.0,-0.00830684263921458
3784.0,-0.011520037776018316
3796.0,0.004533673926684273
3803.0,0.006771653042474713
3810.0,-0.007323366288574621
3815.0,0.0008104914556346706
3820.0,-0.021142726767427514
3829.0,0.01454317730428583
3838.0,0.002308893795746095
3850.0,0.015631970219721205
3857.0,-0.010195127992362817
3863.0,-0.004444445286846968
3871.0,0.015369046167563348
3879.0,0.01887076818107561
3887.0,0.017317157681500387
3896.0,0.006469175500482111
3903.0,0.012083242890490713
3911.0,-0.019088555003374506
3920.0,0.012736752366437783
3927.0,-0.011977897679945176
3938.0,-0.0025942637237822185
3949.0,0.03407770821967942
3953.0,-0.010804638542506208
3961.0,-0.02202697106731009
3972.0,-0.0036111755028155786
3977.0,-0.012716114638371431
3986.0,0.011461727484676831
3993.0,0.016677365054086277
3999.0,0.0008332664422352311
4004.0,-0.011443289693922795
4015.0,0.0011302776203210498
4029.0,0.01384760474772873
4037.0,-0.00040734866222539326
4048.0,-0.009172309287982674
4059.0,0.02681023071466413
4067.0,0.0001659550538297731
4074.0,0.0060484300621983155
4083.0,0.014180872881529952
4091.0,0.01607689968129142
4099.0,0.013965934903838606
4105.0,0.006249634701245105
4110.0,-0.01804422475167821
