,4
2.0,-0.0051582389429366705
10.0,0.006097521458824994
18.0,0.0014199829368779305
27.0,0.00561400377501359
35.0,0.009323681841625266
42.0,0.0021823787546143103
51.0,-0.007737463930877697
57.0,-0.010825377083634041
64.0,0.0046736613535609045
69.0,-0.0012037862658587086
76.0,-0.008189653213368491
84.0,-0.00107690993463046
90.0,-0.0034834358873723982
97.0,0.012114014097200775
104.0,0.009244308327431679
111.0,-0.00784568646239366
115.0,0.014954682608084503
123.0,0.0012757287854575985
129.0,0.01207209993254728
136.0,0.01068240572553718
142.0,0.0030352006937748783
150.0,0.003200329864458797
156.0,0.005467754574529463
162.0,0.0005542733587976781
173.0,0.001432146484809658
178.0,0.014826456117457004
184.0,-0.0024043943756738664
193.0,0.006389475175298359
199.0,0.002819411691795503
207.0,-0.011857537279701657
213.0,-0.0037940238528229573
221.0,0.0018131109236701123
229.0,0.004905271484819794
237.0,0.001412601410878547
247.0,-0.003862535990516303
261.0,-0.0006339352759600216
273.0,0.00996155138395528
282.0,0.0032000312521565924
291.0,0.011489351893176042
300.0,0.00040979838522472935
306.0,0.006330889553398396
316.0,0.013380534882679096
325.0,0.006848997876055857
331.0,0.004949613654567789
338.0,0.003203391200138539
349.0,0.001643884062742904
357.0,0.00182758491957232
365.0,0.0030033270202474427
373.0,0.0025957709820252865
382.0,-0.005824264973716901
394.0,-0.006108975172698765
401.0,0.00016722904909595071
407.0,0.009388221766311409
416.0,0.014000721056520357
422.0,0.004922071837691419
428.0,0.006646492865467521
434.0,0.01253954095846829
438.0,0.008179149239187798
446.0,0.007470197030812701
453.0,0.00871775516781939
459.0,0.0097225430002257
470.0,0.008668733455396122
481.0,0.009612461002724504
487.0,0.0019965353744772086
491.0,0.009345968247614803
497.0,-0.002101743609967927
501.0,0.005582920440902357
507.0,0.00281974325197981
511.0,0.0011261823173680245
518.0,-0.0009520117147234959
526.0,0.00041509770787637147
537.0,0.0011658025687718324
544.0,0.006837445296886781
552.0,0.006847665624304239
558.0,0.002918061576182672
566.0,0.006882776204735656
574.0,0.008453368291860375
580.0,0.012895741631843233
587.0,0.006881715901395413
596.0,-0.0015422380631144206
603.0,0.007971181517579862
612.0,0.0013086163626921776
620.0,0.007507307777963477
631.0,-0.011542894713826336
635.0,0.004183616796116164
643.0,0.0022675368801841488
655.0,0.004789816025341236
666.0,0.004890360934821797
672.0,0.009778389149849865
681.0,0.010136047575910037
690.0,-0.004231612326128678
696.0,0.006388859587060935
704.0,0.0035024122760910106
710.0,0.008340137718750086
724.0,-0.0031861909820197574
731.0,0.007698562138579307
742.0,0.007055637126522023
749.0,-0.0013293807706973102
760.0,-0.0021123613421271934
764.0,0.005266547956944047
768.0,0.0009704672551134874
772.0,0.004532127620743627
779.0,0.004203308451033328
788.0,0.0016306265059439276
796.0,0.01170146604781996
805.0,0.009555182071410227
813.0,8.582815344023985e-07
822.0,0.010750985872707505
833.0,0.009383989882992957
838.0,0.015294201122981682
846.0,-0.0023563533431905804
851.0,0.01270211145769279
856.0,0.0008898612911924263
863.0,0.006851623047861404
870.0,0.007969661240393892
877.0,0.00395798062443298
883.0,0.00306307426286281
891.0,0.0006366796838740831
902.0,-0.0013769238085348204
909.0,-4.099062216110641e-06
916.0,0.0034230097226129303
922.0,0.005202387944099145
928.0,0.0027419010526933173
937.0,0.004501172381718182
946.0,0.0012234080610601201
954.0,0.00574989085993899
961.0,0.0024246353948562203
967.0,-0.0070000727292430535
971.0,0.005238337378881856
975.0,-0.0005090767362576883
980.0,-0.0007056221679468706
986.0,0.009805876588004313
993.0,0.006018493578639991
1000.0,0.003348642820915569
1006.0,0.004139729354045584
1017.0,-0.0007458028389868974
1025.0,0.005470124537058298
1033.0,-0.0021352918012011056
1041.0,0.005391114064768572
1052.0,0.003873133249618615
1064.0,-0.013000312646125828
1071.0,0.009168764636970313
1080.0,0.008716436292011735
1088.0,0.0001879413562722588
1096.0,-0.0030189463134458016
1104.0,0.0038095979439526037
1111.0,-0.0005877953793692192
1120.0,-0.005467433121954761
1134.0,0.0013896863750183493
1143.0,0.002228087386483198
1151.0,-0.011841979772039785
1159.0,0.0007578029839412727
1163.0,0.01093844645737839
1169.0,-0.001359454362294188
1178.0,0.005746862348682966
1189.0,-0.004006721711860665
1198.0,0.006601217703991132
1206.0,0.0017115629466349187
1210.0,0.006574618092858501
1217.0,0.002813711101548837
1225.0,0.007361160571922484
1233.0,-0.005587719440622492
1239.0,-0.00015372056715173943
1253.0,0.010408974161904273
1260.0,0.008862429859122627
1268.0,0.005204256836890743
1277.0,0.008135173914007154
1285.0,0.003165772628062897
1291.0,0.0033518086970889377
1300.0,0.013236749207044169
1308.0,-0.005228829480911442
1314.0,0.000750306249100142
1321.0,-0.00022981292793857434
1333.0,0.002670633614008718
1339.0,-0.0009258455778298346
1347.0,0.004077017162715337
1353.0,0.0015676441030910316
1359.0,0.007242034818725874
1366.0,0.0021365602510156974
1374.0,-6.528107630523272e-05
1381.0,-0.0013677856468922202
1389.0,0.006007503668818717
1396.0,0.00313115289150723
1405.0,0.011231199985474024
1413.0,0.0058152094999531076
1422.0,0.002379060959725081
1434.0,0.00746160421571446
1443.0,0.004283977734942263
1454.0,-0.005518621035407322
1464.0,0.002984567046747027
1472.0,0.0036925521573500306
1478.0,0.007192448939029853
1490.0,0.0015887501880674116
1497.0,0.0037887020710620067
1503.0,0.009804797549006884
1512.0,0.011602800350487753
1517.0,0.009374141977137256
1524.0,0.007837767908843222
1534.0,0.012437623445279327
1543.0,0.012181690636316423
1550.0,-0.0014884250349900853
1556.0,0.009252325955232281
1563.0,-6.111129164594918e-05
1569.0,0.0022796399664005997
1576.0,0.006456243074109202
1584.0,0.0020899604652076516
1591.0,-0.00804343103844257
1600.0,0.007431082874363717
1606.0,0.003983460871548849
1617.0,0.006294823719720858
1625.0,0.014852186489539222
1636.0,0.011546181512058612
1644.0,0.010993843332423793
1653.0,-0.004106495388458151
1661.0,-0.017181805381061916
1670.0,0.00438460883006338
1677.0,0.0037653976556514903
1686.0,-0.0029940823177526236
1694.0,0.0012864291293164425
1703.0,0.0017395283712125298
1712.0,0.019199063090507326
1718.0,-0.021288476238888184
1722.0,0.004151065625797906
1727.0,-0.010505764249701146
1736.0,-0.0030455240663307226
1743.0,4.341355511415983e-05
1751.0,0.008556375172075949
1760.0,0.004186113749900238
1767.0,0.01548224245810295
1771.0,0.003219029856124638
1776.0,0.003362127234923763
1782.0,0.0022084198980954835
1789.0,-0.006131058722985758
1798.0,0.009241623974254723
1806.0,0.003952186208136124
1812.0,0.0004629163764590612
1818.0,0.003766547539229505
1827.0,0.0014434248293123647
1832.0,0.008929148408043056
1839.0,0.012894015899300048
1843.0,-8.086795302928588e-05
1855.0,-0.0019243889821313033
1862.0,0.00837269279572524
1873.0,-0.0023245664743134433
1879.0,0.0023230046759097948
1886.0,0.005095764467320891
1898.0,0.009311095684460303
1912.0,0.010848821495017142
1920.0,0.005520823780772042
1929.0,-0.00294629915850009
1943.0,0.0077063919059136435
1950.0,0.00910354858728871
1959.0,-0.0008036812415293039
1968.0,0.005922417100664428
1979.0,0.003175955034868869
1986.0,0.01849037191727179
1990.0,-0.0038467246105712448
2000.0,-0.013299293142253994
2004.0,0.004116885792820846
2012.0,-0.0009849221892272108
2021.0,0.005671650471185269
2035.0,-0.0015271882006519402
2043.0,-0.0006747782771844061
2047.0,0.008715576791881787
2056.0,0.002395508926261378
2064.0,-0.006873241692709804
2072.0,0.011105622047822498
2079.0,0.008679872230049943
2083.0,0.009931504543823369
2089.0,0.0075001024212422605
2093.0,0.014824149123174214
2099.0,0.006895068285026082
2106.0,0.006957528371489813
2118.0,0.0042065291182614775
2130.0,0.010044646949682079
2138.0,0.008780654916226878
2147.0,0.013457410788861314
2156.0,-0.0017688765266567384
2167.0,0.006814216068699447
2176.0,0.0053013425346482655
2180.0,0.003616110515050798
2189.0,0.012987444944778905
2194.0,0.004421331703022154
2201.0,0.00601828462484866
2212.0,0.008588714050338111
2219.0,0.005445377698670592
2224.0,-0.004125076634423204
2232.0,0.016051927349815864
2239.0,-0.0008923751778353953
2245.0,0.009277152686904983
2251.0,0.0003400485249029767
2259.0,0.00650048441870727
2266.0,0.006420352208143835
2271.0,-0.0009284032874110356
2283.0,0.0059069468569176945
2291.0,0.006847041006452617
2300.0,0.0002111496302606165
2308.0,-0.001609188633608519
2314.0,0.0010281863732440899
2320.0,0.002557442897589726
2328.0,0.014246452541318667
2335.0,0.013403174351024687
2341.0,-0.004120042547520131
2350.0,0.0004546457822211823
2358.0,0.008458656585218343
2364.0,-0.0014443111291427913
2369.0,0.004207481906249943
2376.0,0.0032027318781149444
2388.0,0.002756044154746102
2400.0,0.005193228377148379
2406.0,0.007383014872434208
2411.0,0.008015055669413029
2422.0,0.01034218814327353
2426.0,-0.007116679693846176
2434.0,0.003139757308171624
2438.0,-0.0017054691317932365
2446.0,0.00028674595234594145
2458.0,0.0008152115961647047
2462.0,-0.001280795050678718
2474.0,-0.0007967898629613853
2488.0,-0.00257257832277949
2492.0,0.0001898108934604343
2501.0,0.0012595805226013961
2505.0,-0.007998016940993752
2512.0,0.007085669962052144
2519.0,0.0033619106381898678
2527.0,-0.004103005321311569
2534.0,0.003817699973617943
2541.0,-0.0007366984674071056
2547.0,0.0027136701759270876
2553.0,0.0060617730144810625
2558.0,0.00039716192037424593
2564.0,0.005034141912808131
2571.0,0.0026973136755633624
2578.0,0.009740594877287819
2585.0,0.001550522691944354
2592.0,0.0030655639103895627
2598.0,0.004314091370136512
2605.0,0.001191026671881338
2616.0,0.008140017402868984
2623.0,0.0003290199787070516
2631.0,0.0058595610424798435
2636.0,0.00270908447428058
2643.0,-0.002704307105202112
2647.0,0.006523655113663207
2653.0,-0.0029950361593544124
2658.0,-0.0005461169199042966
2663.0,0.0006343405421958902
2672.0,0.005214590067054659
2679.0,0.0028687622165060435
2687.0,0.009393926826958549
2693.0,0.0012183916801703494
2701.0,-0.000362496079113194
2708.0,0.006860050816427691
2715.0,0.00024373385080978343
2723.0,-0.0010052173512977458
2727.0,0.004728532808844721
2733.0,0.004882752369234929
2741.0,0.0007399808176268701
2748.0,0.004562777874293219
2757.0,-0.0035600730434317026
2761.0,0.006802384210405641
2773.0,0.004173191913228596
2784.0,-0.013538989668794143
2791.0,0.006029553921100737
2800.0,-0.00930250961312431
2807.0,0.005097481477540819
2814.0,0.010950419449522162
2821.0,0.0009409856818326675
2828.0,0.009364168678747165
2835.0,-0.007586111892627836
2849.0,-0.011253882030062074
2857.0,-0.006570488201611791
2863.0,0.001783391045351733
2867.0,0.006984696287941891
2873.0,-0.0025757679663557143
2881.0,0.0029592531833548055
2887.0,0.012841867543051272
2893.0,0.0003150656180428397
2897.0,0.007311953446951874
2904.0,-0.008876436217243336
2914.0,-0.003994170537266638
2921.0,0.0055667839959932415
2932.0,0.004491865520581236
2939.0,0.011206619633729245
2944.0,0.01361082526733621
2951.0,0.006984086333635462
2959.0,-0.0052458989884707
2968.0,-0.0015614720148825266
2974.0,0.003783260364394139
2982.0,0.007129363955734457
2990.0,0.0037205620065883984
3002.0,0.0082704395732846
3009.0,0.006042694794484945
3017.0,0.0022612714761575735
3023.0,-0.0005592424584725836
3029.0,0.010050494465805974
3035.0,0.00266069884191475
3042.0,0.0013388021188785824
3049.0,0.004977107741120698
3056.0,0.006589830967676427
3063.0,0.008395057736542744
3069.0,-0.002999787121224382
3075.0,0.001152285003446161
3082.0,-0.0028823457915568246
3093.0,-0.024335259238882016
3100.0,-0.00013519219111248867
3106.0,0.013414590808061205
3115.0,0.013020249712756034
3122.0,0.0016776555273883605
3129.0,0.005561956967406932
3136.0,-0.0012173725607624258
3142.0,0.0031943526405140985
3150.0,0.004475382502819528
3157.0,0.011375796298172468
3162.0,-0.009753112241648173
3172.0,0.007528802411393302
3179.0,0.008923540854694115
3184.0,0.0015182583389444042
3190.0,-0.009711635497858502
3196.0,0.015492104260206134
3203.0,-0.004756349200458488
3212.0,0.0026332469344398325
3219.0,0.0009380156110896194
3227.0,-0.006757353194529716
3236.0,0.00719825911780091
3245.0,0.008207632684821924
3253.0,0.006655629385102492
3260.0,-0.0015065726411136288
3267.0,0.01739912575740088
3278.0,0.0015046093924860487
3286.0,0.015146999808836175
