,3
6586.0,0.009345978377612228
6595.0,-0.017516607623656238
6602.0,0.024488350114414918
6613.0,-0.03100242227928886
6617.0,-0.0042530951128592715
6628.0,0.010304563441223758
6634.0,0.01469923478310096
6643.0,0.0002975046563327694
6651.0,0.0045442987808902305
6656.0,-0.0014791271537674127
6661.0,0.006946616355980161
6666.0,0.011263322018353821
6674.0,-0.009322398940057984
6683.0,0.015404172659162763
6694.0,0.023729972015127627
6704.0,0.025714858361315488
6708.0,0.01600068485365345
6716.0,0.0029932059103243928
6724.0,-0.027413945047989934
6732.0,-0.003731209996498156
6744.0,-0.02347567190659404
6755.0,0.027534139301817133
6759.0,-0.008872662150602029
6771.0,0.007006685928816999
6777.0,0.026908807604695367
6785.0,-0.031007937201137564
6789.0,0.01821628586634334
6797.0,0.006445789462618387
6811.0,0.021755983529957928
6818.0,0.007563913968047052
6824.0,-0.010435999723589854
6829.0,0.011744182853654875
6834.0,0.008130091495578579
6843.0,0.020124736869580502
6854.0,-0.0060608497873353975
6863.0,0.009332686108160957
6869.0,-0.006568764590081732
6877.0,-0.0024406627273208643
6888.0,-0.0018691339623730032
6896.0,0.018843348289968163
6903.0,0.0019211158343464133
6912.0,0.0032643378608621437
6917.0,0.001190031004984409
6924.0,-0.0018034998404306234
6932.0,-0.0017302091257081513
6943.0,0.004454706697678674
6951.0,0.014300907171212416
6958.0,0.014760147756366242
6966.0,0.021329900025335642
6970.0,0.01264605023542083
6976.0,-0.013600713183239
6983.0,0.004975567625578709
6991.0,-0.005136874369978413
7003.0,0.006925625576430221
7007.0,1.028094212075725e-05
7015.0,0.012973919441796669
7023.0,-0.0116363365025479
7032.0,0.018440041635904836
7040.0,-0.009222483220401374
7048.0,0.00368796704070147
7054.0,-0.0029840492478199437
7065.0,0.00642544005263917
7079.0,0.0016108892138709703
7093.0,0.011008733630347545
7099.0,-0.016021540349041196
7107.0,0.028112976124473138
7115.0,0.013484965077074057
7119.0,0.006122324905084438
7130.0,0.0041663585706843385
7137.0,-0.009953534680847004
7144.0,0.017560717351430048
7148.0,0.0018918055853489328
7154.0,0.0004931188830063458
7165.0,-0.01063830524356626
7173.0,0.018011957733190892
7181.0,0.022863240319355143
7187.0,-0.00608611815478611
7195.0,-0.007012479304983448
7203.0,-0.0016180849191889492
7210.0,0.019173562306150686
7216.0,0.004823706718438843
7222.0,0.010319567098352612
7227.0,0.0220132946864235
7235.0,0.00862501386606915
7243.0,0.01808460338410735
7249.0,0.013216139756828251
7255.0,-0.021292898868449987
7263.0,0.012993494768110268
7271.0,0.006851651212146909
7278.0,-0.008544545976541092
7283.0,0.0008066914179625767
7289.0,0.01134782764139584
7296.0,0.01570369138807748
7304.0,0.003407206089253107
7310.0,0.006937568415320493
7315.0,0.02133486914384283
7324.0,0.009431901199226324
7333.0,0.010865894774988996
7341.0,0.005075437463790854
7348.0,0.0025720000342568244
7354.0,0.019859277526970167
7362.0,0.003539983247197483
7366.0,0.001085440209771204
7374.0,0.018835190620484506
7378.0,0.024454267243605835
7386.0,0.02918624481775782
7394.0,0.007688304863936805
7399.0,-0.0037504229635543515
7413.0,0.0006417893368835024
7420.0,0.012615926342884448
7425.0,-0.011575255530744412
7439.0,-0.019299498915735853
7450.0,0.009481093225685107
7458.0,-0.013136986913372523
7469.0,-0.007183728232965014
7475.0,-0.003094938370856915
7484.0,0.03695108854918838
7488.0,-0.017496246189125812
7495.0,-0.025068956156279375
7503.0,0.003715391888604767
7510.0,0.007700727571734674
7519.0,0.0005079400299217267
7524.0,0.022787666673991076
7538.0,0.011676827754266619
7546.0,0.013523970489491015
7557.0,0.0072216352863600074
7561.0,-0.0006020525751729906
7567.0,0.00011162772235128745
7578.0,0.002526654171175201
