,3
1424.0,0.007020530630421436
1431.0,0.0011611626444447858
1439.0,0.011674530044136985
1447.0,-0.005699445973660738
1454.0,0.0016554082553900953
1465.0,-0.026334128236400866
1473.0,-0.00019885917919586985
1484.0,-0.011193834664992033
1492.0,-0.025722548357850077
1496.0,0.007392052014101543
1502.0,0.007865313614206348
1510.0,0.009375194576981142
1516.0,-0.0015482256590057383
1524.0,0.011371251958494323
1533.0,-0.0010513041493952647
1540.0,-0.009160734233044157
1548.0,0.017578898776160753
1557.0,0.003444536297611265
1568.0,0.01822463520243002
1577.0,0.014974960189686618
1586.0,0.007028352658865254
1594.0,0.010698060215210229
1602.0,0.014455141030195287
1610.0,0.004821921196303787
1621.0,0.008463838326867907
1629.0,0.01765848122670874
1638.0,0.01860742469537067
1646.0,-0.005893881889584352
1653.0,-0.014341458361632082
1661.0,0.01705412958575174
1670.0,0.018443481448778803
1679.0,-0.0038095997389711537
1685.0,0.01677131723918332
1691.0,-0.0043866050103573495
1699.0,0.010184798583082036
1706.0,-0.011598062272748759
1712.0,-0.012316742507976142
1724.0,0.0030760461288033545
1733.0,-0.005663712911479737
1744.0,-0.011643196229939036
1749.0,-0.016945778110666696
1754.0,-0.007038727627011484
1761.0,-0.009279573727061506
1770.0,-0.0015013010713083657
1781.0,0.0011227854899403188
1787.0,0.012607455743499302
1794.0,0.00028014249290429007
1800.0,-0.015169538225672591
1812.0,0.002048550564545719
1821.0,0.000395910336529236
1828.0,0.007943263099109326
1837.0,-0.004764639953639882
1848.0,0.017160118163890924
1856.0,0.015469893606985148
1867.0,0.007077001679744687
1873.0,0.021806749925670124
1881.0,-0.008370125186236874
1893.0,0.009808387079541646
1900.0,-0.002998355232030465
1909.0,-0.023284458725394308
1920.0,-0.004831286946157499
1929.0,-0.005588596561181736
1937.0,0.0019895914263398577
1944.0,-0.009432066264588949
1952.0,-0.010713664117232968
1957.0,0.00980636305217274
1965.0,0.001719447408198908
1973.0,-0.009126773434253324
1982.0,-0.006442006560381306
1992.0,0.007472053604762382
1999.0,-0.016770839048421072
2008.0,-0.01510017744232295
2018.0,0.006719968300144381
2026.0,-0.011780843416691578
2034.0,-0.0004413078844394142
2042.0,0.017648530790544313
2050.0,-0.02139203010620906
2057.0,-0.0013806769063652014
2065.0,0.010843015272452614
2072.0,0.007150558111795547
2083.0,-0.007645955037216106
2087.0,-0.011757163186315702
2092.0,0.013625430720928236
2100.0,0.021773541043730242
2108.0,-0.0013614346566607671
2120.0,0.011543312944485299
2127.0,-0.020974216255840672
2132.0,0.0015360939284714441
2139.0,-0.0004265529800154958
2148.0,-0.008182557781244876
2155.0,0.019571814666168582
2166.0,0.010704879904462264
2177.0,0.012207176104805616
2186.0,0.00574193987060772
2195.0,0.0047334275867594484
2203.0,0.012232410526749728
2207.0,-0.016188395964476923
2212.0,0.0009814746696175669
2223.0,-0.0008283486874742354
2230.0,-0.015590963677196559
2238.0,-0.01722115587769726
2243.0,0.0017736213246974442
2250.0,-0.01615276579097757
2259.0,0.010099790176663733
2266.0,-0.018518065945392428
2274.0,-0.013739736632817514
2282.0,0.0021676991484738464
2290.0,-0.015515718117326405
2298.0,-0.002554854467064909
2305.0,0.0015561096517544956
2313.0,0.02514743137261939
2317.0,-0.022651524076541998
2326.0,-0.00427451069471705
2331.0,0.01763507135039627
2338.0,0.003969277296865544
2346.0,-0.009001416151399752
2352.0,-0.026808314347251557
2356.0,-0.010332129632391227
2364.0,0.01827827678998183
2372.0,0.02654344300308502
2380.0,0.01257476297864293
2385.0,-0.009705238172399466
2390.0,0.02591146476226601
2399.0,-0.0035916987611616224
2407.0,0.013552257562367187
2415.0,-0.004830972044263676
2423.0,0.020708521909510603
2434.0,-0.010271646685804816
2446.0,-0.006135023304663785
2454.0,-0.002975170937480908
2462.0,-0.006457271570100977
2466.0,-0.003981183451781576
2474.0,-0.02708672289644404
2478.0,-0.0064147511566228855
2487.0,0.013431701208757849
2497.0,-0.015594642117408339
2508.0,-0.02356887770264488
2517.0,0.01873412154766532
2524.0,0.007755543452303943
2533.0,0.011613583050486978
2542.0,-0.01650184617495256
2548.0,0.0023480593460728917
2557.0,-0.00507176481842235
2566.0,0.02004830615314196
2573.0,0.0229995995956727
2581.0,0.012385358903830907
2591.0,0.015804229377929826
2600.0,0.012880373675084277
2611.0,0.0018478771402274594
2616.0,-0.015044929096475201
2622.0,0.0223989517976045
2631.0,0.008339441787417256
2638.0,-0.02019114394588485
2643.0,-0.025821582066912343
2649.0,-0.005967187007083418
2658.0,0.0002626489611226965
2669.0,-0.017771981664838978
2676.0,-9.492001576776287e-05
2685.0,0.018535500799703123
2693.0,-0.006896294394539377
2701.0,0.01903018915018131
2709.0,-0.019070758117741483
2716.0,-0.0009619782123005364
2727.0,0.0162831914229158
2736.0,0.001054123702706681
2745.0,0.001210564956222062
2753.0,0.016264869139748558
2762.0,-0.0004098154837048662
2770.0,0.013946127277661334
2778.0,-0.01025776417432603
2784.0,0.019246418307187017
2791.0,0.0049711263317990684
2800.0,0.023421097250645534
2808.0,0.0019421439660141928
2817.0,0.008811553863056218
2826.0,-0.013802506993367278
2835.0,-0.014598778898629117
