,3
2.0,-0.0032153254361795025
11.0,0.01775868791245765
18.0,-0.005725298664990964
24.0,0.00209346519420465
31.0,0.00021263447099023443
37.0,-0.0021846194640115467
44.0,0.0037470364345834895
50.0,-0.009745439292562181
59.0,-0.013021882201587736
66.0,-0.00916683067253307
74.0,0.0006857756066263153
82.0,-0.00042369985880942216
89.0,0.023600322432345586
100.0,0.011448197202364997
104.0,-0.006274833195899877
108.0,0.003937660264400146
114.0,-0.004293263875011999
121.0,-0.0020245769636508875
129.0,-0.014323040958690619
136.0,-0.004597601215723409
143.0,-0.001359170124341886
149.0,0.00738217595384699
155.0,-0.005037779860239586
162.0,-0.003156151824400379
168.0,-0.012467781543322138
174.0,0.025447280373352928
182.0,-0.020748828545292603
191.0,-0.005927278520162025
198.0,0.016523483344996967
207.0,0.012099936356019945
215.0,-0.0017069939338179188
223.0,-0.012650493015761788
227.0,0.0031547606691315756
235.0,-0.023871230645413202
244.0,0.0018754213258656194
251.0,0.0021103263928222075
258.0,0.02007953218986555
266.0,-0.001085118555153135
273.0,0.0022144539722105012
282.0,-0.017474769899128488
291.0,0.00458726317063944
300.0,0.006157947906195432
308.0,0.02352239422905809
316.0,0.002606774365153059
324.0,0.001382602898177482
331.0,0.02747259012878268
335.0,0.0006360970498028716
343.0,0.00598282172416794
351.0,-0.010991061188395228
362.0,-0.013867430089486888
371.0,-0.004391290298952985
378.0,-0.0004325907301833583
390.0,-0.008175504137799505
399.0,-0.0020689217265432032
407.0,-0.0019782839349625552
413.0,-0.027668888240141333
421.0,-0.008257863656433446
428.0,-0.004504162031860484
437.0,0.006383395077105224
446.0,0.009673655156232221
454.0,0.014422499897119974
460.0,-0.0057776110647322285
469.0,0.005956149939076516
476.0,-0.01904545552540036
484.0,0.007100485995666289
490.0,0.01616372050049254
502.0,0.002061166852019337
508.0,-0.0024057184603051727
516.0,0.018142342069146607
522.0,-0.005150181466046954
529.0,0.020641517194558492
537.0,0.015699521951883545
541.0,-0.0028919209799592913
550.0,-0.009200203036679162
556.0,-0.0071498342952827625
563.0,-0.02795856069235867
568.0,-0.007876338191607797
577.0,0.009870247965180805
584.0,-0.01708013594039784
595.0,0.0007874385332138101
603.0,-0.008849645256131671
610.0,-0.0014816268491845267
617.0,0.00016918804195441764
629.0,-0.008654078249284039
643.0,0.001985049596743842
650.0,0.002217329399156636
657.0,0.0012908218049085204
666.0,-0.004135038358826169
677.0,0.010516883667801227
684.0,0.017979240506784636
693.0,0.007568963885779191
701.0,-0.00703862211069344
706.0,-0.00916943511800594
713.0,0.0030878309198612928
721.0,-0.004399306083716999
728.0,0.008531266993104402
734.0,0.00225773915753192
748.0,-0.003553863428056025
757.0,-0.0035041417242941374
764.0,0.010012555787509932
771.0,0.02977531511902781
775.0,-0.014483456256332274
784.0,-0.009507830084685663
792.0,0.010610257666061216
800.0,0.004323631894074631
807.0,-0.008390060281578352
815.0,-0.005958335504737289
826.0,-0.007665944834407824
832.0,-0.01210625148058828
841.0,-0.001366362384640589
848.0,-0.009107636896051846
857.0,0.038305406539317244
861.0,0.03361293694977348
865.0,-0.0032796164301720793
870.0,-0.008764999802605148
877.0,0.026174890585240595
888.0,0.005694865961556847
893.0,-0.0011559079651001943
901.0,-0.011536445250827585
909.0,0.009817385768928055
916.0,-0.003640514671344361
923.0,-0.005202343739212241
930.0,0.011156211802550694
938.0,-0.0031463491017462734
946.0,-0.024984792958999726
957.0,0.01508936406558991
961.0,0.015330481455007329
970.0,-0.012645473996196572
979.0,-0.014661777971167874
988.0,0.013154126685574022
996.0,-0.004040036268257391
1005.0,-0.011778527574959577
1016.0,-0.0008263004783431055
1025.0,-0.006355011519487772
1032.0,-0.013116040448018765
1037.0,-0.007731021152854093
1044.0,0.016458955371159167
1048.0,-0.016407151047777284
1057.0,0.005200952839708462
1064.0,-0.021064885171954775
1069.0,-0.0007342185710668902
1078.0,0.0029867420511544363
1085.0,-0.012734305880293178
1092.0,-0.007699090393789239
1099.0,-0.004527830472878508
1106.0,0.008901925596512116
1113.0,0.015855954881953304
1121.0,-0.017069739547138564
1128.0,-0.018019515782420305
1139.0,-0.001437386467734693
1150.0,0.01669417584684417
1158.0,-0.018314331287429743
1168.0,-0.0008528734301235512
1178.0,0.02811714569768295
1182.0,0.005111146766221427
1187.0,-0.013574936104404163
1195.0,0.008495990594713551
1206.0,0.0015378495407930145
1212.0,-0.014911826904385238
1218.0,0.0011062275864612901
1229.0,0.004256199914866275
1236.0,-0.018734618396706874
1245.0,-0.023465613594768776
1253.0,-0.00159342112798615
1261.0,0.001045897206453268
1269.0,0.014416882515087933
1280.0,0.003021054548407152
1287.0,-0.003588448425366544
1296.0,0.011995904636321369
1300.0,0.016848421579239783
1308.0,0.005614949927550714
1317.0,-0.012506098499345942
1325.0,-0.0088462390278514
1336.0,-0.0007455907480910511
1345.0,-0.017499155984195824
1353.0,0.009643093607794358
1360.0,0.0059999759064129675
1366.0,0.005822985398568579
1371.0,0.0004590411006656573
1378.0,-0.02345649408225631
1390.0,-0.001905732175747043
1399.0,-0.002892822129632726
1407.0,-0.009796703209796122
1416.0,-0.0010185532152215714
