,4
2.0,-0.007571761581171379
11.0,0.004098312831370749
18.0,-0.003218397089292755
24.0,0.0023250354355263043
31.0,0.001406864455955582
37.0,-0.006894284666041109
44.0,0.010520196901380115
50.0,0.0016842719597744613
59.0,-0.0011584708047809888
66.0,-0.0020394968937718964
74.0,-0.0022335623160440327
82.0,-0.0018285110734313616
89.0,0.00698888346170556
100.0,0.020139778515401986
104.0,0.005982380609720331
108.0,0.006855181988640793
114.0,-0.0019005905588523216
121.0,0.005163622828579168
129.0,-0.0030478725456351513
136.0,0.008878142348348607
143.0,0.0061153467417619884
149.0,0.004623851221250018
155.0,-0.005129611972190795
162.0,-0.006166232855770324
168.0,0.004838448658319949
174.0,0.016674527924057006
182.0,-0.0031419598418294657
191.0,0.00847066955295159
198.0,0.002426995895882317
207.0,0.010387969037021555
215.0,-0.007441981150653869
223.0,0.00044731214098844754
227.0,0.00026109216358079516
235.0,0.003974734751313755
244.0,0.012455820084878045
251.0,0.0038577180431932385
258.0,0.010548254893669298
266.0,0.007616277567696754
273.0,0.004620072624410354
282.0,-0.007971111222441284
291.0,0.004315112700274282
300.0,0.0006748592909275737
308.0,0.012988054715063547
316.0,0.010622940771375287
324.0,0.008881333873814866
331.0,0.00315745910368151
335.0,0.0009712141587063394
343.0,0.009542431506059962
351.0,-0.006471839654892441
362.0,0.0013492055499183106
371.0,0.0033793824318638834
378.0,-0.0027365360209239808
390.0,0.001674613832035932
399.0,0.003925087272518397
407.0,-0.0018150775404384457
413.0,-8.031517278706748e-05
421.0,-0.0016994980137083233
428.0,-0.00456374779202448
437.0,0.010967064878803202
446.0,0.008452566183856492
454.0,0.0063939162467947465
460.0,-0.002508574493146625
469.0,-0.00047613329679317
476.0,0.008981568930139947
484.0,0.0038828693142650707
490.0,0.008472362986101977
502.0,0.004064921620492171
508.0,0.0062943196931606795
516.0,0.010550861023894518
522.0,0.005055283787622784
529.0,0.012369400385810195
537.0,-0.005092108023793647
541.0,0.00397175663540537
550.0,-0.0014091695366870104
556.0,0.0072605073930221775
563.0,0.003400662871293363
568.0,0.006106573064583191
577.0,0.0024453948739694147
584.0,-0.004836558274580422
595.0,0.0046030411775798
603.0,0.008543792627370936
610.0,0.0027310576166734864
617.0,-0.000583902312727233
629.0,-0.0020812639319003207
643.0,0.013758197348625267
650.0,0.002352240016091586
657.0,0.00908870098653222
666.0,0.0014765540490451936
677.0,0.0026266215678831073
684.0,-0.0008002393031801976
693.0,0.001325489887074277
701.0,0.009399905283123415
706.0,-0.0008724264463067263
713.0,0.005801904007794709
721.0,0.0025548209741355745
728.0,0.010985829233683114
734.0,0.009159822193007825
748.0,0.0008051518279040111
757.0,0.0064914259343793815
764.0,0.003775597222384893
771.0,-0.01503839422691006
775.0,-0.008233291218172746
784.0,-0.0040333489792251835
792.0,0.003645696754785003
800.0,0.011654104262150744
807.0,0.00017604880343121828
815.0,0.004616533049640084
826.0,-0.004187403530597647
832.0,0.0005224053090054238
841.0,0.007966305553227653
848.0,0.001303379020305308
857.0,-0.0035862305281566336
861.0,0.001181653219116281
865.0,-0.003123522302093374
870.0,-0.007840327346151152
877.0,0.00865775279749848
888.0,-0.014623825344419947
893.0,0.0013010076111297005
901.0,0.0011345442933263883
909.0,0.005991096023148622
916.0,0.006657085461141343
923.0,0.006170020674724439
930.0,0.0052413533975703
938.0,-8.171966134814954e-05
946.0,-0.0035431420073592347
957.0,-0.005581149933294524
961.0,-0.007606023103571361
970.0,0.005623606090622788
979.0,0.0018783412697347132
988.0,0.001419251790616684
996.0,-0.006046947315963
1005.0,0.004773492011070139
1016.0,0.005540355259213722
1025.0,0.005105671496868925
1032.0,0.012304781628791736
1037.0,-0.0027517699065042435
1044.0,-0.005688448764614883
1048.0,-0.00957450376369965
1057.0,0.0034720724462382964
1064.0,0.009627960534022578
1069.0,0.004822737685521774
1078.0,0.004085742394078905
1085.0,0.0002617968242396414
1092.0,-0.006525535840968286
1099.0,0.009114763059319422
1106.0,0.009233070296753769
1113.0,0.009441759483565505
1121.0,0.0032987837543626843
1128.0,-0.008769036031074897
1139.0,0.005859735123076191
1150.0,-0.002820895920814624
1158.0,0.007074445321548569
1168.0,-0.0017198025201350948
1178.0,0.00770701299919631
1182.0,0.009982325043215997
1187.0,-0.005149714332004636
1195.0,0.0040621778274909865
1206.0,0.0036483317479389953
1212.0,0.003810741150403822
1218.0,0.006658559613508205
1229.0,0.006610978061602542
1236.0,0.00017857038263708344
1245.0,-0.0007848240975365084
1253.0,7.84118363450987e-05
1261.0,0.00015302038040037295
1269.0,0.0050088159922110805
1280.0,0.008200483443613387
1287.0,-0.012188681701188146
1296.0,0.0010876227427140935
1300.0,0.007655484914026137
1308.0,-0.004910902398726212
1317.0,0.0015508736483556553
1325.0,0.004237007392900852
1336.0,0.0009706391427708727
1345.0,-0.0003985549735746614
1353.0,0.0063517829323478155
1360.0,0.000639833026608116
1366.0,0.012805549288149386
1371.0,-0.0035573309371446757
1378.0,-0.00270903249899535
1390.0,0.006430118335207471
1399.0,0.004317162247870997
1407.0,0.0038525607393420764
1416.0,-0.0036399698831653107
