,3
2.0,0.008302116273322866
7.0,0.00872510786641359
13.0,0.0012871627503882436
24.0,-0.005851595338406279
33.0,0.016261099599343288
42.0,0.005741311721943494
49.0,0.018543625905521305
58.0,0.0036344900621781084
64.0,-6.525977154438514e-05
72.0,0.006135651356781291
80.0,0.02959159379425084
89.0,0.009395834051884383
98.0,0.009733736885739357
105.0,0.021792293951701073
113.0,0.02086640613616237
122.0,0.013600942247434435
129.0,0.016505729163008874
141.0,0.0032046980828759485
148.0,0.0069660365968259134
157.0,-0.000380336811966143
166.0,0.0026109279724392843
171.0,0.004792770494168955
182.0,0.004040212895566664
191.0,-0.0006206272293815921
199.0,0.020488269977962957
210.0,0.014667662561753463
218.0,0.020788544837367664
227.0,0.004856353554889934
237.0,-0.015517743190764351
245.0,-0.015380383939192345
250.0,-0.004643006609506894
257.0,0.011895784435253196
265.0,-0.015774327310368895
273.0,0.008966716621964453
280.0,0.015703218622231906
285.0,0.0057270744728432355
292.0,6.826691550518261e-05
299.0,-0.0042025957759113585
308.0,0.007743222109904168
314.0,0.005063530482878398
323.0,-0.014657349309632268
332.0,-0.02040280388586686
338.0,-0.008458789676115715
346.0,0.0005557447391781193
354.0,0.006885387561509581
360.0,-0.017310487117184505
368.0,-0.002667072139292361
377.0,0.0074600779022766985
386.0,0.00857220121227765
392.0,0.012511964820658528
401.0,-0.005032154702464027
408.0,0.016125670541179724
412.0,0.01844832604046935
420.0,-0.004156616427643413
428.0,0.016045914263383882
435.0,0.005392406252144617
443.0,0.02509204423517024
454.0,-0.026744213887651802
458.0,0.0052884400644923595
464.0,0.004532432713746883
469.0,0.00453351600125973
481.0,0.0036598734291874886
486.0,-0.016068353824391278
490.0,-0.004695698040574805
496.0,0.0031966716004687185
505.0,-0.03162227633435931
509.0,0.0032987882580082597
516.0,-0.0005306756618769653
523.0,0.013729448133928037
537.0,-0.02174035766082165
541.0,0.008125475497929208
548.0,0.0016432815896783876
556.0,-0.0069582034936688944
565.0,0.001801117787842615
573.0,-0.0092720454548812
581.0,-0.002329619152459988
589.0,-0.014876696816192034
599.0,-0.005302539313521702
607.0,-0.00461505448394696
613.0,-0.001895851072873376
623.0,0.0009320290876991318
627.0,0.007051302602023767
634.0,0.008648376036400415
641.0,0.036523211516942926
645.0,0.00036718723238822725
651.0,-0.017203975421540434
655.0,-0.0015675638954402648
664.0,0.01382393594997043
676.0,0.012970863695386678
682.0,-0.005261813148443239
693.0,-0.005598426880451722
698.0,-0.040146298778502836
702.0,0.008863826988231117
713.0,0.0062728407814687205
724.0,-0.013462536901856998
732.0,0.026725761035499798
744.0,0.0058417004338538634
756.0,-0.015021259283758864
764.0,-0.011588343028089271
768.0,-0.010450528395105503
775.0,0.0029083098949661975
782.0,0.025538795219656282
786.0,0.001050055078757007
793.0,0.003294274118655204
801.0,-0.01633824450161971
806.0,-0.009015708987609672
817.0,0.005730086854232622
824.0,0.013540779443753948
831.0,0.021722869346083827
839.0,-0.01940786776649653
847.0,-0.0013281891367891148
858.0,-0.0007760806415786361
865.0,0.01688791552545837
871.0,-0.011317001790814097
879.0,0.017515921567134052
890.0,-0.007169552577997263
899.0,0.007468617637685731
908.0,0.005185822105281723
917.0,0.01940962431026879
925.0,0.0008221732432773341
933.0,0.012506583728187418
940.0,0.008569666357639154
951.0,0.024586323207321098
955.0,-0.020610375286018556
959.0,0.024649764612166575
967.0,0.012365508644979728
976.0,0.008576761593682125
985.0,0.005356734470279271
993.0,-0.005115667573292375
998.0,0.008386189195434074
1007.0,0.0014713856954084792
1015.0,0.008759051731473556
1023.0,0.018005428103157795
1031.0,0.015490848815767866
1040.0,0.006144459391061414
1047.0,0.01786456413166734
1056.0,0.007482899211341961
1063.0,0.018790911276547743
1071.0,-0.010505885443609256
1082.0,0.0029424684548474884
1089.0,0.026058635135691784
1097.0,-0.0003541283784080792
1105.0,0.01059187520912573
1114.0,0.01578761527469396
1118.0,-0.006558455301249254
1126.0,-0.0025028308797511016
1132.0,-0.0010641892155747398
1139.0,-0.011216343874452287
1148.0,0.010248150505036425
1154.0,0.005481611959156648
1163.0,-0.002250395481490765
1169.0,0.0018780950566545374
1176.0,0.012290672415987695
1184.0,-0.018751456407854115
1188.0,0.003544105388752288
1196.0,0.014338092578583194
1204.0,0.026052223856303142
1208.0,0.012548049095037594
1216.0,-0.016662352083785657
1224.0,0.009884479754082536
1232.0,-0.0025388528223773297
1241.0,0.0036772994066343687
1247.0,0.010369652538312112
1254.0,0.00858419352185271
1260.0,0.010196758057672534
1269.0,0.005201385052667828
1276.0,0.013644405423413707
1285.0,-0.01521522948647896
1289.0,-0.001064990425431212
1294.0,-0.008946718894880171
1303.0,0.02150788949504745
1311.0,-0.010740582333922338
1317.0,-0.00469454623007669
1326.0,-0.0014709992688374557
1333.0,-0.014882558477265667
1341.0,-0.007486264501823932
1348.0,-0.010913756258933061
1355.0,-0.007588965210482178
1362.0,0.0022308849387178563
1373.0,0.010326437386059057
1379.0,0.006592137324675947
1388.0,-0.002109098430589661
1392.0,0.003778616638124528
1403.0,-0.007226698579526191
1414.0,0.03934974704252307
1418.0,0.0056737269155531875
1425.0,0.003920916578599946
1431.0,0.01703685045525774
1440.0,-0.00023500892934618127
1446.0,0.02385495242996576
1454.0,-0.007278253604313692
1458.0,0.004358599291410119
1468.0,0.01631607502707425
1478.0,0.0067942628018442764
1486.0,0.00013750649503384282
1491.0,0.019263134750588853
1499.0,0.02018329096020126
1507.0,-0.0027695943232285683
1512.0,0.00650213812994016
1519.0,0.0015752695878780466
1530.0,0.017596637814865326
1538.0,0.005373670359659066
1552.0,-0.01121866845622916
1559.0,0.0053401669600387025
1567.0,-0.004794133113411382
1571.0,0.016246487893656215
1580.0,0.009638741882497304
1591.0,0.021896243075114615
1599.0,0.017864578816262414
1608.0,-0.0020908724846843466
1616.0,0.013140230774337156
1623.0,0.01195901721425251
1630.0,-0.004465326983735874
1641.0,-0.021285181697222863
1646.0,0.008161098422436156
1652.0,0.0066560042700106415
1659.0,0.007672787430599264
1666.0,0.0019210971825284885
1678.0,0.01233950362975124
1686.0,0.01014980104517549
1693.0,-0.022061266972732127
1698.0,-0.005656894426094222
1706.0,-0.0012765660382021062
1714.0,0.03149085137951798
1718.0,-0.021369411378271193
1726.0,0.015662895672988213
1738.0,-0.018992194835133168
1746.0,0.0016681908559575559
1754.0,0.00830265946600479
1758.0,0.02811019150854243
1762.0,0.019587592648323347
1770.0,-0.00449236803250657
1775.0,0.017295125045497715
1789.0,0.0025902388835733043
1795.0,0.0035516481024144633
1801.0,0.0028581349531793723
1812.0,0.00034535125199554616
1820.0,0.006600338851172126
1828.0,0.005932989035567656
1836.0,0.01694947405832794
1845.0,0.01917169786008754
1854.0,0.019006170576604465
1862.0,0.015086470959145584
1866.0,0.017657614519596423
1874.0,-0.02376987104517511
1885.0,-0.00147380800820299
1891.0,0.011512043407494912
1898.0,-0.016689181706119216
1903.0,-0.012734657182680586
1912.0,-0.001970854873088466
1926.0,0.00029296719750572113
1932.0,-0.041051439239513175
1936.0,-0.00248233231698935
1944.0,-0.028095302610873653
1948.0,0.0046100634505926415
1954.0,0.0016435323209600414
1962.0,-0.016072751083985183
1968.0,0.0025484824461428496
1977.0,0.00958800307765914
1985.0,0.01830833036898323
1994.0,0.024893755123461796
2002.0,0.01191002162295551
2009.0,0.010116475948075344
2016.0,0.007822382832739998
2025.0,0.011006162204470444
2032.0,0.01747387889708047
2041.0,-0.005945666455233226
2049.0,-0.001525549021282707
2057.0,-0.008618676943373552
2065.0,-0.0053657214576460594
2072.0,-0.012220623314070936
2082.0,-0.02039561458485031
2088.0,-0.006250559777546197
2100.0,0.013876759218842058
2111.0,-0.0004289965776294473
2117.0,0.004574108017001973
2125.0,-0.0018890640711424422
2133.0,-0.0017614076279616228
2145.0,0.006208669619699049
2153.0,0.005940411896402042
2159.0,0.013777006080065206
2170.0,0.004124270093140163
2180.0,0.017301942696951816
2188.0,-0.010587616991431086
2197.0,-0.0006756386484136883
2206.0,-0.016907072807966123
2215.0,0.019534837334790004
2227.0,0.007775232308975503
2231.0,-0.0032788365507747936
2239.0,-0.0021800578270791075
2246.0,-0.0012405259991356548
2260.0,0.0024427844899112187
2268.0,0.014142264101990203
2277.0,0.008446648420942051
2289.0,-0.009978816638407257
2297.0,0.0042064268596366
2308.0,-0.004246445411158559
2319.0,-0.00270672036028931
2323.0,-0.006510744818038761
2330.0,9.927884205059668e-05
2337.0,0.014367428131249325
2346.0,0.0043617610504165065
2353.0,0.009471581989412203
2361.0,0.0014345030659336914
2370.0,0.007547001902480832
2376.0,0.013838079019371355
2384.0,0.0074409172521999155
2395.0,0.004365157838039074
2400.0,0.0059763401788807
2408.0,0.006463956671444358
2413.0,0.010022901549180868
2418.0,0.018019794324202882
2427.0,0.003329441062266167
2438.0,0.015712688605765687
2446.0,0.020168125375185468
2455.0,-0.008007517718533174
2461.0,0.008157347687354953
2469.0,0.012949356244907576
2478.0,0.005360236713194867
2487.0,0.015950662025763784
2496.0,0.002898265990635155
2502.0,0.015928530689909768
2511.0,0.011995397613442212
2520.0,0.005606456334191218
2527.0,0.010796791377171487
2535.0,-0.005114774911185866
2540.0,4.742102657021035e-05
2549.0,0.023527832795732433
2561.0,0.0021539914732641207
2570.0,0.004659083588154268
2577.0,0.0023186777621201494
2586.0,0.0015998401513039433
2600.0,0.008189651278202674
2609.0,0.0021051972186058978
2614.0,0.004485245244628119
2621.0,0.005118542964453858
2628.0,0.004970615679829107
2633.0,-0.00512806119987262
2642.0,0.011674996418375468
2654.0,0.00703327381400303
2665.0,0.005324512449564764
2672.0,0.018294560402842643
2683.0,0.0029049210562463535
2691.0,0.005391064277487271
2700.0,0.008578829710224152
2704.0,0.009647240549635899
2713.0,0.008055849621479906
2724.0,-0.00912040576110207
2731.0,-0.004362062741938078
2739.0,-0.006160791470928899
2747.0,-0.009163710391983302
2759.0,-0.015199259635929926
2767.0,-0.04015907677435504
2771.0,-0.020922422462277813
2775.0,-0.011673813779329604
2783.0,0.014496702852095764
2794.0,0.00799195021411324
2801.0,0.00012721269667546756
2812.0,0.019289394298653628
2822.0,0.018286703912025783
2829.0,0.008336902823128035
2837.0,-0.012767020486410301
2841.0,0.0023738284093851097
2846.0,0.014631753127601232
2858.0,0.019786270342019952
2867.0,0.023093438406543123
2875.0,0.011192000881175996
2883.0,0.012965603743081127
2887.0,0.013459579719454353
2895.0,-0.0161190926641094
2904.0,-0.007510242053391422
2911.0,0.01812545318374546
2918.0,-0.012972316580338561
2922.0,0.001070859856354637
2929.0,-0.002352725563427049
2933.0,-0.0008585770121783042
2945.0,0.001725278062605592
2954.0,0.008299721468162151
2965.0,0.006785229220067674
2970.0,0.007665005906086681
2980.0,0.025727031787014975
2988.0,0.007698490581047127
2996.0,0.009572622286951226
3004.0,0.020462018348963135
3016.0,0.011621812070477588
3024.0,0.01495243680844165
3035.0,0.009280196573440718
3042.0,0.01817122435141104
3050.0,0.02179739910249353
3059.0,0.002386510341942041
3068.0,0.012714056155007805
3076.0,-0.015388656543529037
3080.0,0.008987208232252087
3088.0,-0.0030034871315494076
3094.0,0.012637566379819698
3101.0,0.004620703745589396
3109.0,-0.005863993090760819
3117.0,-0.01637618088136585
3129.0,-0.012053073061506528
3137.0,-0.012777732805065606
3145.0,-0.0015270707499479934
3152.0,0.010999476047931467
3159.0,-0.011010102249288695
3163.0,0.006866781955472792
3175.0,0.007574677032844568
3184.0,0.021846254828417597
3195.0,-0.00045808341204321815
3204.0,0.011765574547090993
3213.0,0.015138709603761952
3224.0,0.01386098017292207
3231.0,0.013232479202094591
3240.0,0.0035396979775303154
3251.0,0.013947982453224197
3259.0,-0.005027080929427016
3268.0,0.004431378681823541
3275.0,0.015214343665382343
3283.0,-0.006161099045418849
3291.0,-0.00785441659103189
3299.0,-0.046168402234486115
3303.0,-0.014984395089315622
3309.0,-0.020129205269637324
3313.0,0.0046800564367009455
3321.0,0.024352234290621437
3330.0,-0.003997136660445582
3339.0,-0.006219101574171224
3348.0,0.01491511110055959
3359.0,0.00736111368869451
3367.0,0.018414117366244463
3378.0,0.014148879269063924
3387.0,0.016102851904717597
3396.0,0.021533294488493903
3404.0,0.022232982402781307
3408.0,-0.0013057997791136174
3416.0,0.0012665743807550567
3423.0,-0.002947234246447098
3434.0,-0.010224255245147508
3445.0,0.0045802192005445
3454.0,0.015709179983383323
3462.0,-0.0020846860925719302
3472.0,0.016751961416154693
3478.0,-0.015463530976296219
3492.0,-0.017238605219709675
3500.0,-0.00811642160065411
3512.0,0.009036698453914587
3518.0,0.014526906769748358
3522.0,-0.0009666048226395182
3529.0,0.0019893758471940083
3541.0,0.019525376115344984
3551.0,0.007714048316493225
3555.0,0.0088282167573461
3566.0,0.02066193510031475
3574.0,0.010079369333867308
3578.0,0.005956857985158435
3589.0,-0.00012004325096846369
3594.0,0.007715760780072813
3602.0,0.0043698167789055905
3613.0,-0.007024559985423516
3618.0,0.004939249069413155
3629.0,0.016437188915552976
3637.0,0.014142911131674207
3645.0,-0.0042263836108166536
3653.0,0.0036841986136375788
3661.0,0.00011898721612265744
3668.0,0.013182895766566867
3676.0,0.0033334608603727126
3684.0,0.008337593469691105
3692.0,-0.0010548300114561066
3699.0,-0.007746969297832729
3705.0,0.018800493577876023
3719.0,0.0160547208498898
3728.0,0.02007842313364476
3737.0,0.016825956720420986
3745.0,-0.009538217115210058
3754.0,0.0033729622539109758
3759.0,0.00500063837643937
3766.0,0.01754126970848973
3780.0,-0.00909723554078923
3789.0,-0.01859685673704023
3795.0,0.00641831477618021
3801.0,-0.008945446807489186
3810.0,-0.006824069354179421
3819.0,-0.0038206062537820325
3826.0,-0.002291585685298869
3834.0,-0.017336892788976387
3843.0,0.00992749512570474
3851.0,-0.005698216910510859
3860.0,0.00827389783423776
3865.0,-0.014561941678095179
3871.0,-0.01418190766783909
3883.0,0.005680559453870607
3890.0,-0.004662731966654166
3898.0,0.022340109881994984
3909.0,0.014343952596779869
3917.0,0.0199575953396516
3925.0,0.006939923598494268
3934.0,-0.01299566403816057
3942.0,0.011029161659588066
3954.0,0.009583802093972573
3963.0,0.02064408569455255
3971.0,0.0031251278434955712
3979.0,0.012404722831146115
3987.0,-0.0036618453505212704
3992.0,0.014956701381854984
4001.0,-9.873429603622547e-05
4010.0,-0.0059523122564570895
4021.0,0.022582574469149005
4029.0,-0.03630338982133173
4033.0,-0.014779630264957681
4044.0,0.01526557085004914
4053.0,-0.016070482136167824
4062.0,0.005074542030779656
4071.0,0.02242342175802907
4083.0,0.0043262309966390616
4090.0,0.01888155453996334
4099.0,0.01191975621460498
4107.0,0.014585341183440122
4116.0,0.005614367303011154
4124.0,0.02020567061120427
4132.0,-0.006516607856100838
4141.0,0.014903823236110341
4148.0,-0.0035737203920670623
4159.0,0.014277069579484524
4168.0,0.003885572032364841
4182.0,0.017792940503450663
4189.0,0.014603209776988604
4196.0,0.015038629433041633
4203.0,0.015532537040137443
4212.0,0.009929307748948044
4221.0,-0.0009053896934548604
4233.0,0.00885541068217212
4242.0,0.010577875271362117
4251.0,0.016140210655385366
4259.0,0.013347414492581469
4267.0,0.02404439469580827
4278.0,0.023671712159959175
4287.0,0.013587996849141429
4298.0,-0.0011461315648151186
4307.0,-0.025126970458832498
4312.0,0.0013130829767000046
4320.0,-0.009875560836717121
4327.0,-0.013138947640203822
4334.0,-0.005469153852307546
4342.0,0.001717254293679593
4349.0,-0.01582710735288868
4354.0,0.004593173381066247
4363.0,-0.01236150646472431
4368.0,-0.00012092269296532132
4374.0,0.003871805782768118
4383.0,-0.003574565993058531
4390.0,0.0064614998506522855
4398.0,-0.017324395688083544
4402.0,-0.0002891478052715296
4407.0,0.006113890433966103
4414.0,0.008388147503900597
4422.0,0.009032887505695742
4428.0,-0.001714749743798184
4433.0,0.022546886356296005
4441.0,-0.015224635178214463
4445.0,-0.0060587495863918305
4456.0,0.003052799896696569
4465.0,-0.02699143073242021
4474.0,0.004175112913029761
4481.0,-0.013936558117276858
4489.0,0.0013989717012031651
4496.0,-0.01888362442544662
4508.0,-0.012704560963177658
4515.0,-0.015151344768750264
4525.0,0.023871520704024145
4529.0,0.009403214877231449
4535.0,0.0010766155828803195
4544.0,-0.009489598138554338
4548.0,0.007108949387753763
4554.0,0.01084557780201169
4561.0,-0.001334179448117766
4566.0,0.021003245999801384
4578.0,0.01171653834470988
4589.0,0.0031332364015549375
4600.0,-0.007215836071462644
4606.0,0.009981805689175897
4618.0,0.017976096376716082
4629.0,0.014745131413182335
4637.0,0.017516553582531305
4648.0,0.007068950006358767
4658.0,0.00858710636941042
4669.0,-0.00973036040612638
4680.0,-0.001644555181951714
4689.0,0.003857226949532917
4696.0,-0.020287365934750286
4703.0,-0.0006350509569985108
4709.0,-0.004479219555118731
4715.0,-0.004514458760959236
4722.0,-0.005749244870144663
4728.0,0.01513705118739128
4736.0,-0.018669386360943792
4742.0,0.00845381020332722
4750.0,0.012632808793577439
4757.0,0.0005986246790018446
4766.0,0.0072756446334666346
4774.0,0.002715378705973587
4779.0,-0.00793411854431739
4784.0,0.005542042796875163
4791.0,0.021974697787128843
4802.0,0.038261983367430835
4806.0,-0.033708870078315134
4810.0,0.00646838199891411
4819.0,0.016449788308930326
4828.0,0.011357076583070358
4836.0,0.0016109736544267538
4844.0,0.0020775102017734958
4853.0,0.015533158395531788
4861.0,-0.008433303006468851
4865.0,0.010544595902418734
4873.0,0.001509088492925486
4882.0,0.018561791881428612
4890.0,0.002991006581253679
4896.0,-0.003363237224375788
4905.0,0.0009117497865461093
4910.0,0.004325678474958499
4917.0,0.012175139029104583
4929.0,-0.012656097147588545
4938.0,-0.0015501492895381491
4945.0,0.015305693698661166
4953.0,-0.006948854632413752
4961.0,-0.012041826881847274
4969.0,-0.02800255119084591
4974.0,0.0040086887415067335
4981.0,-0.002176371791946786
4987.0,-0.005376352287974515
4994.0,-0.00021867909328048804
5001.0,-0.008215540622862632
5007.0,-0.0007920691618722324
5015.0,0.008087781298187071
5020.0,0.016364817527622297
5029.0,0.00532267862384598
5036.0,0.019605090768999522
5044.0,0.008597514269635623
5048.0,0.01446747624165054
5056.0,-0.016810015422437898
5064.0,0.004822284655345208
5072.0,0.012754134336822787
5080.0,-0.0036079320520466876
5085.0,0.014281745897733138
5096.0,0.008887241033810092
5104.0,0.017834854176858386
5112.0,0.022770813465090533
5120.0,0.013541554523821673
5126.0,0.008971796510773695
5135.0,0.015378751665599108
5144.0,0.018805078148756583
5153.0,0.01134579686485887
5157.0,0.020609278807560333
5168.0,0.00018415444196195172
5176.0,0.003915789911537461
5183.0,0.015150777384214274
5191.0,0.018683043178681826
5200.0,-0.0013053224090394551
5211.0,-0.010098656086394457
5218.0,-0.014316861526564795
5225.0,-0.0028627934300401708
5232.0,0.0074849350860897515
5243.0,-0.013973470024878573
5248.0,0.0023482217507194893
5258.0,0.003598921686513645
5265.0,-0.008295135493287094
5272.0,0.0024303967422464384
5278.0,0.013391615226317582
5289.0,-0.010797939765977305
5296.0,0.010056506544648347
5300.0,0.007229248640187374
5306.0,-0.008564109634775158
5316.0,0.008422535454311668
5323.0,0.012376325617878754
5330.0,-0.01543523011714856
5334.0,0.0078233260910337
5348.0,0.00925796843044369
5356.0,0.0176454049474828
5364.0,0.006931897727030473
5372.0,-0.0005229229232027921
5383.0,0.012032183938589085
5392.0,-0.014661144441735588
5396.0,0.010862944042059992
5404.0,0.0005833124467667047
5409.0,0.00936441559887984
5420.0,0.006395699578854182
5432.0,0.01717763759450633
5443.0,-0.014076445951230912
5450.0,-0.0012189454475464954
5458.0,-0.0069446306193860765
5463.0,0.013255947424451625
5469.0,0.02637790556391933
5477.0,0.019020727212765796
5485.0,0.014870557641419434
5493.0,0.01653527094590764
5502.0,-0.014759221367801313
5509.0,0.013177136443556326
5516.0,0.014639640773381951
5520.0,-0.002338779561663366
5526.0,0.008896578263381222
5534.0,-0.012760569466819938
5543.0,0.0018453179563137233
5552.0,-0.013052750408221127
5560.0,0.019236293644751854
5568.0,-0.013882466981174568
5576.0,-0.008366817735264454
5583.0,-0.005236332465338565
5590.0,0.014132526255956217
5594.0,-0.014413050901353652
5605.0,-0.0016008947602955904
5614.0,0.012226257591486068
5621.0,-0.01423079062434157
5633.0,0.01062093720595964
5641.0,-0.008336802540735534
5645.0,0.02408112199639172
5653.0,0.0050552370820617105
5664.0,0.016165107837723933
5675.0,0.0002406501068194341
5682.0,0.00887637116779775
5690.0,0.016490977362937753
5699.0,-0.004762051311497725
5710.0,0.008772079053843926
5718.0,0.012718923398335797
5726.0,0.016878832150397476
5732.0,0.01830121349219438
5741.0,0.014274839446141123
5749.0,0.02223151795218277
5753.0,-0.0027365873329565807
5760.0,-0.02477075325733381
5764.0,0.011018908274146427
5776.0,-0.021321235189230327
5782.0,-0.014105870322893038
5790.0,-0.002231599582258395
5798.0,0.01230107083192933
5804.0,-0.02078208271421541
5812.0,0.003314427613645912
5819.0,-0.004277984736986397
5828.0,0.010074400307139495
5837.0,0.013262847184180221
5844.0,0.01729224034360692
5852.0,-0.02507478531742007
5860.0,0.0027016027973527654
5867.0,-0.005269089838673922
5874.0,-0.02504625119610998
5879.0,0.013805776350810522
5887.0,0.011399148856964011
5891.0,-0.008637109614580422
5900.0,-0.018525928995438767
5911.0,-0.010665499878880524
5922.0,-0.00034431679582144894
5930.0,0.0040257806861817525
5942.0,-0.011097683238810534
5947.0,-0.00888649325654968
5951.0,-0.012633416488155576
5955.0,0.0025888632268508825
5962.0,0.009848941366212364
5969.0,0.013803402413325066
5978.0,0.016124579509878063
5987.0,0.017351593240939298
5996.0,0.008563315082150207
6004.0,0.015738059452148307
6013.0,0.020418582618679307
6021.0,0.004073307028192813
6026.0,0.006346923030345523
6033.0,0.02624841882760571
6041.0,-0.006240303897907816
6046.0,0.010520373750356126
6054.0,-0.013463762538986646
6062.0,-0.013649603162584841
6069.0,-0.006196077483467256
6076.0,-0.010183375101488574
6084.0,0.018934918739181343
6092.0,-0.009050614889768027
6101.0,-0.004796703233299097
6108.0,0.026584571779489325
6122.0,0.017339247519073973
6132.0,0.000874488444980122
6140.0,0.004829496297638202
6149.0,0.01149589557614356
6158.0,0.010521323521101094
6165.0,0.0034989156027399088
6174.0,0.010827016212605612
6183.0,0.006883045264215796
6194.0,0.007352268519802983
6201.0,0.01008576479127535
6210.0,-0.02346107990242307
6214.0,0.0023208893082387236
6221.0,0.02278164114899154
6235.0,-0.010020048748091247
6244.0,0.006271193463175091
6254.0,-0.0024604176347521297
6263.0,0.00503078128345949
6270.0,0.0023484864401646186
6277.0,-0.02112612971098389
6286.0,-0.00311077167174555
6294.0,0.017284205086673003
6302.0,-0.006595310889136277
6310.0,-0.004911434684727549
6317.0,-0.007060147627891761
6325.0,0.01323049053509381
6329.0,-0.01181756503503011
6337.0,0.015579342551226316
6345.0,0.022815007121092346
6359.0,0.012050796606215415
6366.0,0.01381117748180737
6374.0,0.01232756936683432
6383.0,-0.0019646307585796602
6394.0,0.015693772073631804
6402.0,0.014155589638092962
6410.0,0.004197609342851453
6419.0,0.010199947834319293
6426.0,0.0013197986300084517
6432.0,0.0015443597866400902
6441.0,0.012083320604005918
6449.0,0.010749909531601702
6455.0,0.011495599701076846
6459.0,0.006477746422444683
6468.0,-0.004796046997002275
6475.0,0.0013909012736377452
6483.0,-0.002004006116491582
6490.0,0.009719265889159253
6495.0,-0.0029461737217608554
6501.0,0.015109629505439669
6509.0,0.008738781109821991
6516.0,0.006467354286884718
6525.0,0.011666073446927017
6534.0,0.002301784144654375
6545.0,-0.009770265909638991
6549.0,0.013673695225452955
6560.0,0.003912158632375552
6568.0,0.009206852320215028
6575.0,0.009810108930686916
6583.0,0.014867635210774251
6591.0,0.009307939412948506
6599.0,0.009351264951175482
6606.0,0.022457814571359726
6614.0,0.0035453094766772207
6620.0,0.0005038526852798045
6630.0,0.0027247520121876714
6637.0,0.01634620331158167
6651.0,0.00839892126918345
6659.0,-0.011943328119733802
6669.0,0.026173021832181474
6673.0,0.00923199226927562
6682.0,0.0023556627410295477
6693.0,-0.00589363388242321
6704.0,-0.017636158059251783
6709.0,-0.005676637225816616
6717.0,0.002242744287553275
6731.0,0.029938122219071977
6735.0,0.02345139540700612
6743.0,-0.0009649165937979261
6750.0,0.00841489624527946
6758.0,-0.0011325425623358394
6769.0,0.005005764688666959
6776.0,0.0037384246675972906
6784.0,-0.01806911435188994
6788.0,0.012914301505086666
6796.0,0.005359490734515211
6803.0,0.004766440416036715
6812.0,0.01844953577547003
6823.0,0.024774257431302384
6831.0,0.01170070472629069
6839.0,0.017575181628374622
6848.0,0.01938538567506248
6856.0,0.026899750065041608
6860.0,0.008827678960643421
6866.0,-0.008036372047382771
6875.0,-0.003554917773406234
6882.0,0.004497303785993711
6889.0,-0.00903318421601072
6899.0,-0.010195864331019726
6907.0,-0.010997494904380385
6915.0,-0.02288780811823353
6921.0,0.005256971088809339
6931.0,0.011018976105403972
6939.0,-0.0223132985774952
6943.0,0.008784813797191704
6951.0,0.006993401372507331
6960.0,0.01212638608377282
6971.0,0.006680693406138352
6985.0,0.004601476614187109
6994.0,0.004281615056162501
7003.0,-0.004078615190076532
7008.0,0.010477424236198794
7015.0,0.019464589159608775
7023.0,-3.424216096064789e-05
7028.0,0.011409967760299008
7036.0,0.013354359307536135
7044.0,0.01166106760754122
7049.0,0.006338161164065363
7054.0,-0.004462887352608548
7060.0,0.004150242481363807
7067.0,0.021616570494459857
7079.0,-0.01543126215655469
7083.0,0.007497292326152888
7092.0,0.007629079715803263
7100.0,-0.0016978008682922456
7105.0,-0.016635899926618316
7112.0,0.005581853846853274
7119.0,-0.016155274424392217
7131.0,0.009561171352365453
7139.0,0.00786040776416307
7143.0,-0.00966008194802259
7152.0,0.010395467817080173
7160.0,0.022399229829105815
7168.0,0.013714014622272045
7182.0,0.011697884222814346
7192.0,0.011182331324114685
7200.0,0.005837394983013355
7211.0,0.012873980822269463
7217.0,0.015440233858074196
7225.0,0.01831434512923177
7232.0,0.0022046279703194023
7243.0,0.0016245747298053066
7250.0,-0.019549789440847627
7258.0,-0.0038745661437911264
7267.0,0.0010464814352745913
7274.0,0.013646059616164713
7282.0,-0.008993502391228318
7293.0,-0.002714202769982508
7301.0,-0.008094377876639124
7309.0,-0.0029673638481050695
7313.0,0.0101079332579729
7321.0,0.02039670452274128
7327.0,0.021997883472391247
7339.0,-0.011681861481518207
7343.0,0.001166478161224023
7352.0,0.015059054123516071
7363.0,0.011399237773432075
7371.0,0.01126390242523397
7380.0,0.0013452051304246764
7391.0,0.0085659079746247
7399.0,0.0011421642769718033
7406.0,0.009617420057707974
7414.0,0.018177795982295537
7424.0,0.00576568070881039
7433.0,0.006507088267406529
7437.0,0.007819674455825557
7446.0,0.012948017979658973
7455.0,0.009215377312528777
7466.0,0.0004817603982473835
7475.0,-0.012645988185002696
7482.0,0.005222441249149646
7489.0,-0.001518447069656243
7497.0,-0.013367058593485113
7505.0,-0.0013885554114298892
7516.0,-0.0173334960225186
7524.0,0.037820579919494335
7528.0,-0.004763070951716672
7539.0,-0.0066468998157342375
7546.0,-0.016744952874630323
7554.0,0.005159142916982715
7565.0,0.013764420398219344
7573.0,-0.014975012915863643
7584.0,0.008789781863374306
7594.0,-0.004537457054100625
7604.0,0.02145503997218564
7612.0,0.010453694736014757
7622.0,0.0122283767939063
7633.0,0.01954631561889681
7639.0,-0.011089459885414132
7646.0,0.0059011638775963915
7653.0,0.01475076861804478
7661.0,0.008169125186114084
7665.0,0.012275442271522073
7677.0,0.0019110960776987736
7686.0,-0.013388098389217907
7690.0,-0.005424678382525984
7695.0,0.011754299307409198
7703.0,0.010733825660715903
7712.0,0.009115765334843817
7720.0,0.000292910839636679
7728.0,0.004551137640479428
7735.0,0.0075955372664487375
7742.0,0.0044513974489136954
7750.0,0.005834679236655027
7757.0,0.020838542804541626
7765.0,0.012655361270617988
7771.0,0.004469100051763273
7779.0,0.013909721513883295
7787.0,0.004782199738999582
7796.0,0.01393842167036793
7807.0,0.0052518428745876745
7815.0,0.021876016171725594
7823.0,-0.0013365441486056842
7832.0,0.019220029275863772
7841.0,0.01935780218771665
7848.0,0.016932627107182754
7859.0,-0.027320926681300543
7863.0,0.011816290184860582
7871.0,0.019868574689347766
7880.0,-0.019758323543351636
7885.0,0.012183779344898771
7892.0,0.0005742037573398164
7900.0,0.0006385338894480403
7912.0,0.011793045702308382
7920.0,-0.015773791995119312
7930.0,0.018970250556930336
7938.0,0.0039107179793329535
7946.0,-0.004497781723631919
7953.0,-0.0071916165443735485
7966.0,0.008382291886118554
7971.0,0.00858521249015666
7977.0,0.0011491941428636782
7988.0,-0.005728373600877597
7997.0,0.01619635829301383
8006.0,0.0057866776246119165
8013.0,0.01874218608878712
8022.0,0.003603570474989652
8028.0,-0.00039048513685968487
8036.0,0.005957267646292929
8044.0,0.029639454267455772
8053.0,0.009534309996171036
8062.0,0.009747445418864312
8069.0,0.021788157509956094
8077.0,0.020909131692132727
8086.0,0.013596824800224831
8093.0,0.01630922491128279
8105.0,0.003266550524096315
8112.0,0.006834774848324441
8121.0,-0.0002436821846189243
8130.0,0.00267346331662764
8135.0,0.004824862461485411
8146.0,0.0038074495680180376
8155.0,-0.0005579231992209286
8163.0,0.02048027938274088
8174.0,0.014691169859027367
8182.0,0.02072234270932872
8191.0,0.005065741647812986
8201.0,-0.015384325949030874
8209.0,-0.015315844828008041
8214.0,-0.0045586366082406285
8221.0,0.012053779042974147
8229.0,-0.015750951562406613
8237.0,0.008882160243856858
8244.0,0.015765379182254128
8249.0,0.005669662620802487
8256.0,0.00012090167723488781
8263.0,-0.004535626679115042
8272.0,0.0076988871406597215
8278.0,0.005010963937649067
8287.0,-0.014707235594321194
8296.0,-0.02021227467335626
8302.0,-0.008355615204199352
8310.0,0.0005969634537358825
8318.0,0.006870602208574626
8324.0,-0.017391082519323222
8332.0,-0.0026451434508736006
8341.0,0.007330931896772715
8350.0,0.008703121992891154
8356.0,0.012494783050728693
8365.0,-0.004827713204653499
8372.0,0.015829231864652512
8376.0,0.018409940210307875
8384.0,-0.004103873561933819
8392.0,0.016019979550939596
8399.0,0.00552426396528857
8407.0,0.024883081848425637
8418.0,-0.026309665655420228
8422.0,0.0053108713821556335
8428.0,0.00466188939607182
8433.0,0.00450121330520777
8445.0,0.0034404456617748076
8450.0,-0.015822411019941026
8454.0,-0.004652599155914053
8460.0,0.0032433605241032767
8469.0,-0.03160642872409171
8473.0,0.0033000863725222308
8480.0,-0.0006733576405672984
8487.0,0.013827255558737556
8501.0,-0.021298215241484425
8505.0,0.008239046917492901
8512.0,0.0015843763447779737
8520.0,-0.006886883622018458
8529.0,0.0017982383092575306
8537.0,-0.00946611008834861
8545.0,-0.0022526979054641465
8553.0,-0.015007778393521408
8563.0,-0.005543579772732525
8571.0,-0.004535521788252087
8577.0,-0.0016906797988540429
8587.0,0.001081162217001122
8591.0,0.00709731745623168
8598.0,0.008441883456879238
8605.0,0.035811615371596724
8609.0,0.0011081102157558431
8615.0,-0.01752311603526189
8619.0,-0.001647381066950552
8628.0,0.01393660386141071
8640.0,0.012750393840394631
8646.0,-0.005446096356677234
8657.0,-0.005547427260773619
8662.0,-0.03960192434778808
8666.0,0.009034533710034256
8677.0,0.006405808746635015
8688.0,-0.013510780805152538
8696.0,0.026865062820306696
8708.0,0.005521506566891621
8720.0,-0.014951301013090997
8728.0,-0.003508675995480559
8732.0,-0.010364133777594752
8739.0,0.0032911335728737713
8746.0,0.02525275293417045
8750.0,0.0008101259092535841
8757.0,0.0033377994894788366
8765.0,-0.01586902448542684
8770.0,-0.009076096189802083
8781.0,0.005486846937044071
8788.0,0.013708068103472948
8795.0,0.0215033912943182
8803.0,-0.01921014852875437
8811.0,-0.0012884970943382139
8822.0,-0.0008385059253844472
8829.0,0.016876938731599886
8835.0,-0.011377171112784261
8843.0,0.017971495763881025
8854.0,-0.007625072573032038
8863.0,0.007602899611190428
8872.0,0.005256599949500439
8881.0,0.01956044849016809
8889.0,0.0009604500160666412
8897.0,0.012467769354225602
8904.0,0.008298345132434675
8915.0,0.02448279986635517
8919.0,-0.020711025712012984
8923.0,0.024660161062326963
8931.0,0.011984046172102688
8940.0,0.00850959373610646
8949.0,0.00559892276268342
8957.0,-0.005206601269937024
8962.0,0.008428373522592346
8971.0,0.0020473825185680365
8979.0,0.008872361226973382
8987.0,0.01794853908353011
8995.0,0.015580210960806059
9004.0,0.006191235783921232
9011.0,0.017920287297251383
9020.0,0.0072583251710864
9027.0,0.018913879839114127
9035.0,-0.010742137412671856
9046.0,0.0030768428461605706
9053.0,0.02624068598186634
9061.0,-0.0011856383406916267
9069.0,0.011203082991968755
9078.0,0.015688220202370647
9082.0,-0.006518510473178521
9090.0,-0.0029125057972697894
9096.0,-0.0011202924586510813
9103.0,-0.010996575447844959
9112.0,0.010372512527211728
9118.0,0.005604444989008842
9127.0,-0.0022344054286097775
9133.0,0.0017113437687053166
9140.0,0.012166360456292453
9148.0,-0.018657813044162197
9152.0,0.0038515697704621134
9160.0,0.014534640960887144
9168.0,0.026336866847887604
9172.0,0.012375949609750218
9180.0,-0.016567923551097537
9188.0,0.009964407291286162
9196.0,-0.0022967763314339826
9205.0,0.0036296690518464597
9211.0,0.010244623935903576
9218.0,0.008601540797784038
9224.0,0.010116655030665864
9233.0,0.005185991418400793
9240.0,0.013592975869900705
9249.0,-0.015460821149098386
9253.0,-0.0016119902828985
9258.0,-0.009310490492365217
9267.0,0.021637033139111004
9275.0,-0.010711285045647492
9281.0,-0.004397812215786066
9290.0,-0.0017827199813612933
9297.0,-0.015045605345217037
9305.0,-0.0074110635686694655
9312.0,-0.010834053561018735
9319.0,-0.007640748121584757
9326.0,0.0022024836537835237
9337.0,0.010583927655118931
9343.0,0.0067947012823495415
9352.0,-0.0021176143499354156
9356.0,0.003896059620310675
9367.0,-0.007475175725562715
9378.0,0.03974512565309701
9382.0,0.005651111800987171
9389.0,0.004243207682383375
9395.0,0.017162037483267025
9404.0,-0.00045481569468074626
9410.0,0.023954499104926794
9418.0,-0.007635152584521198
9422.0,0.004134579943324562
9432.0,0.016186669703371695
9442.0,0.0068462826494063
9450.0,0.00046997755665875626
9455.0,0.01925117279154506
9463.0,0.0201229653122267
9471.0,-0.002673149958613939
9476.0,0.006583383078025192
9483.0,0.0015749806683332855
9494.0,0.017534689601290086
9502.0,0.00534040230845055
9516.0,-0.011014217338716211
9523.0,0.005681020331801064
9531.0,-0.004934157027356861
9535.0,0.016265033007806674
9544.0,0.009395504193830555
9555.0,0.021785021905452992
9563.0,0.018110030952037382
9572.0,-0.0020132787357219394
9580.0,0.013275649018552858
9587.0,0.01211028576642573
9594.0,-0.004027501395165378
9605.0,-0.021442895225822926
9610.0,0.007867824252394951
9616.0,0.006830401180600666
9623.0,0.007842325466408132
9630.0,0.0020472483961591326
9642.0,0.012526168518815797
9650.0,0.010111267159947254
9657.0,-0.022016672822137928
9662.0,-0.005521057885201734
9670.0,-0.0013662388639639198
9678.0,0.031372017782715984
9682.0,-0.02133623111919555
9690.0,0.01600858989519592
9702.0,-0.019154296901854353
9710.0,0.001728977534030229
9718.0,0.008478457959652286
9722.0,0.027788592869662555
9726.0,0.019556029976697892
9734.0,-0.004239236760044958
9739.0,0.017235980819019087
9753.0,0.0028175925733932255
9759.0,0.0034982662188958787
9765.0,0.002902837246985131
9776.0,0.0002282031987922314
9784.0,0.006532289294231268
9792.0,0.0056268937758008
9800.0,0.016905617250330116
9809.0,0.01934460319605785
9818.0,0.019228525755574984
9826.0,0.014960733947112287
9830.0,0.0175405887582404
9838.0,-0.023711884538785435
9849.0,-0.0014038028506628685
9855.0,0.011387253023237509
9862.0,-0.01693753149941265
9867.0,-0.012465038943097414
9876.0,-0.0019191665333419823
9890.0,0.0002676986964200786
9896.0,-0.04110369770982781
9900.0,-0.002528467906409393
9908.0,-0.028332455808383804
9912.0,0.004633075500881251
9918.0,0.0017137432916239353
9926.0,-0.015954324053506247
9932.0,0.0024188602909654805
9941.0,0.009573868302759754
9949.0,0.018351109690030308
9958.0,0.0249779738597562
9966.0,0.011979300607856793
9973.0,0.01015070203314044
9980.0,0.008049037082950702
9989.0,0.011072068753303356
9996.0,0.017423934403768493
10005.0,-0.00585142897595039
10013.0,-0.001499168257821435
10021.0,-0.00849106064632806
10029.0,-0.005686479494125778
10036.0,-0.012048108294266632
10046.0,-0.020517906604355495
10052.0,-0.006416355370835053
10064.0,0.013967507148943036
10075.0,-0.0003094830462878177
10081.0,0.004574928307224365
10089.0,-0.002166320375923668
10097.0,-0.001932850641212834
10109.0,0.006279909122670493
10117.0,0.005948659088325327
10123.0,0.013834048276266855
10134.0,0.004008471111924876
10144.0,0.017440905511095842
10152.0,-0.0105492649690864
10161.0,-0.0008731295163177553
10170.0,-0.0170572139985046
10179.0,0.019422345158462456
10191.0,0.007605850073763115
10195.0,-0.0032780600812824063
10203.0,-0.0021536297428422424
10210.0,-0.0014384879968163452
10224.0,0.0023795604457188505
10232.0,0.01427886642948549
10241.0,0.008635216970068535
10253.0,-0.010002866833723862
10261.0,0.00419274663143491
10272.0,-0.003953414466426271
10283.0,-0.0028061919636782062
10287.0,-0.006572705168745034
10294.0,0.0001339887307504412
10301.0,0.014516661477595203
10310.0,0.004169007624825079
10317.0,0.009400322799945347
10325.0,0.0012621290648772044
10334.0,0.007438512752269198
10340.0,0.013619615241958285
10348.0,0.007557107849371225
10359.0,0.004342911160249874
10364.0,0.006215231186241853
10372.0,0.006233976892915122
10377.0,0.00993459099877881
10382.0,0.01785960033763773
10391.0,0.003221227702975047
10402.0,0.015609632907520857
10410.0,0.02007623160772361
10419.0,-0.007894657162581342
10425.0,0.008178923801562299
10433.0,0.01304258698315708
10442.0,0.00528829076070768
10451.0,0.015900904267701788
10460.0,0.0030460144879040263
10466.0,0.01866479705818311
10475.0,0.012067382085311412
10484.0,0.005597875375497489
10491.0,0.010770582937958555
10499.0,-0.0054834196111033
10504.0,0.0002821321214585495
10513.0,0.023419388031070736
10525.0,0.0021644290404608936
10534.0,0.004770196835304325
10541.0,0.0026137818732986417
10550.0,0.001466565029345361
10564.0,0.008086251949734205
10573.0,0.002219104405453534
10578.0,0.0047197505674364286
10585.0,0.005032719906526139
10592.0,0.0048586772792690615
10597.0,-0.005213594369643844
10606.0,0.011865861368053936
10618.0,0.006968568402636634
10629.0,0.005351214946180409
10636.0,0.018336427300429937
10647.0,0.0026064454408239388
10655.0,0.0054744451559322095
10664.0,0.008712788868105734
10668.0,0.009765561869236924
10677.0,0.008037231347653174
10688.0,-0.009055714852981614
10695.0,-0.004248067314976635
10703.0,-0.006314055124267678
10711.0,-0.00908123407956942
10723.0,-0.015114350911578917
10731.0,-0.04037331206608498
10735.0,-0.02069989657201744
10739.0,-0.011430436041120711
10747.0,0.014308725115920832
10758.0,0.007864253587119986
10765.0,0.0003340285997698734
10776.0,0.019104220305696824
10786.0,0.018101492031337638
10793.0,0.00822210484406333
10801.0,-0.012599677613885096
10805.0,0.002096471210098369
10810.0,0.014597039152113214
10822.0,0.019672930940434
10831.0,0.02319363517276605
10839.0,0.011493414739967532
10847.0,0.012967000191980896
10851.0,0.01382541743706483
10859.0,-0.016162855708702715
10868.0,-0.007621957983467061
10875.0,0.018241823043609145
10882.0,-0.01278917524432371
10886.0,0.0010377473084338966
10893.0,-0.002191876429330269
10897.0,-0.0009023030904791571
10909.0,0.001640018730757525
10918.0,0.008098731769091844
10929.0,0.006695691326384412
10934.0,0.007698245387268894
10944.0,0.02572100607744915
10952.0,0.007708417049012526
10960.0,0.009554577937998321
10968.0,0.020591174544802887
10980.0,0.011670911273465668
10988.0,0.014846358441888335
10999.0,0.009427118649622477
11006.0,0.018168318605306537
11014.0,0.02173671462990786
11023.0,0.0024214618418679197
11032.0,0.01273604719726564
11040.0,-0.015149564301255958
11044.0,0.00892382121861779
11052.0,-0.0031049982070157764
11058.0,0.01270630180904395
11065.0,0.00489789517897876
11073.0,-0.006078496333441201
11081.0,-0.01653721261815658
11093.0,-0.011902789674779582
11101.0,-0.012828125676737358
11109.0,-0.001264156666357593
11116.0,0.01107593472455919
11123.0,-0.011348011470804886
11127.0,0.006718576041750653
11139.0,0.007595738577153757
11148.0,0.021705758852122444
11159.0,-0.0005811230282551796
11168.0,0.011832900551101911
11177.0,0.015201363104844818
11188.0,0.013934740619542474
11195.0,0.013488567632988202
11204.0,0.003431761179319043
11215.0,0.013842869571620951
11223.0,-0.004740982486255617
11232.0,0.004589495273450343
11239.0,0.015040446073793186
11247.0,-0.006338031087011194
11255.0,-0.007899957343146313
11263.0,-0.0462402083671915
11267.0,-0.014889803594179025
11273.0,-0.02002384658941889
11277.0,0.00476359226252061
11285.0,0.024431487636308265
11294.0,-0.004239744924791429
11303.0,-0.006625747759412888
11312.0,0.015039386747156682
11323.0,0.007637088100875994
11331.0,0.018350307331649034
11342.0,0.014082221016089835
11351.0,0.016001005967581305
11360.0,0.021213329878580805
11368.0,0.022243003675091202
11372.0,-0.0012135639476025205
11380.0,0.0012324833502633885
11387.0,-0.002445468868182265
11398.0,-0.009848717439183445
11409.0,0.004200244652599636
11418.0,0.015765688161020704
11426.0,-0.0021363682466685567
11436.0,0.01703090130209483
11442.0,-0.015485325117392867
11456.0,-0.017144779358451597
11464.0,-0.008113551542687655
11476.0,0.008531634118761903
11482.0,0.014563872245021578
11486.0,-0.0009273640181095724
11493.0,0.0019114452794222229
11505.0,0.019537577835706196
11515.0,0.007797119641387364
11519.0,0.008561002762346242
11530.0,0.020776548903316573
11538.0,0.01010900612181425
11542.0,0.005867721536291184
11553.0,2.123213156625739e-05
11558.0,0.007682739558611561
11566.0,0.003965225568989737
11577.0,-0.007110536565482391
11582.0,0.005230859061649617
11593.0,0.016560009013433446
11601.0,0.014117456655183594
11609.0,-0.004105627977839427
11617.0,0.003627828090588798
11625.0,0.0001403152942559714
11632.0,0.012973888530487823
11640.0,0.0036194773009913753
11648.0,0.008601548440411248
11656.0,-0.0010385717546226895
11663.0,-0.0075637429576064985
11669.0,0.018938295851228477
11683.0,0.016057786369319527
11692.0,0.020136607278734467
11701.0,0.01678312781811767
11709.0,-0.009418135748352494
11718.0,0.0032430477416951304
11723.0,0.004958298951436706
11730.0,0.0175081198170077
11744.0,-0.009134345489530077
11753.0,-0.018725367498464984
11759.0,0.006347172508812327
11765.0,-0.008772294415908075
11774.0,-0.006969406739155087
11783.0,-0.0038598932533056244
11790.0,-0.002382455206098287
11798.0,-0.017316688701073484
11807.0,0.010006119616238877
11815.0,-0.0056204666992930065
11824.0,0.008223372740529422
11829.0,-0.01482844098532233
11835.0,-0.01423260174150664
11847.0,0.0055455932543777885
11854.0,-0.004357352709874154
11862.0,0.02236974882337411
11873.0,0.013997249471985199
11881.0,0.019847429181530256
11889.0,0.0071692658328523845
11898.0,-0.012817188751964076
11906.0,0.010927393818662357
11918.0,0.009494936274351738
11927.0,0.020683749314714867
11935.0,0.0027408516742756955
11943.0,0.012439555579448454
11951.0,-0.003488597828935836
11956.0,0.014895964323022853
11965.0,0.0001757341524778239
11974.0,-0.006119448569015044
11985.0,0.022565206125095744
11993.0,-0.03647111798659728
11997.0,-0.014547380833279076
12008.0,0.015235704536416829
12017.0,-0.015935541884281902
12026.0,0.005032629263811719
12035.0,0.022453295806626337
12047.0,0.004310896593183171
12054.0,0.018755256310898426
12063.0,0.01204818521707435
12071.0,0.014661986128016103
12080.0,0.0056209954903607365
12088.0,0.02038136539992608
12096.0,-0.006538652877300238
12105.0,0.014978674852664754
12112.0,-0.0036517546446742303
12123.0,0.014077869627575944
12132.0,0.004020511506701033
12146.0,0.01787090220432768
12153.0,0.014517610106509858
12160.0,0.01489924988659817
12167.0,0.015512577611003393
12176.0,0.009769866669402414
12185.0,-0.001385147399481644
12197.0,0.009006401988380411
12206.0,0.010631660662550902
12215.0,0.016144762995015396
12223.0,0.013332001318587233
12231.0,0.024074186711597223
12242.0,0.02352843013993771
12251.0,0.01326499187515913
12262.0,-0.0009506588107781921
12271.0,-0.025327175202503098
12276.0,0.0014918611152675882
12284.0,-0.009818487284463003
12291.0,-0.01293146909867441
12298.0,-0.005772917979470997
12306.0,0.0017275142384148513
12313.0,-0.015976462004258462
12318.0,0.004794262059534198
12327.0,-0.012577039542749528
12332.0,-0.00025017759059437546
12338.0,0.0037891594281844214
12347.0,-0.00353939360467489
12354.0,0.006853947300972936
12362.0,-0.017545775907943748
12366.0,-0.0005588434299908379
12371.0,0.00600404535593748
12378.0,0.00859797405240499
12386.0,0.008943897629137268
12392.0,-0.001948962208612709
12397.0,0.022440490599969387
12405.0,-0.015209662874593327
12409.0,-0.006142120811762569
12420.0,0.002830859421479456
12429.0,-0.026903155505411065
12438.0,0.0043978226324851225
12445.0,-0.014165430972980748
12453.0,0.0014197263157367918
12460.0,-0.019076790810816386
12472.0,-0.01254299232304834
12479.0,-0.0154865261956267
12489.0,0.023337630235993983
12493.0,0.009306478741954947
12499.0,0.0008674507856444595
12508.0,-0.009320205046970597
12512.0,0.007308777671076065
12518.0,0.011130120292432807
12525.0,-0.0013277421370276625
12530.0,0.020792477972742807
12542.0,0.011873938656755793
12553.0,0.002955467188829116
12564.0,-0.007440072064958812
12570.0,0.009858709859495945
12582.0,0.018013022412154918
12593.0,0.014578319194270344
12601.0,0.018096038071263587
12612.0,0.0070126157415419605
12622.0,0.00840128908439194
12633.0,-0.009461220997615892
12644.0,-0.0014808435650129244
12653.0,0.00355562401632881
12660.0,-0.019995591568326164
12667.0,-0.0008970102977483493
12673.0,-0.004109395325231512
12679.0,-0.004532997913534153
12686.0,-0.006077815878929037
12692.0,0.014980973143571212
12700.0,-0.01834961456242952
12706.0,0.008991804652811623
12714.0,0.012400744426029543
12721.0,0.0004581849031830255
12730.0,0.00738379163592359
12738.0,0.0026027131960549696
12743.0,-0.008226045555523956
12748.0,0.005283433976475319
12755.0,0.022034779315399204
12766.0,0.03808933335197448
12770.0,-0.03388386808651864
12774.0,0.006504866668067595
12783.0,0.016338232558853128
12792.0,0.011401654969830883
12800.0,0.0014820288243986908
12808.0,0.0018822143092763577
12817.0,0.015263959607515509
12825.0,-0.008544177597643055
12829.0,0.010908275349906687
12837.0,0.0011197129618507565
12846.0,0.018518192162519678
12854.0,0.0023665717962570118
12860.0,-0.003131268279419475
12869.0,0.0008689060840381691
12874.0,0.004434544638746175
12881.0,0.012077528469092633
12893.0,-0.012681283429069894
12902.0,-0.0015160617398789335
12909.0,0.015605482361828675
12917.0,-0.006746048304002069
12925.0,-0.012142837054396559
12933.0,-0.02821140548260258
12938.0,0.003929526459926612
12945.0,-0.0024558092342442076
12951.0,-0.005379323107526319
12958.0,-0.0004254008275176022
12965.0,-0.008173527986421977
12971.0,-0.000666952912178449
12979.0,0.007889195180806925
12984.0,0.016645877900126355
12993.0,0.005404743817861619
13000.0,0.019811724319510744
13008.0,0.008705646907327261
13012.0,0.014322383733226182
13020.0,-0.016693757833721446
13028.0,0.004665697863844509
13036.0,0.01296168222462615
13044.0,-0.0036896122994062664
13049.0,0.013969392963884289
13060.0,0.00892734990031659
13068.0,0.017978135375063143
13076.0,0.0226236799665114
13084.0,0.013813206507577735
13090.0,0.009026344938239977
13099.0,0.015704036049144283
13108.0,0.018594429771577995
13117.0,0.011262994773051425
13121.0,0.02049341210714153
13132.0,0.0002604952192475004
13140.0,0.003853772673955494
13147.0,0.01528469550881675
13155.0,0.018975074575129234
13164.0,-0.0014650442213040497
13175.0,-0.010018365897893218
13182.0,-0.014365327765980273
13189.0,-0.0027490250727202716
13196.0,0.007721005648445483
13207.0,-0.013794074649846402
13212.0,0.002236882978246466
13222.0,0.003942755320867213
13229.0,-0.008275702938161045
13236.0,0.002375112293281256
13242.0,0.01332012333476929
13253.0,-0.010593159078484867
13260.0,0.009949138689450118
13264.0,0.006981636018098212
13270.0,-0.008474848053351629
13280.0,0.008410387251799923
13287.0,0.012472358500654205
13294.0,-0.015550015120765249
13298.0,0.007919098200443632
13312.0,0.009386899219118096
13320.0,0.017594947154988185
13328.0,0.006861295304781766
13336.0,-0.0002503968359601585
13347.0,0.011724039572367692
13356.0,-0.0145813767457423
13360.0,0.01090211479007696
13368.0,0.0007525772133010187
13373.0,0.009648648232260894
13384.0,0.006318636040060034
13396.0,0.01712657511564978
13407.0,-0.014016495182082886
13414.0,-0.0011431343437986474
13422.0,-0.0068689670014154425
13427.0,0.01328188762039381
13433.0,0.026271303374709242
13441.0,0.019074661305171454
13449.0,0.014760240555327448
13457.0,0.016522824246968357
13466.0,-0.0148076511177534
13473.0,0.013049594931414507
13480.0,0.014575306163756309
13484.0,-0.0024602815351319075
13490.0,0.009041086994532228
13498.0,-0.012473853548949629
13507.0,0.0018035000321529465
13516.0,-0.013048469137518243
13524.0,0.019034516759231505
13532.0,-0.013949283148189464
13540.0,-0.008308392906524232
13547.0,-0.0052262398954523994
13554.0,0.014270072032842165
13558.0,-0.013989300476134364
13569.0,-0.01640172850980416
13578.0,0.012513319442653143
13585.0,-0.01413353787300483
13597.0,0.010477614918554388
13605.0,-0.007989864351903676
13609.0,0.024100221394805364
13617.0,0.004879226651666054
13628.0,0.016234662871137586
13639.0,0.0003733499710263169
13646.0,0.008710157286498687
13654.0,0.01661532131874439
13663.0,-0.0042947919887132875
13674.0,0.009157448228417391
13682.0,0.012724397543356499
13690.0,0.016832115945780265
13696.0,0.018334554778993224
13705.0,0.014240776468542932
13713.0,0.02218340937873426
13717.0,-0.0026270040486483493
13724.0,-0.024827731532533894
13728.0,0.010948133563543174
13740.0,-0.02146774630462805
13746.0,-0.014483974038998993
13754.0,-0.002119279544698589
13762.0,0.012087589539346922
13768.0,-0.020751703955372215
13776.0,0.0033434468219314456
13783.0,-0.003973552382744191
13792.0,0.01020120829655935
13801.0,0.013094308304715726
13808.0,0.01764633744775688
13816.0,-0.024993076786021286
13824.0,0.0026169199186822077
13831.0,-0.005141394390461533
13838.0,-0.025092916528025554
13843.0,0.013996543918783652
13851.0,0.011382918724666952
13855.0,-0.008583916912863672
13864.0,-0.018564011190941098
13875.0,-0.010693629073171316
13886.0,-0.0002965527644433844
13894.0,0.004229969265657537
13906.0,-0.011133137801826672
13911.0,-0.009143705027018374
13915.0,-0.012596271627178947
13919.0,0.0024560969039019447
13926.0,0.009844357902052224
13933.0,0.01367712128907112
13942.0,0.016366558904696963
13951.0,0.01709045212255666
13960.0,0.007846292030011108
13968.0,0.015590121088851128
13977.0,0.020518361623190078
13985.0,0.003869751856396734
13990.0,0.006504322927362599
13997.0,0.02648758814861288
14005.0,-0.005919035123693493
14010.0,0.010393213810871039
14018.0,-0.013403834667429872
14026.0,-0.013794215739851852
14033.0,-0.005666822948820656
14040.0,-0.010093259523208624
14048.0,0.018984261208684978
14056.0,-0.009131871985864397
14065.0,-0.004731815201542357
14072.0,0.02660047995243921
14086.0,0.017382904265592553
14096.0,0.001271155346380335
14104.0,0.004748855144504849
14113.0,0.011462253007487763
14122.0,0.010725517272675697
14129.0,0.0034880535479573428
14138.0,0.010723944477760544
14147.0,0.006840077812647635
14158.0,0.007511366717216037
14165.0,0.009945496859577036
14174.0,-0.023445286434241232
14178.0,0.002354885616664096
14185.0,0.024010193409716486
14199.0,-0.009937711632234229
14208.0,0.006115486016205398
14218.0,-0.002333998879647821
14227.0,0.005073709570148022
14234.0,0.0023427707266030955
14241.0,-0.020996583543962614
14250.0,-0.0030336094319220255
14258.0,0.01727328765350502
14266.0,-0.006474900051953972
14274.0,-0.004657623078242357
14281.0,-0.007125634271580389
14289.0,0.013379292987948871
14293.0,-0.011510232931537709
14301.0,0.015871320927003243
14309.0,0.022642157444169187
14323.0,0.011828128238105829
14330.0,0.013596702592607767
14338.0,0.01198896933461081
14347.0,-0.002048693055067286
14358.0,0.015844919125810812
14366.0,0.01425442913542935
14374.0,0.004156647847635034
14383.0,0.009964140139766493
14390.0,0.0014465006735565726
14396.0,0.0015954574425424515
14405.0,0.012139885986391163
14413.0,0.010666965222758553
14419.0,0.011651731349837414
14423.0,0.006480260468103757
14432.0,-0.004722847693967774
14439.0,0.0013474186097111969
14447.0,-0.0019633293361457894
14454.0,0.009682865630257168
14459.0,-0.0027443450457749295
14465.0,0.015361092689000119
14473.0,0.00874689093070648
14480.0,0.006237435196673387
14489.0,0.011608698716708872
14498.0,0.002674471817794749
14509.0,-0.010145310818443547
14513.0,0.013727083873654261
14524.0,0.004040205683555027
14532.0,0.009252312356125078
14539.0,0.009931619529859007
14547.0,0.014556673260868262
14555.0,0.009757546126654405
14563.0,0.009556246117974185
14570.0,0.02234111604856977
14578.0,0.003530018923984696
14584.0,0.0005647668796353169
14594.0,0.002755980230416865
14601.0,0.01620863373393265
14615.0,0.00826763374713452
14623.0,-0.011956068320135176
14633.0,0.026345772205606764
14637.0,0.009012221364593629
14646.0,0.0021418395660619317
14657.0,-0.00567685575438899
14668.0,-0.017970567176105533
14673.0,-0.005612126393810842
14681.0,0.002372981350145501
14695.0,0.029787041305537273
14699.0,0.023406477298863696
14707.0,-0.0008187545731639274
14714.0,0.008896720305065732
14722.0,-0.0011263268984990343
14733.0,0.004631312118867477
14740.0,0.004051752254333451
14748.0,-0.018083756230216016
14752.0,0.013026824194377807
14760.0,0.005780321499864355
14767.0,0.004607342079943776
14776.0,0.01841260964618121
14787.0,0.024768381478280446
14795.0,0.011760372132214994
14803.0,0.01757549496063223
14812.0,0.01940423581345192
14820.0,0.026874531548754493
14824.0,0.009176772679855972
14830.0,-0.008019271720499075
14839.0,-0.003378707573396167
14846.0,0.004273608310418824
14853.0,-0.008895855543418648
14863.0,-0.010244443297798644
14871.0,-0.010961696503533166
14879.0,-0.02306640878063739
14885.0,0.005366291559155867
14895.0,0.011044812636097757
14903.0,-0.02224803544578968
14907.0,0.008732340099784967
14915.0,0.006944810658521607
14924.0,0.012385275577051958
14935.0,0.006698412364546863
14949.0,0.00475700985541093
14958.0,0.004294939826902947
14967.0,-0.004095706366355447
14972.0,0.010299641942745887
14979.0,0.019549148243291174
14987.0,-4.81552270288621e-05
14992.0,0.01141925875601926
15000.0,0.013360419023890364
15008.0,0.011633090213530213
15013.0,0.006464160936845915
15018.0,-0.004593436502423821
15024.0,0.004041359653228758
15031.0,0.021551704072564737
15043.0,-0.015161239278360876
15047.0,0.007357504863501936
15056.0,0.0077918630538383
15064.0,-0.0018042413084200255
15069.0,-0.016586391088587088
15076.0,0.00534549018019922
15083.0,-0.01597001766673492
15095.0,0.00982762735021283
15103.0,0.007457759213428768
15107.0,-0.009944573822163075
15116.0,0.01302508911590085
15124.0,0.022497543912965552
15132.0,0.013811477833690269
15146.0,0.011579508949921428
15156.0,0.01118202308317896
15164.0,0.0057930628777639916
15175.0,0.012696850977877233
15181.0,0.015058265754260072
15189.0,0.018439500705253208
15196.0,0.0022320264078624285
15207.0,0.0013775583546237922
15214.0,-0.019574671225330183
15222.0,-0.004103762193737308
15231.0,0.0010588051369182412
15238.0,0.01374788956633653
15246.0,-0.008643762312920399
15257.0,-0.002849424463965808
15265.0,-0.008292573262878442
15273.0,-0.0037014794024917597
15277.0,0.010031258951894877
15285.0,0.020363439537778333
15291.0,0.021940581422331507
15303.0,-0.011903469191351306
15307.0,0.0011951197944079252
15316.0,0.015116021162129397
15327.0,0.01103927373077631
15335.0,0.011007221408932804
15344.0,0.0015059983554636912
15355.0,0.008481173987999373
15363.0,0.0010268288341825792
15370.0,0.009745568390296125
15378.0,0.018057199111892963
15388.0,0.0056516041209046285
15397.0,0.005673054183139346
15401.0,0.00784321535443154
15410.0,0.012913012310831468
15419.0,0.009176755383958157
15430.0,0.00018117601892500028
15439.0,-0.012541473393407852
15446.0,0.005042238106990152
15453.0,-0.001114795711433692
15461.0,-0.013318648691682618
15469.0,-0.0011462682744865275
15480.0,-0.017360860081666225
15488.0,0.03798442982988883
15492.0,-0.004626088420648719
15503.0,-0.006612662245322098
15510.0,-0.016575016304460902
15518.0,0.004953254467198008
15529.0,0.013688774062689946
15537.0,-0.014867477238943777
15548.0,0.008697076015092581
15558.0,-0.004608604037527169
15568.0,0.021224553021420584
15576.0,0.01052749458736503
15586.0,0.012389588689264007
15597.0,0.019616948481172597
15603.0,-0.010668160174036108
15610.0,0.005469845118462829
15617.0,0.014524101526334222
15625.0,0.00825907572415772
15629.0,0.012333290232918416
15641.0,0.0019064232629657663
15650.0,-0.013161670645889217
15654.0,-0.005573735987193688
15659.0,0.011870667382187438
15667.0,0.010646637930054506
15676.0,0.008943669376205683
15684.0,-0.00020755486866460773
15692.0,0.004384825425581016
15699.0,0.007919163120238739
15706.0,0.004971476597323893
15714.0,0.006163557726923269
15721.0,0.020818376015209635
15729.0,0.012630880069552758
15735.0,0.004205804850812228
15743.0,0.013867558421233906
15751.0,0.00476840808645684
15760.0,0.01402836391218384
15771.0,0.005078158900237462
15779.0,0.02202808884876274
15787.0,-0.001604957709639433
15796.0,0.019142480658943393
15805.0,0.01941609586752145
15812.0,0.0169947832491562
15823.0,-0.0271744476774209
15827.0,0.01196457192262342
15835.0,0.019831740358470983
15844.0,-0.019985735625304146
15849.0,0.012211793578421006
15856.0,0.0004200897059346839
15864.0,0.0008265117402438971
15876.0,0.01169667012101846
15884.0,-0.01579674126869176
15894.0,0.01903875288745333
15902.0,0.004180880519555775
15910.0,-0.004391674538202362
15917.0,-0.007167908729110706
